 # List of d(q) for j, j' =           16          46
 #    0  1.00000000
 #    1  0.76212649
 #    2  0.48813631
 #    3  0.31653507
 #    4  0.23135842
 #    5  0.18191738
 #    6  0.15158139
 #    7  0.13049825
 #    8  0.10993019
 #    9  0.09527106
 #   10  0.09195106
 #   11  0.09060896
 #   12  0.08333080
 #   13  0.07430472
 #   14  0.06889986
 #   15  0.06544497
 #   16  0.06183717
 #   17  0.05808245
 #   18  0.05539190
 #   19  0.05285181
 #   20  0.05081911
 #   21  0.04818554
 #   22  0.04623996
 #   23  0.04346457
 #   24  0.04153217
 #   25  0.03816828
 #   26  0.03695606
 #   27  0.03137508
 #   28  0.03485686
 #   29  0.02356137
 #   30  0.03359955
 #   31  0.02465848
 #   32  0.04207585
       0.0     16.3576290      0.0000000
       0.1     16.3531259      0.0285416
       0.2     16.3396236      0.0570359
       0.3     16.3171419      0.0854360
       0.4     16.2857146      0.1136948
       0.5     16.2453881      0.1417660
       0.6     16.1962227      0.1696033
       0.7     16.1382912      0.1971615
       0.8     16.0716798      0.2243957
       0.9     15.9964871      0.2512619
       1.0     15.9128244      0.2777171
       1.1     15.8208155      0.3037192
       1.2     15.7205962      0.3292273
       1.3     15.6123140      0.3542018
       1.4     15.4961282      0.3786042
       1.5     15.3722091      0.4023975
       1.6     15.2407382      0.4255464
       1.7     15.1019073      0.4480169
       1.8     14.9559184      0.4697768
       1.9     14.8029834      0.4907956
       2.0     14.6433235      0.5110446
       2.1     14.4771687      0.5304972
       2.2     14.3047578      0.5491283
       2.3     14.1263373      0.5669152
       2.4     13.9421615      0.5838371
       2.5     13.7524916      0.5998753
       2.6     13.5575953      0.6150130
       2.7     13.3577466      0.6292360
       2.8     13.1532249      0.6425320
       2.9     12.9443143      0.6548909
       3.0     12.7313039      0.6663050
       3.1     12.5144861      0.6767686
       3.2     12.2941572      0.6862784
       3.3     12.0706159      0.6948333
       3.4     11.8441634      0.7024344
       3.5     11.6151022      0.7090850
       3.6     11.3837364      0.7147907
       3.7     11.1503703      0.7195591
       3.8     10.9153084      0.7234001
       3.9     10.6788544      0.7263254
       4.0     10.4413111      0.7283490
       4.1     10.2029796      0.7294870
       4.2      9.9641588      0.7297570
       4.3      9.7251449      0.7291790
       4.4      9.4862308      0.7277744
       4.5      9.2477056      0.7255666
       4.6      9.0098544      0.7225806
       4.7      8.7729572      0.7188430
       4.8      8.5372892      0.7143819
       4.9      8.3031196      0.7092269
       5.0      8.0707116      0.7034089
       5.1      7.8403218      0.6969599
       5.2      7.6122000      0.6899133
       5.3      7.3865885      0.6823035
       5.4      7.1637219      0.6741658
       5.5      6.9438267      0.6655363
       5.6      6.7271212      0.6564520
       5.7      6.5138146      0.6469504
       5.8      6.3041074      0.6370697
       5.9      6.0981905      0.6268485
       6.0      5.8962455      0.6163255
       6.1      5.6984440      0.6055399
       6.2      5.5049479      0.5945308
       6.3      5.3159085      0.5833376
       6.4      5.1314672      0.5719992
       6.5      4.9517546      0.5605545
       6.6      4.7768908      0.5490422
       6.7      4.6069854      0.5375004
       6.8      4.4421369      0.5259666
       6.9      4.2824334      0.5144780
       7.0      4.1279518      0.5030708
       7.1      3.9787584      0.4917804
       7.2      3.8349088      0.4806415
       7.3      3.6964477      0.4696877
       7.4      3.5634092      0.4589514
       7.5      3.4358169      0.4484641
       7.6      3.3136837      0.4382558
       7.7      3.1970125      0.4283555
       7.8      3.0857958      0.4187905
       7.9      2.9800163      0.4095870
       8.0      2.8796467      0.4007694
       8.1      2.7846504      0.3923607
       8.2      2.6949812      0.3843823
       8.3      2.6105840      0.3768540
       8.4      2.5313948      0.3697938
       8.5      2.4573411      0.3632181
       8.6      2.3883422      0.3571416
       8.7      2.3243094      0.3515769
       8.8      2.2651464      0.3465353
       8.9      2.2107498      0.3420260
       9.0      2.1610092      0.3380563
       9.1      2.1158077      0.3346321
       9.2      2.0750221      0.3317570
       9.3      2.0385237      0.3294332
       9.4      2.0061782      0.3276610
       9.5      1.9778464      0.3264388
       9.6      1.9533843      0.3257635
       9.7      1.9326441      0.3256300
       9.8      1.9154738      0.3260318
       9.9      1.9017184      0.3269607
      10.0      1.8912196      0.3284068
      10.1      1.8838170      0.3303588
      10.2      1.8793476      0.3328038
      10.3      1.8776469      0.3357274
      10.4      1.8785493      0.3391141
      10.5      1.8818880      0.3429469
      10.6      1.8874959      0.3472074
      10.7      1.8952056      0.3518764
      10.8      1.9048503      0.3569334
      10.9      1.9162636      0.3623567
      11.0      1.9292804      0.3681241
      11.1      1.9437369      0.3742120
      11.2      1.9594710      0.3805966
      11.3      1.9763230      0.3872529
      11.4      1.9941355      0.3941555
      11.5      2.0127538      0.4012786
      11.6      2.0320266      0.4085957
      11.7      2.0518059      0.4160802
      11.8      2.0719472      0.4237050
      11.9      2.0923102      0.4314431
      12.0      2.1127589      0.4392673
      12.1      2.1331615      0.4471503
      12.2      2.1533913      0.4550650
      12.3      2.1733262      0.4629845
      12.4      2.1928493      0.4708822
      12.5      2.2118491      0.4787318
      12.6      2.2302194      0.4865073
      12.7      2.2478598      0.4941834
      12.8      2.2646756      0.5017355
      12.9      2.2805778      0.5091393
      13.0      2.2954835      0.5163714
      13.1      2.3093158      0.5234094
      13.2      2.3220039      0.5302316
      13.3      2.3334831      0.5368172
      13.4      2.3436950      0.5431464
      13.5      2.3525871      0.5492006
      13.6      2.3601134      0.5549620
      13.7      2.3662337      0.5604144
      13.8      2.3709143      0.5655424
      13.9      2.3741273      0.5703320
      14.0      2.3758509      0.5747703
      14.1      2.3760690      0.5788461
      14.2      2.3747717      0.5825490
      14.3      2.3719544      0.5858704
      14.4      2.3676184      0.5888027
      14.5      2.3617702      0.5913400
      14.6      2.3544217      0.5934776
      14.7      2.3455900      0.5952121
      14.8      2.3352969      0.5965417
      14.9      2.3235693      0.5974659
      15.0      2.3104384      0.5979855
      15.1      2.2959399      0.5981027
      15.2      2.2801136      0.5978211
      15.3      2.2630034      0.5971456
      15.4      2.2446567      0.5960823
      15.5      2.2251246      0.5946387
      15.6      2.2044613      0.5928233
      15.7      2.1827239      0.5906461
      15.8      2.1599726      0.5881179
      15.9      2.1362698      0.5852508
      16.0      2.1116802      0.5820580
      16.1      2.0862707      0.5785534
      16.2      2.0601098      0.5747523
      16.3      2.0332673      0.5706704
      16.4      2.0058147      0.5663246
      16.5      1.9778239      0.5617323
      16.6      1.9493681      0.5569118
      16.7      1.9205205      0.5518818
      16.8      1.8913548      0.5466617
      16.9      1.8619446      0.5412714
      17.0      1.8323631      0.5357311
      17.1      1.8026834      0.5300616
      17.2      1.7729774      0.5242837
      17.3      1.7433164      0.5184185
      17.4      1.7137704      0.5124872
      17.5      1.6844079      0.5065112
      17.6      1.6552962      0.5005117
      17.7      1.6265005      0.4945099
      17.8      1.5980842      0.4885268
      17.9      1.5701085      0.4825832
      18.0      1.5426325      0.4766996
      18.1      1.5157125      0.4708962
      18.2      1.4894026      0.4651925
      18.3      1.4637540      0.4596077
      18.4      1.4388151      0.4541606
      18.5      1.4146313      0.4488691
      18.6      1.3912449      0.4437505
      18.7      1.3686951      0.4388214
      18.8      1.3470179      0.4340977
      18.9      1.3262461      0.4295942
      19.0      1.3064089      0.4253251
      19.1      1.2875322      0.4213036
      19.2      1.2696386      0.4175418
      19.3      1.2527471      0.4140510
      19.4      1.2368733      0.4108412
      19.5      1.2220293      0.4079218
      19.6      1.2082237      0.4053005
      19.7      1.1954617      0.4029845
      19.8      1.1837452      0.4009794
      19.9      1.1730727      0.3992900
      20.0      1.1634393      0.3979197
      20.1      1.1548368      0.3968709
      20.2      1.1472541      0.3961448
      20.3      1.1406768      0.3957415
      20.4      1.1350876      0.3956598
      20.5      1.1304662      0.3958976
      20.6      1.1267896      0.3964515
      20.7      1.1240320      0.3973170
      20.8      1.1221652      0.3984887
      20.9      1.1211585      0.3999598
      21.0      1.1209788      0.4017229
      21.1      1.1215910      0.4037692
      21.2      1.1229578      0.4060891
      21.3      1.1250403      0.4086723
      21.4      1.1277976      0.4115072
      21.5      1.1311875      0.4145816
      21.6      1.1351661      0.4178825
      21.7      1.1396885      0.4213961
      21.8      1.1447087      0.4251080
      21.9      1.1501796      0.4290029
      22.0      1.1560537      0.4330653
      22.1      1.1622825      0.4372789
      22.2      1.1688175      0.4416269
      22.3      1.1756096      0.4460923
      22.4      1.1826099      0.4506576
      22.5      1.1897694      0.4553050
      22.6      1.1970394      0.4600166
      22.7      1.2043715      0.4647743
      22.8      1.2117181      0.4695597
      22.9      1.2190320      0.4743546
      23.0      1.2262671      0.4791407
      23.1      1.2333781      0.4839000
      23.2      1.2403208      0.4886144
      23.3      1.2470526      0.4932660
      23.4      1.2535318      0.4978375
      23.5      1.2597186      0.5023116
      23.6      1.2655746      0.5066716
      23.7      1.2710632      0.5109010
      23.8      1.2761495      0.5149841
      23.9      1.2808008      0.5189057
      24.0      1.2849861      0.5226509
      24.1      1.2886767      0.5262060
      24.2      1.2918459      0.5295574
      24.3      1.2944693      0.5326927
      24.4      1.2965248      0.5356001
      24.5      1.2979925      0.5382687
      24.6      1.2988549      0.5406884
      24.7      1.2990971      0.5428499
      24.8      1.2987062      0.5447450
      24.9      1.2976722      0.5463665
      25.0      1.2959871      0.5477078
      25.1      1.2936456      0.5487637
      25.2      1.2906447      0.5495298
      25.3      1.2869840      0.5500027
      25.4      1.2826651      0.5501801
      25.5      1.2776924      0.5500608
      25.6      1.2720723      0.5496443
      25.7      1.2658135      0.5489315
      25.8      1.2589270      0.5479242
      25.9      1.2514259      0.5466251
      26.0      1.2433254      0.5450380
      26.1      1.2346426      0.5431677
      26.2      1.2253968      0.5410199
      26.3      1.2156088      0.5386013
      26.4      1.2053014      0.5359194
      26.5      1.1944990      0.5329828
      26.6      1.1832273      0.5298008
      26.7      1.1715140      0.5263835
      26.8      1.1593876      0.5227418
      26.9      1.1468782      0.5188875
      27.0      1.1340169      0.5148329
      27.1      1.1208358      0.5105910
      27.2      1.1073678      0.5061755
      27.3      1.0936467      0.5016006
      27.4      1.0797070      0.4968809
      27.5      1.0655836      0.4920317
      27.6      1.0513118      0.4870686
      27.7      1.0369272      0.4820074
      27.8      1.0224657      0.4768643
      27.9      1.0079630      0.4716559
      28.0      0.9934548      0.4663988
      28.1      0.9789768      0.4611097
      28.2      0.9645639      0.4558054
      28.3      0.9502510      0.4505028
      28.4      0.9360723      0.4452187
      28.5      0.9220613      0.4399696
      28.6      0.9082506      0.4347722
      28.7      0.8946722      0.4296426
      28.8      0.8813569      0.4245969
      28.9      0.8683345      0.4196508
      29.0      0.8556336      0.4148194
      29.1      0.8432816      0.4101177
      29.2      0.8313045      0.4055599
      29.3      0.8197269      0.4011600
      29.4      0.8085719      0.3969310
      29.5      0.7978610      0.3928855
      29.6      0.7876142      0.3890356
      29.7      0.7778497      0.3853924
      29.8      0.7685841      0.3819663
      29.9      0.7598321      0.3787670
      30.0      0.7516068      0.3758034
      30.1      0.7439192      0.3730834
      30.2      0.7367786      0.3706143
      30.3      0.7301924      0.3684022
      30.4      0.7241661      0.3664525
      30.5      0.7187034      0.3647696
      30.6      0.7138060      0.3633568
      30.7      0.7094737      0.3622168
      30.8      0.7057046      0.3613510
      30.9      0.7024947      0.3607600
      31.0      0.6998383      0.3604434
      31.1      0.6977279      0.3603997
      31.2      0.6961544      0.3606268
      31.3      0.6951068      0.3611212
      31.4      0.6945723      0.3618789
      31.5      0.6945368      0.3628945
      31.6      0.6949846      0.3641621
      31.7      0.6958982      0.3656748
      31.8      0.6972590      0.3674247
      31.9      0.6990470      0.3694032
      32.0      0.7012408      0.3716010
      32.1      0.7038179      0.3740078
      32.2      0.7067546      0.3766127
      32.3      0.7100262      0.3794042
      32.4      0.7136072      0.3823699
      32.5      0.7174712      0.3854970
      32.6      0.7215907      0.3887720
      32.7      0.7259381      0.3921811
      32.8      0.7304849      0.3957097
      32.9      0.7352021      0.3993430
      33.0      0.7400605      0.4030659
      33.1      0.7450306      0.4068627
      33.2      0.7500827      0.4107177
      33.3      0.7551870      0.4146149
      33.4      0.7603138      0.4185381
      33.5      0.7654334      0.4224710
      33.6      0.7705166      0.4263974
      33.7      0.7755343      0.4303009
      33.8      0.7804578      0.4341653
      33.9      0.7852591      0.4379744
      34.0      0.7899106      0.4417124
      34.1      0.7943856      0.4453635
      34.2      0.7986580      0.4489124
      34.3      0.8027026      0.4523438
      34.4      0.8064951      0.4556431
      34.5      0.8100125      0.4587961
      34.6      0.8132324      0.4617889
      34.7      0.8161339      0.4646083
      34.8      0.8186973      0.4672416
      34.9      0.8209039      0.4696768
      35.0      0.8227367      0.4719024
      35.1      0.8241798      0.4739077
      35.2      0.8252188      0.4756828
      35.3      0.8258408      0.4772184
      35.4      0.8260344      0.4785062
      35.5      0.8257896      0.4795385
      35.6      0.8250982      0.4803086
      35.7      0.8239532      0.4808106
      35.8      0.8223495      0.4810397
      35.9      0.8202835      0.4809916
      36.0      0.8177532      0.4806633
      36.1      0.8147581      0.4800525
      36.2      0.8112994      0.4791580
      36.3      0.8073798      0.4779795
      36.4      0.8030035      0.4765175
      36.5      0.7981766      0.4747736
      36.6      0.7929061      0.4727504
      36.7      0.7872011      0.4704512
      36.8      0.7810716      0.4678803
      36.9      0.7745294      0.4650431
      37.0      0.7675874      0.4619456
      37.1      0.7602599      0.4585949
      37.2      0.7525625      0.4549986
      37.3      0.7445119      0.4511656
      37.4      0.7361260      0.4471051
      37.5      0.7274236      0.4428274
      37.6      0.7184248      0.4383434
      37.7      0.7091503      0.4336646
      37.8      0.6996219      0.4288032
      37.9      0.6898620      0.4237720
      38.0      0.6798939      0.4185845
      38.1      0.6697413      0.4132544
      38.2      0.6594286      0.4077962
      38.3      0.6489805      0.4022245
      38.4      0.6384224      0.3965546
      38.5      0.6277795      0.3908019
      38.6      0.6170777      0.3849822
      38.7      0.6063426      0.3791112
      38.8      0.5956000      0.3732053
      38.9      0.5848759      0.3672804
      39.0      0.5741957      0.3613530
      39.1      0.5635848      0.3554393
      39.2      0.5530685      0.3495555
      39.3      0.5426714      0.3437177
      39.4      0.5324178      0.3379418
      39.5      0.5223313      0.3322436
      39.6      0.5124352      0.3266385
      39.7      0.5027518      0.3211417
      39.8      0.4933028      0.3157679
      39.9      0.4841090      0.3105315
      40.0      0.4751904      0.3054465
      40.1      0.4665659      0.3005261
      40.2      0.4582537      0.2957833
      40.3      0.4502705      0.2912304
      40.4      0.4426322      0.2868788
      40.5      0.4353536      0.2827395
      40.6      0.4284479      0.2788229
      40.7      0.4219275      0.2751383
      40.8      0.4158033      0.2716944
      40.9      0.4100849      0.2684993
      41.0      0.4047806      0.2655600
      41.1      0.3998975      0.2628827
      41.2      0.3954410      0.2604728
      41.3      0.3914155      0.2583349
      41.4      0.3878236      0.2564724
      41.5      0.3846669      0.2548880
      41.6      0.3819455      0.2535836
      41.7      0.3796579      0.2525600
      41.8      0.3778016      0.2518170
      41.9      0.3763724      0.2513537
      42.0      0.3753649      0.2511682
      42.1      0.3747725      0.2512575
      42.2      0.3745872      0.2516179
      42.3      0.3747997      0.2522449
      42.4      0.3753996      0.2531329
      42.5      0.3763753      0.2542755
      42.6      0.3777140      0.2556655
      42.7      0.3794019      0.2572951
      42.8      0.3814240      0.2591552
      42.9      0.3837646      0.2612366
      43.0      0.3864069      0.2635289
      43.1      0.3893332      0.2660211
      43.2      0.3925250      0.2687019
      43.3      0.3959632      0.2715588
      43.4      0.3996279      0.2745793
      43.5      0.4034986      0.2777501
      43.6      0.4075544      0.2810574
      43.7      0.4117736      0.2844872
      43.8      0.4161346      0.2880247
      43.9      0.4206151      0.2916553
      44.0      0.4251926      0.2953636
      44.1      0.4298446      0.2991344
      44.2      0.4345484      0.3029520
      44.3      0.4392812      0.3068007
      44.4      0.4440205      0.3106649
      44.5      0.4487436      0.3145285
      44.6      0.4534282      0.3183760
      44.7      0.4580523      0.3221916
      44.8      0.4625941      0.3259596
      44.9      0.4670324      0.3296649
      45.0      0.4713463      0.3332922
      45.1      0.4755156      0.3368266
      45.2      0.4795205      0.3402537
      45.3      0.4833422      0.3435594
      45.4      0.4869623      0.3467298
      45.5      0.4903633      0.3497519
      45.6      0.4935288      0.3526128
      45.7      0.4964428      0.3553005
      45.8      0.4990907      0.3578034
      45.9      0.5014587      0.3601107
      46.0      0.5035339      0.3622120
      46.1      0.5053047      0.3640979
      46.2      0.5067604      0.3657595
      46.3      0.5078917      0.3671890
      46.4      0.5086900      0.3683790
      46.5      0.5091484      0.3693232
      46.6      0.5092609      0.3700160
      46.7      0.5090226      0.3704528
      46.8      0.5084301      0.3706296
      46.9      0.5074812      0.3705436
      47.0      0.5061747      0.3701927
      47.1      0.5045108      0.3695758
      47.2      0.5024908      0.3686925
      47.3      0.5001175      0.3675436
      47.4      0.4973945      0.3661307
      47.5      0.4943269      0.3644560
      47.6      0.4909209      0.3625231
      47.7      0.4871836      0.3603361
      47.8      0.4831234      0.3579001
      47.9      0.4787499      0.3552209
      48.0      0.4740736      0.3523053
      48.1      0.4691058      0.3491609
      48.2      0.4638591      0.3457958
      48.3      0.4583469      0.3422193
      48.4      0.4525833      0.3384409
      48.5      0.4465835      0.3344713
      48.6      0.4403632      0.3303213
      48.7      0.4339391      0.3260028
      48.8      0.4273281      0.3215280
      48.9      0.4205482      0.3169097
      49.0      0.4136176      0.3121611
      49.1      0.4065551      0.3072960
      49.2      0.3993798      0.3023285
      49.3      0.3921113      0.2972730
      49.4      0.3847693      0.2921443
      49.5      0.3773739      0.2869574
      49.6      0.3699452      0.2817274
      49.7      0.3625033      0.2764698
      49.8      0.3550686      0.2712000
      49.9      0.3476612      0.2659335
      50.0      0.3403011      0.2606858
      50.1      0.3330082      0.2554723
      50.2      0.3258020      0.2503083
      50.3      0.3187018      0.2452090
      50.4      0.3117266      0.2401895
      50.5      0.3048948      0.2352643
      50.6      0.2982242      0.2304479
      50.7      0.2917324      0.2257543
      50.8      0.2854361      0.2211972
      50.9      0.2793514      0.2167897
      51.0      0.2734937      0.2125445
      51.1      0.2678776      0.2084739
      51.2      0.2625169      0.2045894
      51.3      0.2574247      0.2009020
      51.4      0.2526129      0.1974221
      51.5      0.2480926      0.1941593
      51.6      0.2438741      0.1911226
      51.7      0.2399666      0.1883201
      51.8      0.2363781      0.1857594
      51.9      0.2331158      0.1834470
      52.0      0.2301857      0.1813888
      52.1      0.2275928      0.1795899
      52.2      0.2253410      0.1780543
      52.3      0.2234329      0.1767853
      52.4      0.2218702      0.1757855
      52.5      0.2206535      0.1750562
      52.6      0.2197821      0.1745982
      52.7      0.2192545      0.1744111
      52.8      0.2190678      0.1744940
      52.9      0.2192181      0.1748448
      53.0      0.2197005      0.1754606
      53.1      0.2205090      0.1763377
      53.2      0.2216367      0.1774714
      53.3      0.2230754      0.1788564
      53.4      0.2248162      0.1804864
      53.5      0.2268493      0.1823543
      53.6      0.2291636      0.1844524
      53.7      0.2317477      0.1867720
      53.8      0.2345888      0.1893039
      53.9      0.2376738      0.1920380
      54.0      0.2409886      0.1949639
      54.1      0.2445185      0.1980701
      54.2      0.2482480      0.2013450
      54.3      0.2521613      0.2047760
      54.4      0.2562418      0.2083504
      54.5      0.2604726      0.2120548
      54.6      0.2648364      0.2158755
      54.7      0.2693152      0.2197983
      54.8      0.2738911      0.2238087
      54.9      0.2785458      0.2278922
      55.0      0.2832609      0.2320337
      55.1      0.2880175      0.2362181
      55.2      0.2927972      0.2404302
      55.3      0.2975813      0.2446547
      55.4      0.3023510      0.2488761
      55.5      0.3070880      0.2530792
      55.6      0.3117738      0.2572488
      55.7      0.3163905      0.2613696
      55.8      0.3209201      0.2654268
      55.9      0.3253453      0.2694056
      56.0      0.3296491      0.2732915
      56.1      0.3338148      0.2770704
      56.2      0.3378265      0.2807286
      56.3      0.3416686      0.2842526
      56.4      0.3453262      0.2876295
      56.5      0.3487851      0.2908470
      56.6      0.3520318      0.2938930
      56.7      0.3550536      0.2967564
      56.8      0.3578384      0.2994264
      56.9      0.3603751      0.3018930
      57.0      0.3626534      0.3041467
      57.1      0.3646638      0.3061789
      57.2      0.3663978      0.3079817
      57.3      0.3678478      0.3095479
      57.4      0.3690073      0.3108711
      57.5      0.3698705      0.3119456
      57.6      0.3704329      0.3127668
      57.7      0.3706907      0.3133307
      57.8      0.3706414      0.3136342
      57.9      0.3702832      0.3136750
      58.0      0.3696157      0.3134519
      58.1      0.3686393      0.3129643
      58.2      0.3673553      0.3122126
      58.3      0.3657663      0.3111980
      58.4      0.3638756      0.3099226
      58.5      0.3616876      0.3083894
      58.6      0.3592078      0.3066021
      58.7      0.3564424      0.3045654
      58.8      0.3533988      0.3022847
      58.9      0.3500849      0.2997662
      59.0      0.3465098      0.2970169
      59.1      0.3426833      0.2940446
      59.2      0.3386161      0.2908576
      59.3      0.3343194      0.2874653
      59.4      0.3298054      0.2838773
      59.5      0.3250868      0.2801042
      59.6      0.3201769      0.2761570
      59.7      0.3150899      0.2720472
      59.8      0.3098401      0.2677870
      59.9      0.3044426      0.2633890
      60.0      0.2989129      0.2588661
      60.1      0.2932666      0.2542319
      60.2      0.2875201      0.2495000
      60.3      0.2816896      0.2446845
      60.4      0.2757920      0.2397997
      60.5      0.2698439      0.2348602
      60.6      0.2638623      0.2298805
      60.7      0.2578643      0.2248756
      60.8      0.2518668      0.2198601
      60.9      0.2458867      0.2148490
      61.0      0.2399410      0.2098571
      61.1      0.2340461      0.2048990
      61.2      0.2282186      0.1999895
      61.3      0.2224746      0.1951428
      61.4      0.2168300      0.1903731
      61.5      0.2113003      0.1856943
      61.6      0.2059004      0.1811200
      61.7      0.2006449      0.1766633
      61.8      0.1955479      0.1723370
      61.9      0.1906228      0.1681535
      62.0      0.1858826      0.1641246
      62.1      0.1813393      0.1602614
      62.2      0.1770046      0.1565749
      62.3      0.1728892      0.1530750
      62.4      0.1690032      0.1497712
      62.5      0.1653558      0.1466724
      62.6      0.1619555      0.1437866
      62.7      0.1588098      0.1411211
      62.8      0.1559256      0.1386828
      62.9      0.1533086      0.1364772
      63.0      0.1509637      0.1345097
      63.1      0.1488951      0.1327843
      63.2      0.1471058      0.1313045
      63.3      0.1455980      0.1300730
      63.4      0.1443728      0.1290916
      63.5      0.1434307      0.1283610
      63.6      0.1427709      0.1278815
      63.7      0.1423918      0.1276523
      63.8      0.1422910      0.1276717
      63.9      0.1424649      0.1279374
      64.0      0.1429093      0.1284461
      64.1      0.1436190      0.1291936
      64.2      0.1445878      0.1301751
      64.3      0.1458089      0.1313850
      64.4      0.1472743      0.1328168
      64.5      0.1489758      0.1344633
      64.6      0.1509038      0.1363167
      64.7      0.1530483      0.1383683
      64.8      0.1553987      0.1406090
      64.9      0.1579435      0.1430287
      65.0      0.1606708      0.1456172
      65.1      0.1635678      0.1483632
      65.2      0.1666215      0.1512553
      65.3      0.1698183      0.1542813
      65.4      0.1731441      0.1574289
      65.5      0.1765844      0.1606850
      65.6      0.1801244      0.1640363
      65.7      0.1837490      0.1674694
      65.8      0.1874428      0.1709703
      65.9      0.1911902      0.1745249
      66.0      0.1949756      0.1781190
      66.1      0.1987830      0.1817382
      66.2      0.2025967      0.1853678
      66.3      0.2064008      0.1889935
      66.4      0.2101796      0.1926007
      66.5      0.2139172      0.1961749
      66.6      0.2175983      0.1997018
      66.7      0.2212074      0.2031672
      66.8      0.2247297      0.2065570
      66.9      0.2281502      0.2098575
      67.0      0.2314548      0.2130553
      67.1      0.2346294      0.2161371
      67.2      0.2376604      0.2190904
      67.3      0.2405349      0.2219026
      67.4      0.2432405      0.2245621
      67.5      0.2457651      0.2270573
      67.6      0.2480975      0.2293776
      67.7      0.2502271      0.2315125
      67.8      0.2521439      0.2334526
      67.9      0.2538386      0.2351887
      68.0      0.2553027      0.2367126
      68.1      0.2565286      0.2380165
      68.2      0.2575092      0.2390937
      68.3      0.2582385      0.2399378
      68.4      0.2587111      0.2405435
      68.5      0.2589226      0.2409061
      68.6      0.2588694      0.2410218
      68.7      0.2585488      0.2408876
      68.8      0.2579589      0.2405012
      68.9      0.2570989      0.2398613
      69.0      0.2559686      0.2389672
      69.1      0.2545688      0.2378193
      69.2      0.2529013      0.2364186
      69.3      0.2509686      0.2347671
      69.4      0.2487741      0.2328674
      69.5      0.2463221      0.2307231
      69.6      0.2436178      0.2283386
      69.7      0.2406669      0.2257189
      69.8      0.2374764      0.2228699
      69.9      0.2340535      0.2197983
      70.0      0.2304067      0.2165114
      70.1      0.2265447      0.2130173
      70.2      0.2224773      0.2093246
      70.3      0.2182147      0.2054427
      70.4      0.2137679      0.2013816
      70.5      0.2091483      0.1971519
      70.6      0.2043680      0.1927645
      70.7      0.1994394      0.1882311
      70.8      0.1943757      0.1835638
      70.9      0.1891902      0.1787751
      71.0      0.1838967      0.1738778
      71.1      0.1785094      0.1688851
      71.2      0.1730425      0.1638106
      71.3      0.1675109      0.1586680
      71.4      0.1619292      0.1534714
      71.5      0.1563125      0.1482349
      71.6      0.1506759      0.1429727
      71.7      0.1450343      0.1376993
      71.8      0.1394029      0.1324289
      71.9      0.1337968      0.1271760
      72.0      0.1282308      0.1219547
      72.1      0.1227197      0.1167794
      72.2      0.1172782      0.1116640
      72.3      0.1119204      0.1066223
      72.4      0.1066605      0.1016678
      72.5      0.1015121      0.0968138
      72.6      0.0964886      0.0920733
      72.7      0.0916027      0.0874587
      72.8      0.0868670      0.0829822
      72.9      0.0822934      0.0786554
      73.0      0.0778931      0.0744895
      73.1      0.0736770      0.0704952
      73.2      0.0696553      0.0666824
      73.3      0.0658375      0.0630606
      73.4      0.0622324      0.0596387
      73.5      0.0588483      0.0564249
      73.6      0.0556925      0.0534266
      73.7      0.0527718      0.0506507
      73.8      0.0500921      0.0481031
      73.9      0.0476584      0.0457892
      74.0      0.0454752      0.0437136
      74.1      0.0435459      0.0418799
      74.2      0.0418733      0.0402913
      74.3      0.0404593      0.0389498
      74.4      0.0393048      0.0378569
      74.5      0.0384101      0.0370131
      74.6      0.0377746      0.0364183
      74.7      0.0373968      0.0360713
      74.8      0.0372744      0.0359704
      74.9      0.0374043      0.0361129
      75.0      0.0377827      0.0364953
      75.1      0.0384050      0.0371136
      75.2      0.0392655      0.0379628
      75.3      0.0403582      0.0390372
      75.4      0.0416762      0.0403304
      75.5      0.0432118      0.0418354
      75.6      0.0449567      0.0435443
      75.7      0.0469019      0.0454487
      75.8      0.0490380      0.0475397
      75.9      0.0513548      0.0498076
      76.0      0.0538416      0.0522423
      76.1      0.0564872      0.0548330
      76.2      0.0592799      0.0575687
      76.3      0.0622075      0.0604377
      76.4      0.0652577      0.0634279
      76.5      0.0684175      0.0665271
      76.6      0.0716737      0.0697224
      76.7      0.0750129      0.0730010
      76.8      0.0784215      0.0763495
      76.9      0.0818856      0.0797546
      77.0      0.0853913      0.0832027
      77.1      0.0889244      0.0866801
      77.2      0.0924710      0.0901730
      77.3      0.0960169      0.0936678
      77.4      0.0995481      0.0971507
      77.5      0.1030507      0.1006080
      77.6      0.1065110      0.1040263
      77.7      0.1099152      0.1073922
      77.8      0.1132501      0.1106925
      77.9      0.1165026      0.1139143
      78.0      0.1196600      0.1170451
      78.1      0.1227098      0.1200726
      78.2      0.1256401      0.1229850
      78.3      0.1284393      0.1257707
      78.4      0.1310964      0.1284188
      78.5      0.1336008      0.1309188
      78.6      0.1359426      0.1332606
      78.7      0.1381122      0.1354348
      78.8      0.1401008      0.1374326
      78.9      0.1419003      0.1392458
      79.0      0.1435032      0.1408667
      79.1      0.1449026      0.1422884
      79.2      0.1460925      0.1435048
      79.3      0.1470673      0.1445102
      79.4      0.1478224      0.1452999
      79.5      0.1483540      0.1458698
      79.6      0.1486589      0.1462167
      79.7      0.1487348      0.1463379
      79.8      0.1485800      0.1462318
      79.9      0.1481938      0.1458973
      80.0      0.1475762      0.1453342
      80.1      0.1467280      0.1445431
      80.2      0.1456507      0.1435254
      80.3      0.1443467      0.1422830
      80.4      0.1428191      0.1408190
      80.5      0.1410717      0.1391370
      80.6      0.1391092      0.1372413
      80.7      0.1369369      0.1351370
      80.8      0.1345609      0.1328299
      80.9      0.1319878      0.1303265
      81.0      0.1292250      0.1276340
      81.1      0.1262806      0.1247602
      81.2      0.1231632      0.1217134
      81.3      0.1198821      0.1185027
      81.4      0.1164468      0.1151376
      81.5      0.1128679      0.1116281
      81.6      0.1091559      0.1079849
      81.7      0.1053221      0.1042189
      81.8      0.1013781      0.1003416
      81.9      0.0973358      0.0963648
      82.0      0.0932077      0.0923006
      82.1      0.0890062      0.0881614
      82.2      0.0847441      0.0839601
      82.3      0.0804346      0.0797094
      82.4      0.0760909      0.0754225
      82.5      0.0717261      0.0711125
      82.6      0.0673538      0.0667928
      82.7      0.0629873      0.0624768
      82.8      0.0586400      0.0581777
      82.9      0.0543253      0.0539088
      83.0      0.0500564      0.0496833
      83.1      0.0458463      0.0455143
      83.2      0.0417080      0.0414146
      83.3      0.0376542      0.0373970
      83.4      0.0336971      0.0334738
      83.5      0.0298489      0.0296570
      83.6      0.0261212      0.0259585
      83.7      0.0225255      0.0223895
      83.8      0.0190726      0.0189611
      83.9      0.0157730      0.0156837
      84.0      0.0126365      0.0125673
      84.1      0.0096726      0.0096214
      84.2      0.0068902      0.0068549
      84.3      0.0042974      0.0042762
      84.4      0.0019020      0.0018929
      84.5     -0.0002891     -0.0002878
      84.6     -0.0022696     -0.0022595
      84.7     -0.0040337     -0.0040164
      84.8     -0.0055765     -0.0055535
      84.9     -0.0068937     -0.0068664
      85.0     -0.0079819     -0.0079515
      85.1     -0.0088382     -0.0088059
      85.2     -0.0094607     -0.0094275
      85.3     -0.0098480     -0.0098149
      85.4     -0.0099996     -0.0099674
      85.5     -0.0099158     -0.0098853
      85.6     -0.0095976     -0.0095693
      85.7     -0.0090466     -0.0090211
      85.8     -0.0082653     -0.0082432
      85.9     -0.0072571     -0.0072386
      86.0     -0.0060259     -0.0060112
      86.1     -0.0045762     -0.0045656
      86.2     -0.0029135     -0.0029071
      86.3     -0.0010438     -0.0010416
      86.4      0.0010262      0.0010242
      86.5      0.0032893      0.0032831
      86.6      0.0057373      0.0057272
      86.7      0.0083619      0.0083480
      86.8      0.0111539      0.0111365
      86.9      0.0141038      0.0140831
      87.0      0.0172014      0.0171778
      87.1      0.0204362      0.0204101
      87.2      0.0237973      0.0237689
      87.3      0.0272732      0.0272429
      87.4      0.0308521      0.0308204
      87.5      0.0345222      0.0344894
      87.6      0.0382711      0.0382375
      87.7      0.0420861      0.0420522
      87.8      0.0459546      0.0459208
      87.9      0.0498638      0.0498303
      88.0      0.0538005      0.0537677
      88.1      0.0577517      0.0577200
      88.2      0.0617044      0.0616739
      88.3      0.0656454      0.0656165
      88.4      0.0695618      0.0695346
      88.5      0.0734405      0.0734154
      88.6      0.0772689      0.0772459
      88.7      0.0810344      0.0810136
      88.8      0.0847246      0.0847060
      88.9      0.0883274      0.0883112
      89.0      0.0918311      0.0918171
      89.1      0.0952240      0.0952123
      89.2      0.0984953      0.0984857
      89.3      0.1016343      0.1016267
      89.4      0.1046306      0.1046249
      89.5      0.1074747      0.1074706
      89.6      0.1101572      0.1101545
      89.7      0.1126695      0.1126680
      89.8      0.1150035      0.1150028
      89.9      0.1171517      0.1171515
      90.0      0.1191071      0.1191071
      90.1      0.1208635      0.1208633
      90.2      0.1224153      0.1224145
      90.3      0.1237575      0.1237558
      90.4      0.1248859      0.1248828
      90.5      0.1257969      0.1257921
      90.6      0.1264877      0.1264808
      90.7      0.1269562      0.1269467
      90.8      0.1272010      0.1271886
      90.9      0.1272214      0.1272057
      91.0      0.1270174      0.1269981
      91.1      0.1265900      0.1265667
      91.2      0.1259405      0.1259129
      91.3      0.1250712      0.1250391
      91.4      0.1239851      0.1239481
      91.5      0.1226858      0.1226438
      91.6      0.1211777      0.1211304
      91.7      0.1194656      0.1194130
      91.8      0.1175553      0.1174973
      91.9      0.1154530      0.1153895
      92.0      0.1131657      0.1130967
      92.1      0.1107007      0.1106264
      92.2      0.1080663      0.1079866
      92.3      0.1052708      0.1051860
      92.4      0.1023234      0.1022337
      92.5      0.0992337      0.0991393
      92.6      0.0960116      0.0959128
      92.7      0.0926676      0.0925647
      92.8      0.0892124      0.0891059
      92.9      0.0856572      0.0855475
      93.0      0.0820133      0.0819010
      93.1      0.0782926      0.0781780
      93.2      0.0745067      0.0743906
      93.3      0.0706680      0.0705508
      93.4      0.0667885      0.0666710
      93.5      0.0628808      0.0627635
      93.6      0.0589570      0.0588407
      93.7      0.0550298      0.0549151
      93.8      0.0511115      0.0509991
      93.9      0.0472145      0.0471052
      94.0      0.0433510      0.0432454
      94.1      0.0395332      0.0394320
      94.2      0.0357730      0.0356769
      94.3      0.0320821      0.0319918
      94.4      0.0284721      0.0283882
      94.5      0.0249540      0.0248771
      94.6      0.0215388      0.0214695
      94.7      0.0182370      0.0181757
      94.8      0.0150586      0.0150058
      94.9      0.0120132      0.0119693
      95.0      0.0091102      0.0090756
      95.1      0.0063582      0.0063330
      95.2      0.0037654      0.0037499
      95.3      0.0013394      0.0013337
      95.4     -0.0009126     -0.0009086
      95.5     -0.0029842     -0.0029705
      95.6     -0.0048695     -0.0048463
      95.7     -0.0065633     -0.0065309
      95.8     -0.0080610     -0.0080197
      95.9     -0.0093585     -0.0093090
      96.0     -0.0104528     -0.0103955
      96.1     -0.0113411     -0.0112768
      96.2     -0.0120215     -0.0119512
      96.3     -0.0124930     -0.0124175
      96.4     -0.0127549     -0.0126754
      96.5     -0.0128075     -0.0127251
      96.6     -0.0126516     -0.0125678
      96.7     -0.0122889     -0.0122050
      96.8     -0.0117216     -0.0116392
      96.9     -0.0109527     -0.0108734
      97.0     -0.0099858     -0.0099114
      97.1     -0.0088251     -0.0087575
      97.2     -0.0074757     -0.0074167
      97.3     -0.0059429     -0.0058947
      97.4     -0.0042330     -0.0041977
      97.5     -0.0023526     -0.0023325
      97.6     -0.0003091     -0.0003064
      97.7      0.0018897      0.0018727
      97.8      0.0042356      0.0041964
      97.9      0.0067196      0.0066559
      98.0      0.0093327      0.0092418
      98.1      0.0120650      0.0119446
      98.2      0.0149065      0.0147541
      98.3      0.0178469      0.0176600
      98.4      0.0208754      0.0206514
      98.5      0.0239809      0.0237175
      98.6      0.0271523      0.0268470
      98.7      0.0303780      0.0300285
      98.8      0.0336465      0.0332504
      98.9      0.0369459      0.0365011
      99.0      0.0402644      0.0397687
      99.1      0.0435901      0.0430415
      99.2      0.0469111      0.0463076
      99.3      0.0502154      0.0495553
      99.4      0.0534912      0.0527730
      99.5      0.0567269      0.0559489
      99.6      0.0599107      0.0590718
      99.7      0.0630314      0.0621303
      99.8      0.0660777      0.0651135
      99.9      0.0690386      0.0680106
     100.0      0.0719036      0.0708113
     100.1      0.0746624      0.0735053
     100.2      0.0773048      0.0760831
     100.3      0.0798215      0.0785352
     100.4      0.0822032      0.0808527
     100.5      0.0844413      0.0830273
     100.6      0.0865275      0.0850510
     100.7      0.0884542      0.0869163
     100.8      0.0902142      0.0886163
     100.9      0.0918009      0.0901446
     101.0      0.0932081      0.0914956
     101.1      0.0944306      0.0926640
     101.2      0.0954634      0.0936453
     101.3      0.0963024      0.0944356
     101.4      0.0969440      0.0950315
     101.5      0.0973854      0.0954303
     101.6      0.0976242      0.0956302
     101.7      0.0976589      0.0956298
     101.8      0.0974886      0.0954284
     101.9      0.0971131      0.0950261
     102.0      0.0965329      0.0944234
     102.1      0.0957491      0.0936218
     102.2      0.0947634      0.0926233
     102.3      0.0935784      0.0914303
     102.4      0.0921971      0.0900464
     102.5      0.0906234      0.0884753
     102.6      0.0888616      0.0867215
     102.7      0.0869167      0.0847903
     102.8      0.0847944      0.0826872
     102.9      0.0825008      0.0804185
     103.0      0.0800426      0.0779911
     103.1      0.0774273      0.0754123
     103.2      0.0746624      0.0726898
     103.3      0.0717564      0.0698318
     103.4      0.0687180      0.0668472
     103.5      0.0655563      0.0637450
     103.6      0.0622809      0.0605346
     103.7      0.0589017      0.0572259
     103.8      0.0554290      0.0538290
     103.9      0.0518734      0.0503544
     104.0      0.0482457      0.0468126
     104.1      0.0445569      0.0432145
     104.2      0.0408183      0.0395711
     104.3      0.0370412      0.0358936
     104.4      0.0332373      0.0321931
     104.5      0.0294181      0.0284811
     104.6      0.0255952      0.0247687
     104.7      0.0217803      0.0210674
     104.8      0.0179850      0.0173884
     104.9      0.0142209      0.0137427
     105.0      0.0104992      0.0101415
     105.1      0.0068314      0.0065955
     105.2      0.0032284      0.0031154
     105.3     -0.0002988     -0.0002882
     105.4     -0.0037397     -0.0036054
     105.5     -0.0070839     -0.0068263
     105.6     -0.0103215     -0.0099413
     105.7     -0.0134428     -0.0129413
     105.8     -0.0164387     -0.0158176
     105.9     -0.0193002     -0.0185618
     106.0     -0.0220191     -0.0211661
     106.1     -0.0245874     -0.0236231
     106.2     -0.0269978     -0.0259258
     106.3     -0.0292434     -0.0280680
     106.4     -0.0313179     -0.0300437
     106.5     -0.0332155     -0.0318477
     106.6     -0.0349311     -0.0334753
     106.7     -0.0364602     -0.0349224
     106.8     -0.0377987     -0.0361854
     106.9     -0.0389434     -0.0372616
     107.0     -0.0398916     -0.0381485
     107.1     -0.0406413     -0.0388447
     107.2     -0.0411911     -0.0393490
     107.3     -0.0415403     -0.0396611
     107.4     -0.0416889     -0.0397812
     107.5     -0.0416373     -0.0397102
     107.6     -0.0413870     -0.0394497
     107.7     -0.0409398     -0.0390018
     107.8     -0.0402983     -0.0383692
     107.9     -0.0394656     -0.0375552
     108.0     -0.0384455     -0.0365638
     108.1     -0.0372425     -0.0353996
     108.2     -0.0358617     -0.0340676
     108.3     -0.0343085     -0.0325733
     108.4     -0.0325891     -0.0309230
     108.5     -0.0307102     -0.0291233
     108.6     -0.0286791     -0.0271812
     108.7     -0.0265034     -0.0251043
     108.8     -0.0241913     -0.0229006
     108.9     -0.0217513     -0.0205786
     109.0     -0.0191924     -0.0181468
     109.1     -0.0165241     -0.0156145
     109.2     -0.0137561     -0.0129909
     109.3     -0.0108983     -0.0102859
     109.4     -0.0079612     -0.0075092
     109.5     -0.0049552     -0.0046710
     109.6     -0.0018912     -0.0017816
     109.7      0.0012200      0.0011486
     109.8      0.0043672      0.0041090
     109.9      0.0075392      0.0070890
     110.0      0.0107249      0.0100781
     110.1      0.0139129      0.0130655
     110.2      0.0170920      0.0160407
     110.3      0.0202510      0.0189932
     110.4      0.0233787      0.0219124
     110.5      0.0264642      0.0247883
     110.6      0.0294966      0.0276106
     110.7      0.0324653      0.0303695
     110.8      0.0353599      0.0330553
     110.9      0.0381702      0.0356588
     111.0      0.0408864      0.0381707
     111.1      0.0434989      0.0405825
     111.2      0.0459986      0.0428856
     111.3      0.0483768      0.0450723
     111.4      0.0506252      0.0471349
     111.5      0.0527357      0.0490662
     111.6      0.0547011      0.0508598
     111.7      0.0565143      0.0525093
     111.8      0.0581691      0.0540092
     111.9      0.0596595      0.0553543
     112.0      0.0609804      0.0565400
     112.1      0.0621269      0.0575623
     112.2      0.0630949      0.0584177
     112.3      0.0638810      0.0591033
     112.4      0.0644823      0.0596169
     112.5      0.0648965      0.0599566
     112.6      0.0651220      0.0601213
     112.7      0.0651578      0.0601105
     112.8      0.0650035      0.0599244
     112.9      0.0646596      0.0595634
     113.0      0.0641268      0.0590290
     113.1      0.0634068      0.0583230
     113.2      0.0625019      0.0574477
     113.3      0.0614147      0.0564061
     113.4      0.0601489      0.0552020
     113.5      0.0587085      0.0538392
     113.6      0.0570980      0.0523225
     113.7      0.0553228      0.0506570
     113.8      0.0533885      0.0488483
     113.9      0.0513015      0.0469026
     114.0      0.0490687      0.0448265
     114.1      0.0466972      0.0426268
     114.2      0.0441950      0.0403111
     114.3      0.0415701      0.0378871
     114.4      0.0388313      0.0353630
     114.5      0.0359875      0.0327472
     114.6      0.0330481      0.0300485
     114.7      0.0300228      0.0272759
     114.8      0.0269215      0.0244387
     114.9      0.0237544      0.0215463
     115.0      0.0205320      0.0186083
     115.1      0.0172649      0.0156346
     115.2      0.0139639      0.0126349
     115.3      0.0106398      0.0096193
     115.4      0.0073037      0.0065977
     115.5      0.0039664      0.0035800
     115.6      0.0006390      0.0005763
     115.7     -0.0026675     -0.0024036
     115.8     -0.0059423     -0.0053500
     115.9     -0.0091746     -0.0082531
     116.0     -0.0123537     -0.0111035
     116.1     -0.0154693     -0.0138918
     116.2     -0.0185110     -0.0166091
     116.3     -0.0214689     -0.0192466
     116.4     -0.0243333     -0.0217956
     116.5     -0.0270948     -0.0242480
     116.6     -0.0297443     -0.0265960
     116.7     -0.0322733     -0.0288320
     116.8     -0.0346734     -0.0309490
     116.9     -0.0369369     -0.0329402
     117.0     -0.0390563     -0.0347995
     117.1     -0.0410249     -0.0365209
     117.2     -0.0428363     -0.0380993
     117.3     -0.0444846     -0.0395298
     117.4     -0.0459645     -0.0408080
     117.5     -0.0472714     -0.0419303
     117.6     -0.0484011     -0.0428933
     117.7     -0.0493501     -0.0436943
     117.8     -0.0501155     -0.0443313
     117.9     -0.0506950     -0.0448025
     118.0     -0.0510868     -0.0451070
     118.1     -0.0512901     -0.0452443
     118.2     -0.0513042     -0.0452146
     118.3     -0.0511295     -0.0450184
     118.4     -0.0507669     -0.0446570
     118.5     -0.0502178     -0.0441323
     118.6     -0.0494844     -0.0434465
     118.7     -0.0485694     -0.0426024
     118.8     -0.0474761     -0.0416037
     118.9     -0.0462086     -0.0404540
     119.0     -0.0447714     -0.0391580
     119.1     -0.0431696     -0.0377204
     119.2     -0.0414089     -0.0361467
     119.3     -0.0394954     -0.0344427
     119.4     -0.0374360     -0.0326147
     119.5     -0.0352377     -0.0306694
     119.6     -0.0329084     -0.0286137
     119.7     -0.0304561     -0.0264551
     119.8     -0.0278894     -0.0242015
     119.9     -0.0252172     -0.0218607
     120.0     -0.0224487     -0.0194411
     120.1     -0.0195936     -0.0169514
     120.2     -0.0166618     -0.0144003
     120.3     -0.0136634     -0.0117969
     120.4     -0.0106087     -0.0091502
     120.5     -0.0075085     -0.0064695
     120.6     -0.0043733     -0.0037643
     120.7     -0.0012141     -0.0010439
     120.8      0.0019583      0.0016821
     120.9      0.0051330      0.0044044
     121.0      0.0082988      0.0071135
     121.1      0.0114450      0.0098000
     121.2      0.0145606      0.0124546
     121.3      0.0176349      0.0150683
     121.4      0.0206572      0.0176320
     121.5      0.0236172      0.0201369
     121.6      0.0265045      0.0225746
     121.7      0.0293092      0.0249366
     121.8      0.0320216      0.0272149
     121.9      0.0346322      0.0294018
     122.0      0.0371322      0.0314899
     122.1      0.0395127      0.0334720
     122.2      0.0417655      0.0353417
     122.3      0.0438828      0.0370925
     122.4      0.0458572      0.0387185
     122.5      0.0476819      0.0402145
     122.6      0.0493505      0.0415755
     122.7      0.0508571      0.0427968
     122.8      0.0521965      0.0438746
     122.9      0.0533639      0.0448054
     123.0      0.0543553      0.0455862
     123.1      0.0551670      0.0462145
     123.2      0.0557963      0.0466883
     123.3      0.0562407      0.0470064
     123.4      0.0564986      0.0471678
     123.5      0.0565691      0.0471722
     123.6      0.0564518      0.0470199
     123.7      0.0561468      0.0467116
     123.8      0.0556551      0.0462486
     123.9      0.0549784      0.0456327
     124.0      0.0541187      0.0448664
     124.1      0.0530788      0.0439525
     124.2      0.0518623      0.0428943
     124.3      0.0504731      0.0416957
     124.4      0.0489159      0.0403612
     124.5      0.0471959      0.0388954
     124.6      0.0453189      0.0373037
     124.7      0.0432913      0.0355917
     124.8      0.0411198      0.0337655
     124.9      0.0388118      0.0318315
     125.0      0.0363751      0.0297968
     125.1      0.0338181      0.0276683
     125.2      0.0311494      0.0254535
     125.3      0.0283780      0.0231604
     125.4      0.0255135      0.0207968
     125.5      0.0225656      0.0183710
     125.6      0.0195445      0.0158916
     125.7      0.0164603      0.0133671
     125.8      0.0133238      0.0108064
     125.9      0.0101456      0.0082183
     126.0      0.0069366      0.0056119
     126.1      0.0037080      0.0029960
     126.2      0.0004708      0.0003799
     126.3     -0.0027638     -0.0022274
     126.4     -0.0059847     -0.0048171
     126.5     -0.0091808     -0.0073800
     126.6     -0.0123409     -0.0099075
     126.7     -0.0154541     -0.0123907
     126.8     -0.0185096     -0.0148212
     126.9     -0.0214969     -0.0171907
     127.0     -0.0244054     -0.0194910
     127.1     -0.0272251     -0.0217143
     127.2     -0.0299461     -0.0238529
     127.3     -0.0325588     -0.0258997
     127.4     -0.0350541     -0.0278475
     127.5     -0.0374233     -0.0296899
     127.6     -0.0396578     -0.0314205
     127.7     -0.0417499     -0.0330335
     127.8     -0.0436921     -0.0345235
     127.9     -0.0454774     -0.0358855
     128.0     -0.0470995     -0.0371149
     128.1     -0.0485525     -0.0382076
     128.2     -0.0498310     -0.0391601
     128.3     -0.0509305     -0.0399691
     128.4     -0.0518468     -0.0406320
     128.5     -0.0525765     -0.0411468
     128.6     -0.0531168     -0.0415118
     128.7     -0.0534653     -0.0417260
     128.8     -0.0536208     -0.0417887
     128.9     -0.0535822     -0.0417000
     129.0     -0.0533494     -0.0414603
     129.1     -0.0529228     -0.0410706
     129.2     -0.0523037     -0.0405325
     129.3     -0.0514937     -0.0398479
     129.4     -0.0504955     -0.0390195
     129.5     -0.0493120     -0.0380503
     129.6     -0.0479471     -0.0369439
     129.7     -0.0464051     -0.0357041
     129.8     -0.0446911     -0.0343354
     129.9     -0.0428107     -0.0328429
     130.0     -0.0407701     -0.0312317
     130.1     -0.0385761     -0.0295077
     130.2     -0.0362360     -0.0276769
     130.3     -0.0337576     -0.0257459
     130.4     -0.0311493     -0.0237214
     130.5     -0.0284198     -0.0216106
     130.6     -0.0255785     -0.0194210
     130.7     -0.0226348     -0.0171602
     130.8     -0.0195990     -0.0148363
     130.9     -0.0164813     -0.0124574
     131.0     -0.0132923     -0.0100319
     131.1     -0.0100432     -0.0075682
     131.2     -0.0067449     -0.0050750
     131.3     -0.0034090     -0.0025611
     131.4     -0.0000470     -0.0000352
     131.5      0.0033296      0.0024937
     131.6      0.0067089      0.0050169
     131.7      0.0100791      0.0075255
     131.8      0.0134286      0.0100107
     131.9      0.0167454      0.0124638
     132.0      0.0200180      0.0148763
     132.1      0.0232348      0.0172397
     132.2      0.0263844      0.0195457
     132.3      0.0294557      0.0217863
     132.4      0.0324376      0.0239537
     132.5      0.0353194      0.0260402
     132.6      0.0380909      0.0280386
     132.7      0.0407420      0.0299419
     132.8      0.0432629      0.0317433
     132.9      0.0456447      0.0334367
     133.0      0.0478783      0.0350160
     133.1      0.0499556      0.0364757
     133.2      0.0518688      0.0378107
     133.3      0.0536106      0.0390163
     133.4      0.0551744      0.0400883
     133.5      0.0565540      0.0410228
     133.6      0.0577440      0.0418166
     133.7      0.0587396      0.0424668
     133.8      0.0595365      0.0429711
     133.9      0.0601313      0.0433277
     134.0      0.0605211      0.0435353
     134.1      0.0607038      0.0435930
     134.2      0.0606779      0.0435006
     134.3      0.0604426      0.0432584
     134.4      0.0599981      0.0428670
     134.5      0.0593449      0.0423278
     134.6      0.0584846      0.0416426
     134.7      0.0574192      0.0408135
     134.8      0.0561516      0.0398435
     134.9      0.0546854      0.0387358
     135.0      0.0530248      0.0374942
     135.1      0.0511747      0.0361227
     135.2      0.0491407      0.0346262
     135.3      0.0469292      0.0330098
     135.4      0.0445470      0.0312788
     135.5      0.0420015      0.0294392
     135.6      0.0393009      0.0274974
     135.7      0.0364539      0.0254599
     135.8      0.0334695      0.0233338
     135.9      0.0303576      0.0211262
     136.0      0.0271282      0.0188448
     136.1      0.0237920      0.0164974
     136.2      0.0203601      0.0140921
     136.3      0.0168437      0.0116370
     136.4      0.0132547      0.0091407
     136.5      0.0096051      0.0066117
     136.6      0.0059071      0.0040587
     136.7      0.0021733      0.0014905
     136.8     -0.0015837     -0.0010841
     136.9     -0.0053509     -0.0036562
     137.0     -0.0091156     -0.0062169
     137.1     -0.0128648     -0.0087573
     137.2     -0.0165855     -0.0112689
     137.3     -0.0202648     -0.0137427
     137.4     -0.0238898     -0.0161704
     137.5     -0.0274478     -0.0185435
     137.6     -0.0309264     -0.0208538
     137.7     -0.0343132     -0.0230932
     137.8     -0.0375960     -0.0252540
     137.9     -0.0407632     -0.0273288
     138.0     -0.0438033     -0.0293102
     138.1     -0.0467053     -0.0311913
     138.2     -0.0494585     -0.0329657
     138.3     -0.0520528     -0.0346271
     138.4     -0.0544784     -0.0361696
     138.5     -0.0567262     -0.0375879
     138.6     -0.0587877     -0.0388770
     138.7     -0.0606547     -0.0400322
     138.8     -0.0623200     -0.0410495
     138.9     -0.0637767     -0.0419252
     139.0     -0.0650189     -0.0426563
     139.1     -0.0660412     -0.0432399
     139.2     -0.0668389     -0.0436739
     139.3     -0.0674081     -0.0439567
     139.4     -0.0677456     -0.0440871
     139.5     -0.0678492     -0.0440645
     139.6     -0.0677171     -0.0438888
     139.7     -0.0673487     -0.0435604
     139.8     -0.0667438     -0.0430803
     139.9     -0.0659032     -0.0424498
     140.0     -0.0648286     -0.0416710
     140.1     -0.0635223     -0.0407464
     140.2     -0.0619875     -0.0396788
     140.3     -0.0602282     -0.0384718
     140.4     -0.0582491     -0.0371294
     140.5     -0.0560558     -0.0356559
     140.6     -0.0536545     -0.0340561
     140.7     -0.0510521     -0.0323354
     140.8     -0.0482565     -0.0304995
     140.9     -0.0452761     -0.0285545
     141.0     -0.0421198     -0.0265069
     141.1     -0.0387975     -0.0243634
     141.2     -0.0353195     -0.0221313
     141.3     -0.0316966     -0.0198181
     141.4     -0.0279403     -0.0174314
     141.5     -0.0240627     -0.0149794
     141.6     -0.0200760     -0.0124702
     141.7     -0.0159933     -0.0099123
     141.8     -0.0118278     -0.0073144
     141.9     -0.0075930     -0.0046852
     142.0     -0.0033030     -0.0020335
     142.1      0.0010281      0.0006316
     142.2      0.0053859      0.0033011
     142.3      0.0097558      0.0059660
     142.4      0.0141232      0.0086172
     142.5      0.0184731      0.0112457
     142.6      0.0227909      0.0138426
     142.7      0.0270617      0.0163991
     142.8      0.0312709      0.0189063
     142.9      0.0354038      0.0213559
     143.0      0.0394462      0.0237393
     143.1      0.0433837      0.0260484
     143.2      0.0472024      0.0282754
     143.3      0.0508889      0.0304125
     143.4      0.0544297      0.0324524
     143.5      0.0578122      0.0343880
     143.6      0.0610238      0.0362127
     143.7      0.0640528      0.0379201
     143.8      0.0668878      0.0395043
     143.9      0.0695181      0.0409598
     144.0      0.0719334      0.0422814
     144.1      0.0741243      0.0434644
     144.2      0.0760821      0.0445048
     144.3      0.0777986      0.0453987
     144.4      0.0792665      0.0461428
     144.5      0.0804793      0.0467346
     144.6      0.0814313      0.0471716
     144.7      0.0821175      0.0474522
     144.8      0.0825340      0.0475753
     144.9      0.0826776      0.0475401
     145.0      0.0825460      0.0473464
     145.1      0.0821377      0.0469948
     145.2      0.0814524      0.0464860
     145.3      0.0804905      0.0458216
     145.4      0.0792533      0.0450035
     145.5      0.0777431      0.0440342
     145.6      0.0759632      0.0429167
     145.7      0.0739176      0.0416545
     145.8      0.0716113      0.0402515
     145.9      0.0690502      0.0387122
     146.0      0.0662412      0.0370416
     146.1      0.0631919      0.0352450
     146.2      0.0599108      0.0333281
     146.3      0.0564072      0.0312972
     146.4      0.0526911      0.0291588
     146.5      0.0487735      0.0269199
     146.6      0.0446660      0.0245878
     146.7      0.0403808      0.0221700
     146.8      0.0359310      0.0196745
     146.9      0.0313300      0.0171094
     147.0      0.0265921      0.0144831
     147.1      0.0217320      0.0118043
     147.2      0.0167650      0.0090817
     147.3      0.0117065      0.0063243
     147.4      0.0065728      0.0035412
     147.5      0.0013802      0.0007416
     147.6     -0.0038546     -0.0020654
     147.7     -0.0091146     -0.0048704
     147.8     -0.0143826     -0.0076642
     147.9     -0.0196415     -0.0104375
     148.0     -0.0248738     -0.0131811
     148.1     -0.0300621     -0.0158859
     148.2     -0.0351890     -0.0185431
     148.3     -0.0402374     -0.0211436
     148.4     -0.0451900     -0.0236789
     148.5     -0.0500299     -0.0261406
     148.6     -0.0547405     -0.0285203
     148.7     -0.0593054     -0.0308103
     148.8     -0.0637086     -0.0330028
     148.9     -0.0679345     -0.0350904
     149.0     -0.0719681     -0.0370663
     149.1     -0.0757947     -0.0389237
     149.2     -0.0794004     -0.0406564
     149.3     -0.0827718     -0.0422586
     149.4     -0.0858962     -0.0437247
     149.5     -0.0887617     -0.0450500
     149.6     -0.0913571     -0.0462298
     149.7     -0.0936719     -0.0472600
     149.8     -0.0956965     -0.0481373
     149.9     -0.0974224     -0.0488584
     150.0     -0.0988418     -0.0494209
     150.1     -0.0999477     -0.0498227
     150.2     -0.1007344     -0.0500624
     150.3     -0.1011970     -0.0501389
     150.4     -0.1013317     -0.0500520
     150.5     -0.1011357     -0.0498016
     150.6     -0.1006071     -0.0493884
     150.7     -0.0997455     -0.0488137
     150.8     -0.0985510     -0.0480791
     150.9     -0.0970252     -0.0471868
     151.0     -0.0951707     -0.0461397
     151.1     -0.0929911     -0.0449410
     151.2     -0.0904912     -0.0435944
     151.3     -0.0876765     -0.0421043
     151.4     -0.0845542     -0.0404754
     151.5     -0.0811319     -0.0387128
     151.6     -0.0774186     -0.0368222
     151.7     -0.0734242     -0.0348096
     151.8     -0.0691596     -0.0326814
     151.9     -0.0646366     -0.0304446
     152.0     -0.0598680     -0.0281063
     152.1     -0.0548672     -0.0256740
     152.2     -0.0496489     -0.0231556
     152.3     -0.0442283     -0.0205592
     152.4     -0.0386214     -0.0178931
     152.5     -0.0328449     -0.0151661
     152.6     -0.0269162     -0.0123868
     152.7     -0.0208533     -0.0095643
     152.8     -0.0146747     -0.0067078
     152.9     -0.0083996     -0.0038264
     153.0     -0.0020475     -0.0009295
     153.1      0.0043619      0.0019735
     153.2      0.0108082      0.0048732
     153.3      0.0172709      0.0077602
     153.4      0.0237295      0.0106251
     153.5      0.0301631      0.0134587
     153.6      0.0365509      0.0162518
     153.7      0.0428719      0.0189953
     153.8      0.0491054      0.0216803
     153.9      0.0552306      0.0242981
     154.0      0.0612272      0.0268402
     154.1      0.0670748      0.0292984
     154.2      0.0727536      0.0316646
     154.3      0.0782442      0.0339313
     154.4      0.0835275      0.0360910
     154.5      0.0885849      0.0381368
     154.6      0.0933987      0.0400620
     154.7      0.0979515      0.0418603
     154.8      0.1022267      0.0435260
     154.9      0.1062086      0.0450536
     155.0      0.1098823      0.0464383
     155.1      0.1132335      0.0476754
     155.2      0.1162492      0.0487610
     155.3      0.1189171      0.0496915
     155.4      0.1212261      0.0504641
     155.5      0.1231659      0.0510761
     155.6      0.1247277      0.0515256
     155.7      0.1259035      0.0518111
     155.8      0.1266865      0.0519317
     155.9      0.1270713      0.0518871
     156.0      0.1270535      0.0516773
     156.1      0.1266301      0.0513031
     156.2      0.1257993      0.0507657
     156.3      0.1245606      0.0500669
     156.4      0.1229147      0.0492088
     156.5      0.1208637      0.0481943
     156.6      0.1184110      0.0470267
     156.7      0.1155612      0.0457097
     156.8      0.1123202      0.0442476
     156.9      0.1086954      0.0426452
     157.0      0.1046951      0.0409076
     157.1      0.1003292      0.0390405
     157.2      0.0956086      0.0370498
     157.3      0.0905455      0.0349421
     157.4      0.0851532      0.0327240
     157.5      0.0794463      0.0304028
     157.6      0.0734402      0.0279859
     157.7      0.0671517      0.0254811
     157.8      0.0605984      0.0228965
     157.9      0.0537989      0.0202405
     158.0      0.0467728      0.0175214
     158.1      0.0395405      0.0147481
     158.2      0.0321233      0.0119295
     158.3      0.0245429      0.0090747
     158.4      0.0168222      0.0061927
     158.5      0.0089843      0.0032928
     158.6      0.0010531      0.0003842
     158.7     -0.0069473     -0.0025236
     158.8     -0.0149921     -0.0054215
     158.9     -0.0230562     -0.0083002
     159.0     -0.0311146     -0.0111505
     159.1     -0.0391416     -0.0139633
     159.2     -0.0471118     -0.0167297
     159.3     -0.0549997     -0.0194410
     159.4     -0.0627797     -0.0220885
     159.5     -0.0704264     -0.0246639
     159.6     -0.0779148     -0.0271589
     159.7     -0.0852199     -0.0295658
     159.8     -0.0923174     -0.0318770
     159.9     -0.0991832     -0.0340853
     160.0     -0.1057937     -0.0361836
     160.1     -0.1121263     -0.0381655
     160.2     -0.1181586     -0.0400248
     160.3     -0.1238693     -0.0417557
     160.4     -0.1292377     -0.0433530
     160.5     -0.1342442     -0.0448116
     160.6     -0.1388701     -0.0461272
     160.7     -0.1430976     -0.0472958
     160.8     -0.1469102     -0.0483139
     160.9     -0.1502924     -0.0491784
     161.0     -0.1532301     -0.0498868
     161.1     -0.1557102     -0.0504373
     161.2     -0.1577212     -0.0508281
     161.3     -0.1592527     -0.0510585
     161.4     -0.1602959     -0.0511279
     161.5     -0.1608434     -0.0510363
     161.6     -0.1608891     -0.0507845
     161.7     -0.1604286     -0.0503734
     161.8     -0.1594591     -0.0498046
     161.9     -0.1579790     -0.0490804
     162.0     -0.1559887     -0.0482032
     162.1     -0.1534899     -0.0471761
     162.2     -0.1504859     -0.0460028
     162.3     -0.1469817     -0.0446873
     162.4     -0.1429839     -0.0432340
     162.5     -0.1385004     -0.0416479
     162.6     -0.1335411     -0.0399342
     162.7     -0.1281170     -0.0380988
     162.8     -0.1222411     -0.0361477
     162.9     -0.1159274     -0.0340873
     163.0     -0.1091917     -0.0319246
     163.1     -0.1020512     -0.0296665
     163.2     -0.0945243     -0.0273205
     163.3     -0.0866310     -0.0248943
     163.4     -0.0783925     -0.0223958
     163.5     -0.0698310     -0.0198331
     163.6     -0.0609703     -0.0172144
     163.7     -0.0518350     -0.0145484
     163.8     -0.0424509     -0.0118434
     163.9     -0.0328448     -0.0091083
     164.0     -0.0230443     -0.0063519
     164.1     -0.0130779     -0.0035828
     164.2     -0.0029748     -0.0008100
     164.3      0.0072349      0.0019578
     164.4      0.0175207      0.0047117
     164.5      0.0278517      0.0074431
     164.6      0.0381965      0.0101433
     164.7      0.0485231      0.0128039
     164.8      0.0587998      0.0154167
     164.9      0.0689942      0.0179733
     165.0      0.0790744      0.0204660
     165.1      0.0890082      0.0228869
     165.2      0.0987636      0.0252287
     165.3      0.1083089      0.0274842
     165.4      0.1176128      0.0296466
     165.5      0.1266445      0.0317092
     165.6      0.1353735      0.0336660
     165.7      0.1437701      0.0355111
     165.8      0.1518053      0.0372390
     165.9      0.1594510      0.0388447
     166.0      0.1666799      0.0403235
     166.1      0.1734657      0.0416713
     166.2      0.1797834      0.0428844
     166.3      0.1856088      0.0439593
     166.4      0.1909194      0.0448932
     166.5      0.1956936      0.0456838
     166.6      0.1999116      0.0463291
     166.7      0.2035547      0.0468277
     166.8      0.2066061      0.0471787
     166.9      0.2090504      0.0473815
     167.0      0.2108739      0.0474363
     167.1      0.2120647      0.0473435
     167.2      0.2126125      0.0471040
     167.3      0.2125091      0.0467193
     167.4      0.2117480      0.0461914
     167.5      0.2103246      0.0455226
     167.6      0.2082361      0.0447157
     167.7      0.2054820      0.0437739
     167.8      0.2020634      0.0427010
     167.9      0.1979837      0.0415011
     168.0      0.1932480      0.0401785
     168.1      0.1878636      0.0387383
     168.2      0.1818398      0.0371855
     168.3      0.1751878      0.0355259
     168.4      0.1679208      0.0337652
     168.5      0.1600540      0.0319096
     168.6      0.1516044      0.0299657
     168.7      0.1425909      0.0279401
     168.8      0.1330346      0.0258399
     168.9      0.1229579      0.0236721
     169.0      0.1123854      0.0214441
     169.1      0.1013431      0.0191635
     169.2      0.0898589      0.0168379
     169.3      0.0779620      0.0144749
     169.4      0.0656835      0.0120826
     169.5      0.0530557      0.0096686
     169.6      0.0401122      0.0072410
     169.7      0.0268882      0.0048077
     169.8      0.0134197      0.0023764
     169.9     -0.0002558     -0.0000449
     170.0     -0.0141001     -0.0024485
     170.1     -0.0280738     -0.0048267
     170.2     -0.0421370     -0.0071721
     170.3     -0.0562488     -0.0094773
     170.4     -0.0703678     -0.0117352
     170.5     -0.0844522     -0.0139386
     170.6     -0.0984597     -0.0160810
     170.7     -0.1123477     -0.0181558
     170.8     -0.1260735     -0.0201568
     170.9     -0.1395944     -0.0220780
     171.0     -0.1528677     -0.0239138
     171.1     -0.1658510     -0.0256589
     171.2     -0.1785021     -0.0273083
     171.3     -0.1907791     -0.0288574
     171.4     -0.2026411     -0.0303020
     171.5     -0.2140473     -0.0316382
     171.6     -0.2249581     -0.0328626
     171.7     -0.2353346     -0.0339720
     171.8     -0.2451389     -0.0349639
     171.9     -0.2543343     -0.0358360
     172.0     -0.2628852     -0.0365865
     172.1     -0.2707574     -0.0372141
     172.2     -0.2779182     -0.0377178
     172.3     -0.2843362     -0.0380971
     172.4     -0.2899819     -0.0383520
     172.5     -0.2948274     -0.0384827
     172.6     -0.2988464     -0.0384901
     172.7     -0.3020148     -0.0383754
     172.8     -0.3043103     -0.0381402
     172.9     -0.3057125     -0.0377865
     173.0     -0.3062035     -0.0373168
     173.1     -0.3057671     -0.0367339
     173.2     -0.3043897     -0.0360410
     173.3     -0.3020598     -0.0352415
     173.4     -0.2987681     -0.0343396
     173.5     -0.2945079     -0.0333392
     173.6     -0.2892748     -0.0322452
     173.7     -0.2830668     -0.0310621
     173.8     -0.2758843     -0.0297953
     173.9     -0.2677303     -0.0284501
     174.0     -0.2586101     -0.0270321
     174.1     -0.2485317     -0.0255472
     174.2     -0.2375053     -0.0240014
     174.3     -0.2255437     -0.0224009
     174.4     -0.2126622     -0.0207522
     174.5     -0.1988783     -0.0190616
     174.6     -0.1842121     -0.0173359
     174.7     -0.1686859     -0.0155816
     174.8     -0.1523243     -0.0138055
     174.9     -0.1351544     -0.0120145
     175.0     -0.1172051     -0.0102151
     175.1     -0.0985078     -0.0084142
     175.2     -0.0790957     -0.0066186
     175.3     -0.0590041     -0.0048347
     175.4     -0.0382702     -0.0030692
     175.5     -0.0169331     -0.0013286
     175.6      0.0049664      0.0003810
     175.7      0.0273860      0.0020534
     175.8      0.0502816      0.0036825
     175.9      0.0736078      0.0052628
     176.0      0.0973180      0.0067886
     176.1      0.1213640      0.0082546
     176.2      0.1456969      0.0096559
     176.3      0.1702665      0.0109877
     176.4      0.1950220      0.0122455
     176.5      0.2199116      0.0134253
     176.6      0.2448830      0.0145231
     176.7      0.2698834      0.0155356
     176.8      0.2948597      0.0164595
     176.9      0.3197584      0.0172922
     177.0      0.3445261      0.0180311
     177.1      0.3691094      0.0186743
     177.2      0.3934549      0.0192202
     177.3      0.4175096      0.0196674
     177.4      0.4412210      0.0200151
     177.5      0.4645372      0.0202628
     177.6      0.4874068      0.0204105
     177.7      0.5097793      0.0204584
     177.8      0.5316052      0.0204072
     177.9      0.5528362      0.0202580
     178.0      0.5734249      0.0200122
     178.1      0.5933254      0.0196718
     178.2      0.6124933      0.0192389
     178.3      0.6308856      0.0187160
     178.4      0.6484610      0.0181061
     178.5      0.6651800      0.0174124
     178.6      0.6810049      0.0166384
     178.7      0.6959001      0.0157881
     178.8      0.7098318      0.0148656
     178.9      0.7227686      0.0138753
     179.0      0.7346812      0.0128220
     179.1      0.7455425      0.0117105
     179.2      0.7553278      0.0105460
     179.3      0.7640151      0.0093340
     179.4      0.7715845      0.0080799
     179.5      0.7780187      0.0067894
     179.6      0.7833032      0.0054684
     179.7      0.7874259      0.0041229
     179.8      0.7903774      0.0027589
     179.9      0.7921511      0.0013826
     180.0      0.7927427      0.0000000
