 # List of d(q) for j, j' =           11          36
 #    0  1.00000000
 #    1  0.47478276
 #    2  0.32792286
 #    3  0.21021845
 #    4  0.18368001
 #    5  0.12311653
 #    6  0.12752074
 #    7  0.08959870
 #    8  0.09564091
 #    9  0.06688558
 #   10  0.07663756
 #   11  0.05224128
 #   12  0.06552297
 #   13  0.04208307
 #   14  0.05799714
 #   15  0.03322899
 #   16  0.05303549
 #   17  0.02612726
 #   18  0.05075662
 #   19  0.02104108
 #   20  0.05163471
 #   21  0.01607548
 #   22  0.06227612
       0.0     27.4423964      0.0000000
       0.1     27.4385438      0.0478893
       0.2     27.4269888      0.0957381
       0.3     27.4077403      0.1435059
       0.4     27.3808128      0.1911526
       0.5     27.3462269      0.2386378
       0.6     27.3040087      0.2859217
       0.7     27.2541903      0.3329645
       0.8     27.1968095      0.3797268
       0.9     27.1319098      0.4261695
       1.0     27.0595403      0.4722541
       1.1     26.9797558      0.5179423
       1.2     26.8926168      0.5631965
       1.3     26.7981889      0.6079795
       1.4     26.6965436      0.6522547
       1.5     26.5877574      0.6959864
       1.6     26.4719123      0.7391392
       1.7     26.3490955      0.7816787
       1.8     26.2193992      0.8235712
       1.9     26.0829208      0.8647839
       2.0     25.9397624      0.9052847
       2.1     25.7900312      0.9450424
       2.2     25.6338389      0.9840269
       2.3     25.4713019      1.0222090
       2.4     25.3025413      1.0595605
       2.5     25.1276821      1.0960541
       2.6     24.9468541      1.1316638
       2.7     24.7601908      1.1663647
       2.8     24.5678300      1.2001328
       2.9     24.3699131      1.2329456
       3.0     24.1665854      1.2647814
       3.1     23.9579958      1.2956200
       3.2     23.7442965      1.3254424
       3.3     23.5256431      1.3542308
       3.4     23.3021942      1.3819686
       3.5     23.0741116      1.4086408
       3.6     22.8415596      1.4342334
       3.7     22.6047055      1.4587338
       3.8     22.3637188      1.4821309
       3.9     22.1187716      1.5044147
       4.0     21.8700380      1.5255767
       4.1     21.6176941      1.5456099
       4.2     21.3619180      1.5645084
       4.3     21.1028892      1.5822678
       4.4     20.8407889      1.5988851
       4.5     20.5757995      1.6143586
       4.6     20.3081046      1.6286881
       4.7     20.0378888      1.6418747
       4.8     19.7653375      1.6539208
       4.9     19.4906365      1.6648302
       5.0     19.2139723      1.6746080
       5.1     18.9355316      1.6832608
       5.2     18.6555012      1.6907962
       5.3     18.3740678      1.6972234
       5.4     18.0914178      1.7025528
       5.5     17.8077373      1.7067960
       5.6     17.5232117      1.7099658
       5.7     17.2380257      1.7120764
       5.8     16.9523631      1.7131430
       5.9     16.6664065      1.7131822
       6.0     16.3803372      1.7122115
       6.1     16.0943354      1.7102496
       6.2     15.8085793      1.7073164
       6.3     15.5232457      1.7034327
       6.4     15.2385092      1.6986204
       6.5     14.9545427      1.6929023
       6.6     14.6715165      1.6863023
       6.7     14.3895988      1.6788451
       6.8     14.1089554      1.6705563
       6.9     13.8297492      1.6614623
       7.0     13.5521405      1.6515905
       7.1     13.2762868      1.6409687
       7.2     13.0023423      1.6296256
       7.3     12.7304583      1.6175907
       7.4     12.4607827      1.6048939
       7.5     12.1934599      1.5915659
       7.6     11.9286310      1.5776377
       7.7     11.6664335      1.5631409
       7.8     11.4070008      1.5481076
       7.9     11.1504630      1.5325703
       8.0     10.8969460      1.5165618
       8.1     10.6465715      1.5001150
       8.2     10.3994576      1.4832635
       8.3     10.1557178      1.4660408
       8.4      9.9154615      1.4484806
       8.5      9.6787937      1.4306168
       8.6      9.4458153      1.4124832
       8.7      9.2166223      1.3941138
       8.8      8.9913064      1.3755425
       8.9      8.7699549      1.3568031
       9.0      8.5526503      1.3379293
       9.1      8.3394704      1.3189545
       9.2      8.1304885      1.2999122
       9.3      7.9257730      1.2808352
       9.4      7.7253877      1.2617564
       9.5      7.5293916      1.2427081
       9.6      7.3378389      1.2237222
       9.7      7.1507791      1.2048303
       9.8      6.9682567      1.1860635
       9.9      6.7903116      1.1674522
      10.0      6.6169790      1.1490263
      10.1      6.4482891      1.1308154
      10.2      6.2842675      1.1128479
      10.3      6.1249350      1.0951519
      10.4      5.9703077      1.0777548
      10.5      5.8203971      1.0606831
      10.6      5.6752100      1.0439625
      10.7      5.5347485      1.0276180
      10.8      5.3990104      1.0116737
      10.9      5.2679889      0.9961527
      11.0      5.1416725      0.9810774
      11.1      5.0200458      0.9664691
      11.2      4.9030886      0.9523482
      11.3      4.7907768      0.9387342
      11.4      4.6830819      0.9256455
      11.5      4.5799714      0.9130994
      11.6      4.4814087      0.9011123
      11.7      4.3873534      0.8896995
      11.8      4.2977610      0.8788752
      11.9      4.2125836      0.8686524
      12.0      4.1317693      0.8590431
      12.1      4.0552628      0.8500584
      12.2      3.9830052      0.8417078
      12.3      3.9149345      0.8340000
      12.4      3.8509851      0.8269425
      12.5      3.7910885      0.8205417
      12.6      3.7351732      0.8148028
      12.7      3.6831645      0.8097297
      12.8      3.6349851      0.8053255
      12.9      3.5905552      0.8015919
      13.0      3.5497920      0.7985294
      13.1      3.5126106      0.7961378
      13.2      3.4789236      0.7944152
      13.3      3.4486417      0.7933591
      13.4      3.4216732      0.7929656
      13.5      3.3979247      0.7932298
      13.6      3.3773008      0.7941456
      13.7      3.3597047      0.7957062
      13.8      3.3450378      0.7979034
      13.9      3.3332003      0.8007282
      14.0      3.3240910      0.8041704
      14.1      3.3176077      0.8082190
      14.2      3.3136469      0.8128621
      14.3      3.3121047      0.8180866
      14.4      3.3128760      0.8238788
      14.5      3.3158554      0.8302239
      14.6      3.3209369      0.8371064
      14.7      3.3280140      0.8445100
      14.8      3.3369804      0.8524175
      14.9      3.3477293      0.8608110
      15.0      3.3601542      0.8696719
      15.1      3.3741486      0.8789809
      15.2      3.3896064      0.8887181
      15.3      3.4064219      0.8988629
      15.4      3.4244899      0.9093942
      15.5      3.4437058      0.9202904
      15.6      3.4639660      0.9315291
      15.7      3.4851676      0.9430879
      15.8      3.5072086      0.9549436
      15.9      3.5299884      0.9670729
      16.0      3.5534075      0.9794518
      16.1      3.5773676      0.9920565
      16.2      3.6017720      1.0048624
      16.3      3.6265255      1.0178450
      16.4      3.6515344      1.0309795
      16.5      3.6767068      1.0442412
      16.6      3.7019528      1.0576048
      16.7      3.7271841      1.0710455
      16.8      3.7523145      1.0845382
      16.9      3.7772599      1.0980577
      17.0      3.8019383      1.1115792
      17.1      3.8262700      1.1250777
      17.2      3.8501775      1.1385285
      17.3      3.8735857      1.1519071
      17.4      3.8964218      1.1651891
      17.5      3.9186157      1.1783505
      17.6      3.9400997      1.1913675
      17.7      3.9608085      1.2042167
      17.8      3.9806799      1.2168751
      17.9      3.9996538      1.2293201
      18.0      4.0176734      1.2415294
      18.1      4.0346842      1.2534813
      18.2      4.0506346      1.2651546
      18.3      4.0654760      1.2765288
      18.4      4.0791624      1.2875837
      18.5      4.0916508      1.2982999
      18.6      4.1029011      1.3086585
      18.7      4.1128758      1.3186414
      18.8      4.1215406      1.3282312
      18.9      4.1288641      1.3374110
      19.0      4.1348176      1.3461649
      19.1      4.1393754      1.3544777
      19.2      4.1425147      1.3623349
      19.3      4.1442156      1.3697229
      19.4      4.1444610      1.3766289
      19.5      4.1432366      1.3830408
      19.6      4.1405312      1.3889477
      19.7      4.1363359      1.3943392
      19.8      4.1306451      1.3992061
      19.9      4.1234557      1.4035400
      20.0      4.1147672      1.4073333
      20.1      4.1045819      1.4105793
      20.2      4.0929047      1.4132726
      20.3      4.0797431      1.4154083
      20.4      4.0651071      1.4169827
      20.5      4.0490091      1.4179929
      20.6      4.0314642      1.4184370
      20.7      4.0124895      1.4183141
      20.8      3.9921047      1.4176242
      20.9      3.9703316      1.4163681
      21.0      3.9471942      1.4145479
      21.1      3.9227186      1.4121662
      21.2      3.8969331      1.4092268
      21.3      3.8698679      1.4057343
      21.4      3.8415549      1.4016942
      21.5      3.8120281      1.3971130
      21.6      3.7813233      1.3919979
      21.7      3.7494777      1.3863572
      21.8      3.7165302      1.3801998
      21.9      3.6825215      1.3735355
      22.0      3.6474933      1.3663750
      22.1      3.6114889      1.3587298
      22.2      3.5745529      1.3506119
      22.3      3.5367311      1.3420344
      22.4      3.4980701      1.3330109
      22.5      3.4586179      1.3235558
      22.6      3.4184232      1.3136840
      22.7      3.3775356      1.3034114
      22.8      3.3360055      1.2927541
      22.9      3.2938840      1.2817291
      23.0      3.2512225      1.2703538
      23.1      3.2080733      1.2586462
      23.2      3.1644888      1.2466248
      23.3      3.1205218      1.2343084
      23.4      3.0762254      1.2217164
      23.5      3.0316528      1.2088687
      23.6      2.9868572      1.1957854
      23.7      2.9418918      1.1824869
      23.8      2.8968098      1.1689940
      23.9      2.8516641      1.1553277
      24.0      2.8065074      1.1415094
      24.1      2.7613919      1.1275604
      24.2      2.7163695      1.1135024
      24.3      2.6714917      1.0993572
      24.4      2.6268091      1.0851465
      24.5      2.5823719      1.0708922
      24.6      2.5382296      1.0566162
      24.7      2.4944307      1.0423404
      24.8      2.4510229      1.0280866
      24.9      2.4080530      1.0138766
      25.0      2.3655669      0.9997318
      25.1      2.3236092      0.9856737
      25.2      2.2822236      0.9717235
      25.3      2.2414524      0.9579023
      25.4      2.2013370      0.9442308
      25.5      2.1619172      0.9307293
      25.6      2.1232315      0.9174181
      25.7      2.0853171      0.9043167
      25.8      2.0482098      0.8914446
      25.9      2.0119438      0.8788207
      26.0      1.9765519      0.8664633
      26.1      1.9420652      0.8543906
      26.2      1.9085134      0.8426199
      26.3      1.8759245      0.8311681
      26.4      1.8443246      0.8200516
      26.5      1.8137386      0.8092862
      26.6      1.7841892      0.7988869
      26.7      1.7556978      0.7888684
      26.8      1.7282837      0.7792443
      26.9      1.7019647      0.7700279
      27.0      1.6767568      0.7612316
      27.1      1.6526740      0.7528672
      27.2      1.6297287      0.7449456
      27.3      1.6079314      0.7374770
      27.4      1.5872910      0.7304710
      27.5      1.5678144      0.7239361
      27.6      1.5495067      0.7178803
      27.7      1.5323714      0.7123106
      27.8      1.5164100      0.7072334
      27.9      1.5016225      0.7026539
      28.0      1.4880068      0.6985769
      28.1      1.4755594      0.6950060
      28.2      1.4642749      0.6919442
      28.3      1.4541462      0.6893936
      28.4      1.4451646      0.6873553
      28.5      1.4373199      0.6858298
      28.6      1.4305999      0.6848165
      28.7      1.4249911      0.6843142
      28.8      1.4204785      0.6843207
      28.9      1.4170454      0.6848331
      29.0      1.4146736      0.6858474
      29.1      1.4133438      0.6873591
      29.2      1.4130349      0.6893627
      29.3      1.4137247      0.6918521
      29.4      1.4153896      0.6948201
      29.5      1.4180047      0.6982589
      29.6      1.4215439      0.7021601
      29.7      1.4259801      0.7065142
      29.8      1.4312849      0.7113113
      29.9      1.4374289      0.7165407
      30.0      1.4443816      0.7221908
      30.1      1.4521118      0.7282497
      30.2      1.4605871      0.7347045
      30.3      1.4697745      0.7415418
      30.4      1.4796401      0.7487478
      30.5      1.4901492      0.7563079
      30.6      1.5012667      0.7642069
      30.7      1.5129565      0.7724292
      30.8      1.5251824      0.7809588
      30.9      1.5379073      0.7897789
      31.0      1.5510940      0.7988725
      31.1      1.5647048      0.8082222
      31.2      1.5787015      0.8178100
      31.3      1.5930461      0.8276179
      31.4      1.6077001      0.8376272
      31.5      1.6226249      0.8478192
      31.6      1.6377819      0.8581746
      31.7      1.6531325      0.8686743
      31.8      1.6686382      0.8792986
      31.9      1.6842605      0.8900278
      32.0      1.6999613      0.9008422
      32.1      1.7157024      0.9117218
      32.2      1.7314462      0.9226466
      32.3      1.7471553      0.9335966
      32.4      1.7627928      0.9445516
      32.5      1.7783221      0.9554918
      32.6      1.7937073      0.9663971
      32.7      1.8089130      0.9772477
      32.8      1.8239042      0.9880239
      32.9      1.8386470      0.9987061
      33.0      1.8531079      1.0092749
      33.1      1.8672541      1.0197111
      33.2      1.8810540      1.0299960
      33.3      1.8944764      1.0401108
      33.4      1.9074912      1.0500372
      33.5      1.9200694      1.0597573
      33.6      1.9321826      1.0692535
      33.7      1.9438036      1.0785086
      33.8      1.9549064      1.0875059
      33.9      1.9654659      1.0962290
      34.0      1.9754580      1.1046621
      34.1      1.9848600      1.1127899
      34.2      1.9936503      1.1205977
      34.3      2.0018082      1.1280711
      34.4      2.0093147      1.1351965
      34.5      2.0161517      1.1419609
      34.6      2.0223024      1.1483518
      34.7      2.0277514      1.1543573
      34.8      2.0324844      1.1599664
      34.9      2.0364887      1.1651686
      35.0      2.0397526      1.1699540
      35.1      2.0422659      1.1743136
      35.2      2.0440196      1.1782390
      35.3      2.0450063      1.1817225
      35.4      2.0452196      1.1847572
      35.5      2.0446547      1.1873370
      35.6      2.0433080      1.1894565
      35.7      2.0411772      1.1911110
      35.8      2.0382616      1.1922968
      35.9      2.0345615      1.1930106
      36.0      2.0300786      1.1932502
      36.1      2.0248159      1.1930142
      36.2      2.0187779      1.1923017
      36.3      2.0119701      1.1911128
      36.4      2.0043993      1.1894484
      36.5      1.9960737      1.1873101
      36.6      1.9870025      1.1847003
      36.7      1.9771962      1.1816221
      36.8      1.9666664      1.1780796
      36.9      1.9554260      1.1740773
      37.0      1.9434889      1.1696208
      37.1      1.9308701      1.1647163
      37.2      1.9175856      1.1593705
      37.3      1.9036524      1.1535913
      37.4      1.8890887      1.1473869
      37.5      1.8739135      1.1407662
      37.6      1.8581466      1.1337391
      37.7      1.8418088      1.1263159
      37.8      1.8249219      1.1185075
      37.9      1.8075081      1.1103255
      38.0      1.7895909      1.1017822
      38.1      1.7711940      1.0928902
      38.2      1.7523420      1.0836630
      38.3      1.7330602      1.0741144
      38.4      1.7133745      1.0642587
      38.5      1.6933110      1.0541109
      38.6      1.6728968      1.0436862
      38.7      1.6521590      1.0330003
      38.8      1.6311255      1.0220695
      38.9      1.6098243      1.0109102
      39.0      1.5882837      0.9995393
      39.1      1.5665325      0.9879741
      39.2      1.5445994      0.9762321
      39.3      1.5225136      0.9643310
      39.4      1.5003041      0.9522888
      39.5      1.4780003      0.9401238
      39.6      1.4556313      0.9278543
      39.7      1.4332264      0.9154989
      39.8      1.4108149      0.9030763
      39.9      1.3884257      0.8906051
      40.0      1.3660877      0.8781043
      40.1      1.3438298      0.8655925
      40.2      1.3216803      0.8530887
      40.3      1.2996674      0.8406116
      40.4      1.2778189      0.8281799
      40.5      1.2561624      0.8158122
      40.6      1.2347248      0.8035270
      40.7      1.2135326      0.7913427
      40.8      1.1926121      0.7792773
      40.9      1.1719887      0.7673488
      41.0      1.1516874      0.7555749
      41.1      1.1317325      0.7439729
      41.2      1.1121477      0.7325600
      41.3      1.0929560      0.7213528
      41.4      1.0741798      0.7103678
      41.5      1.0558405      0.6996211
      41.6      1.0379589      0.6891281
      41.7      1.0205549      0.6789041
      41.8      1.0036478      0.6689638
      41.9      0.9872557      0.6593215
      42.0      0.9713959      0.6499908
      42.1      0.9560851      0.6409849
      42.2      0.9413385      0.6323165
      42.3      0.9271709      0.6239976
      42.4      0.9135958      0.6160398
      42.5      0.9006258      0.6084540
      42.6      0.8882725      0.6012503
      42.7      0.8765465      0.5944385
      42.8      0.8654574      0.5880275
      42.9      0.8550136      0.5820256
      43.0      0.8452226      0.5764404
      43.1      0.8360909      0.5712790
      43.2      0.8276237      0.5665474
      43.3      0.8198254      0.5622513
      43.4      0.8126991      0.5583954
      43.5      0.8062471      0.5549839
      43.6      0.8004704      0.5520200
      43.7      0.7953690      0.5495064
      43.8      0.7909419      0.5474450
      43.9      0.7871871      0.5458369
      44.0      0.7841013      0.5446826
      44.1      0.7816806      0.5439815
      44.2      0.7799196      0.5437327
      44.3      0.7788122      0.5439344
      44.4      0.7783513      0.5445839
      44.5      0.7785287      0.5456780
      44.6      0.7793353      0.5472127
      44.7      0.7807611      0.5491832
      44.8      0.7827951      0.5515842
      44.9      0.7854253      0.5544094
      45.0      0.7886392      0.5576521
      45.1      0.7924231      0.5613049
      45.2      0.7967626      0.5653594
      45.3      0.8016425      0.5698071
      45.4      0.8070468      0.5746383
      45.5      0.8129588      0.5798432
      45.6      0.8193610      0.5854110
      45.7      0.8262353      0.5913306
      45.8      0.8335630      0.5975902
      45.9      0.8413247      0.6041774
      46.0      0.8495005      0.6110795
      46.1      0.8580697      0.6182831
      46.2      0.8670114      0.6257743
      46.3      0.8763041      0.6335391
      46.4      0.8859258      0.6415625
      46.5      0.8958542      0.6498296
      46.6      0.9060665      0.6583250
      46.7      0.9165397      0.6670327
      46.8      0.9272506      0.6759366
      46.9      0.9381754      0.6850203
      47.0      0.9492903      0.6942670
      47.1      0.9605715      0.7036598
      47.2      0.9719947      0.7131816
      47.3      0.9835358      0.7228148
      47.4      0.9951705      0.7325421
      47.5      1.0068744      0.7423457
      47.6      1.0186233      0.7522078
      47.7      1.0303931      0.7621107
      47.8      1.0421594      0.7720365
      47.9      1.0538985      0.7819672
      48.0      1.0655864      0.7918850
      48.1      1.0771995      0.8017720
      48.2      1.0887144      0.8116105
      48.3      1.1001082      0.8213828
      48.4      1.1113580      0.8310714
      48.5      1.1224413      0.8406588
      48.6      1.1333362      0.8501280
      48.7      1.1440210      0.8594620
      48.8      1.1544746      0.8686439
      48.9      1.1646763      0.8776574
      49.0      1.1746059      0.8864863
      49.1      1.1842438      0.8951148
      49.2      1.1935710      0.9035273
      49.3      1.2025689      0.9117088
      49.4      1.2112198      0.9196445
      49.5      1.2195066      0.9273201
      49.6      1.2274127      0.9347218
      49.7      1.2349223      0.9418361
      49.8      1.2420203      0.9486502
      49.9      1.2486925      0.9551516
      50.0      1.2549253      0.9613286
      50.1      1.2607059      0.9671697
      50.2      1.2660224      0.9726641
      50.3      1.2708635      0.9778018
      50.4      1.2752190      0.9825731
      50.5      1.2790793      0.9869691
      50.6      1.2824359      0.9909813
      50.7      1.2852810      0.9946021
      50.8      1.2876076      0.9978244
      50.9      1.2894098      1.0006418
      51.0      1.2906824      1.0030486
      51.1      1.2914212      1.0050397
      51.2      1.2916229      1.0066108
      51.3      1.2912850      1.0077581
      51.4      1.2904060      1.0084787
      51.5      1.2889852      1.0087703
      51.6      1.2870228      1.0086314
      51.7      1.2845201      1.0080610
      51.8      1.2814790      1.0070591
      51.9      1.2779023      1.0056261
      52.0      1.2737940      1.0037633
      52.1      1.2691585      1.0014727
      52.2      1.2640013      0.9987570
      52.3      1.2583288      0.9956193
      52.4      1.2521480      0.9920639
      52.5      1.2454670      0.9880954
      52.6      1.2382943      0.9837191
      52.7      1.2306396      0.9789411
      52.8      1.2225130      0.9737682
      52.9      1.2139256      0.9682075
      53.0      1.2048891      0.9622672
      53.1      1.1954158      0.9559557
      53.2      1.1855189      0.9492821
      53.3      1.1752120      0.9422564
      53.4      1.1645095      0.9348886
      53.5      1.1534265      0.9271898
      53.6      1.1419782      0.9191712
      53.7      1.1301810      0.9108448
      53.8      1.1180512      0.9022230
      53.9      1.1056061      0.8933185
      54.0      1.0928630      0.8841448
      54.1      1.0798401      0.8747154
      54.2      1.0665555      0.8650446
      54.3      1.0530282      0.8551468
      54.4      1.0392770      0.8450369
      54.5      1.0253215      0.8347301
      54.6      1.0111812      0.8242419
      54.7      0.9968760      0.8135879
      54.8      0.9824259      0.8027843
      54.9      0.9678514      0.7918473
      55.0      0.9531727      0.7807933
      55.1      0.9384103      0.7696390
      55.2      0.9235849      0.7584010
      55.3      0.9087171      0.7470963
      55.4      0.8938274      0.7357419
      55.5      0.8789366      0.7243546
      55.6      0.8640651      0.7129517
      55.7      0.8492333      0.7015502
      55.8      0.8344617      0.6901671
      55.9      0.8197703      0.6788193
      56.0      0.8051793      0.6675239
      56.1      0.7907082      0.6562975
      56.2      0.7763766      0.6451569
      56.3      0.7622038      0.6341186
      56.4      0.7482087      0.6231989
      56.5      0.7344098      0.6124139
      56.6      0.7208253      0.6017795
      56.7      0.7074731      0.5913112
      56.8      0.6943704      0.5810244
      56.9      0.6815343      0.5709340
      57.0      0.6689812      0.5610548
      57.1      0.6567269      0.5514010
      57.2      0.6447870      0.5419864
      57.3      0.6331763      0.5328247
      57.4      0.6219090      0.5239288
      57.5      0.6109990      0.5153113
      57.6      0.6004591      0.5069844
      57.7      0.5903020      0.4989598
      57.8      0.5805394      0.4912485
      57.9      0.5711824      0.4838611
      58.0      0.5622415      0.4768078
      58.1      0.5537264      0.4700981
      58.2      0.5456462      0.4637407
      58.3      0.5380092      0.4577442
      58.4      0.5308229      0.4521162
      58.5      0.5240942      0.4468638
      58.6      0.5178291      0.4419935
      58.7      0.5120331      0.4375112
      58.8      0.5067105      0.4334221
      58.9      0.5018653      0.4297307
      59.0      0.4975003      0.4264410
      59.1      0.4936179      0.4235562
      59.2      0.4902194      0.4210788
      59.3      0.4873055      0.4190107
      59.4      0.4848761      0.4173533
      59.5      0.4829303      0.4161069
      59.6      0.4814665      0.4152715
      59.7      0.4804822      0.4148462
      59.8      0.4799742      0.4148296
      59.9      0.4799385      0.4152195
      60.0      0.4803705      0.4160131
      60.1      0.4812648      0.4172069
      60.2      0.4826151      0.4187967
      60.3      0.4844147      0.4207778
      60.4      0.4866559      0.4231448
      60.5      0.4893305      0.4258916
      60.6      0.4924296      0.4290115
      60.7      0.4959437      0.4324972
      60.8      0.4998624      0.4363409
      60.9      0.5041751      0.4405342
      61.0      0.5088702      0.4450679
      61.1      0.5139358      0.4499326
      61.2      0.5193593      0.4551181
      61.3      0.5251277      0.4606137
      61.4      0.5312273      0.4664085
      61.5      0.5376440      0.4724907
      61.6      0.5443632      0.4788483
      61.7      0.5513701      0.4854689
      61.8      0.5586491      0.4923394
      61.9      0.5661844      0.4994465
      62.0      0.5739600      0.5067766
      62.1      0.5819593      0.5143156
      62.2      0.5901654      0.5220491
      62.3      0.5985614      0.5299624
      62.4      0.6071298      0.5380406
      62.5      0.6158532      0.5462685
      62.6      0.6247138      0.5546305
      62.7      0.6336936      0.5631110
      62.8      0.6427746      0.5716942
      62.9      0.6519386      0.5803641
      63.0      0.6611675      0.5891046
      63.1      0.6704429      0.5978994
      63.2      0.6797466      0.6067322
      63.3      0.6890603      0.6155868
      63.4      0.6983657      0.6244467
      63.5      0.7076447      0.6332956
      63.6      0.7168792      0.6421172
      63.7      0.7260514      0.6508952
      63.8      0.7351433      0.6596135
      63.9      0.7441375      0.6682560
      64.0      0.7530165      0.6768068
      64.1      0.7617633      0.6852501
      64.2      0.7703610      0.6935704
      64.3      0.7787930      0.7017525
      64.4      0.7870431      0.7097810
      64.5      0.7950954      0.7176414
      64.6      0.8029343      0.7253189
      64.7      0.8105449      0.7327995
      64.8      0.8179123      0.7400692
      64.9      0.8250223      0.7471145
      65.0      0.8318612      0.7539222
      65.1      0.8384155      0.7604798
      65.2      0.8446726      0.7667748
      65.3      0.8506202      0.7727954
      65.4      0.8562464      0.7785302
      65.5      0.8615403      0.7839683
      65.6      0.8664911      0.7890992
      65.7      0.8710888      0.7939132
      65.8      0.8753242      0.7984008
      65.9      0.8791885      0.8025533
      66.0      0.8826734      0.8063623
      66.1      0.8857717      0.8098202
      66.2      0.8884763      0.8129200
      66.3      0.8907813      0.8156551
      66.4      0.8926810      0.8180196
      66.5      0.8941708      0.8200083
      66.6      0.8952465      0.8216166
      66.7      0.8959047      0.8228405
      66.8      0.8961428      0.8236765
      66.9      0.8959586      0.8241220
      67.0      0.8953510      0.8241750
      67.1      0.8943193      0.8238339
      67.2      0.8928636      0.8230980
      67.3      0.8909847      0.8219673
      67.4      0.8886842      0.8204423
      67.5      0.8859641      0.8185241
      67.6      0.8828275      0.8162147
      67.7      0.8792778      0.8135164
      67.8      0.8753194      0.8104325
      67.9      0.8709571      0.8069667
      68.0      0.8661965      0.8031234
      68.1      0.8610439      0.7989077
      68.2      0.8555060      0.7943252
      68.3      0.8495904      0.7893821
      68.4      0.8433051      0.7840853
      68.5      0.8366589      0.7784421
      68.6      0.8296610      0.7724607
      68.7      0.8223211      0.7661494
      68.8      0.8146498      0.7595174
      68.9      0.8066579      0.7525743
      69.0      0.7983568      0.7453303
      69.1      0.7897584      0.7377959
      69.2      0.7808752      0.7299821
      69.3      0.7717198      0.7219007
      69.4      0.7623056      0.7135635
      69.5      0.7526463      0.7049829
      69.6      0.7427559      0.6961717
      69.7      0.7326487      0.6871431
      69.8      0.7223396      0.6779107
      69.9      0.7118435      0.6684882
      70.0      0.7011759      0.6588898
      70.1      0.6903522      0.6491300
      70.2      0.6793883      0.6392234
      70.3      0.6683003      0.6291851
      70.4      0.6571044      0.6190301
      70.5      0.6458169      0.6087738
      70.6      0.6344543      0.5984317
      70.7      0.6230333      0.5880195
      70.8      0.6115706      0.5775528
      70.9      0.6000827      0.5670475
      71.0      0.5885866      0.5565195
      71.1      0.5770988      0.5459847
      71.2      0.5656362      0.5354591
      71.3      0.5542154      0.5249585
      71.4      0.5428528      0.5144988
      71.5      0.5315651      0.5040957
      71.6      0.5203683      0.4937650
      71.7      0.5092788      0.4835222
      71.8      0.4983123      0.4733828
      71.9      0.4874847      0.4633619
      72.0      0.4768114      0.4534746
      72.1      0.4663076      0.4437357
      72.2      0.4559882      0.4341598
      72.3      0.4458679      0.4247611
      72.4      0.4359608      0.4155537
      72.5      0.4262808      0.4065512
      72.6      0.4168415      0.3977670
      72.7      0.4076560      0.3892140
      72.8      0.3987370      0.3809048
      72.9      0.3900966      0.3728516
      73.0      0.3817467      0.3650662
      73.1      0.3736986      0.3575599
      73.2      0.3659629      0.3503434
      73.3      0.3585501      0.3434273
      73.4      0.3514698      0.3368214
      73.5      0.3447312      0.3305350
      73.6      0.3383429      0.3245771
      73.7      0.3323130      0.3189558
      73.8      0.3266490      0.3136790
      73.9      0.3213577      0.3087538
      74.0      0.3164454      0.3041868
      74.1      0.3119177      0.2999841
      74.2      0.3077796      0.2961511
      74.3      0.3040356      0.2926925
      74.4      0.3006893      0.2896126
      74.5      0.2977438      0.2869150
      74.6      0.2952016      0.2846025
      74.7      0.2930645      0.2826776
      74.8      0.2913337      0.2811418
      74.9      0.2900096      0.2799963
      75.0      0.2890920      0.2792415
      75.1      0.2885802      0.2788770
      75.2      0.2884727      0.2789022
      75.3      0.2887674      0.2793153
      75.4      0.2894614      0.2801145
      75.5      0.2905515      0.2812967
      75.6      0.2920335      0.2828587
      75.7      0.2939029      0.2847965
      75.8      0.2961543      0.2871055
      75.9      0.2987820      0.2897803
      76.0      0.3017794      0.2928153
      76.1      0.3051395      0.2962039
      76.2      0.3088546      0.2999393
      76.3      0.3129166      0.3040139
      76.4      0.3173168      0.3084196
      76.5      0.3220459      0.3131477
      76.6      0.3270941      0.3181893
      76.7      0.3324512      0.3235344
      76.8      0.3381063      0.3291732
      76.9      0.3440484      0.3350949
      77.0      0.3502657      0.3412884
      77.1      0.3567462      0.3477424
      77.2      0.3634774      0.3544447
      77.3      0.3704463      0.3613832
      77.4      0.3776399      0.3685451
      77.5      0.3850444      0.3759173
      77.6      0.3926461      0.3834865
      77.7      0.4004307      0.3912390
      77.8      0.4083837      0.3991608
      77.9      0.4164906      0.4072375
      78.0      0.4247363      0.4154548
      78.1      0.4331057      0.4237978
      78.2      0.4415835      0.4322517
      78.3      0.4501543      0.4408013
      78.4      0.4588024      0.4494315
      78.5      0.4675123      0.4581268
      78.6      0.4762681      0.4668719
      78.7      0.4850540      0.4756511
      78.8      0.4938543      0.4844489
      78.9      0.5026531      0.4932498
      79.0      0.5114346      0.5020381
      79.1      0.5201831      0.5107983
      79.2      0.5288829      0.5195149
      79.3      0.5375185      0.5281725
      79.4      0.5460744      0.5367558
      79.5      0.5545353      0.5452496
      79.6      0.5628863      0.5536389
      79.7      0.5711123      0.5619088
      79.8      0.5791987      0.5700448
      79.9      0.5871312      0.5780325
      80.0      0.5948955      0.5858577
      80.1      0.6024779      0.5935066
      80.2      0.6098647      0.6009655
      80.3      0.6170429      0.6082214
      80.4      0.6239996      0.6152611
      80.5      0.6307223      0.6220724
      80.6      0.6371991      0.6286429
      80.7      0.6434182      0.6349609
      80.8      0.6493685      0.6410152
      80.9      0.6550392      0.6467948
      81.0      0.6604202      0.6522893
      81.1      0.6655016      0.6574889
      81.2      0.6702742      0.6623840
      81.3      0.6747291      0.6669656
      81.4      0.6788583      0.6712255
      81.5      0.6826540      0.6751556
      81.6      0.6861091      0.6787488
      81.7      0.6892171      0.6819981
      81.8      0.6919719      0.6848974
      81.9      0.6943683      0.6874410
      82.0      0.6964013      0.6896240
      82.1      0.6980669      0.6914419
      82.2      0.6993614      0.6928908
      82.3      0.7002819      0.6939676
      82.4      0.7008260      0.6946696
      82.5      0.7009919      0.6949949
      82.6      0.7007787      0.6949420
      82.7      0.7001857      0.6945103
      82.8      0.6992132      0.6936997
      82.9      0.6978619      0.6925106
      83.0      0.6961331      0.6909442
      83.1      0.6940289      0.6890023
      83.2      0.6915519      0.6866872
      83.3      0.6887053      0.6840019
      83.4      0.6854930      0.6809501
      83.5      0.6819193      0.6775358
      83.6      0.6779893      0.6737641
      83.7      0.6737087      0.6696401
      83.8      0.6690835      0.6651700
      83.9      0.6641204      0.6603601
      84.0      0.6588269      0.6552178
      84.1      0.6532106      0.6497504
      84.2      0.6472800      0.6439664
      84.3      0.6410438      0.6378742
      84.4      0.6345115      0.6314832
      84.5      0.6276928      0.6248030
      84.6      0.6205981      0.6178438
      84.7      0.6132380      0.6106163
      84.8      0.6056238      0.6031313
      84.9      0.5977671      0.5954005
      85.0      0.5896797      0.5874358
      85.1      0.5813740      0.5792493
      85.2      0.5728628      0.5708536
      85.3      0.5641589      0.5622619
      85.4      0.5552759      0.5534873
      85.5      0.5462272      0.5445434
      85.6      0.5370268      0.5354441
      85.7      0.5276888      0.5262034
      85.8      0.5182275      0.5168358
      85.9      0.5086575      0.5073557
      86.0      0.4989934      0.4977779
      86.1      0.4892502      0.4881172
      86.2      0.4794428      0.4783887
      86.3      0.4695862      0.4686075
      86.4      0.4596958      0.4587887
      86.5      0.4497866      0.4489476
      86.6      0.4398738      0.4390996
      86.7      0.4299728      0.4292599
      86.8      0.4200988      0.4194437
      86.9      0.4102668      0.4096664
      87.0      0.4004920      0.3999431
      87.1      0.3907893      0.3902889
      87.2      0.3811737      0.3807187
      87.3      0.3716599      0.3712473
      87.4      0.3622624      0.3618894
      87.5      0.3529955      0.3526595
      87.6      0.3438735      0.3435718
      87.7      0.3349101      0.3346403
      87.8      0.3261192      0.3258788
      87.9      0.3175140      0.3173007
      88.0      0.3091075      0.3089192
      88.1      0.3009126      0.3007471
      88.2      0.2929415      0.2927970
      88.3      0.2852064      0.2850809
      88.4      0.2777188      0.2776105
      88.5      0.2704900      0.2703973
      88.6      0.2635307      0.2634520
      88.7      0.2568514      0.2567853
      88.8      0.2504619      0.2504069
      88.9      0.2443717      0.2443266
      89.0      0.2385897      0.2385533
      89.1      0.2331243      0.2330956
      89.2      0.2279836      0.2279614
      89.3      0.2231749      0.2231582
      89.4      0.2187051      0.2186931
      89.5      0.2145804      0.2145722
      89.6      0.2108067      0.2108015
      89.7      0.2073890      0.2073862
      89.8      0.2043322      0.2043309
      89.9      0.2016400      0.2016397
      90.0      0.1993160      0.1993160
      90.1      0.1973631      0.1973628
      90.2      0.1957834      0.1957822
      90.3      0.1945785      0.1945758
      90.4      0.1937495      0.1937448
      90.5      0.1932968      0.1932894
      90.6      0.1932202      0.1932096
      90.7      0.1935189      0.1935044
      90.8      0.1941914      0.1941725
      90.9      0.1952359      0.1952118
      91.0      0.1966495      0.1966195
      91.1      0.1984292      0.1983926
      91.2      0.2005710      0.2005270
      91.3      0.2030707      0.2030184
      91.4      0.2059232      0.2058617
      91.5      0.2091230      0.2090514
      91.6      0.2126640      0.2125811
      91.7      0.2165396      0.2164443
      91.8      0.2207425      0.2206336
      91.9      0.2252650      0.2251412
      92.0      0.2300989      0.2299588
      92.1      0.2352355      0.2350775
      92.2      0.2406655      0.2404881
      92.3      0.2463793      0.2461808
      92.4      0.2523666      0.2521452
      92.5      0.2586169      0.2583708
      92.6      0.2651192      0.2648462
      92.7      0.2718620      0.2715601
      92.8      0.2788335      0.2785006
      92.9      0.2860215      0.2856552
      93.0      0.2934136      0.2930115
      93.1      0.3009968      0.3005564
      93.2      0.3087581      0.3082766
      93.3      0.3166838      0.3161587
      93.4      0.3247605      0.3241888
      93.5      0.3329740      0.3323529
      93.6      0.3413102      0.3406367
      93.7      0.3497548      0.3490258
      93.8      0.3582932      0.3575055
      93.9      0.3669107      0.3660611
      94.0      0.3755926      0.3746776
      94.1      0.3843238      0.3833402
      94.2      0.3930894      0.3920338
      94.3      0.4018744      0.4007432
      94.4      0.4106637      0.4094534
      94.5      0.4194422      0.4181492
      94.6      0.4281949      0.4268156
      94.7      0.4369067      0.4354375
      94.8      0.4455626      0.4440000
      94.9      0.4541480      0.4524882
      95.0      0.4626479      0.4608874
      95.1      0.4710479      0.4691830
      95.2      0.4793334      0.4773607
      95.3      0.4874903      0.4854062
      95.4      0.4955046      0.4933055
      95.5      0.5033623      0.5010449
      95.6      0.5110501      0.5086110
      95.7      0.5185546      0.5159906
      95.8      0.5258628      0.5231708
      95.9      0.5329622      0.5301390
      96.0      0.5398404      0.5368831
      96.1      0.5464855      0.5433913
      96.2      0.5528859      0.5496521
      96.3      0.5590305      0.5556545
      96.4      0.5649086      0.5613880
      96.5      0.5705097      0.5668424
      96.6      0.5758241      0.5720080
      96.7      0.5808424      0.5768756
      96.8      0.5855557      0.5814366
      96.9      0.5899555      0.5856826
      97.0      0.5940339      0.5896061
      97.1      0.5977837      0.5931998
      97.2      0.6011978      0.5964572
      97.3      0.6042702      0.5993722
      97.4      0.6069949      0.6019393
      97.5      0.6093668      0.6041536
      97.6      0.6113814      0.6060108
      97.7      0.6130347      0.6075070
      97.8      0.6143231      0.6086393
      97.9      0.6152439      0.6094049
      98.0      0.6157948      0.6098019
      98.1      0.6159742      0.6098291
      98.2      0.6157812      0.6094855
      98.3      0.6152152      0.6087713
      98.4      0.6142764      0.6076867
      98.5      0.6129657      0.6062328
      98.6      0.6112846      0.6044115
      98.7      0.6092349      0.6022249
      98.8      0.6068193      0.5996760
      98.9      0.6040410      0.5967683
      99.0      0.6009038      0.5935057
      99.1      0.5974122      0.5898931
      99.2      0.5935711      0.5859355
      99.3      0.5893860      0.5816389
      99.4      0.5848630      0.5770096
      99.5      0.5800089      0.5720544
      99.6      0.5748307      0.5667808
      99.7      0.5693363      0.5611968
      99.8      0.5635339      0.5553107
      99.9      0.5574322      0.5491317
     100.0      0.5510406      0.5426690
     100.1      0.5443687      0.5359327
     100.2      0.5374267      0.5289330
     100.3      0.5302252      0.5216807
     100.4      0.5227754      0.5141870
     100.5      0.5150887      0.5064635
     100.6      0.5071770      0.4985222
     100.7      0.4990524      0.4903753
     100.8      0.4907276      0.4820355
     100.9      0.4822155      0.4735157
     101.0      0.4735294      0.4648293
     101.1      0.4646827      0.4559898
     101.2      0.4556893      0.4470108
     101.3      0.4465632      0.4379065
     101.4      0.4373187      0.4286909
     101.5      0.4279702      0.4193786
     101.6      0.4185324      0.4099840
     101.7      0.4090201      0.4005218
     101.8      0.3994481      0.3910067
     101.9      0.3898316      0.3814538
     102.0      0.3801857      0.3718777
     102.1      0.3705255      0.3622936
     102.2      0.3608662      0.3527164
     102.3      0.3512231      0.3431610
     102.4      0.3416113      0.3336423
     102.5      0.3320461      0.3241752
     102.6      0.3225424      0.3147745
     102.7      0.3131153      0.3054548
     102.8      0.3037797      0.2962306
     102.9      0.2945504      0.2871163
     103.0      0.2854418      0.2781260
     103.1      0.2764685      0.2692737
     103.2      0.2676446      0.2605732
     103.3      0.2589841      0.2520378
     103.4      0.2505006      0.2436809
     103.5      0.2422076      0.2355154
     103.6      0.2341182      0.2275538
     103.7      0.2262452      0.2198083
     103.8      0.2186011      0.2122910
     103.9      0.2111980      0.2050133
     104.0      0.2040475      0.1979864
     104.1      0.1971610      0.1912209
     104.2      0.1905494      0.1847272
     104.3      0.1842231      0.1785151
     104.4      0.1781922      0.1725940
     104.5      0.1724661      0.1669727
     104.6      0.1670539      0.1616596
     104.7      0.1619641      0.1566627
     104.8      0.1572048      0.1519893
     104.9      0.1527834      0.1476462
     105.0      0.1487069      0.1436398
     105.1      0.1449816      0.1399757
     105.2      0.1416134      0.1366592
     105.3      0.1386075      0.1336949
     105.4      0.1359686      0.1310867
     105.5      0.1337008      0.1288382
     105.6      0.1318075      0.1269521
     105.7      0.1302916      0.1254307
     105.8      0.1291554      0.1242756
     105.9      0.1284004      0.1234880
     106.0      0.1280278      0.1230682
     106.1      0.1280379      0.1230161
     106.2      0.1284304      0.1233309
     106.3      0.1292047      0.1240113
     106.4      0.1303591      0.1250553
     106.5      0.1318916      0.1264603
     106.6      0.1337995      0.1282231
     106.7      0.1360796      0.1303401
     106.8      0.1387278      0.1328068
     106.9      0.1417397      0.1356184
     107.0      0.1451101      0.1387695
     107.1      0.1488334      0.1422539
     107.2      0.1529032      0.1460651
     107.3      0.1573127      0.1501960
     107.4      0.1620546      0.1546390
     107.5      0.1671208      0.1593859
     107.6      0.1725028      0.1644281
     107.7      0.1781917      0.1697564
     107.8      0.1841779      0.1753612
     107.9      0.1904514      0.1812325
     108.0      0.1970018      0.1873598
     108.1      0.2038179      0.1937322
     108.2      0.2108886      0.2003383
     108.3      0.2182019      0.2071665
     108.4      0.2257456      0.2142046
     108.5      0.2335072      0.2214404
     108.6      0.2414735      0.2288610
     108.7      0.2496314      0.2364534
     108.8      0.2579671      0.2442044
     108.9      0.2664667      0.2521002
     109.0      0.2751159      0.2601272
     109.1      0.2839003      0.2682713
     109.2      0.2928051      0.2765182
     109.3      0.3018154      0.2848536
     109.4      0.3109159      0.2932630
     109.5      0.3200916      0.3017316
     109.6      0.3293268      0.3102447
     109.7      0.3386060      0.3187876
     109.8      0.3479136      0.3273452
     109.9      0.3572339      0.3359028
     110.0      0.3665512      0.3444455
     110.1      0.3758496      0.3529582
     110.2      0.3851135      0.3614263
     110.3      0.3943270      0.3698349
     110.4      0.4034746      0.3781695
     110.5      0.4125407      0.3864154
     110.6      0.4215099      0.3945584
     110.7      0.4303668      0.4025840
     110.8      0.4390962      0.4104784
     110.9      0.4476833      0.4182278
     111.0      0.4561133      0.4258184
     111.1      0.4643716      0.4332371
     111.2      0.4724440      0.4404708
     111.3      0.4803166      0.4475068
     111.4      0.4879756      0.4543325
     111.5      0.4954078      0.4609361
     111.6      0.5026001      0.4673058
     111.7      0.5095400      0.4734302
     111.8      0.5162151      0.4792984
     111.9      0.5226138      0.4849001
     112.0      0.5287247      0.4902250
     112.1      0.5345367      0.4952635
     112.2      0.5400395      0.5000067
     112.3      0.5452231      0.5044457
     112.4      0.5500780      0.5085724
     112.5      0.5545953      0.5123792
     112.6      0.5587666      0.5158590
     112.7      0.5625840      0.5190052
     112.8      0.5660403      0.5218117
     112.9      0.5691287      0.5242730
     113.0      0.5718430      0.5263843
     113.1      0.5741779      0.5281411
     113.2      0.5761282      0.5295398
     113.3      0.5776898      0.5305771
     113.4      0.5788589      0.5312504
     113.5      0.5796324      0.5315578
     113.6      0.5800081      0.5314978
     113.7      0.5799840      0.5310696
     113.8      0.5795590      0.5302731
     113.9      0.5787328      0.5291087
     114.0      0.5775053      0.5275774
     114.1      0.5758776      0.5256807
     114.2      0.5738509      0.5234210
     114.3      0.5714275      0.5208009
     114.4      0.5686101      0.5178240
     114.5      0.5654022      0.5144941
     114.6      0.5618076      0.5108158
     114.7      0.5578312      0.5067942
     114.8      0.5534783      0.5024351
     114.9      0.5487547      0.4977447
     115.0      0.5436670      0.4927297
     115.1      0.5382224      0.4873974
     115.2      0.5324285      0.4817557
     115.3      0.5262936      0.4758129
     115.4      0.5198267      0.4695778
     115.5      0.5130371      0.4630597
     115.6      0.5059347      0.4562684
     115.7      0.4985302      0.4492141
     115.8      0.4908344      0.4419074
     115.9      0.4828589      0.4343594
     116.0      0.4746155      0.4265816
     116.1      0.4661167      0.4185856
     116.2      0.4573753      0.4103838
     116.3      0.4484046      0.4019886
     116.4      0.4392182      0.3934129
     116.5      0.4298301      0.3846698
     116.6      0.4202548      0.3757726
     116.7      0.4105068      0.3667350
     116.8      0.4006011      0.3575709
     116.9      0.3905532      0.3482943
     117.0      0.3803784      0.3389196
     117.1      0.3700926      0.3294611
     117.2      0.3597117      0.3199334
     117.3      0.3492519      0.3103512
     117.4      0.3387294      0.3007292
     117.5      0.3281608      0.2910822
     117.6      0.3175626      0.2814251
     117.7      0.3069514      0.2717728
     117.8      0.2963439      0.2621401
     117.9      0.2857567      0.2525419
     118.0      0.2752065      0.2429929
     118.1      0.2647100      0.2335078
     118.2      0.2542839      0.2241013
     118.3      0.2439446      0.2147877
     118.4      0.2337084      0.2055813
     118.5      0.2235918      0.1964963
     118.6      0.2136108      0.1875467
     118.7      0.2037813      0.1787460
     118.8      0.1941190      0.1701078
     118.9      0.1846393      0.1616452
     119.0      0.1753575      0.1533711
     119.1      0.1662884      0.1452982
     119.2      0.1574467      0.1374387
     119.3      0.1488465      0.1298044
     119.4      0.1405017      0.1224070
     119.5      0.1324258      0.1152575
     119.6      0.1246318      0.1083667
     119.7      0.1171325      0.1017450
     119.8      0.1099399      0.0954021
     119.9      0.1030659      0.0893475
     120.0      0.0965216      0.0835901
     120.1      0.0903177      0.0781385
     120.2      0.0844644      0.0730004
     120.3      0.0789712      0.0681834
     120.4      0.0738474      0.0636944
     120.5      0.0691013      0.0595397
     120.6      0.0647409      0.0557252
     120.7      0.0607733      0.0522561
     120.8      0.0572053      0.0491371
     120.9      0.0540429      0.0463723
     121.0      0.0512914      0.0439653
     121.1      0.0489555      0.0419190
     121.2      0.0470394      0.0402358
     121.3      0.0455462      0.0389174
     121.4      0.0444789      0.0379650
     121.5      0.0438393      0.0373792
     121.6      0.0436288      0.0371599
     121.7      0.0438481      0.0373064
     121.8      0.0444970      0.0378176
     121.9      0.0455747      0.0386917
     122.0      0.0470799      0.0399260
     122.1      0.0490104      0.0415178
     122.2      0.0513632      0.0434632
     122.3      0.0541350      0.0457582
     122.4      0.0573213      0.0483980
     122.5      0.0609174      0.0513772
     122.6      0.0649176      0.0546900
     122.7      0.0693157      0.0583299
     122.8      0.0741047      0.0622900
     122.9      0.0792771      0.0665627
     123.0      0.0848248      0.0711400
     123.1      0.0907387      0.0760135
     123.2      0.0970096      0.0811741
     123.3      0.1036273      0.0866124
     123.4      0.1105812      0.0923185
     123.5      0.1178602      0.0982820
     123.6      0.1254525      0.1044920
     123.7      0.1333457      0.1109375
     123.8      0.1415271      0.1176068
     123.9      0.1499834      0.1244881
     124.0      0.1587008      0.1315689
     124.1      0.1676651      0.1388368
     124.2      0.1768616      0.1462788
     124.3      0.1862752      0.1538816
     124.4      0.1958904      0.1616318
     124.5      0.2056915      0.1695158
     124.6      0.2156623      0.1775195
     124.7      0.2257862      0.1856288
     124.8      0.2360465      0.1938294
     124.9      0.2464263      0.2021070
     125.0      0.2569081      0.2104468
     125.1      0.2674746      0.2188343
     125.2      0.2781080      0.2272546
     125.3      0.2887907      0.2356929
     125.4      0.2995046      0.2441345
     125.5      0.3102318      0.2525645
     125.6      0.3209541      0.2609680
     125.7      0.3316534      0.2693303
     125.8      0.3423116      0.2776366
     125.9      0.3529106      0.2858723
     126.0      0.3634324      0.2940230
     126.1      0.3738588      0.3020742
     126.2      0.3841722      0.3100117
     126.3      0.3943547      0.3178216
     126.4      0.4043888      0.3254900
     126.5      0.4142571      0.3330034
     126.6      0.4239425      0.3403484
     126.7      0.4334281      0.3475121
     126.8      0.4426972      0.3544815
     126.9      0.4517336      0.3612445
     127.0      0.4605214      0.3677887
     127.1      0.4690448      0.3741026
     127.2      0.4772888      0.3801748
     127.3      0.4852384      0.3859943
     127.4      0.4928794      0.3915506
     127.5      0.5001978      0.3968336
     127.6      0.5071802      0.4018336
     127.7      0.5138138      0.4065415
     127.8      0.5200861      0.4109486
     127.9      0.5259853      0.4150467
     128.0      0.5315003      0.4188279
     128.1      0.5366203      0.4222853
     128.2      0.5413353      0.4254121
     128.3      0.5456359      0.4282022
     128.4      0.5495134      0.4306500
     128.5      0.5529596      0.4327507
     128.6      0.5559672      0.4344997
     128.7      0.5585294      0.4358933
     128.8      0.5606401      0.4369281
     128.9      0.5622942      0.4376016
     129.0      0.5634870      0.4379117
     129.1      0.5642148      0.4378568
     129.2      0.5644743      0.4374362
     129.3      0.5642632      0.4366496
     129.4      0.5635801      0.4354972
     129.5      0.5624239      0.4339801
     129.6      0.5607949      0.4320999
     129.7      0.5586935      0.4298585
     129.8      0.5561213      0.4272589
     129.9      0.5530807      0.4243042
     130.0      0.5495745      0.4209985
     130.1      0.5456067      0.4173462
     130.2      0.5411817      0.4133524
     130.3      0.5363048      0.4090227
     130.4      0.5309822      0.4043633
     130.5      0.5252207      0.3993810
     130.6      0.5190278      0.3940829
     130.7      0.5124117      0.3884769
     130.8      0.5053815      0.3825713
     130.9      0.4979468      0.3763749
     131.0      0.4901181      0.3698968
     131.1      0.4819063      0.3631470
     131.2      0.4733233      0.3561355
     131.3      0.4643812      0.3488730
     131.4      0.4550932      0.3413705
     131.5      0.4454728      0.3336394
     131.6      0.4355342      0.3256916
     131.7      0.4252920      0.3175392
     131.8      0.4147616      0.3091948
     131.9      0.4039588      0.3006712
     132.0      0.3928999      0.2919815
     132.1      0.3816016      0.2831391
     132.2      0.3700811      0.2741578
     132.3      0.3583561      0.2650513
     132.4      0.3464446      0.2558338
     132.5      0.3343649      0.2465197
     132.6      0.3221359      0.2371233
     132.7      0.3097765      0.2276592
     132.8      0.2973060      0.2181423
     132.9      0.2847440      0.2085872
     133.0      0.2721104      0.1990089
     133.1      0.2594250      0.1894223
     133.2      0.2467079      0.1798424
     133.3      0.2339795      0.1702839
     133.4      0.2212601      0.1607620
     133.5      0.2085700      0.1512913
     133.6      0.1959297      0.1418868
     133.7      0.1833596      0.1325630
     133.8      0.1708801      0.1233344
     133.9      0.1585114      0.1142156
     134.0      0.1462739      0.1052206
     134.1      0.1341875      0.0963635
     134.2      0.1222721      0.0876582
     134.3      0.1105475      0.0791180
     134.4      0.0990331      0.0707564
     134.5      0.0877481      0.0625864
     134.6      0.0767114      0.0546205
     134.7      0.0659415      0.0468712
     134.8      0.0554567      0.0393504
     134.9      0.0452747      0.0320699
     135.0      0.0354130      0.0250408
     135.1      0.0258885      0.0182739
     135.2      0.0167176      0.0117798
     135.3      0.0079163      0.0055683
     135.4     -0.0004999     -0.0003510
     135.5     -0.0085163     -0.0059692
     135.6     -0.0161186     -0.0112776
     135.7     -0.0232931     -0.0162682
     135.8     -0.0300267     -0.0209336
     135.9     -0.0363072     -0.0252667
     136.0     -0.0421229     -0.0292611
     136.1     -0.0474629     -0.0329108
     136.2     -0.0523167     -0.0362107
     136.3     -0.0566751     -0.0391558
     136.4     -0.0605292     -0.0417421
     136.5     -0.0638710     -0.0439659
     136.6     -0.0666935     -0.0458243
     136.7     -0.0689903     -0.0473148
     136.8     -0.0707557     -0.0484356
     136.9     -0.0719852     -0.0491856
     137.0     -0.0726749     -0.0495642
     137.1     -0.0728218     -0.0495713
     137.2     -0.0724237     -0.0492076
     137.3     -0.0714794     -0.0484744
     137.4     -0.0699885     -0.0473735
     137.5     -0.0679515     -0.0459073
     137.6     -0.0653697     -0.0440789
     137.7     -0.0622455     -0.0418920
     137.8     -0.0585819     -0.0393507
     137.9     -0.0543830     -0.0364598
     138.0     -0.0496537     -0.0332248
     138.1     -0.0443997     -0.0296516
     138.2     -0.0386278     -0.0257467
     138.3     -0.0323454     -0.0215171
     138.4     -0.0255609     -0.0169705
     138.5     -0.0182834     -0.0121150
     138.6     -0.0105231     -0.0069591
     138.7     -0.0022908     -0.0015119
     138.8      0.0064019      0.0042168
     138.9      0.0155424      0.0102172
     139.0      0.0251176      0.0164786
     139.1      0.0351135      0.0229902
     139.2      0.0455152      0.0297406
     139.3      0.0563075      0.0367180
     139.4      0.0674741      0.0439104
     139.5      0.0789983      0.0513053
     139.6      0.0908625      0.0588898
     139.7      0.1030487      0.0666508
     139.8      0.1155381      0.0745750
     139.9      0.1283117      0.0826486
     140.0      0.1413495      0.0908577
     140.1      0.1546312      0.0991881
     140.2      0.1681360      0.1076255
     140.3      0.1818428      0.1161553
     140.4      0.1957298      0.1247629
     140.5      0.2097750      0.1334333
     140.6      0.2239560      0.1421517
     140.7      0.2382500      0.1509030
     140.8      0.2526341      0.1596722
     140.9      0.2670850      0.1684440
     141.0      0.2815792      0.1772035
     141.1      0.2960931      0.1859355
     141.2      0.3106029      0.1946249
     141.3      0.3250847      0.2032568
     141.4      0.3395145      0.2118162
     141.5      0.3538684      0.2202883
     141.6      0.3681225      0.2286584
     141.7      0.3822527      0.2369122
     141.8      0.3962352      0.2450352
     141.9      0.4100465      0.2530134
     142.0      0.4236628      0.2608329
     142.1      0.4370609      0.2684801
     142.2      0.4502177      0.2759416
     142.3      0.4631104      0.2832045
     142.4      0.4757165      0.2902561
     142.5      0.4880138      0.2970840
     142.6      0.4999805      0.3036761
     142.7      0.5115955      0.3100209
     142.8      0.5228378      0.3161072
     142.9      0.5336870      0.3219242
     143.0      0.5441233      0.3274616
     143.1      0.5541275      0.3327094
     143.2      0.5636810      0.3376582
     143.3      0.5727657      0.3422992
     143.4      0.5813642      0.3466238
     143.5      0.5894600      0.3506242
     143.6      0.5970370      0.3542930
     143.7      0.6040802      0.3576235
     143.8      0.6105752      0.3606092
     143.9      0.6165084      0.3632445
     144.0      0.6218671      0.3655243
     144.1      0.6266394      0.3674440
     144.2      0.6308144      0.3689997
     144.3      0.6343819      0.3701880
     144.4      0.6373329      0.3710061
     144.5      0.6396592      0.3714520
     144.6      0.6413535      0.3715240
     144.7      0.6424097      0.3712213
     144.8      0.6428224      0.3705436
     144.9      0.6425875      0.3694912
     145.0      0.6417018      0.3680650
     145.1      0.6401630      0.3662666
     145.2      0.6379701      0.3640982
     145.3      0.6351231      0.3615626
     145.4      0.6316229      0.3586631
     145.5      0.6274716      0.3554038
     145.6      0.6226723      0.3517893
     145.7      0.6172291      0.3478247
     145.8      0.6111475      0.3435158
     145.9      0.6044336      0.3388690
     146.0      0.5970948      0.3338912
     146.1      0.5891397      0.3285898
     146.2      0.5805776      0.3229728
     146.3      0.5714191      0.3170487
     146.4      0.5616758      0.3108266
     146.5      0.5513601      0.3043160
     146.6      0.5404858      0.2975270
     146.7      0.5290672      0.2904700
     146.8      0.5171200      0.2831559
     146.9      0.5046606      0.2755962
     147.0      0.4917065      0.2678025
     147.1      0.4782758      0.2597872
     147.2      0.4643878      0.2515627
     147.3      0.4500626      0.2431420
     147.4      0.4353211      0.2345383
     147.5      0.4201848      0.2257651
     147.6      0.4046764      0.2168365
     147.7      0.3888189      0.2077663
     147.8      0.3726364      0.1985691
     147.9      0.3561534      0.1892594
     148.0      0.3393952      0.1798521
     148.1      0.3223876      0.1703620
     148.2      0.3051571      0.1608043
     148.3      0.2877307      0.1511943
     148.4      0.2701357      0.1415473
     148.5      0.2524001      0.1318787
     148.6      0.2345523      0.1222040
     148.7      0.2166210      0.1125387
     148.8      0.1986351      0.1028984
     148.9      0.1806241      0.0932984
     149.0      0.1626175      0.0837542
     149.1      0.1446451      0.0742812
     149.2      0.1267368      0.0648947
     149.3      0.1089226      0.0556097
     149.4      0.0912326      0.0464412
     149.5      0.0736970      0.0374041
     149.6      0.0563458      0.0285129
     149.7      0.0392091      0.0197821
     149.8      0.0223166      0.0112257
     149.9      0.0056981      0.0028577
     150.0     -0.0106169     -0.0053084
     150.1     -0.0265992     -0.0132594
     150.2     -0.0422199     -0.0209822
     150.3     -0.0574505     -0.0284643
     150.4     -0.0722628     -0.0356936
     150.5     -0.0866293     -0.0426583
     150.6     -0.1005226     -0.0493469
     150.7     -0.1139163     -0.0557486
     150.8     -0.1267842     -0.0618529
     150.9     -0.1391010     -0.0676497
     151.0     -0.1508420     -0.0731296
     151.1     -0.1619831     -0.0782836
     151.2     -0.1725013     -0.0831031
     151.3     -0.1823740     -0.0875803
     151.4     -0.1915796     -0.0917076
     151.5     -0.2000976     -0.0954783
     151.6     -0.2079081     -0.0988861
     151.7     -0.2149924     -0.1019254
     151.8     -0.2213327     -0.1045909
     151.9     -0.2269121     -0.1068783
     152.0     -0.2317151     -0.1087836
     152.1     -0.2357269     -0.1103037
     152.2     -0.2389342     -0.1114357
     152.3     -0.2413246     -0.1121778
     152.4     -0.2428870     -0.1125286
     152.5     -0.2436114     -0.1124872
     152.6     -0.2434892     -0.1120537
     152.7     -0.2425129     -0.1112284
     152.8     -0.2406764     -0.1100127
     152.9     -0.2379747     -0.1084082
     153.0     -0.2344044     -0.1064174
     153.1     -0.2299632     -0.1040433
     153.2     -0.2246502     -0.1012897
     153.3     -0.2184658     -0.0981609
     153.4     -0.2114120     -0.0946616
     153.5     -0.2034919     -0.0907976
     153.6     -0.1947100     -0.0865749
     153.7     -0.1850723     -0.0820002
     153.8     -0.1745861     -0.0770808
     153.9     -0.1632601     -0.0718245
     154.0     -0.1511044     -0.0662398
     154.1     -0.1381303     -0.0603356
     154.2     -0.1243508     -0.0541213
     154.3     -0.1097799     -0.0476070
     154.4     -0.0944331     -0.0408032
     154.5     -0.0783273     -0.0337208
     154.6     -0.0614805     -0.0263712
     154.7     -0.0439123     -0.0187663
     154.8     -0.0256433     -0.0109184
     154.9     -0.0066954     -0.0028402
     155.0      0.0129081      0.0054552
     155.1      0.0331429      0.0139543
     155.2      0.0539833      0.0226434
     155.3      0.0754027      0.0315083
     155.4      0.0973733      0.0405346
     155.5      0.1198660      0.0497076
     155.6      0.1428510      0.0590124
     155.7      0.1662973      0.0684337
     155.8      0.1901729      0.0779562
     155.9      0.2144449      0.0875644
     156.0      0.2390795      0.0972424
     156.1      0.2640422      0.1069745
     156.2      0.2892974      0.1167446
     156.3      0.3148091      0.1265368
     156.4      0.3405404      0.1363350
     156.5      0.3664536      0.1461230
     156.6      0.3925107      0.1558848
     156.7      0.4186729      0.1656042
     156.8      0.4449010      0.1752652
     156.9      0.4711555      0.1848518
     157.0      0.4973962      0.1943482
     157.1      0.5235827      0.2037386
     157.2      0.5496745      0.2130074
     157.3      0.5756306      0.2221393
     157.4      0.6014101      0.2311191
     157.5      0.6269718      0.2399317
     157.6      0.6522745      0.2485625
     157.7      0.6772771      0.2569970
     157.8      0.7019385      0.2652210
     157.9      0.7262179      0.2732208
     158.0      0.7500745      0.2809828
     158.1      0.7734679      0.2884941
     158.2      0.7963579      0.2957417
     158.3      0.8187050      0.3027135
     158.4      0.8404698      0.3093976
     158.5      0.8616135      0.3157824
     158.6      0.8820982      0.3218571
     158.7      0.9018861      0.3276112
     158.8      0.9209406      0.3330347
     158.9      0.9392255      0.3381182
     159.0      0.9567058      0.3428527
     159.1      0.9733469      0.3472298
     159.2      0.9891156      0.3512418
     159.3      1.0039794      0.3548814
     159.4      1.0179069      0.3581421
     159.5      1.0308680      0.3610176
     159.6      1.0428336      0.3635027
     159.7      1.0537758      0.3655924
     159.8      1.0636681      0.3672827
     159.9      1.0724851      0.3685699
     160.0      1.0802031      0.3694512
     160.1      1.0867994      0.3699243
     160.2      1.0922532      0.3699876
     160.3      1.0965448      0.3696401
     160.4      1.0996564      0.3688815
     160.5      1.1015716      0.3677122
     160.6      1.1022756      0.3661331
     160.7      1.1017554      0.3641460
     160.8      1.0999996      0.3617532
     160.9      1.0969986      0.3589576
     161.0      1.0927445      0.3557628
     161.1      1.0872311      0.3521731
     161.2      1.0804544      0.3481934
     161.3      1.0724118      0.3438292
     161.4      1.0631028      0.3390865
     161.5      1.0525287      0.3339722
     161.6      1.0406927      0.3284937
     161.7      1.0276001      0.3226587
     161.8      1.0132578      0.3164758
     161.9      0.9976749      0.3099541
     162.0      0.9808623      0.3031031
     162.1      0.9628329      0.2959331
     162.2      0.9436015      0.2884546
     162.3      0.9231850      0.2806788
     162.4      0.9016021      0.2726173
     162.5      0.8788734      0.2642823
     162.6      0.8550215      0.2556863
     162.7      0.8300709      0.2468422
     162.8      0.8040481      0.2377635
     162.9      0.7769813      0.2284638
     163.0      0.7489007      0.2189574
     163.1      0.7198383      0.2092586
     163.2      0.6898279      0.1993822
     163.3      0.6589050      0.1893433
     163.4      0.6271072      0.1791572
     163.5      0.5944733      0.1688395
     163.6      0.5610443      0.1584061
     163.7      0.5268625      0.1478728
     163.8      0.4919721      0.1372558
     163.9      0.4564185      0.1265715
     164.0      0.4202489      0.1158363
     164.1      0.3835120      0.1050667
     164.2      0.3462578      0.0942792
     164.3      0.3085376      0.0834904
     164.4      0.2704043      0.0727171
     164.5      0.2319118      0.0619757
     164.6      0.1931153      0.0512830
     164.7      0.1540712      0.0406552
     164.8      0.1148370      0.0301090
     164.9      0.0754709      0.0196605
     165.0      0.0360325      0.0093259
     165.1     -0.0034179     -0.0008789
     165.2     -0.0428193     -0.0109380
     165.3     -0.0821098     -0.0208360
     165.4     -0.1212269     -0.0305576
     165.5     -0.1601074     -0.0400877
     165.6     -0.1986878     -0.0494117
     165.7     -0.2369039     -0.0585150
     165.8     -0.2746913     -0.0673838
     165.9     -0.3119853     -0.0760043
     166.0     -0.3487208     -0.0843632
     166.1     -0.3848328     -0.0924476
     166.2     -0.4202561     -0.1002451
     166.3     -0.4549257     -0.1077438
     166.4     -0.4887765     -0.1149319
     166.5     -0.5217437     -0.1217986
     166.6     -0.5537629     -0.1283334
     166.7     -0.5847698     -0.1345261
     166.8     -0.6147007     -0.1403674
     166.9     -0.6434925     -0.1458484
     167.0     -0.6710825     -0.1509607
     167.1     -0.6974090     -0.1556966
     167.2     -0.7224107     -0.1600490
     167.3     -0.7460274     -0.1640113
     167.4     -0.7681999     -0.1675776
     167.5     -0.7888698     -0.1707427
     167.6     -0.8079800     -0.1735018
     167.7     -0.8254744     -0.1758511
     167.8     -0.8412983     -0.1777872
     167.9     -0.8553983     -0.1793074
     168.0     -0.8677224     -0.1804096
     168.1     -0.8782201     -0.1810927
     168.2     -0.8868424     -0.1813558
     168.3     -0.8935420     -0.1811990
     168.4     -0.8982733     -0.1806229
     168.5     -0.9009925     -0.1796290
     168.6     -0.9016575     -0.1782192
     168.7     -0.9002283     -0.1763963
     168.8     -0.8966667     -0.1741635
     168.9     -0.8909366     -0.1715249
     169.0     -0.8830040     -0.1684851
     169.1     -0.8728371     -0.1650495
     169.2     -0.8604061     -0.1612240
     169.3     -0.8456836     -0.1570152
     169.4     -0.8286446     -0.1524303
     169.5     -0.8092662     -0.1474770
     169.6     -0.7875280     -0.1421639
     169.7     -0.7634122     -0.1364998
     169.8     -0.7369032     -0.1304943
     169.9     -0.7079882     -0.1241576
     170.0     -0.6766566     -0.1175002
     170.1     -0.6429006     -0.1105333
     170.2     -0.6067151     -0.1032687
     170.3     -0.5680973     -0.0957184
     170.4     -0.5270475     -0.0878950
     170.5     -0.4835681     -0.0798118
     170.6     -0.4376648     -0.0714820
     170.7     -0.3893454     -0.0629197
     170.8     -0.3386210     -0.0541391
     170.9     -0.2855049     -0.0451549
     171.0     -0.2300134     -0.0359820
     171.1     -0.1721654     -0.0266358
     171.2     -0.1119827     -0.0171318
     171.3     -0.0494895     -0.0074858
     171.4      0.0152870      0.0022860
     171.5      0.0823172      0.0121673
     171.6      0.1515686      0.0221416
     171.7      0.2230062      0.0321923
     171.8      0.2965922      0.0423026
     171.9      0.3722865      0.0524556
     172.0      0.4500462      0.0626343
     172.1      0.5298258      0.0728217
     172.2      0.6115776      0.0830006
     172.3      0.6952512      0.0931541
     172.4      0.7807938      0.1032650
     172.5      0.8681503      0.1133164
     172.6      0.9572633      0.1232913
     172.7      1.0480729      0.1331730
     172.8      1.1405174      0.1429447
     172.9      1.2345325      0.1525900
     173.0      1.3300519      0.1620926
     173.1      1.4270076      0.1714362
     173.2      1.5253291      0.1806050
     173.3      1.6249443      0.1895835
     173.4      1.7257793      0.1983562
     173.5      1.8277582      0.2069081
     173.6      1.9308036      0.2152246
     173.7      2.0348364      0.2232914
     173.8      2.1397759      0.2310944
     173.9      2.2455401      0.2386202
     174.0      2.3520454      0.2458557
     174.1      2.4592072      0.2527881
     174.2      2.5669394      0.2594054
     174.3      2.6751549      0.2656957
     174.4      2.7837657      0.2716479
     174.5      2.8926826      0.2772513
     174.6      3.0018158      0.2824958
     174.7      3.1110746      0.2873718
     174.8      3.2203678      0.2918702
     174.9      3.3296034      0.2959827
     175.0      3.4386891      0.2997015
     175.1      3.5475322      0.3030193
     175.2      3.6560398      0.3059295
     175.3      3.7641187      0.3084263
     175.4      3.8716758      0.3105042
     175.5      3.9786178      0.3121588
     175.6      4.0848519      0.3133859
     175.7      4.1902851      0.3141822
     175.8      4.2948250      0.3145452
     175.9      4.3983796      0.3144729
     176.0      4.5008575      0.3139639
     176.1      4.6021677      0.3130178
     176.2      4.7022201      0.3116345
     176.3      4.8009254      0.3098148
     176.4      4.8981954      0.3075602
     176.5      4.9939426      0.3048729
     176.6      5.0880808      0.3017556
     176.7      5.1805251      0.2982119
     176.8      5.2711917      0.2942459
     176.9      5.3599984      0.2898623
     177.0      5.4468643      0.2850669
     177.1      5.5317104      0.2798655
     177.2      5.6144590      0.2742650
     177.3      5.6950344      0.2682729
     177.4      5.7733626      0.2618970
     177.5      5.8493716      0.2551460
     177.6      5.9229915      0.2480291
     177.7      5.9941543      0.2405562
     177.8      6.0627943      0.2327374
     177.9      6.1288478      0.2245837
     178.0      6.1922537      0.2161065
     178.1      6.2529532      0.2073178
     178.2      6.3108897      0.1982298
     178.3      6.3660094      0.1888556
     178.4      6.4182610      0.1792084
     178.5      6.4675956      0.1693019
     178.6      6.5139672      0.1591504
     178.7      6.5573324      0.1487684
     178.8      6.5976507      0.1381708
     178.9      6.6348844      0.1273728
     179.0      6.6689985      0.1163901
     179.1      6.6999610      0.1052384
     179.2      6.7277430      0.0939340
     179.3      6.7523182      0.0824931
     179.4      6.7736637      0.0709323
     179.5      6.7917593      0.0592685
     179.6      6.8065881      0.0475186
     179.7      6.8181361      0.0356995
     179.8      6.8263924      0.0238286
     179.9      6.8313493      0.0119229
     180.0      6.8330022      0.0000000
