 # List of d(q) for j, j' =            2          24
 #    0  1.00000000
 #    1  0.07889224
 #    2  0.27243457
 #    3  0.02619914
 #    4  0.20163209
       0.0      4.4151765      0.0000000
       0.1      4.4151420      0.0077059
       0.2      4.4150385      0.0154114
       0.3      4.4148661      0.0231161
       0.4      4.4146248      0.0308196
       0.5      4.4143145      0.0385217
       0.6      4.4139353      0.0462218
       0.7      4.4134872      0.0539196
       0.8      4.4129701      0.0616147
       0.9      4.4123842      0.0693067
       1.0      4.4117295      0.0769953
       1.1      4.4110059      0.0846800
       1.2      4.4102135      0.0923605
       1.3      4.4093523      0.1000364
       1.4      4.4084224      0.1077074
       1.5      4.4074238      0.1153729
       1.6      4.4063565      0.1230327
       1.7      4.4052206      0.1306863
       1.8      4.4040161      0.1383335
       1.9      4.4027430      0.1459737
       2.0      4.4014015      0.1536067
       2.1      4.3999915      0.1612320
       2.2      4.3985131      0.1688493
       2.3      4.3969663      0.1764581
       2.4      4.3953513      0.1840582
       2.5      4.3936681      0.1916491
       2.6      4.3919167      0.1992305
       2.7      4.3900972      0.2068019
       2.8      4.3882097      0.2143630
       2.9      4.3862543      0.2219135
       3.0      4.3842309      0.2294529
       3.1      4.3821398      0.2369809
       3.2      4.3799809      0.2444971
       3.3      4.3777544      0.2520012
       3.4      4.3754603      0.2594927
       3.5      4.3730987      0.2669713
       3.6      4.3706698      0.2744366
       3.7      4.3681735      0.2818883
       3.8      4.3656101      0.2893260
       3.9      4.3629795      0.2967493
       4.0      4.3602819      0.3041579
       4.1      4.3575174      0.3115514
       4.2      4.3546861      0.3189294
       4.3      4.3517881      0.3262915
       4.4      4.3488235      0.3336375
       4.5      4.3457925      0.3409669
       4.6      4.3426950      0.3482795
       4.7      4.3395313      0.3555747
       4.8      4.3363014      0.3628524
       4.9      4.3330056      0.3701120
       5.0      4.3296438      0.3773533
       5.1      4.3262163      0.3845760
       5.2      4.3227231      0.3917795
       5.3      4.3191644      0.3989638
       5.4      4.3155403      0.4061282
       5.5      4.3118510      0.4132726
       5.6      4.3080966      0.4203966
       5.7      4.3042772      0.4274997
       5.8      4.3003930      0.4345818
       5.9      4.2964441      0.4416424
       6.0      4.2924307      0.4486812
       6.1      4.2883528      0.4556978
       6.2      4.2842108      0.4626920
       6.3      4.2800047      0.4696634
       6.4      4.2757346      0.4766116
       6.5      4.2714008      0.4835363
       6.6      4.2670034      0.4904372
       6.7      4.2625425      0.4973140
       6.8      4.2580184      0.5041663
       6.9      4.2534311      0.5109938
       7.0      4.2487809      0.5177961
       7.1      4.2440680      0.5245731
       7.2      4.2392925      0.5313242
       7.3      4.2344545      0.5380493
       7.4      4.2295544      0.5447480
       7.5      4.2245921      0.5514199
       7.6      4.2195680      0.5580648
       7.7      4.2144823      0.5646824
       7.8      4.2093350      0.5712723
       7.9      4.2041264      0.5778343
       8.0      4.1988568      0.5843679
       8.1      4.1935262      0.5908730
       8.2      4.1881349      0.5973492
       8.3      4.1826831      0.6037962
       8.4      4.1771710      0.6102138
       8.5      4.1715988      0.6166016
       8.6      4.1659666      0.6229592
       8.7      4.1602748      0.6292866
       8.8      4.1545235      0.6355833
       8.9      4.1487129      0.6418490
       9.0      4.1428433      0.6480835
       9.1      4.1369148      0.6542864
       9.2      4.1309277      0.6604576
       9.3      4.1248822      0.6665967
       9.4      4.1187786      0.6727035
       9.5      4.1126170      0.6787776
       9.6      4.1063976      0.6848188
       9.7      4.1001208      0.6908268
       9.8      4.0937867      0.6968014
       9.9      4.0873956      0.7027422
      10.0      4.0809477      0.7086491
      10.1      4.0744432      0.7145218
      10.2      4.0678825      0.7203599
      10.3      4.0612656      0.7261633
      10.4      4.0545930      0.7319317
      10.5      4.0478647      0.7376648
      10.6      4.0410811      0.7433623
      10.7      4.0342425      0.7490241
      10.8      4.0273490      0.7546499
      10.9      4.0204009      0.7602395
      11.0      4.0133985      0.7657925
      11.1      4.0063420      0.7713088
      11.2      3.9992318      0.7767882
      11.3      3.9920680      0.7822303
      11.4      3.9848509      0.7876350
      11.5      3.9775808      0.7930021
      11.6      3.9702579      0.7983312
      11.7      3.9628826      0.8036222
      11.8      3.9554550      0.8088749
      11.9      3.9479755      0.8140891
      12.0      3.9404444      0.8192645
      12.1      3.9328618      0.8244008
      12.2      3.9252282      0.8294981
      12.3      3.9175437      0.8345559
      12.4      3.9098087      0.8395741
      12.5      3.9020234      0.8445524
      12.6      3.8941882      0.8494908
      12.7      3.8863032      0.8543890
      12.8      3.8783689      0.8592468
      12.9      3.8703854      0.8640640
      13.0      3.8623531      0.8688404
      13.1      3.8542723      0.8735759
      13.2      3.8461432      0.8782702
      13.3      3.8379662      0.8829231
      13.4      3.8297416      0.8875346
      13.5      3.8214696      0.8921044
      13.6      3.8131506      0.8966323
      13.7      3.8047849      0.9011182
      13.8      3.7963727      0.9055619
      13.9      3.7879145      0.9099633
      14.0      3.7794104      0.9143221
      14.1      3.7708607      0.9186383
      14.2      3.7622659      0.9229116
      14.3      3.7536263      0.9271420
      14.4      3.7449420      0.9313292
      14.5      3.7362135      0.9354732
      14.6      3.7274411      0.9395737
      14.7      3.7186250      0.9436306
      14.8      3.7097657      0.9476439
      14.9      3.7008634      0.9516133
      15.0      3.6919184      0.9555388
      15.1      3.6829311      0.9594202
      15.2      3.6739018      0.9632573
      15.3      3.6648309      0.9670501
      15.4      3.6557185      0.9707984
      15.5      3.6465652      0.9745022
      15.6      3.6373712      0.9781612
      15.7      3.6281368      0.9817754
      15.8      3.6188624      0.9853448
      15.9      3.6095484      0.9888690
      16.0      3.6001949      0.9923482
      16.1      3.5908025      0.9957821
      16.2      3.5813714      0.9991708
      16.3      3.5719019      1.0025140
      16.4      3.5623945      1.0058117
      16.5      3.5528494      1.0090638
      16.6      3.5432670      1.0122702
      16.7      3.5336477      1.0154308
      16.8      3.5239917      1.0185457
      16.9      3.5142995      1.0216146
      17.0      3.5045713      1.0246375
      17.1      3.4948076      1.0276144
      17.2      3.4850087      1.0305451
      17.3      3.4751749      1.0334297
      17.4      3.4653065      1.0362680
      17.5      3.4554041      1.0390600
      17.6      3.4454678      1.0418057
      17.7      3.4354980      1.0445050
      17.8      3.4254951      1.0471578
      17.9      3.4154596      1.0497641
      18.0      3.4053916      1.0523239
      18.1      3.3952916      1.0548371
      18.2      3.3851599      1.0573037
      18.3      3.3749970      1.0597236
      18.4      3.3648031      1.0620969
      18.5      3.3545786      1.0644234
      18.6      3.3443240      1.0667033
      18.7      3.3340394      1.0689364
      18.8      3.3237254      1.0711227
      18.9      3.3133823      1.0732622
      19.0      3.3030105      1.0753550
      19.1      3.2926102      1.0774010
      19.2      3.2821820      1.0794002
      19.3      3.2717261      1.0813526
      19.4      3.2612429      1.0832581
      19.5      3.2507328      1.0851169
      19.6      3.2401963      1.0869289
      19.7      3.2296335      1.0886941
      19.8      3.2190450      1.0904126
      19.9      3.2084310      1.0920843
      20.0      3.1977921      1.0937093
      20.1      3.1871285      1.0952876
      20.2      3.1764405      1.0968192
      20.3      3.1657287      1.0983042
      20.4      3.1549934      1.0997425
      20.5      3.1442349      1.1011343
      20.6      3.1334536      1.1024795
      20.7      3.1226499      1.1037782
      20.8      3.1118243      1.1050305
      20.9      3.1009769      1.1062363
      21.0      3.0901083      1.1073958
      21.1      3.0792189      1.1085090
      21.2      3.0683089      1.1095759
      21.3      3.0573789      1.1105966
      21.4      3.0464290      1.1115712
      21.5      3.0354599      1.1124998
      21.6      3.0244718      1.1133823
      21.7      3.0134650      1.1142189
      21.8      3.0024401      1.1150097
      21.9      2.9913974      1.1157547
      22.0      2.9803372      1.1164540
      22.1      2.9692600      1.1171077
      22.2      2.9581661      1.1177158
      22.3      2.9470559      1.1182785
      22.4      2.9359299      1.1187959
      22.5      2.9247883      1.1192680
      22.6      2.9136316      1.1196950
      22.7      2.9024601      1.1200769
      22.8      2.8912743      1.1204138
      22.9      2.8800745      1.1207060
      23.0      2.8688611      1.1209533
      23.1      2.8576346      1.1211561
      23.2      2.8463952      1.1213144
      23.3      2.8351434      1.1214282
      23.4      2.8238795      1.1214978
      23.5      2.8126040      1.1215232
      23.6      2.8013173      1.1215047
      23.7      2.7900196      1.1214422
      23.8      2.7787115      1.1213360
      23.9      2.7673933      1.1211861
      24.0      2.7560653      1.1209927
      24.1      2.7447280      1.1207560
      24.2      2.7333817      1.1204761
      24.3      2.7220269      1.1201532
      24.4      2.7106640      1.1197873
      24.5      2.6992932      1.1193786
      24.6      2.6879150      1.1189274
      24.7      2.6765298      1.1184337
      24.8      2.6651380      1.1178977
      24.9      2.6537399      1.1173195
      25.0      2.6423360      1.1166994
      25.1      2.6309266      1.1160375
      25.2      2.6195121      1.1153340
      25.3      2.6080929      1.1145890
      25.4      2.5966694      1.1138027
      25.5      2.5852419      1.1129753
      25.6      2.5738109      1.1121070
      25.7      2.5623767      1.1111979
      25.8      2.5509398      1.1102483
      25.9      2.5395004      1.1092583
      26.0      2.5280590      1.1082281
      26.1      2.5166160      1.1071579
      26.2      2.5051717      1.1060480
      26.3      2.4937265      1.1048984
      26.4      2.4822809      1.1037094
      26.5      2.4708351      1.1024812
      26.6      2.4593896      1.1012140
      26.7      2.4479447      1.0999081
      26.8      2.4365009      1.0985635
      26.9      2.4250585      1.0971806
      27.0      2.4136178      1.0957596
      27.1      2.4021793      1.0943006
      27.2      2.3907434      1.0928038
      27.3      2.3793103      1.0912696
      27.4      2.3678806      1.0896981
      27.5      2.3564545      1.0880896
      27.6      2.3450324      1.0864442
      27.7      2.3336148      1.0847623
      27.8      2.3222019      1.0830440
      27.9      2.3107942      1.0812895
      28.0      2.2993921      1.0794992
      28.1      2.2879958      1.0776732
      28.2      2.2766058      1.0758118
      28.3      2.2652224      1.0739152
      28.4      2.2538461      1.0719838
      28.5      2.2424771      1.0700176
      28.6      2.2311159      1.0680170
      28.7      2.2197628      1.0659823
      28.8      2.2084182      1.0639136
      28.9      2.1970824      1.0618112
      29.0      2.1857558      1.0596755
      29.1      2.1744388      1.0575065
      29.2      2.1631318      1.0553047
      29.3      2.1518350      1.0530703
      29.4      2.1405489      1.0508035
      29.5      2.1292738      1.0485046
      29.6      2.1180101      1.0461739
      29.7      2.1067581      1.0438116
      29.8      2.0955183      1.0414180
      29.9      2.0842908      1.0389934
      30.0      2.0730762      1.0365381
      30.1      2.0618747      1.0340523
      30.2      2.0506868      1.0315363
      30.3      2.0395127      1.0289905
      30.4      2.0283528      1.0264150
      30.5      2.0172075      1.0238102
      30.6      2.0060771      1.0211763
      30.7      1.9949619      1.0185137
      30.8      1.9838624      1.0158226
      30.9      1.9727788      1.0131033
      31.0      1.9617115      1.0103561
      31.1      1.9506609      1.0075813
      31.2      1.9396272      1.0047793
      31.3      1.9286109      1.0019502
      31.4      1.9176122      0.9990944
      31.5      1.9066315      0.9962122
      31.6      1.8956692      0.9933039
      31.7      1.8847255      0.9903698
      31.8      1.8738009      0.9874102
      31.9      1.8628956      0.9844254
      32.0      1.8520100      0.9814158
      32.1      1.8411443      0.9783815
      32.2      1.8302991      0.9753230
      32.3      1.8194745      0.9722405
      32.4      1.8086708      0.9691343
      32.5      1.7978886      0.9660048
      32.6      1.7871279      0.9628523
      32.7      1.7763892      0.9596771
      32.8      1.7656728      0.9564795
      32.9      1.7549790      0.9532598
      33.0      1.7443082      0.9500183
      33.1      1.7336606      0.9467554
      33.2      1.7230365      0.9434714
      33.3      1.7124363      0.9401666
      33.4      1.7018604      0.9368413
      33.5      1.6913089      0.9334959
      33.6      1.6807822      0.9301307
      33.7      1.6702806      0.9267459
      33.8      1.6598045      0.9233420
      33.9      1.6493541      0.9199192
      34.0      1.6389298      0.9164779
      34.1      1.6285318      0.9130184
      34.2      1.6181604      0.9095411
      34.3      1.6078159      0.9060462
      34.4      1.5974987      0.9025341
      34.5      1.5872091      0.8990051
      34.6      1.5769472      0.8954596
      34.7      1.5667135      0.8918979
      34.8      1.5565082      0.8883204
      34.9      1.5463316      0.8847273
      35.0      1.5361840      0.8811190
      35.1      1.5260657      0.8774958
      35.2      1.5159769      0.8738581
      35.3      1.5059180      0.8702062
      35.4      1.4958892      0.8665405
      35.5      1.4858908      0.8628612
      35.6      1.4759231      0.8591688
      35.7      1.4659864      0.8554635
      35.8      1.4560809      0.8517457
      35.9      1.4462069      0.8480157
      36.0      1.4363647      0.8442740
      36.1      1.4265545      0.8405207
      36.2      1.4167766      0.8367563
      36.3      1.4070313      0.8329811
      36.4      1.3973189      0.8291954
      36.5      1.3876396      0.8253996
      36.6      1.3779936      0.8215941
      36.7      1.3683813      0.8177791
      36.8      1.3588028      0.8139550
      36.9      1.3492585      0.8101221
      37.0      1.3397486      0.8062808
      37.1      1.3302733      0.8024315
      37.2      1.3208329      0.7985744
      37.3      1.3114277      0.7947100
      37.4      1.3020578      0.7908384
      37.5      1.2927235      0.7869602
      37.6      1.2834252      0.7830756
      37.7      1.2741629      0.7791850
      37.8      1.2649369      0.7752888
      37.9      1.2557476      0.7713871
      38.0      1.2465950      0.7674805
      38.1      1.2374795      0.7635693
      38.2      1.2284013      0.7596537
      38.3      1.2193606      0.7557341
      38.4      1.2103576      0.7518109
      38.5      1.2013925      0.7478844
      38.6      1.1924656      0.7439550
      38.7      1.1835771      0.7400229
      38.8      1.1747272      0.7360886
      38.9      1.1659162      0.7321523
      39.0      1.1571442      0.7282144
      39.1      1.1484114      0.7242753
      39.2      1.1397181      0.7203352
      39.3      1.1310645      0.7163946
      39.4      1.1224507      0.7124537
      39.5      1.1138770      0.7085129
      39.6      1.1053436      0.7045725
      39.7      1.0968506      0.7006329
      39.8      1.0883984      0.6966944
      39.9      1.0799870      0.6927572
      40.0      1.0716166      0.6888219
      40.1      1.0632875      0.6848886
      40.2      1.0549999      0.6809578
      40.3      1.0467538      0.6770297
      40.4      1.0385496      0.6731047
      40.5      1.0303874      0.6691831
      40.6      1.0222673      0.6652652
      40.7      1.0141896      0.6613514
      40.8      1.0061545      0.6574421
      40.9      0.9981620      0.6535374
      41.0      0.9902124      0.6496378
      41.1      0.9823058      0.6457435
      41.2      0.9744424      0.6418549
      41.3      0.9666224      0.6379724
      41.4      0.9588459      0.6340962
      41.5      0.9511132      0.6302266
      41.6      0.9434242      0.6263641
      41.7      0.9357793      0.6225088
      41.8      0.9281785      0.6186611
      41.9      0.9206221      0.6148214
      42.0      0.9131101      0.6109899
      42.1      0.9056427      0.6071670
      42.2      0.8982201      0.6033529
      42.3      0.8908424      0.5995481
      42.4      0.8835097      0.5957527
      42.5      0.8762221      0.5919671
      42.6      0.8689799      0.5881916
      42.7      0.8617831      0.5844266
      42.8      0.8546319      0.5806722
      42.9      0.8475264      0.5769289
      43.0      0.8404668      0.5731969
      43.1      0.8334530      0.5694766
      43.2      0.8264854      0.5657682
      43.3      0.8195639      0.5620720
      43.4      0.8126888      0.5583883
      43.5      0.8058601      0.5547175
      43.6      0.7990779      0.5510597
      43.7      0.7923424      0.5474154
      43.8      0.7856536      0.5437848
      43.9      0.7790117      0.5401682
      44.0      0.7724168      0.5365658
      44.1      0.7658690      0.5329780
      44.2      0.7593683      0.5294051
      44.3      0.7529148      0.5258472
      44.4      0.7465088      0.5223048
      44.5      0.7401502      0.5187781
      44.6      0.7338391      0.5152674
      44.7      0.7275757      0.5117729
      44.8      0.7213600      0.5082949
      44.9      0.7151921      0.5048338
      45.0      0.7090720      0.5013896
      45.1      0.7030000      0.4979629
      45.2      0.6969759      0.4945537
      45.3      0.6910000      0.4911624
      45.4      0.6850722      0.4877893
      45.5      0.6791927      0.4844345
      45.6      0.6733616      0.4810984
      45.7      0.6675787      0.4777813
      45.8      0.6618444      0.4744833
      45.9      0.6561585      0.4712047
      46.0      0.6505212      0.4679458
      46.1      0.6449325      0.4647068
      46.2      0.6393925      0.4614881
      46.3      0.6339012      0.4582897
      46.4      0.6284586      0.4551121
      46.5      0.6230649      0.4519553
      46.6      0.6177200      0.4488197
      46.7      0.6124240      0.4457055
      46.8      0.6071770      0.4426130
      46.9      0.6019789      0.4395423
      47.0      0.5968298      0.4364937
      47.1      0.5917298      0.4334675
      47.2      0.5866788      0.4304638
      47.3      0.5816770      0.4274829
      47.4      0.5767242      0.4245250
      47.5      0.5718206      0.4215904
      47.6      0.5669661      0.4186792
      47.7      0.5621609      0.4157917
      47.8      0.5574048      0.4129280
      47.9      0.5526979      0.4100885
      48.0      0.5480403      0.4072733
      48.1      0.5434318      0.4044826
      48.2      0.5388727      0.4017166
      48.3      0.5343627      0.3989756
      48.4      0.5299020      0.3962597
      48.5      0.5254905      0.3935691
      48.6      0.5211283      0.3909041
      48.7      0.5168153      0.3882648
      48.8      0.5125515      0.3856514
      48.9      0.5083370      0.3830641
      49.0      0.5041716      0.3805032
      49.1      0.5000555      0.3779686
      49.2      0.4959885      0.3754608
      49.3      0.4919706      0.3729798
      49.4      0.4880019      0.3705259
      49.5      0.4840823      0.3680991
      49.6      0.4802118      0.3656997
      49.7      0.4763903      0.3633278
      49.8      0.4726179      0.3609837
      49.9      0.4688945      0.3586674
      50.0      0.4652200      0.3563792
      50.1      0.4615944      0.3541192
      50.2      0.4580178      0.3518875
      50.3      0.4544899      0.3496844
      50.4      0.4510109      0.3475099
      50.5      0.4475806      0.3453642
      50.6      0.4441991      0.3432475
      50.7      0.4408661      0.3411599
      50.8      0.4375818      0.3391016
      50.9      0.4343460      0.3370727
      51.0      0.4311588      0.3350733
      51.1      0.4280199      0.3331036
      51.2      0.4249295      0.3311637
      51.3      0.4218873      0.3292537
      51.4      0.4188934      0.3273737
      51.5      0.4159476      0.3255240
      51.6      0.4130500      0.3237046
      51.7      0.4102004      0.3219155
      51.8      0.4073987      0.3201571
      51.9      0.4046449      0.3184293
      52.0      0.4019390      0.3167322
      52.1      0.3992807      0.3150661
      52.2      0.3966701      0.3134309
      52.3      0.3941071      0.3118268
      52.4      0.3915915      0.3102539
      52.5      0.3891233      0.3087123
      52.6      0.3867024      0.3072020
      52.7      0.3843287      0.3057233
      52.8      0.3820021      0.3042761
      52.9      0.3797224      0.3028605
      53.0      0.3774897      0.3014767
      53.1      0.3753038      0.3001247
      53.2      0.3731646      0.2988046
      53.3      0.3710720      0.2975165
      53.4      0.3690259      0.2962604
      53.5      0.3670261      0.2950365
      53.6      0.3650726      0.2938447
      53.7      0.3631653      0.2926852
      53.8      0.3613040      0.2915580
      53.9      0.3594886      0.2904631
      54.0      0.3577190      0.2894007
      54.1      0.3559951      0.2883708
      54.2      0.3543167      0.2873734
      54.3      0.3526837      0.2864087
      54.4      0.3510961      0.2854765
      54.5      0.3495536      0.2845770
      54.6      0.3480562      0.2837103
      54.7      0.3466036      0.2828762
      54.8      0.3451958      0.2820750
      54.9      0.3438327      0.2813066
      55.0      0.3425140      0.2805711
      55.1      0.3412397      0.2798684
      55.2      0.3400096      0.2791986
      55.3      0.3388236      0.2785618
      55.4      0.3376815      0.2779579
      55.5      0.3365831      0.2773870
      55.6      0.3355284      0.2768490
      55.7      0.3345171      0.2763440
      55.8      0.3335491      0.2758720
      55.9      0.3326243      0.2754330
      56.0      0.3317425      0.2750270
      56.1      0.3309035      0.2746539
      56.2      0.3301072      0.2743139
      56.3      0.3293534      0.2740069
      56.4      0.3286419      0.2737328
      56.5      0.3279726      0.2734917
      56.6      0.3273453      0.2732836
      56.7      0.3267599      0.2731083
      56.8      0.3262161      0.2729660
      56.9      0.3257139      0.2728566
      57.0      0.3252529      0.2727801
      57.1      0.3248331      0.2727363
      57.2      0.3244543      0.2727254
      57.3      0.3241162      0.2727473
      57.4      0.3238187      0.2728019
      57.5      0.3235617      0.2728892
      57.6      0.3233449      0.2730091
      57.7      0.3231681      0.2731617
      57.8      0.3230312      0.2733468
      57.9      0.3229339      0.2735644
      58.0      0.3228762      0.2738145
      58.1      0.3228577      0.2740970
      58.2      0.3228783      0.2744119
      58.3      0.3229377      0.2747590
      58.4      0.3230359      0.2751384
      58.5      0.3231726      0.2755499
      58.6      0.3233475      0.2759935
      58.7      0.3235605      0.2764692
      58.8      0.3238115      0.2769767
      58.9      0.3241000      0.2775162
      59.0      0.3244261      0.2780874
      59.1      0.3247894      0.2786904
      59.2      0.3251898      0.2793250
      59.3      0.3256270      0.2799911
      59.4      0.3261008      0.2806887
      59.5      0.3266111      0.2814176
      59.6      0.3271575      0.2821778
      59.7      0.3277399      0.2829692
      59.8      0.3283581      0.2837916
      59.9      0.3290118      0.2846451
      60.0      0.3297009      0.2855293
      60.1      0.3304250      0.2864444
      60.2      0.3311840      0.2873900
      60.3      0.3319777      0.2883663
      60.4      0.3328057      0.2893729
      60.5      0.3336680      0.2904098
      60.6      0.3345642      0.2914770
      60.7      0.3354942      0.2925742
      60.8      0.3364576      0.2937013
      60.9      0.3374544      0.2948583
      61.0      0.3384841      0.2960449
      61.1      0.3395467      0.2972611
      61.2      0.3406418      0.2985067
      61.3      0.3417692      0.2997816
      61.4      0.3429288      0.3010856
      61.5      0.3441202      0.3024187
      61.6      0.3453431      0.3037806
      61.7      0.3465975      0.3051712
      61.8      0.3478829      0.3065904
      61.9      0.3491993      0.3080381
      62.0      0.3505462      0.3095140
      62.1      0.3519236      0.3110180
      62.2      0.3533311      0.3125499
      62.3      0.3547684      0.3141097
      62.4      0.3562354      0.3156971
      62.5      0.3577318      0.3173120
      62.6      0.3592573      0.3189542
      62.7      0.3608117      0.3206235
      62.8      0.3623947      0.3223198
      62.9      0.3640061      0.3240429
      63.0      0.3656456      0.3257927
      63.1      0.3673130      0.3275688
      63.2      0.3690080      0.3293713
      63.3      0.3707303      0.3311998
      63.4      0.3724797      0.3330543
      63.5      0.3742559      0.3349345
      63.6      0.3760587      0.3368402
      63.7      0.3778878      0.3387713
      63.8      0.3797429      0.3407275
      63.9      0.3816238      0.3427087
      64.0      0.3835302      0.3447147
      64.1      0.3854619      0.3467453
      64.2      0.3874185      0.3488002
      64.3      0.3893999      0.3508793
      64.4      0.3914057      0.3529824
      64.5      0.3934357      0.3551093
      64.6      0.3954896      0.3572597
      64.7      0.3975671      0.3594335
      64.8      0.3996680      0.3616304
      64.9      0.4017920      0.3638503
      65.0      0.4039388      0.3660929
      65.1      0.4061082      0.3683580
      65.2      0.4082999      0.3706454
      65.3      0.4105135      0.3729549
      65.4      0.4127489      0.3752862
      65.5      0.4150058      0.3776392
      65.6      0.4172839      0.3800136
      65.7      0.4195828      0.3824092
      65.8      0.4219025      0.3848257
      65.9      0.4242424      0.3872630
      66.0      0.4266025      0.3897207
      66.1      0.4289823      0.3921988
      66.2      0.4313817      0.3946968
      66.3      0.4338003      0.3972147
      66.4      0.4362379      0.3997521
      66.5      0.4386942      0.4023089
      66.6      0.4411689      0.4048848
      66.7      0.4436617      0.4074795
      66.8      0.4461723      0.4100928
      66.9      0.4487006      0.4127244
      67.0      0.4512461      0.4153742
      67.1      0.4538086      0.4180419
      67.2      0.4563879      0.4207272
      67.3      0.4589836      0.4234298
      67.4      0.4615954      0.4261496
      67.5      0.4642231      0.4288863
      67.6      0.4668665      0.4316395
      67.7      0.4695251      0.4344092
      67.8      0.4721988      0.4371949
      67.9      0.4748872      0.4399966
      68.0      0.4775900      0.4428138
      68.1      0.4803071      0.4456463
      68.2      0.4830380      0.4484939
      68.3      0.4857825      0.4513564
      68.4      0.4885404      0.4542334
      68.5      0.4913113      0.4571246
      68.6      0.4940949      0.4600300
      68.7      0.4968910      0.4629490
      68.8      0.4996993      0.4658816
      68.9      0.5025196      0.4688274
      69.0      0.5053514      0.4717861
      69.1      0.5081945      0.4747576
      69.2      0.5110487      0.4777415
      69.3      0.5139137      0.4807375
      69.4      0.5167891      0.4837454
      69.5      0.5196747      0.4867649
      69.6      0.5225702      0.4897957
      69.7      0.5254754      0.4928376
      69.8      0.5283899      0.4958902
      69.9      0.5313134      0.4989534
      70.0      0.5342457      0.5020268
      70.1      0.5371865      0.5051101
      70.2      0.5401355      0.5082031
      70.3      0.5430924      0.5113055
      70.4      0.5460569      0.5144170
      70.5      0.5490288      0.5175373
      70.6      0.5520078      0.5206662
      70.7      0.5549935      0.5238034
      70.8      0.5579857      0.5269485
      70.9      0.5609842      0.5301014
      71.0      0.5639886      0.5332617
      71.1      0.5669986      0.5364291
      71.2      0.5700140      0.5396033
      71.3      0.5730345      0.5427842
      71.4      0.5760598      0.5459713
      71.5      0.5790897      0.5491644
      71.6      0.5821237      0.5523633
      71.7      0.5851618      0.5555675
      71.8      0.5882035      0.5587769
      71.9      0.5912487      0.5619912
      72.0      0.5942970      0.5652100
      72.1      0.5973481      0.5684331
      72.2      0.6004018      0.5716602
      72.3      0.6034578      0.5748910
      72.4      0.6065158      0.5781252
      72.5      0.6095756      0.5813625
      72.6      0.6126368      0.5846027
      72.7      0.6156992      0.5878455
      72.8      0.6187625      0.5910905
      72.9      0.6218265      0.5943374
      73.0      0.6248909      0.5975861
      73.1      0.6279553      0.6008362
      73.2      0.6310196      0.6040873
      73.3      0.6340834      0.6073393
      73.4      0.6371465      0.6105919
      73.5      0.6402086      0.6138446
      73.6      0.6432694      0.6170974
      73.7      0.6463288      0.6203498
      73.8      0.6493863      0.6236015
      73.9      0.6524417      0.6268524
      74.0      0.6554948      0.6301021
      74.1      0.6585453      0.6333503
      74.2      0.6615930      0.6365967
      74.3      0.6646375      0.6398410
      74.4      0.6676786      0.6430830
      74.5      0.6707161      0.6463224
      74.6      0.6737496      0.6495589
      74.7      0.6767790      0.6527922
      74.8      0.6798039      0.6560219
      74.9      0.6828241      0.6592479
      75.0      0.6858393      0.6624699
      75.1      0.6888493      0.6656875
      75.2      0.6918538      0.6689005
      75.3      0.6948526      0.6721085
      75.4      0.6978454      0.6753114
      75.5      0.7008320      0.6785088
      75.6      0.7038120      0.6817005
      75.7      0.7067853      0.6848861
      75.8      0.7097516      0.6880654
      75.9      0.7127106      0.6912381
      76.0      0.7156621      0.6944039
      76.1      0.7186059      0.6975626
      76.2      0.7215417      0.7007138
      76.3      0.7244692      0.7038574
      76.4      0.7273882      0.7069929
      76.5      0.7302984      0.7101202
      76.6      0.7331997      0.7132390
      76.7      0.7360917      0.7163489
      76.8      0.7389743      0.7194498
      76.9      0.7418471      0.7225413
      77.0      0.7447100      0.7256231
      77.1      0.7475627      0.7286951
      77.2      0.7504050      0.7317569
      77.3      0.7532366      0.7348083
      77.4      0.7560573      0.7378490
      77.5      0.7588669      0.7408787
      77.6      0.7616651      0.7438972
      77.7      0.7644517      0.7469041
      77.8      0.7672264      0.7498993
      77.9      0.7699892      0.7528825
      78.0      0.7727396      0.7558534
      78.1      0.7754775      0.7588117
      78.2      0.7782027      0.7617573
      78.3      0.7809149      0.7646897
      78.4      0.7836140      0.7676089
      78.5      0.7862996      0.7705144
      78.6      0.7889716      0.7734061
      78.7      0.7916298      0.7762838
      78.8      0.7942739      0.7791471
      78.9      0.7969037      0.7819958
      79.0      0.7995191      0.7848297
      79.1      0.8021197      0.7876484
      79.2      0.8047054      0.7904519
      79.3      0.8072760      0.7932397
      79.4      0.8098312      0.7960118
      79.5      0.8123710      0.7987677
      79.6      0.8148949      0.8015074
      79.7      0.8174029      0.8042305
      79.8      0.8198947      0.8069368
      79.9      0.8223702      0.8096261
      80.0      0.8248291      0.8122981
      80.1      0.8272713      0.8149526
      80.2      0.8296964      0.8175894
      80.3      0.8321045      0.8202083
      80.4      0.8344951      0.8228089
      80.5      0.8368683      0.8253911
      80.6      0.8392237      0.8279547
      80.7      0.8415612      0.8304994
      80.8      0.8438805      0.8330251
      80.9      0.8461816      0.8355314
      81.0      0.8484641      0.8380181
      81.1      0.8507280      0.8404852
      81.2      0.8529731      0.8429322
      81.3      0.8551991      0.8453591
      81.4      0.8574059      0.8477656
      81.5      0.8595933      0.8501514
      81.6      0.8617612      0.8525165
      81.7      0.8639093      0.8548605
      81.8      0.8660375      0.8571833
      81.9      0.8681456      0.8594846
      82.0      0.8702334      0.8617644
      82.1      0.8723008      0.8640222
      82.2      0.8743477      0.8662581
      82.3      0.8763738      0.8684717
      82.4      0.8783790      0.8706629
      82.5      0.8803631      0.8728314
      82.6      0.8823259      0.8749772
      82.7      0.8842674      0.8770999
      82.8      0.8861873      0.8791995
      82.9      0.8880855      0.8812756
      83.0      0.8899619      0.8833283
      83.1      0.8918163      0.8853572
      83.2      0.8936485      0.8873621
      83.3      0.8954584      0.8893430
      83.4      0.8972459      0.8912996
      83.5      0.8990107      0.8932318
      83.6      0.9007529      0.8951393
      83.7      0.9024721      0.8970221
      83.8      0.9041684      0.8988799
      83.9      0.9058415      0.9007126
      84.0      0.9074913      0.9025200
      84.1      0.9091177      0.9043020
      84.2      0.9107206      0.9060584
      84.3      0.9122998      0.9077890
      84.4      0.9138552      0.9094937
      84.5      0.9153867      0.9111724
      84.6      0.9168941      0.9128249
      84.7      0.9183773      0.9144510
      84.8      0.9198363      0.9160506
      84.9      0.9212708      0.9176236
      85.0      0.9226808      0.9191698
      85.1      0.9240662      0.9206890
      85.2      0.9254268      0.9221812
      85.3      0.9267626      0.9236462
      85.4      0.9280734      0.9250839
      85.5      0.9293591      0.9264942
      85.6      0.9306196      0.9278768
      85.7      0.9318548      0.9292318
      85.8      0.9330647      0.9305589
      85.9      0.9342490      0.9318581
      86.0      0.9354078      0.9331292
      86.1      0.9365409      0.9343721
      86.2      0.9376482      0.9355868
      86.3      0.9387297      0.9367730
      86.4      0.9397852      0.9379307
      86.5      0.9408146      0.9390598
      86.6      0.9418180      0.9401602
      86.7      0.9427951      0.9412318
      86.8      0.9437459      0.9422744
      86.9      0.9446704      0.9432880
      87.0      0.9455684      0.9442725
      87.1      0.9464399      0.9452278
      87.2      0.9472848      0.9461538
      87.3      0.9481030      0.9470505
      87.4      0.9488945      0.9479176
      87.5      0.9496591      0.9487553
      87.6      0.9503969      0.9495633
      87.7      0.9511078      0.9503416
      87.8      0.9517916      0.9510901
      87.9      0.9524484      0.9518088
      88.0      0.9530781      0.9524975
      88.1      0.9536806      0.9531563
      88.2      0.9542559      0.9537851
      88.3      0.9548039      0.9543837
      88.4      0.9553246      0.9549522
      88.5      0.9558179      0.9554904
      88.6      0.9562838      0.9559983
      88.7      0.9567222      0.9564760
      88.8      0.9571331      0.9569232
      88.9      0.9575165      0.9573400
      89.0      0.9578723      0.9577264
      89.1      0.9582005      0.9580822
      89.2      0.9585010      0.9584075
      89.3      0.9587738      0.9587022
      89.4      0.9590189      0.9589663
      89.5      0.9592363      0.9591998
      89.6      0.9594259      0.9594025
      89.7      0.9595877      0.9595745
      89.8      0.9597217      0.9597159
      89.9      0.9598279      0.9598264
      90.0      0.9599062      0.9599062
      90.1      0.9599567      0.9599552
      90.2      0.9599792      0.9599734
      90.3      0.9599739      0.9599608
      90.4      0.9599407      0.9599173
      90.5      0.9598796      0.9598431
      90.6      0.9597906      0.9597380
      90.7      0.9596737      0.9596021
      90.8      0.9595289      0.9594353
      90.9      0.9593561      0.9592377
      91.0      0.9591554      0.9590094
      91.1      0.9589269      0.9587502
      91.2      0.9586704      0.9584602
      91.3      0.9583861      0.9581394
      91.4      0.9580738      0.9577878
      91.5      0.9577337      0.9574056
      91.6      0.9573658      0.9569925
      91.7      0.9569700      0.9565488
      91.8      0.9565465      0.9560745
      91.9      0.9560951      0.9555694
      92.0      0.9556160      0.9550338
      92.1      0.9551091      0.9544676
      92.2      0.9545745      0.9538709
      92.3      0.9540122      0.9532437
      92.4      0.9534223      0.9525860
      92.5      0.9528047      0.9518979
      92.6      0.9521596      0.9511794
      92.7      0.9514869      0.9504307
      92.8      0.9507868      0.9496517
      92.9      0.9500591      0.9488424
      93.0      0.9493041      0.9480031
      93.1      0.9485216      0.9471336
      93.2      0.9477118      0.9462341
      93.3      0.9468748      0.9453047
      93.4      0.9460105      0.9443454
      93.5      0.9451191      0.9433562
      93.6      0.9442005      0.9423373
      93.7      0.9432549      0.9412888
      93.8      0.9422822      0.9402106
      93.9      0.9412827      0.9391029
      94.0      0.9402562      0.9379658
      94.1      0.9392030      0.9367994
      94.2      0.9381230      0.9356036
      94.3      0.9370163      0.9343788
      94.4      0.9358831      0.9331248
      94.5      0.9347233      0.9318418
      94.6      0.9335370      0.9305300
      94.7      0.9323244      0.9291893
      94.8      0.9310855      0.9278200
      94.9      0.9298203      0.9264221
      95.0      0.9285291      0.9249957
      95.1      0.9272117      0.9235410
      95.2      0.9258685      0.9220580
      95.3      0.9244993      0.9205468
      95.4      0.9231044      0.9190076
      95.5      0.9216838      0.9174405
      95.6      0.9202376      0.9158456
      95.7      0.9187658      0.9142231
      95.8      0.9172687      0.9125730
      95.9      0.9157463      0.9108954
      96.0      0.9141987      0.9091906
      96.1      0.9126260      0.9074587
      96.2      0.9110283      0.9056997
      96.3      0.9094058      0.9039138
      96.4      0.9077584      0.9021012
      96.5      0.9060864      0.9002620
      96.6      0.9043899      0.8983963
      96.7      0.9026689      0.8965043
      96.8      0.9009237      0.8945861
      96.9      0.8991542      0.8926419
      97.0      0.8973606      0.8906719
      97.1      0.8955432      0.8886761
      97.2      0.8937018      0.8866547
      97.3      0.8918368      0.8846080
      97.4      0.8899482      0.8825360
      97.5      0.8880362      0.8804389
      97.6      0.8861008      0.8783169
      97.7      0.8841423      0.8761702
      97.8      0.8821607      0.8739988
      97.9      0.8801562      0.8718031
      98.0      0.8781290      0.8695831
      98.1      0.8760791      0.8673391
      98.2      0.8740068      0.8650711
      98.3      0.8719121      0.8627795
      98.4      0.8697952      0.8604643
      98.5      0.8676562      0.8581258
      98.6      0.8654954      0.8557641
      98.7      0.8633128      0.8533794
      98.8      0.8611086      0.8509719
      98.9      0.8588829      0.8485419
      99.0      0.8566360      0.8460894
      99.1      0.8543679      0.8436147
      99.2      0.8520789      0.8411180
      99.3      0.8497691      0.8385995
      99.4      0.8474386      0.8360593
      99.5      0.8450876      0.8334977
      99.6      0.8427163      0.8309149
      99.7      0.8403248      0.8283111
      99.8      0.8379134      0.8256865
      99.9      0.8354821      0.8230412
     100.0      0.8330312      0.8203756
     100.1      0.8305608      0.8176898
     100.2      0.8280712      0.8149840
     100.3      0.8255624      0.8122585
     100.4      0.8230347      0.8095134
     100.5      0.8204882      0.8067490
     100.6      0.8179231      0.8039655
     100.7      0.8153397      0.8011632
     100.8      0.8127380      0.7983422
     100.9      0.8101183      0.7955027
     101.0      0.8074807      0.7926450
     101.1      0.8048255      0.7897694
     101.2      0.8021529      0.7868760
     101.3      0.7994629      0.7839651
     101.4      0.7967559      0.7810369
     101.5      0.7940320      0.7780916
     101.6      0.7912914      0.7751295
     101.7      0.7885344      0.7721508
     101.8      0.7857610      0.7691558
     101.9      0.7829716      0.7661447
     102.0      0.7801662      0.7631177
     102.1      0.7773452      0.7600751
     102.2      0.7745087      0.7570171
     102.3      0.7716569      0.7539439
     102.4      0.7687900      0.7508559
     102.5      0.7659083      0.7477532
     102.6      0.7630119      0.7446361
     102.7      0.7601010      0.7415048
     102.8      0.7571760      0.7383597
     102.9      0.7542369      0.7352008
     103.0      0.7512840      0.7320286
     103.1      0.7483175      0.7288433
     103.2      0.7453377      0.7256450
     103.3      0.7423447      0.7224341
     103.4      0.7393387      0.7192109
     103.5      0.7363201      0.7159755
     103.6      0.7332889      0.7127283
     103.7      0.7302455      0.7094694
     103.8      0.7271901      0.7061992
     103.9      0.7241228      0.7029179
     104.0      0.7210439      0.6996259
     104.1      0.7179537      0.6963232
     104.2      0.7148523      0.6930103
     104.3      0.7117401      0.6896873
     104.4      0.7086171      0.6863546
     104.5      0.7054837      0.6830124
     104.6      0.7023401      0.6796610
     104.7      0.6991866      0.6763006
     104.8      0.6960232      0.6729315
     104.9      0.6928504      0.6695541
     105.0      0.6896683      0.6661684
     105.1      0.6864772      0.6627749
     105.2      0.6832773      0.6593739
     105.3      0.6800688      0.6559654
     105.4      0.6768521      0.6525500
     105.5      0.6736272      0.6491277
     105.6      0.6703946      0.6456990
     105.7      0.6671543      0.6422640
     105.8      0.6639068      0.6388230
     105.9      0.6606521      0.6353764
     106.0      0.6573906      0.6319244
     106.1      0.6541225      0.6284673
     106.2      0.6508481      0.6250053
     106.3      0.6475675      0.6215387
     106.4      0.6442811      0.6180679
     106.5      0.6409892      0.6145931
     106.6      0.6376918      0.6111145
     106.7      0.6343894      0.6076325
     106.8      0.6310822      0.6041473
     106.9      0.6277703      0.6006592
     107.0      0.6244542      0.5971685
     107.1      0.6211339      0.5936755
     107.2      0.6178099      0.5901804
     107.3      0.6144823      0.5866836
     107.4      0.6111513      0.5831853
     107.5      0.6078174      0.5796857
     107.6      0.6044806      0.5761853
     107.7      0.6011414      0.5726842
     107.8      0.5977998      0.5691828
     107.9      0.5944563      0.5656813
     108.0      0.5911110      0.5621800
     108.1      0.5877643      0.5586792
     108.2      0.5844163      0.5551792
     108.3      0.5810674      0.5516802
     108.4      0.5777178      0.5481825
     108.5      0.5743677      0.5446865
     108.6      0.5710175      0.5411924
     108.7      0.5676674      0.5377004
     108.8      0.5643177      0.5342109
     108.9      0.5609686      0.5307242
     109.0      0.5576204      0.5272405
     109.1      0.5542734      0.5237601
     109.2      0.5509278      0.5202832
     109.3      0.5475840      0.5168103
     109.4      0.5442421      0.5133415
     109.5      0.5409025      0.5098771
     109.6      0.5375653      0.5064174
     109.7      0.5342310      0.5029627
     109.8      0.5308997      0.4995133
     109.9      0.5275718      0.4960695
     110.0      0.5242474      0.4926314
     110.1      0.5209269      0.4891995
     110.2      0.5176105      0.4857739
     110.3      0.5142986      0.4823550
     110.4      0.5109913      0.4789430
     110.5      0.5076890      0.4755382
     110.6      0.5043920      0.4721409
     110.7      0.5011004      0.4687514
     110.8      0.4978146      0.4653698
     110.9      0.4945348      0.4619966
     111.0      0.4912614      0.4586320
     111.1      0.4879945      0.4552762
     111.2      0.4847345      0.4519295
     111.3      0.4814817      0.4485923
     111.4      0.4782363      0.4452646
     111.5      0.4749985      0.4419470
     111.6      0.4717687      0.4386395
     111.7      0.4685472      0.4353424
     111.8      0.4653341      0.4320561
     111.9      0.4621299      0.4287808
     112.0      0.4589347      0.4255168
     112.1      0.4557488      0.4222643
     112.2      0.4525725      0.4190236
     112.3      0.4494061      0.4157949
     112.4      0.4462499      0.4125786
     112.5      0.4431041      0.4093748
     112.6      0.4399690      0.4061839
     112.7      0.4368448      0.4030060
     112.8      0.4337320      0.3998415
     112.9      0.4306306      0.3966906
     113.0      0.4275410      0.3935536
     113.1      0.4244635      0.3904307
     113.2      0.4213984      0.3873221
     113.3      0.4183458      0.3842282
     113.4      0.4153062      0.3811492
     113.5      0.4122797      0.3780852
     113.6      0.4092666      0.3750367
     113.7      0.4062672      0.3720037
     113.8      0.4032818      0.3689866
     113.9      0.4003107      0.3659856
     114.0      0.3973541      0.3630010
     114.1      0.3944123      0.3600330
     114.2      0.3914855      0.3570818
     114.3      0.3885741      0.3541477
     114.4      0.3856782      0.3512309
     114.5      0.3827983      0.3483316
     114.6      0.3799344      0.3454501
     114.7      0.3770870      0.3425866
     114.8      0.3742563      0.3397414
     114.9      0.3714425      0.3369147
     115.0      0.3686459      0.3341066
     115.1      0.3658668      0.3313176
     115.2      0.3631054      0.3285476
     115.3      0.3603621      0.3257971
     115.4      0.3576370      0.3230662
     115.5      0.3549305      0.3203551
     115.6      0.3522428      0.3176640
     115.7      0.3495742      0.3149933
     115.8      0.3469249      0.3123430
     115.9      0.3442952      0.3097134
     116.0      0.3416854      0.3071048
     116.1      0.3390957      0.3045173
     116.2      0.3365263      0.3019511
     116.3      0.3339777      0.2994065
     116.4      0.3314499      0.2968836
     116.5      0.3289433      0.2943827
     116.6      0.3264581      0.2919039
     116.7      0.3239946      0.2894475
     116.8      0.3215531      0.2870137
     116.9      0.3191338      0.2846027
     117.0      0.3167369      0.2822146
     117.1      0.3143627      0.2798497
     117.2      0.3120114      0.2775081
     117.3      0.3096834      0.2751900
     117.4      0.3073789      0.2728957
     117.5      0.3050981      0.2706253
     117.6      0.3028412      0.2683790
     117.7      0.3006086      0.2661570
     117.8      0.2984005      0.2639594
     117.9      0.2962171      0.2617865
     118.0      0.2940586      0.2596383
     118.1      0.2919254      0.2575152
     118.2      0.2898176      0.2554173
     118.3      0.2877356      0.2533446
     118.4      0.2856794      0.2512975
     118.5      0.2836495      0.2492761
     118.6      0.2816461      0.2472805
     118.7      0.2796693      0.2453108
     118.8      0.2777194      0.2433674
     118.9      0.2757967      0.2414502
     119.0      0.2739014      0.2395596
     119.1      0.2720337      0.2376955
     119.2      0.2701939      0.2358582
     119.3      0.2683822      0.2340479
     119.4      0.2665989      0.2322646
     119.5      0.2648441      0.2305086
     119.6      0.2631182      0.2287799
     119.7      0.2614212      0.2270787
     119.8      0.2597536      0.2254052
     119.9      0.2581154      0.2237594
     120.0      0.2565070      0.2221416
     120.1      0.2549285      0.2205518
     120.2      0.2533802      0.2189902
     120.3      0.2518624      0.2174568
     120.4      0.2503751      0.2159519
     120.5      0.2489187      0.2144756
     120.6      0.2474933      0.2130279
     120.7      0.2460993      0.2116090
     120.8      0.2447367      0.2102190
     120.9      0.2434059      0.2088580
     121.0      0.2421070      0.2075262
     121.1      0.2408402      0.2062236
     121.2      0.2396059      0.2049503
     121.3      0.2384041      0.2037065
     121.4      0.2372351      0.2024922
     121.5      0.2360990      0.2013075
     121.6      0.2349962      0.2001526
     121.7      0.2339268      0.1990276
     121.8      0.2328911      0.1979324
     121.9      0.2318891      0.1968673
     122.0      0.2309212      0.1958323
     122.1      0.2299875      0.1948274
     122.2      0.2290882      0.1938528
     122.3      0.2282235      0.1929086
     122.4      0.2273937      0.1919948
     122.5      0.2265988      0.1911115
     122.6      0.2258392      0.1902588
     122.7      0.2251150      0.1894367
     122.8      0.2244263      0.1886453
     122.9      0.2237735      0.1878846
     123.0      0.2231566      0.1871548
     123.1      0.2225758      0.1864559
     123.2      0.2220314      0.1857880
     123.3      0.2215235      0.1851510
     123.4      0.2210524      0.1845451
     123.5      0.2206181      0.1839703
     123.6      0.2202208      0.1834266
     123.7      0.2198608      0.1829141
     123.8      0.2195383      0.1824329
     123.9      0.2192533      0.1819829
     124.0      0.2190060      0.1815642
     124.1      0.2187967      0.1811769
     124.2      0.2186255      0.1808209
     124.3      0.2184926      0.1804964
     124.4      0.2183981      0.1802032
     124.5      0.2183422      0.1799415
     124.6      0.2183250      0.1797113
     124.7      0.2183468      0.1795125
     124.8      0.2184076      0.1793453
     124.9      0.2185077      0.1792095
     125.0      0.2186472      0.1791053
     125.1      0.2188262      0.1790326
     125.2      0.2190449      0.1789914
     125.3      0.2193034      0.1789818
     125.4      0.2196020      0.1790037
     125.5      0.2199407      0.1790571
     125.6      0.2203197      0.1791421
     125.7      0.2207391      0.1792586
     125.8      0.2211990      0.1794065
     125.9      0.2216997      0.1795860
     126.0      0.2222413      0.1797970
     126.1      0.2228238      0.1800394
     126.2      0.2234474      0.1803132
     126.3      0.2241123      0.1806184
     126.4      0.2248186      0.1809551
     126.5      0.2255664      0.1813231
     126.6      0.2263558      0.1817224
     126.7      0.2271869      0.1821530
     126.8      0.2280600      0.1826148
     126.9      0.2289751      0.1831078
     127.0      0.2299323      0.1836321
     127.1      0.2309317      0.1841874
     127.2      0.2319735      0.1847738
     127.3      0.2330577      0.1853913
     127.4      0.2341846      0.1860397
     127.5      0.2353541      0.1867190
     127.6      0.2365665      0.1874292
     127.7      0.2378217      0.1881701
     127.8      0.2391199      0.1889418
     127.9      0.2404613      0.1897442
     128.0      0.2418459      0.1905772
     128.1      0.2432738      0.1914406
     128.2      0.2447451      0.1923346
     128.3      0.2462598      0.1932589
     128.4      0.2478182      0.1942135
     128.5      0.2494203      0.1951983
     128.6      0.2510661      0.1962133
     128.7      0.2527558      0.1972583
     128.8      0.2544894      0.1983333
     128.9      0.2562671      0.1994381
     129.0      0.2580888      0.2005727
     129.1      0.2599547      0.2017369
     129.2      0.2618649      0.2029308
     129.3      0.2638194      0.2041541
     129.4      0.2658183      0.2054067
     129.5      0.2678617      0.2066887
     129.6      0.2699496      0.2079997
     129.7      0.2720821      0.2093399
     129.8      0.2742593      0.2107089
     129.9      0.2764812      0.2121067
     130.0      0.2787479      0.2135333
     130.1      0.2810594      0.2149884
     130.2      0.2834159      0.2164719
     130.3      0.2858173      0.2179838
     130.4      0.2882636      0.2195238
     130.5      0.2907551      0.2210919
     130.6      0.2932916      0.2226879
     130.7      0.2958733      0.2243117
     130.8      0.2985002      0.2259632
     130.9      0.3011723      0.2276421
     131.0      0.3038896      0.2293484
     131.1      0.3066523      0.2310819
     131.2      0.3094603      0.2328425
     131.3      0.3123136      0.2346300
     131.4      0.3152124      0.2364443
     131.5      0.3181565      0.2382852
     131.6      0.3211462      0.2401525
     131.7      0.3241812      0.2420461
     131.8      0.3272618      0.2439658
     131.9      0.3303879      0.2459115
     132.0      0.3335595      0.2478830
     132.1      0.3367767      0.2498802
     132.2      0.3400394      0.2519027
     132.3      0.3433476      0.2539506
     132.4      0.3467015      0.2560236
     132.5      0.3501009      0.2581215
     132.6      0.3535459      0.2602441
     132.7      0.3570365      0.2623913
     132.8      0.3605726      0.2645629
     132.9      0.3641544      0.2667587
     133.0      0.3677817      0.2689785
     133.1      0.3714545      0.2712221
     133.2      0.3751730      0.2734893
     133.3      0.3789369      0.2757800
     133.4      0.3827465      0.2780939
     133.5      0.3866015      0.2804308
     133.6      0.3905020      0.2827905
     133.7      0.3944480      0.2851729
     133.8      0.3984394      0.2875777
     133.9      0.4024763      0.2900047
     134.0      0.4065585      0.2924537
     134.1      0.4106861      0.2949245
     134.2      0.4148591      0.2974169
     134.3      0.4190774      0.2999306
     134.4      0.4233409      0.3024655
     134.5      0.4276497      0.3050213
     134.6      0.4320037      0.3075979
     134.7      0.4364028      0.3101949
     134.8      0.4408470      0.3128121
     134.9      0.4453362      0.3154494
     135.0      0.4498705      0.3181065
     135.1      0.4544497      0.3207831
     135.2      0.4590739      0.3234791
     135.3      0.4637428      0.3261942
     135.4      0.4684566      0.3289282
     135.5      0.4732151      0.3316808
     135.6      0.4780182      0.3344518
     135.7      0.4828659      0.3372410
     135.8      0.4877582      0.3400480
     135.9      0.4926949      0.3428727
     136.0      0.4976761      0.3457148
     136.1      0.5027015      0.3485741
     136.2      0.5077712      0.3514504
     136.3      0.5128850      0.3543433
     136.4      0.5180430      0.3572526
     136.5      0.5232449      0.3601780
     136.6      0.5284908      0.3631194
     136.7      0.5337804      0.3660764
     136.8      0.5391139      0.3690488
     136.9      0.5444909      0.3720364
     137.0      0.5499116      0.3750388
     137.1      0.5553757      0.3780558
     137.2      0.5608831      0.3810871
     137.3      0.5664338      0.3841326
     137.4      0.5720277      0.3871918
     137.5      0.5776646      0.3902646
     137.6      0.5833445      0.3933506
     137.7      0.5890673      0.3964496
     137.8      0.5948327      0.3995614
     137.9      0.6006408      0.4026856
     138.0      0.6064914      0.4058219
     138.1      0.6123844      0.4089702
     138.2      0.6183196      0.4121301
     138.3      0.6242970      0.4153013
     138.4      0.6303164      0.4184836
     138.5      0.6363777      0.4216766
     138.6      0.6424808      0.4248802
     138.7      0.6486255      0.4280939
     138.8      0.6548118      0.4313176
     138.9      0.6610394      0.4345509
     139.0      0.6673082      0.4377936
     139.1      0.6736181      0.4410453
     139.2      0.6799690      0.4443058
     139.3      0.6863608      0.4475748
     139.4      0.6927931      0.4508519
     139.5      0.6992661      0.4541370
     139.6      0.7057794      0.4574296
     139.7      0.7123329      0.4607296
     139.8      0.7189265      0.4640366
     139.9      0.7255600      0.4673503
     140.0      0.7322332      0.4706705
     140.1      0.7389461      0.4739967
     140.2      0.7456984      0.4773288
     140.3      0.7524900      0.4806664
     140.4      0.7593207      0.4840092
     140.5      0.7661903      0.4873570
     140.6      0.7730988      0.4907094
     140.7      0.7800458      0.4940661
     140.8      0.7870312      0.4974268
     140.9      0.7940549      0.5007912
     141.0      0.8011167      0.5041591
     141.1      0.8082164      0.5075300
     141.2      0.8153538      0.5109038
     141.3      0.8225287      0.5142801
     141.4      0.8297410      0.5176585
     141.5      0.8369905      0.5210388
     141.6      0.8442769      0.5244207
     141.7      0.8516001      0.5278039
     141.8      0.8589599      0.5311880
     141.9      0.8663560      0.5345728
     142.0      0.8737884      0.5379579
     142.1      0.8812568      0.5413430
     142.2      0.8887610      0.5447279
     142.3      0.8963007      0.5481121
     142.4      0.9038759      0.5514955
     142.5      0.9114862      0.5548776
     142.6      0.9191315      0.5582583
     142.7      0.9268116      0.5616371
     142.8      0.9345262      0.5650137
     142.9      0.9422752      0.5683879
     143.0      0.9500582      0.5717593
     143.1      0.9578752      0.5751277
     143.2      0.9657259      0.5784926
     143.3      0.9736100      0.5818538
     143.4      0.9815274      0.5852110
     143.5      0.9894778      0.5885639
     143.6      0.9974610      0.5919122
     143.7      1.0054767      0.5952555
     143.8      1.0135248      0.5985935
     143.9      1.0216049      0.6019259
     144.0      1.0297170      0.6052524
     144.1      1.0378606      0.6085728
     144.2      1.0460357      0.6118866
     144.3      1.0542419      0.6151936
     144.4      1.0624790      0.6184934
     144.5      1.0707468      0.6217858
     144.6      1.0790450      0.6250705
     144.7      1.0873734      0.6283470
     144.8      1.0957317      0.6316152
     144.9      1.1041197      0.6348746
     145.0      1.1125371      0.6381251
     145.1      1.1209838      0.6413662
     145.2      1.1294593      0.6445977
     145.3      1.1379635      0.6478193
     145.4      1.1464961      0.6510307
     145.5      1.1550569      0.6542314
     145.6      1.1636456      0.6574214
     145.7      1.1722619      0.6606001
     145.8      1.1809055      0.6637674
     145.9      1.1895763      0.6669229
     146.0      1.1982739      0.6700663
     146.1      1.2069981      0.6731973
     146.2      1.2157485      0.6763156
     146.3      1.2245250      0.6794209
     146.4      1.2333272      0.6825129
     146.5      1.2421550      0.6855913
     146.6      1.2510079      0.6886557
     146.7      1.2598857      0.6917060
     146.8      1.2687882      0.6947418
     146.9      1.2777151      0.6977627
     147.0      1.2866660      0.7007685
     147.1      1.2956407      0.7037589
     147.2      1.3046390      0.7067337
     147.3      1.3136605      0.7096924
     147.4      1.3227049      0.7126348
     147.5      1.3317720      0.7155606
     147.6      1.3408614      0.7184695
     147.7      1.3499729      0.7213612
     147.8      1.3591062      0.7242355
     147.9      1.3682610      0.7270920
     148.0      1.3774370      0.7299304
     148.1      1.3866338      0.7327505
     148.2      1.3958513      0.7355519
     148.3      1.4050890      0.7383345
     148.4      1.4143468      0.7410978
     148.5      1.4236242      0.7438416
     148.6      1.4329211      0.7465657
     148.7      1.4422370      0.7492697
     148.8      1.4515717      0.7519533
     148.9      1.4609249      0.7546164
     149.0      1.4702962      0.7572585
     149.1      1.4796854      0.7598795
     149.2      1.4890921      0.7624790
     149.3      1.4985161      0.7650568
     149.4      1.5079570      0.7676126
     149.5      1.5174145      0.7701461
     149.6      1.5268883      0.7726571
     149.7      1.5363781      0.7751452
     149.8      1.5458836      0.7776103
     149.9      1.5554044      0.7800520
     150.0      1.5649402      0.7824701
     150.1      1.5744907      0.7848643
     150.2      1.5840556      0.7872344
     150.3      1.5936346      0.7895801
     150.4      1.6032273      0.7919011
     150.5      1.6128334      0.7941972
     150.6      1.6224527      0.7964681
     150.7      1.6320846      0.7987136
     150.8      1.6417291      0.8009334
     150.9      1.6513856      0.8031272
     151.0      1.6610539      0.8052949
     151.1      1.6707337      0.8074362
     151.2      1.6804246      0.8095507
     151.3      1.6901262      0.8116383
     151.4      1.6998384      0.8136988
     151.5      1.7095606      0.8157318
     151.6      1.7192927      0.8177372
     151.7      1.7290342      0.8197147
     151.8      1.7387848      0.8216641
     151.9      1.7485442      0.8235851
     152.0      1.7583121      0.8254775
     152.1      1.7680881      0.8273411
     152.2      1.7778718      0.8291757
     152.3      1.7876630      0.8309809
     152.4      1.7974613      0.8327567
     152.5      1.8072663      0.8345027
     152.6      1.8170777      0.8362188
     152.7      1.8268952      0.8379047
     152.8      1.8367185      0.8395602
     152.9      1.8465471      0.8411851
     153.0      1.8563807      0.8427792
     153.1      1.8662191      0.8443423
     153.2      1.8760618      0.8458741
     153.3      1.8859085      0.8473745
     153.4      1.8957589      0.8488433
     153.5      1.9056125      0.8502801
     153.6      1.9154692      0.8516850
     153.7      1.9253284      0.8530576
     153.8      1.9351900      0.8543977
     153.9      1.9450534      0.8557052
     154.0      1.9549185      0.8569798
     154.1      1.9647847      0.8582215
     154.2      1.9746518      0.8594299
     154.3      1.9845195      0.8606049
     154.4      1.9943873      0.8617463
     154.5      2.0042549      0.8628540
     154.6      2.0141220      0.8639277
     154.7      2.0239882      0.8649673
     154.8      2.0338532      0.8659726
     154.9      2.0437166      0.8669434
     155.0      2.0535781      0.8678796
     155.1      2.0634373      0.8687810
     155.2      2.0732938      0.8696474
     155.3      2.0831473      0.8704787
     155.4      2.0929975      0.8712746
     155.5      2.1028439      0.8720352
     155.6      2.1126863      0.8727601
     155.7      2.1225243      0.8734492
     155.8      2.1323575      0.8741025
     155.9      2.1421856      0.8747196
     156.0      2.1520082      0.8753006
     156.1      2.1618250      0.8758452
     156.2      2.1716355      0.8763533
     156.3      2.1814396      0.8768248
     156.4      2.1912367      0.8772595
     156.5      2.2010266      0.8776573
     156.6      2.2108088      0.8780181
     156.7      2.2205831      0.8783417
     156.8      2.2303491      0.8786280
     156.9      2.2401064      0.8788769
     157.0      2.2498546      0.8790882
     157.1      2.2595935      0.8792619
     157.2      2.2693226      0.8793979
     157.3      2.2790416      0.8794959
     157.4      2.2887502      0.8795560
     157.5      2.2984479      0.8795779
     157.6      2.3081345      0.8795617
     157.7      2.3178096      0.8795071
     157.8      2.3274728      0.8794141
     157.9      2.3371237      0.8792827
     158.0      2.3467621      0.8791126
     158.1      2.3563875      0.8789038
     158.2      2.3659997      0.8786562
     158.3      2.3755982      0.8783697
     158.4      2.3851826      0.8780443
     158.5      2.3947528      0.8776798
     158.6      2.4043082      0.8772762
     158.7      2.4138486      0.8768335
     158.8      2.4233735      0.8763514
     158.9      2.4328827      0.8758300
     159.0      2.4423758      0.8752692
     159.1      2.4518524      0.8746689
     159.2      2.4613122      0.8740291
     159.3      2.4707548      0.8733497
     159.4      2.4801799      0.8726306
     159.5      2.4895871      0.8718718
     159.6      2.4989761      0.8710732
     159.7      2.5083465      0.8702348
     159.8      2.5176980      0.8693566
     159.9      2.5270303      0.8684385
     160.0      2.5363429      0.8674804
     160.1      2.5456356      0.8664823
     160.2      2.5549079      0.8654442
     160.3      2.5641597      0.8643661
     160.4      2.5733904      0.8632478
     160.5      2.5825997      0.8620895
     160.6      2.5917874      0.8608910
     160.7      2.6009531      0.8596524
     160.8      2.6100963      0.8583736
     160.9      2.6192169      0.8570546
     161.0      2.6283144      0.8556955
     161.1      2.6373885      0.8542961
     161.2      2.6464388      0.8528564
     161.3      2.6554651      0.8513766
     161.4      2.6644669      0.8498565
     161.5      2.6734440      0.8482962
     161.6      2.6823960      0.8466957
     161.7      2.6913226      0.8450550
     161.8      2.7002233      0.8433740
     161.9      2.7090980      0.8416529
     162.0      2.7179463      0.8398916
     162.1      2.7267677      0.8380901
     162.2      2.7355621      0.8362485
     162.3      2.7443290      0.8343668
     162.4      2.7530682      0.8324449
     162.5      2.7617792      0.8304830
     162.6      2.7704619      0.8284811
     162.7      2.7791157      0.8264392
     162.8      2.7877405      0.8243573
     162.9      2.7963359      0.8222355
     163.0      2.8049015      0.8200738
     163.1      2.8134371      0.8178723
     163.2      2.8219423      0.8156310
     163.3      2.8304167      0.8133500
     163.4      2.8388602      0.8110293
     163.5      2.8472723      0.8086690
     163.6      2.8556527      0.8062691
     163.7      2.8640011      0.8038298
     163.8      2.8723172      0.8013510
     163.9      2.8806007      0.7988328
     164.0      2.8888513      0.7962753
     164.1      2.8970686      0.7936786
     164.2      2.9052523      0.7910428
     164.3      2.9134022      0.7883679
     164.4      2.9215178      0.7856540
     164.5      2.9295990      0.7829013
     164.6      2.9376453      0.7801097
     164.7      2.9456566      0.7772794
     164.8      2.9536324      0.7744105
     164.9      2.9615725      0.7715030
     165.0      2.9694766      0.7685571
     165.1      2.9773443      0.7655729
     165.2      2.9851754      0.7625504
     165.3      2.9929696      0.7594898
     165.4      3.0007265      0.7563912
     165.5      3.0084459      0.7532547
     165.6      3.0161275      0.7500804
     165.7      3.0237709      0.7468684
     165.8      3.0313760      0.7436189
     165.9      3.0389423      0.7403320
     166.0      3.0464697      0.7370077
     166.1      3.0539577      0.7336463
     166.2      3.0614062      0.7302478
     166.3      3.0688149      0.7268124
     166.4      3.0761833      0.7233403
     166.5      3.0835114      0.7198314
     166.6      3.0907988      0.7162861
     166.7      3.0980451      0.7127045
     166.8      3.1052502      0.7090866
     166.9      3.1124138      0.7054327
     167.0      3.1195355      0.7017428
     167.1      3.1266151      0.6980172
     167.2      3.1336524      0.6942560
     167.3      3.1406470      0.6904593
     167.4      3.1475988      0.6866274
     167.5      3.1545073      0.6827603
     167.6      3.1613724      0.6788583
     167.7      3.1681938      0.6749215
     167.8      3.1749712      0.6709501
     167.9      3.1817043      0.6669443
     168.0      3.1883930      0.6629042
     168.1      3.1950369      0.6588300
     168.2      3.2016358      0.6547219
     168.3      3.2081895      0.6505801
     168.4      3.2146976      0.6464047
     168.5      3.2211600      0.6421960
     168.6      3.2275763      0.6379541
     168.7      3.2339463      0.6336793
     168.8      3.2402699      0.6293717
     168.9      3.2465467      0.6250315
     169.0      3.2527764      0.6206590
     169.1      3.2589589      0.6162543
     169.2      3.2650940      0.6118176
     169.3      3.2711813      0.6073492
     169.4      3.2772206      0.6028492
     169.5      3.2832118      0.5983178
     169.6      3.2891545      0.5937554
     169.7      3.2950486      0.5891620
     169.8      3.3008937      0.5845379
     169.9      3.3066898      0.5798834
     170.0      3.3124365      0.5751986
     170.1      3.3181336      0.5704837
     170.2      3.3237810      0.5657391
     170.3      3.3293783      0.5609649
     170.4      3.3349255      0.5561613
     170.5      3.3404222      0.5513287
     170.6      3.3458682      0.5464671
     170.7      3.3512634      0.5415770
     170.8      3.3566075      0.5366584
     170.9      3.3619003      0.5317116
     171.0      3.3671416      0.5267370
     171.1      3.3723312      0.5217347
     171.2      3.3774689      0.5167049
     171.3      3.3825546      0.5116480
     171.4      3.3875879      0.5065641
     171.5      3.3925688      0.5014536
     171.6      3.3974969      0.4963166
     171.7      3.4023722      0.4911535
     171.8      3.4071944      0.4859645
     171.9      3.4119633      0.4807498
     172.0      3.4166789      0.4755098
     172.1      3.4213407      0.4702446
     172.2      3.4259488      0.4649546
     172.3      3.4305029      0.4596400
     172.4      3.4350028      0.4543011
     172.5      3.4394484      0.4489381
     172.6      3.4438394      0.4435514
     172.7      3.4481758      0.4381411
     172.8      3.4524573      0.4327076
     172.9      3.4566838      0.4272512
     173.0      3.4608551      0.4217721
     173.1      3.4649710      0.4162707
     173.2      3.4690315      0.4107471
     173.3      3.4730362      0.4052017
     173.4      3.4769851      0.3996348
     173.5      3.4808781      0.3940466
     173.6      3.4847149      0.3884374
     173.7      3.4884954      0.3828076
     173.8      3.4922194      0.3771575
     173.9      3.4958869      0.3714872
     174.0      3.4994977      0.3657971
     174.1      3.5030516      0.3600876
     174.2      3.5065485      0.3543588
     174.3      3.5099882      0.3486112
     174.4      3.5133707      0.3428449
     174.5      3.5166958      0.3370604
     174.6      3.5199633      0.3312578
     174.7      3.5231731      0.3254376
     174.8      3.5263252      0.3196000
     174.9      3.5294193      0.3137453
     175.0      3.5324554      0.3078738
     175.1      3.5354334      0.3019858
     175.2      3.5383530      0.2960818
     175.3      3.5412143      0.2901618
     175.4      3.5440171      0.2842264
     175.5      3.5467612      0.2782757
     175.6      3.5494467      0.2723101
     175.7      3.5520733      0.2663299
     175.8      3.5546410      0.2603355
     175.9      3.5571496      0.2543271
     176.0      3.5595991      0.2483051
     176.1      3.5619894      0.2422697
     176.2      3.5643204      0.2362214
     176.3      3.5665920      0.2301604
     176.4      3.5688040      0.2240871
     176.5      3.5709565      0.2180017
     176.6      3.5730493      0.2119046
     176.7      3.5750824      0.2057961
     176.8      3.5770556      0.1996766
     176.9      3.5789689      0.1935464
     177.0      3.5808223      0.1874058
     177.1      3.5826155      0.1812551
     177.2      3.5843487      0.1750946
     177.3      3.5860216      0.1689248
     177.4      3.5876343      0.1627458
     177.5      3.5891867      0.1565581
     177.6      3.5906786      0.1503620
     177.7      3.5921102      0.1441578
     177.8      3.5934812      0.1379459
     177.9      3.5947917      0.1317265
     178.0      3.5960415      0.1255000
     178.1      3.5972307      0.1192668
     178.2      3.5983592      0.1130272
     178.3      3.5994270      0.1067815
     178.4      3.6004339      0.1005300
     178.5      3.6013801      0.0942731
     178.6      3.6022653      0.0880112
     178.7      3.6030897      0.0817445
     178.8      3.6038531      0.0754734
     178.9      3.6045556      0.0691982
     179.0      3.6051971      0.0629194
     179.1      3.6057775      0.0566371
     179.2      3.6062970      0.0503518
     179.3      3.6067553      0.0440637
     179.4      3.6071526      0.0377733
     179.5      3.6074888      0.0314809
     179.6      3.6077639      0.0251867
     179.7      3.6079778      0.0188912
     179.8      3.6081307      0.0125947
     179.9      3.6082224      0.0062975
     180.0      3.6082529      0.0000000
