 # List of d(q) for j, j' =            4          43
 #    0  1.00000000
 #    1  0.37175636
 #    2  0.28487904
 #    3  0.12128954
 #    4  0.15847572
 #    5  0.08057825
 #    6  0.12206370
 #    7  0.05655081
 #    8  0.12408710
       0.0      4.2838880      0.0000000
       0.1      4.2837888      0.0074766
       0.2      4.2834911      0.0149522
       0.3      4.2829949      0.0224256
       0.4      4.2823004      0.0298959
       0.5      4.2814075      0.0373619
       0.6      4.2803165      0.0448226
       0.7      4.2790274      0.0522769
       0.8      4.2775404      0.0597238
       0.9      4.2758556      0.0671622
       1.0      4.2739733      0.0745911
       1.1      4.2718937      0.0820094
       1.2      4.2696170      0.0894161
       1.3      4.2671435      0.0968101
       1.4      4.2644736      0.1041904
       1.5      4.2616074      0.1115559
       1.6      4.2585453      0.1189056
       1.7      4.2552878      0.1262384
       1.8      4.2518352      0.1335534
       1.9      4.2481878      0.1408494
       2.0      4.2443462      0.1481255
       2.1      4.2403108      0.1553807
       2.2      4.2360820      0.1626139
       2.3      4.2316604      0.1698241
       2.4      4.2270465      0.1770103
       2.5      4.2222408      0.1841716
       2.6      4.2172439      0.1913068
       2.7      4.2120564      0.1984150
       2.8      4.2066788      0.2054953
       2.9      4.2011119      0.2125466
       3.0      4.1953563      0.2195680
       3.1      4.1894126      0.2265585
       3.2      4.1832816      0.2335171
       3.3      4.1769640      0.2404429
       3.4      4.1704605      0.2473349
       3.5      4.1637718      0.2541922
       3.6      4.1568989      0.2610138
       3.7      4.1498424      0.2677989
       3.8      4.1426032      0.2745465
       3.9      4.1351822      0.2812556
       4.0      4.1275802      0.2879254
       4.1      4.1197981      0.2945550
       4.2      4.1118369      0.3011435
       4.3      4.1036974      0.3076900
       4.4      4.0953807      0.3141936
       4.5      4.0868876      0.3206535
       4.6      4.0782192      0.3270688
       4.7      4.0693766      0.3334386
       4.8      4.0603606      0.3397622
       4.9      4.0511724      0.3460387
       5.0      4.0418131      0.3522672
       5.1      4.0322837      0.3584470
       5.2      4.0225854      0.3645773
       5.3      4.0127193      0.3706572
       5.4      4.0026865      0.3766861
       5.5      3.9924883      0.3826630
       5.6      3.9821257      0.3885874
       5.7      3.9716000      0.3944583
       5.8      3.9609124      0.4002751
       5.9      3.9500642      0.4060371
       6.0      3.9390566      0.4117435
       6.1      3.9278909      0.4173937
       6.2      3.9165684      0.4229869
       6.3      3.9050904      0.4285224
       6.4      3.8934582      0.4339996
       6.5      3.8816732      0.4394179
       6.6      3.8697367      0.4447765
       6.7      3.8576501      0.4500749
       6.8      3.8454148      0.4553124
       6.9      3.8330323      0.4604884
       7.0      3.8205038      0.4656023
       7.1      3.8078310      0.4706535
       7.2      3.7950151      0.4756415
       7.3      3.7820578      0.4805657
       7.4      3.7689605      0.4854255
       7.5      3.7557247      0.4902204
       7.6      3.7423518      0.4949499
       7.7      3.7288435      0.4996135
       7.8      3.7152013      0.5042107
       7.9      3.7014268      0.5087409
       8.0      3.6875214      0.5132038
       8.1      3.6734868      0.5175988
       8.2      3.6593247      0.5219256
       8.3      3.6450365      0.5261836
       8.4      3.6306239      0.5303725
       8.5      3.6160886      0.5344919
       8.6      3.6014323      0.5385414
       8.7      3.5866565      0.5425206
       8.8      3.5717629      0.5464291
       8.9      3.5567532      0.5502667
       9.0      3.5416292      0.5540329
       9.1      3.5263925      0.5577274
       9.2      3.5110448      0.5613500
       9.3      3.4955879      0.5649004
       9.4      3.4800235      0.5683782
       9.5      3.4643533      0.5717832
       9.6      3.4485791      0.5751152
       9.7      3.4327027      0.5783739
       9.8      3.4167258      0.5815592
       9.9      3.4006502      0.5846707
      10.0      3.3844778      0.5877084
      10.1      3.3682102      0.5906720
      10.2      3.3518494      0.5935614
      10.3      3.3353971      0.5963764
      10.4      3.3188552      0.5991169
      10.5      3.3022254      0.6017828
      10.6      3.2855097      0.6043739
      10.7      3.2687098      0.6068903
      10.8      3.2518277      0.6093317
      10.9      3.2348651      0.6116983
      11.0      3.2178240      0.6139898
      11.1      3.2007061      0.6162062
      11.2      3.1835135      0.6183477
      11.3      3.1662479      0.6204141
      11.4      3.1489112      0.6224054
      11.5      3.1315054      0.6243218
      11.6      3.1140323      0.6261631
      11.7      3.0964938      0.6279296
      11.8      3.0788919      0.6296212
      11.9      3.0612283      0.6312381
      12.0      3.0435051      0.6327803
      12.1      3.0257241      0.6342479
      12.2      3.0078873      0.6356412
      12.3      2.9899965      0.6369601
      12.4      2.9720538      0.6382049
      12.5      2.9540609      0.6393758
      12.6      2.9360198      0.6404729
      12.7      2.9179325      0.6414964
      12.8      2.8998009      0.6424465
      12.9      2.8816268      0.6433235
      13.0      2.8634123      0.6441276
      13.1      2.8451592      0.6448590
      13.2      2.8268694      0.6455181
      13.3      2.8085450      0.6461050
      13.4      2.7901877      0.6466202
      13.5      2.7717996      0.6470638
      13.6      2.7533825      0.6474362
      13.7      2.7349384      0.6477377
      13.8      2.7164692      0.6479688
      13.9      2.6979768      0.6481297
      14.0      2.6794631      0.6482208
      14.1      2.6609301      0.6482425
      14.2      2.6423795      0.6481952
      14.3      2.6238134      0.6480793
      14.4      2.6052337      0.6478953
      14.5      2.5866422      0.6476435
      14.6      2.5680408      0.6473244
      14.7      2.5494315      0.6469385
      14.8      2.5308160      0.6464862
      14.9      2.5121964      0.6459681
      15.0      2.4935744      0.6453845
      15.1      2.4749520      0.6447361
      15.2      2.4563309      0.6440234
      15.3      2.4377131      0.6432468
      15.4      2.4191005      0.6424069
      15.5      2.4004948      0.6415043
      15.6      2.3818979      0.6405396
      15.7      2.3633117      0.6395132
      15.8      2.3447379      0.6384258
      15.9      2.3261784      0.6372780
      16.0      2.3076350      0.6360704
      16.1      2.2891095      0.6348036
      16.2      2.2706037      0.6334783
      16.3      2.2521195      0.6320950
      16.4      2.2336585      0.6306544
      16.5      2.2152225      0.6291572
      16.6      2.1968133      0.6276040
      16.7      2.1784327      0.6259956
      16.8      2.1600825      0.6243325
      16.9      2.1417642      0.6226156
      17.0      2.1234798      0.6208454
      17.1      2.1052308      0.6190227
      17.2      2.0870190      0.6171483
      17.3      2.0688460      0.6152228
      17.4      2.0507137      0.6132470
      17.5      2.0326236      0.6112217
      17.6      2.0145774      0.6091475
      17.7      1.9965767      0.6070253
      17.8      1.9786232      0.6048558
      17.9      1.9607186      0.6026398
      18.0      1.9428644      0.6003781
      18.1      1.9250622      0.5980714
      18.2      1.9073136      0.5957206
      18.3      1.8896203      0.5933265
      18.4      1.8719837      0.5908898
      18.5      1.8544054      0.5884115
      18.6      1.8368870      0.5858922
      18.7      1.8194299      0.5833329
      18.8      1.8020358      0.5807343
      18.9      1.7847060      0.5780974
      19.0      1.7674421      0.5754229
      19.1      1.7502456      0.5727117
      19.2      1.7331179      0.5699647
      19.3      1.7160604      0.5671826
      19.4      1.6990745      0.5643665
      19.5      1.6821618      0.5615171
      19.6      1.6653235      0.5586354
      19.7      1.6485610      0.5557221
      19.8      1.6318758      0.5527782
      19.9      1.6152692      0.5498046
      20.0      1.5987424      0.5468021
      20.1      1.5822969      0.5437717
      20.2      1.5659339      0.5407141
      20.3      1.5496547      0.5376305
      20.4      1.5334606      0.5345215
      20.5      1.5173528      0.5313881
      20.6      1.5013326      0.5282313
      20.7      1.4854011      0.5250519
      20.8      1.4695597      0.5218509
      20.9      1.4538095      0.5186291
      21.0      1.4381516      0.5153874
      21.1      1.4225871      0.5121268
      21.2      1.4071174      0.5088482
      21.3      1.3917434      0.5055525
      21.4      1.3764662      0.5022406
      21.5      1.3612870      0.4989133
      21.6      1.3462067      0.4955717
      21.7      1.3312265      0.4922167
      21.8      1.3163474      0.4888491
      21.9      1.3015703      0.4854698
      22.0      1.2868964      0.4820799
      22.1      1.2723264      0.4786801
      22.2      1.2578615      0.4752714
      22.3      1.2435025      0.4718547
      22.4      1.2292504      0.4684309
      22.5      1.2151060      0.4650009
      22.6      1.2010702      0.4615657
      22.7      1.1871439      0.4581260
      22.8      1.1733280      0.4546829
      22.9      1.1596232      0.4512372
      23.0      1.1460304      0.4477897
      23.1      1.1325503      0.4443415
      23.2      1.1191837      0.4408934
      23.3      1.1059314      0.4374462
      23.4      1.0927941      0.4340009
      23.5      1.0797725      0.4305583
      23.6      1.0668673      0.4271193
      23.7      1.0540791      0.4236847
      23.8      1.0414086      0.4202555
      23.9      1.0288564      0.4168325
      24.0      1.0164232      0.4134165
      24.1      1.0041095      0.4100085
      24.2      0.9919159      0.4066092
      24.3      0.9798429      0.4032194
      24.4      0.9678912      0.3998401
      24.5      0.9560611      0.3964721
      24.6      0.9443532      0.3931161
      24.7      0.9327680      0.3897730
      24.8      0.9213059      0.3864437
      24.9      0.9099674      0.3831288
      25.0      0.8987528      0.3798293
      25.1      0.8876625      0.3765459
      25.2      0.8766970      0.3732794
      25.3      0.8658565      0.3700306
      25.4      0.8551415      0.3668002
      25.5      0.8445522      0.3635891
      25.6      0.8340889      0.3603979
      25.7      0.8237520      0.3572275
      25.8      0.8135415      0.3540786
      25.9      0.8034579      0.3509519
      26.0      0.7935013      0.3478481
      26.1      0.7836719      0.3447679
      26.2      0.7739698      0.3417122
      26.3      0.7643953      0.3386815
      26.4      0.7549485      0.3356766
      26.5      0.7456294      0.3326982
      26.6      0.7364383      0.3297469
      26.7      0.7273751      0.3268235
      26.8      0.7184400      0.3239284
      26.9      0.7096329      0.3210625
      27.0      0.7009539      0.3182264
      27.1      0.6924030      0.3154207
      27.2      0.6839803      0.3126460
      27.3      0.6756855      0.3099029
      27.4      0.6675188      0.3071920
      27.5      0.6594800      0.3045140
      27.6      0.6515690      0.3018693
      27.7      0.6437857      0.2992587
      27.8      0.6361301      0.2966826
      27.9      0.6286019      0.2941416
      28.0      0.6212009      0.2916362
      28.1      0.6139271      0.2891670
      28.2      0.6067802      0.2867344
      28.3      0.5997599      0.2843391
      28.4      0.5928661      0.2819815
      28.5      0.5860985      0.2796620
      28.6      0.5794568      0.2773812
      28.7      0.5729407      0.2751396
      28.8      0.5665499      0.2729375
      28.9      0.5602841      0.2707754
      29.0      0.5541430      0.2686538
      29.1      0.5481261      0.2665731
      29.2      0.5422331      0.2645337
      29.3      0.5364637      0.2625359
      29.4      0.5308173      0.2605802
      29.5      0.5252936      0.2586670
      29.6      0.5198922      0.2567965
      29.7      0.5146125      0.2549692
      29.8      0.5094541      0.2531854
      29.9      0.5044165      0.2514454
      30.0      0.4994991      0.2497496
      30.1      0.4947016      0.2480981
      30.2      0.4900232      0.2464914
      30.3      0.4854635      0.2449297
      30.4      0.4810219      0.2434133
      30.5      0.4766978      0.2419424
      30.6      0.4724905      0.2405173
      30.7      0.4683996      0.2391381
      30.8      0.4644243      0.2378052
      30.9      0.4605640      0.2365186
      31.0      0.4568181      0.2352787
      31.1      0.4531858      0.2340856
      31.2      0.4496664      0.2329394
      31.3      0.4462594      0.2318403
      31.4      0.4429639      0.2307884
      31.5      0.4397792      0.2297840
      31.6      0.4367045      0.2288270
      31.7      0.4337392      0.2279177
      31.8      0.4308825      0.2270560
      31.9      0.4281335      0.2262421
      32.0      0.4254914      0.2254761
      32.1      0.4229555      0.2247579
      32.2      0.4205249      0.2240878
      32.3      0.4181988      0.2234655
      32.4      0.4159764      0.2228913
      32.5      0.4138567      0.2223651
      32.6      0.4118390      0.2218868
      32.7      0.4099223      0.2214566
      32.8      0.4081058      0.2210743
      32.9      0.4063885      0.2207398
      33.0      0.4047695      0.2204533
      33.1      0.4032479      0.2202145
      33.2      0.4018228      0.2200234
      33.3      0.4004932      0.2198799
      33.4      0.3992582      0.2197839
      33.5      0.3981168      0.2197354
      33.6      0.3970680      0.2197341
      33.7      0.3961108      0.2197799
      33.8      0.3952443      0.2198727
      33.9      0.3944674      0.2200123
      34.0      0.3937792      0.2201985
      34.1      0.3931785      0.2204312
      34.2      0.3926645      0.2207102
      34.3      0.3922360      0.2210352
      34.4      0.3918920      0.2214060
      34.5      0.3916314      0.2218225
      34.6      0.3914532      0.2222843
      34.7      0.3913564      0.2227912
      34.8      0.3913398      0.2233429
      34.9      0.3914023      0.2239392
      35.0      0.3915429      0.2245798
      35.1      0.3917605      0.2252644
      35.2      0.3920540      0.2259926
      35.3      0.3924223      0.2267642
      35.4      0.3928642      0.2275788
      35.5      0.3933787      0.2284362
      35.6      0.3939646      0.2293358
      35.7      0.3946207      0.2302775
      35.8      0.3953461      0.2312607
      35.9      0.3961394      0.2322852
      36.0      0.3969996      0.2333505
      36.1      0.3979256      0.2344563
      36.2      0.3989161      0.2356021
      36.3      0.3999700      0.2367875
      36.4      0.4010862      0.2380122
      36.5      0.4022635      0.2392755
      36.6      0.4035008      0.2405772
      36.7      0.4047968      0.2419167
      36.8      0.4061504      0.2432937
      36.9      0.4075604      0.2447075
      37.0      0.4090256      0.2461578
      37.1      0.4105450      0.2476440
      37.2      0.4121172      0.2491657
      37.3      0.4137411      0.2507223
      37.4      0.4154156      0.2523134
      37.5      0.4171393      0.2539383
      37.6      0.4189113      0.2555967
      37.7      0.4207302      0.2572879
      37.8      0.4225948      0.2590114
      37.9      0.4245041      0.2607666
      38.0      0.4264568      0.2625530
      38.1      0.4284517      0.2643701
      38.2      0.4304876      0.2662172
      38.3      0.4325634      0.2680937
      38.4      0.4346779      0.2699992
      38.5      0.4368298      0.2719329
      38.6      0.4390180      0.2738944
      38.7      0.4412413      0.2758829
      38.8      0.4434986      0.2778979
      38.9      0.4457886      0.2799387
      39.0      0.4481101      0.2820049
      39.1      0.4504621      0.2840956
      39.2      0.4528433      0.2862103
      39.3      0.4552526      0.2883483
      39.4      0.4576888      0.2905090
      39.5      0.4601507      0.2926918
      39.6      0.4626371      0.2948960
      39.7      0.4651470      0.2971209
      39.8      0.4676791      0.2993659
      39.9      0.4702323      0.3016304
      40.0      0.4728055      0.3039135
      40.1      0.4753975      0.3062148
      40.2      0.4780072      0.3085334
      40.3      0.4806335      0.3108688
      40.4      0.4832751      0.3132202
      40.5      0.4859311      0.3155870
      40.6      0.4886002      0.3179684
      40.7      0.4912814      0.3203638
      40.8      0.4939736      0.3227725
      40.9      0.4966756      0.3251938
      41.0      0.4993864      0.3276269
      41.1      0.5021048      0.3300713
      41.2      0.5048298      0.3325261
      41.3      0.5075604      0.3349907
      41.4      0.5102953      0.3374644
      41.5      0.5130337      0.3399464
      41.6      0.5157744      0.3424361
      41.7      0.5185163      0.3449328
      41.8      0.5212585      0.3474357
      41.9      0.5239998      0.3499441
      42.0      0.5267393      0.3524574
      42.1      0.5294760      0.3549748
      42.2      0.5322087      0.3574956
      42.3      0.5349366      0.3600190
      42.4      0.5376587      0.3625445
      42.5      0.5403738      0.3650713
      42.6      0.5430811      0.3675986
      42.7      0.5457796      0.3701257
      42.8      0.5484684      0.3726521
      42.9      0.5511464      0.3751768
      43.0      0.5538127      0.3776994
      43.1      0.5564664      0.3802189
      43.2      0.5591066      0.3827348
      43.3      0.5617323      0.3852464
      43.4      0.5643427      0.3877528
      43.5      0.5669369      0.3902536
      43.6      0.5695139      0.3927479
      43.7      0.5720728      0.3952351
      43.8      0.5746129      0.3977144
      43.9      0.5771333      0.4001853
      44.0      0.5796330      0.4026469
      44.1      0.5821113      0.4050987
      44.2      0.5845674      0.4075400
      44.3      0.5870004      0.4099701
      44.4      0.5894096      0.4123883
      44.5      0.5917941      0.4147940
      44.6      0.5941531      0.4171864
      44.7      0.5964860      0.4195651
      44.8      0.5987918      0.4219292
      44.9      0.6010700      0.4242782
      45.0      0.6033196      0.4266114
      45.1      0.6055401      0.4289282
      45.2      0.6077307      0.4312279
      45.3      0.6098907      0.4335100
      45.4      0.6120194      0.4357737
      45.5      0.6141161      0.4380186
      45.6      0.6161802      0.4402439
      45.7      0.6182110      0.4424491
      45.8      0.6202078      0.4446336
      45.9      0.6221701      0.4467967
      46.0      0.6240972      0.4489380
      46.1      0.6259885      0.4510567
      46.2      0.6278435      0.4531525
      46.3      0.6296614      0.4552245
      46.4      0.6314419      0.4572724
      46.5      0.6331842      0.4592956
      46.6      0.6348879      0.4612935
      46.7      0.6365524      0.4632655
      46.8      0.6381773      0.4652112
      46.9      0.6397619      0.4671300
      47.0      0.6413059      0.4690215
      47.1      0.6428087      0.4708850
      47.2      0.6442699      0.4727201
      47.3      0.6456890      0.4745263
      47.4      0.6470655      0.4763031
      47.5      0.6483991      0.4780500
      47.6      0.6496894      0.4797666
      47.7      0.6509358      0.4814524
      47.8      0.6521381      0.4831069
      47.9      0.6532959      0.4847298
      48.0      0.6544087      0.4863205
      48.1      0.6554763      0.4878786
      48.2      0.6564983      0.4894037
      48.3      0.6574744      0.4908955
      48.4      0.6584042      0.4923534
      48.5      0.6592876      0.4937772
      48.6      0.6601241      0.4951664
      48.7      0.6609135      0.4965206
      48.8      0.6616556      0.4978395
      48.9      0.6623501      0.4991228
      49.0      0.6629968      0.5003700
      49.1      0.6635954      0.5015809
      49.2      0.6641458      0.5027551
      49.3      0.6646477      0.5038923
      49.4      0.6651011      0.5049921
      49.5      0.6655056      0.5060544
      49.6      0.6658612      0.5070788
      49.7      0.6661677      0.5080650
      49.8      0.6664250      0.5090128
      49.9      0.6666330      0.5099218
      50.0      0.6667915      0.5107919
      50.1      0.6669005      0.5116228
      50.2      0.6669599      0.5124143
      50.3      0.6669697      0.5131662
      50.4      0.6669297      0.5138782
      50.5      0.6668400      0.5145501
      50.6      0.6667005      0.5151819
      50.7      0.6665112      0.5157732
      50.8      0.6662721      0.5163239
      50.9      0.6659833      0.5168339
      51.0      0.6656446      0.5173030
      51.1      0.6652563      0.5177311
      51.2      0.6648182      0.5181181
      51.3      0.6643306      0.5184638
      51.4      0.6637934      0.5187681
      51.5      0.6632067      0.5190310
      51.6      0.6625707      0.5192523
      51.7      0.6618854      0.5194320
      51.8      0.6611510      0.5195701
      51.9      0.6603676      0.5196664
      52.0      0.6595353      0.5197209
      52.1      0.6586543      0.5197337
      52.2      0.6577248      0.5197046
      52.3      0.6567470      0.5196337
      52.4      0.6557209      0.5195209
      52.5      0.6546469      0.5193663
      52.6      0.6535252      0.5191699
      52.7      0.6523559      0.5189318
      52.8      0.6511393      0.5186519
      52.9      0.6498756      0.5183304
      53.0      0.6485652      0.5179672
      53.1      0.6472082      0.5175625
      53.2      0.6458050      0.5171163
      53.3      0.6443558      0.5166288
      53.4      0.6428610      0.5161000
      53.5      0.6413207      0.5155301
      53.6      0.6397355      0.5149191
      53.7      0.6381055      0.5142673
      53.8      0.6364312      0.5135747
      53.9      0.6347128      0.5128415
      54.0      0.6329508      0.5120680
      54.1      0.6311455      0.5112541
      54.2      0.6292972      0.5104002
      54.3      0.6274064      0.5095064
      54.4      0.6254735      0.5085730
      54.5      0.6234989      0.5076001
      54.6      0.6214829      0.5065880
      54.7      0.6194260      0.5055369
      54.8      0.6173287      0.5044470
      54.9      0.6151913      0.5033186
      55.0      0.6130143      0.5021520
      55.1      0.6107983      0.5009473
      55.2      0.6085435      0.4997050
      55.3      0.6062506      0.4984253
      55.4      0.6039200      0.4971085
      55.5      0.6015522      0.4957549
      55.6      0.5991476      0.4943648
      55.7      0.5967068      0.4929385
      55.8      0.5942303      0.4914764
      55.9      0.5917187      0.4899788
      56.0      0.5891723      0.4884460
      56.1      0.5865919      0.4868785
      56.2      0.5839778      0.4852765
      56.3      0.5813307      0.4836405
      56.4      0.5786511      0.4819708
      56.5      0.5759396      0.4802679
      56.6      0.5731967      0.4785320
      56.7      0.5704230      0.4767637
      56.8      0.5676191      0.4749634
      56.9      0.5647855      0.4731314
      57.0      0.5619229      0.4712682
      57.1      0.5590318      0.4693742
      57.2      0.5561128      0.4674499
      57.3      0.5531666      0.4654957
      57.4      0.5501937      0.4635120
      57.5      0.5471948      0.4614994
      57.6      0.5441705      0.4594584
      57.7      0.5411214      0.4573893
      57.8      0.5380481      0.4552926
      57.9      0.5349512      0.4531689
      58.0      0.5318315      0.4510187
      58.1      0.5286895      0.4488424
      58.2      0.5255258      0.4466406
      58.3      0.5223412      0.4444137
      58.4      0.5191363      0.4421623
      58.5      0.5159116      0.4398870
      58.6      0.5126680      0.4375882
      58.7      0.5094059      0.4352664
      58.8      0.5061262      0.4329223
      58.9      0.5028295      0.4305563
      59.0      0.4995163      0.4281690
      59.1      0.4961875      0.4257610
      59.2      0.4928436      0.4233329
      59.3      0.4894853      0.4208851
      59.4      0.4861134      0.4184182
      59.5      0.4827284      0.4159329
      59.6      0.4793311      0.4134297
      59.7      0.4759222      0.4109091
      59.8      0.4725023      0.4083718
      59.9      0.4690720      0.4058183
      60.0      0.4656322      0.4032493
      60.1      0.4621834      0.4006653
      60.2      0.4587264      0.3980669
      60.3      0.4552618      0.3954547
      60.4      0.4517903      0.3928294
      60.5      0.4483126      0.3901914
      60.6      0.4448294      0.3875415
      60.7      0.4413413      0.3848802
      60.8      0.4378491      0.3822082
      60.9      0.4343534      0.3795260
      61.0      0.4308550      0.3768342
      61.1      0.4273544      0.3741336
      61.2      0.4238523      0.3714246
      61.3      0.4203496      0.3687080
      61.4      0.4168467      0.3659843
      61.5      0.4133444      0.3632541
      61.6      0.4098434      0.3605182
      61.7      0.4063443      0.3577770
      61.8      0.4028479      0.3550312
      61.9      0.3993547      0.3522815
      62.0      0.3958654      0.3495284
      62.1      0.3923807      0.3467726
      62.2      0.3889013      0.3440147
      62.3      0.3854279      0.3412554
      62.4      0.3819610      0.3384952
      62.5      0.3785013      0.3357347
      62.6      0.3750494      0.3329747
      62.7      0.3716061      0.3302156
      62.8      0.3681720      0.3274582
      62.9      0.3647476      0.3247030
      63.0      0.3613337      0.3219507
      63.1      0.3579308      0.3192018
      63.2      0.3545397      0.3164571
      63.3      0.3511608      0.3137170
      63.4      0.3477948      0.3109822
      63.5      0.3444424      0.3082534
      63.6      0.3411042      0.3055310
      63.7      0.3377806      0.3028158
      63.8      0.3344725      0.3001082
      63.9      0.3311803      0.2974090
      64.0      0.3279046      0.2947187
      64.1      0.3246460      0.2920379
      64.2      0.3214052      0.2893671
      64.3      0.3181826      0.2867070
      64.4      0.3149788      0.2840582
      64.5      0.3117945      0.2814211
      64.6      0.3086301      0.2787965
      64.7      0.3054863      0.2761848
      64.8      0.3023635      0.2735867
      64.9      0.2992623      0.2710026
      65.0      0.2961832      0.2684332
      65.1      0.2931268      0.2658789
      65.2      0.2900936      0.2633404
      65.3      0.2870841      0.2608182
      65.4      0.2840988      0.2583129
      65.5      0.2811381      0.2558248
      65.6      0.2782027      0.2533547
      65.7      0.2752930      0.2509029
      65.8      0.2724094      0.2484701
      65.9      0.2695525      0.2460567
      66.0      0.2667227      0.2436633
      66.1      0.2639204      0.2412903
      66.2      0.2611462      0.2389382
      66.3      0.2584004      0.2366076
      66.4      0.2556835      0.2342988
      66.5      0.2529959      0.2320125
      66.6      0.2503381      0.2297489
      66.7      0.2477104      0.2275088
      66.8      0.2451133      0.2252923
      66.9      0.2425472      0.2231001
      67.0      0.2400124      0.2209326
      67.1      0.2375094      0.2187902
      67.2      0.2350384      0.2166733
      67.3      0.2325999      0.2145823
      67.4      0.2301943      0.2125177
      67.5      0.2278218      0.2104799
      67.6      0.2254829      0.2084693
      67.7      0.2231778      0.2064863
      67.8      0.2209069      0.2045312
      67.9      0.2186704      0.2026044
      68.0      0.2164688      0.2007064
      68.1      0.2143022      0.1988374
      68.2      0.2121711      0.1969978
      68.3      0.2100756      0.1951881
      68.4      0.2080160      0.1934084
      68.5      0.2059926      0.1916591
      68.6      0.2040057      0.1899407
      68.7      0.2020554      0.1882533
      68.8      0.2001421      0.1865973
      68.9      0.1982660      0.1849729
      69.0      0.1964272      0.1833806
      69.1      0.1946260      0.1818205
      69.2      0.1928626      0.1802929
      69.3      0.1911371      0.1787981
      69.4      0.1894498      0.1773363
      69.5      0.1878008      0.1759078
      69.6      0.1861903      0.1745129
      69.7      0.1846185      0.1731516
      69.8      0.1830854      0.1718244
      69.9      0.1815913      0.1705313
      70.0      0.1801362      0.1692726
      70.1      0.1787202      0.1680485
      70.2      0.1773435      0.1668591
      70.3      0.1760062      0.1657047
      70.4      0.1747084      0.1645853
      70.5      0.1734501      0.1635012
      70.6      0.1722313      0.1624525
      70.7      0.1710523      0.1614393
      70.8      0.1699130      0.1604618
      70.9      0.1688134      0.1595200
      71.0      0.1677536      0.1586141
      71.1      0.1667336      0.1577443
      71.2      0.1657535      0.1569104
      71.3      0.1648132      0.1561128
      71.4      0.1639127      0.1553513
      71.5      0.1630521      0.1546261
      71.6      0.1622312      0.1539373
      71.7      0.1614501      0.1532849
      71.8      0.1607088      0.1526688
      71.9      0.1600071      0.1520892
      72.0      0.1593450      0.1515461
      72.1      0.1587225      0.1510394
      72.2      0.1581394      0.1505692
      72.3      0.1575957      0.1501354
      72.4      0.1570914      0.1497380
      72.5      0.1566262      0.1493770
      72.6      0.1562000      0.1490524
      72.7      0.1558129      0.1487640
      72.8      0.1554645      0.1485119
      72.9      0.1551549      0.1482959
      73.0      0.1548838      0.1481161
      73.1      0.1546510      0.1479722
      73.2      0.1544565      0.1478642
      73.3      0.1543000      0.1477920
      73.4      0.1541814      0.1477555
      73.5      0.1541004      0.1477545
      73.6      0.1540570      0.1477890
      73.7      0.1540508      0.1478587
      73.8      0.1540816      0.1479636
      73.9      0.1541493      0.1481034
      74.0      0.1542536      0.1482780
      74.1      0.1543942      0.1484873
      74.2      0.1545709      0.1487309
      74.3      0.1547835      0.1490088
      74.4      0.1550317      0.1493208
      74.5      0.1553153      0.1496665
      74.6      0.1556338      0.1500459
      74.7      0.1559872      0.1504586
      74.8      0.1563749      0.1509044
      74.9      0.1567969      0.1513831
      75.0      0.1572527      0.1518945
      75.1      0.1577421      0.1524382
      75.2      0.1582647      0.1530140
      75.3      0.1588201      0.1536216
      75.4      0.1594081      0.1542607
      75.5      0.1600284      0.1549311
      75.6      0.1606805      0.1556324
      75.7      0.1613641      0.1563643
      75.8      0.1620788      0.1571265
      75.9      0.1628243      0.1579187
      76.0      0.1636002      0.1587406
      76.1      0.1644061      0.1595917
      76.2      0.1652417      0.1604718
      76.3      0.1661064      0.1613805
      76.4      0.1670000      0.1623175
      76.5      0.1679220      0.1632823
      76.6      0.1688720      0.1642746
      76.7      0.1698496      0.1652940
      76.8      0.1708543      0.1663402
      76.9      0.1718858      0.1674126
      77.0      0.1729436      0.1685110
      77.1      0.1740272      0.1696350
      77.2      0.1751362      0.1707840
      77.3      0.1762702      0.1719577
      77.4      0.1774287      0.1731557
      77.5      0.1786113      0.1743775
      77.6      0.1798174      0.1756226
      77.7      0.1810466      0.1768908
      77.8      0.1822984      0.1781814
      77.9      0.1835724      0.1794940
      78.0      0.1848681      0.1808283
      78.1      0.1861849      0.1821836
      78.2      0.1875225      0.1835596
      78.3      0.1888802      0.1849558
      78.4      0.1902576      0.1863716
      78.5      0.1916542      0.1878067
      78.6      0.1930695      0.1892605
      78.7      0.1945030      0.1907325
      78.8      0.1959541      0.1922222
      78.9      0.1974224      0.1937292
      79.0      0.1989073      0.1952528
      79.1      0.2004083      0.1967927
      79.2      0.2019249      0.1983483
      79.3      0.2034566      0.1999190
      79.4      0.2050027      0.2015044
      79.5      0.2065629      0.2031040
      79.6      0.2081365      0.2047171
      79.7      0.2097230      0.2063433
      79.8      0.2113219      0.2079821
      79.9      0.2129326      0.2096328
      80.0      0.2145546      0.2112951
      80.1      0.2161874      0.2129682
      80.2      0.2178304      0.2146518
      80.3      0.2194830      0.2163451
      80.4      0.2211447      0.2180478
      80.5      0.2228150      0.2197592
      80.6      0.2244933      0.2214788
      80.7      0.2261790      0.2232061
      80.8      0.2278717      0.2249404
      80.9      0.2295706      0.2266812
      81.0      0.2312754      0.2284280
      81.1      0.2329854      0.2301803
      81.2      0.2347001      0.2319373
      81.3      0.2364190      0.2336987
      81.4      0.2381414      0.2354638
      81.5      0.2398668      0.2372320
      81.6      0.2415947      0.2390029
      81.7      0.2433245      0.2407758
      81.8      0.2450556      0.2425502
      81.9      0.2467876      0.2443255
      82.0      0.2485198      0.2461012
      82.1      0.2502517      0.2478767
      82.2      0.2519828      0.2496514
      82.3      0.2537125      0.2514248
      82.4      0.2554402      0.2531963
      82.5      0.2571655      0.2549654
      82.6      0.2588877      0.2567315
      82.7      0.2606064      0.2584940
      82.8      0.2623209      0.2602525
      82.9      0.2640308      0.2620062
      83.0      0.2657355      0.2637548
      83.1      0.2674345      0.2654976
      83.2      0.2691272      0.2672341
      83.3      0.2708132      0.2689637
      83.4      0.2724918      0.2706859
      83.5      0.2741626      0.2724002
      83.6      0.2758250      0.2741060
      83.7      0.2774786      0.2758029
      83.8      0.2791227      0.2774901
      83.9      0.2807570      0.2791673
      84.0      0.2823808      0.2808339
      84.1      0.2839937      0.2824893
      84.2      0.2855952      0.2841331
      84.3      0.2871847      0.2857647
      84.4      0.2887618      0.2873837
      84.5      0.2903261      0.2889895
      84.6      0.2918769      0.2905815
      84.7      0.2934138      0.2921594
      84.8      0.2949364      0.2937225
      84.9      0.2964441      0.2952705
      85.0      0.2979365      0.2968028
      85.1      0.2994132      0.2983189
      85.2      0.3008736      0.2998184
      85.3      0.3023173      0.3013007
      85.4      0.3037438      0.3027654
      85.5      0.3051528      0.3042121
      85.6      0.3065437      0.3056402
      85.7      0.3079161      0.3070494
      85.8      0.3092697      0.3084391
      85.9      0.3106039      0.3098090
      86.0      0.3119183      0.3111585
      86.1      0.3132126      0.3124872
      86.2      0.3144862      0.3137948
      86.3      0.3157389      0.3150808
      86.4      0.3169702      0.3163447
      86.5      0.3181797      0.3175862
      86.6      0.3193670      0.3188049
      86.7      0.3205318      0.3200003
      86.8      0.3216737      0.3211721
      86.9      0.3227922      0.3223199
      87.0      0.3238871      0.3234432
      87.1      0.3249579      0.3245418
      87.2      0.3260044      0.3256152
      87.3      0.3270262      0.3266632
      87.4      0.3280229      0.3276852
      87.5      0.3289943      0.3286811
      87.6      0.3299399      0.3296505
      87.7      0.3308595      0.3305929
      87.8      0.3317527      0.3315082
      87.9      0.3326194      0.3323960
      88.0      0.3334590      0.3332559
      88.1      0.3342715      0.3340877
      88.2      0.3350564      0.3348911
      88.3      0.3358135      0.3356657
      88.4      0.3365426      0.3364114
      88.5      0.3372434      0.3371278
      88.6      0.3379156      0.3378147
      88.7      0.3385590      0.3384718
      88.8      0.3391733      0.3390989
      88.9      0.3397583      0.3396957
      89.0      0.3403138      0.3402620
      89.1      0.3408396      0.3407975
      89.2      0.3413354      0.3413021
      89.3      0.3418011      0.3417756
      89.4      0.3422365      0.3422177
      89.5      0.3426413      0.3426282
      89.6      0.3430154      0.3430071
      89.7      0.3433587      0.3433540
      89.8      0.3436709      0.3436688
      89.9      0.3439519      0.3439514
      90.0      0.3442016      0.3442016
      90.1      0.3444198      0.3444193
      90.2      0.3446064      0.3446043
      90.3      0.3447613      0.3447565
      90.4      0.3448843      0.3448759
      90.5      0.3449754      0.3449622
      90.6      0.3450344      0.3450155
      90.7      0.3450613      0.3450355
      90.8      0.3450559      0.3450223
      90.9      0.3450182      0.3449757
      91.0      0.3449482      0.3448957
      91.1      0.3448458      0.3447822
      91.2      0.3447108      0.3446352
      91.3      0.3445434      0.3444547
      91.4      0.3443434      0.3442406
      91.5      0.3441108      0.3439929
      91.6      0.3438456      0.3437115
      91.7      0.3435478      0.3433966
      91.8      0.3432174      0.3430480
      91.9      0.3428544      0.3426659
      92.0      0.3424588      0.3422501
      92.1      0.3420306      0.3418009
      92.2      0.3415699      0.3413181
      92.3      0.3410767      0.3408019
      92.4      0.3405510      0.3402523
      92.5      0.3399929      0.3396693
      92.6      0.3394025      0.3390532
      92.7      0.3387799      0.3384038
      92.8      0.3381250      0.3377214
      92.9      0.3374381      0.3370060
      93.0      0.3367192      0.3362577
      93.1      0.3359683      0.3354767
      93.2      0.3351857      0.3346631
      93.3      0.3343714      0.3338170
      93.4      0.3335256      0.3329385
      93.5      0.3326483      0.3320279
      93.6      0.3317398      0.3310852
      93.7      0.3308002      0.3301107
      93.8      0.3298296      0.3291044
      93.9      0.3288282      0.3280667
      94.0      0.3277962      0.3269977
      94.1      0.3267337      0.3258975
      94.2      0.3256410      0.3247665
      94.3      0.3245183      0.3236048
      94.4      0.3233656      0.3224126
      94.5      0.3221834      0.3211902
      94.6      0.3209717      0.3199378
      94.7      0.3197308      0.3186557
      94.8      0.3184609      0.3173441
      94.9      0.3171623      0.3160032
      95.0      0.3158353      0.3146334
      95.1      0.3144800      0.3132350
      95.2      0.3130967      0.3118081
      95.3      0.3116857      0.3103531
      95.4      0.3102473      0.3088704
      95.5      0.3087817      0.3073602
      95.6      0.3072893      0.3058227
      95.7      0.3057703      0.3042585
      95.8      0.3042251      0.3026676
      95.9      0.3026538      0.3010506
      96.0      0.3010570      0.2994078
      96.1      0.2994348      0.2977394
      96.2      0.2977876      0.2960459
      96.3      0.2961158      0.2943275
      96.4      0.2944196      0.2925848
      96.5      0.2926995      0.2908179
      96.6      0.2909557      0.2890274
      96.7      0.2891886      0.2872136
      96.8      0.2873986      0.2853769
      96.9      0.2855861      0.2835177
      97.0      0.2837515      0.2816364
      97.1      0.2818950      0.2797334
      97.2      0.2800171      0.2778091
      97.3      0.2781182      0.2758639
      97.4      0.2761987      0.2738983
      97.5      0.2742590      0.2719127
      97.6      0.2722994      0.2699074
      97.7      0.2703205      0.2678831
      97.8      0.2683226      0.2658400
      97.9      0.2663061      0.2637787
      98.0      0.2642714      0.2616995
      98.1      0.2622191      0.2596031
      98.2      0.2601494      0.2574897
      98.3      0.2580630      0.2553600
      98.4      0.2559601      0.2532142
      98.5      0.2538413      0.2510531
      98.6      0.2517070      0.2488769
      98.7      0.2495576      0.2466862
      98.8      0.2473937      0.2444814
      98.9      0.2452156      0.2422632
      99.0      0.2430239      0.2400318
      99.1      0.2408190      0.2377880
      99.2      0.2386013      0.2355320
      99.3      0.2363715      0.2332645
      99.4      0.2341298      0.2309860
      99.5      0.2318769      0.2286969
      99.6      0.2296132      0.2263978
      99.7      0.2273393      0.2240891
      99.8      0.2250555      0.2217714
      99.9      0.2227623      0.2194453
     100.0      0.2204604      0.2171111
     100.1      0.2181501      0.2147695
     100.2      0.2158321      0.2124210
     100.3      0.2135067      0.2100660
     100.4      0.2111745      0.2077052
     100.5      0.2088360      0.2053390
     100.6      0.2064917      0.2029679
     100.7      0.2041421      0.2005926
     100.8      0.2017877      0.1982135
     100.9      0.1994291      0.1958311
     101.0      0.1970667      0.1934460
     101.1      0.1947011      0.1910588
     101.2      0.1923328      0.1886699
     101.3      0.1899623      0.1862798
     101.4      0.1875901      0.1838892
     101.5      0.1852168      0.1814985
     101.6      0.1828429      0.1791083
     101.7      0.1804688      0.1767192
     101.8      0.1780951      0.1743315
     101.9      0.1757224      0.1719460
     102.0      0.1733511      0.1695630
     102.1      0.1709818      0.1671832
     102.2      0.1686150      0.1648070
     102.3      0.1662513      0.1624351
     102.4      0.1638910      0.1600678
     102.5      0.1615348      0.1577058
     102.6      0.1591832      0.1553496
     102.7      0.1568367      0.1529996
     102.8      0.1544958      0.1506565
     102.9      0.1521610      0.1483207
     103.0      0.1498329      0.1459927
     103.1      0.1475120      0.1436731
     103.2      0.1451987      0.1413624
     103.3      0.1428936      0.1390611
     103.4      0.1405972      0.1367696
     103.5      0.1383101      0.1344886
     103.6      0.1360326      0.1322184
     103.7      0.1337654      0.1299596
     103.8      0.1315089      0.1277128
     103.9      0.1292636      0.1254783
     104.0      0.1270300      0.1232567
     104.1      0.1248087      0.1210484
     104.2      0.1226001      0.1188541
     104.3      0.1204046      0.1166740
     104.4      0.1182229      0.1145087
     104.5      0.1160554      0.1123587
     104.6      0.1139025      0.1102245
     104.7      0.1117647      0.1081064
     104.8      0.1096426      0.1060050
     104.9      0.1075365      0.1039207
     105.0      0.1054470      0.1018540
     105.1      0.1033746      0.0998053
     105.2      0.1013196      0.0977751
     105.3      0.0992826      0.0957637
     105.4      0.0972639      0.0937717
     105.5      0.0952642      0.0917995
     105.6      0.0932837      0.0898474
     105.7      0.0913229      0.0879158
     105.8      0.0893824      0.0860053
     105.9      0.0874624      0.0841162
     106.0      0.0855635      0.0822489
     106.1      0.0836860      0.0804038
     106.2      0.0818305      0.0785813
     106.3      0.0799972      0.0767817
     106.4      0.0781866      0.0750055
     106.5      0.0763992      0.0732530
     106.6      0.0746352      0.0715246
     106.7      0.0728952      0.0698207
     106.8      0.0711795      0.0681415
     106.9      0.0694884      0.0664875
     107.0      0.0678224      0.0648589
     107.1      0.0661819      0.0632562
     107.2      0.0645671      0.0616796
     107.3      0.0629785      0.0601294
     107.4      0.0614165      0.0586061
     107.5      0.0598813      0.0571098
     107.6      0.0583733      0.0556409
     107.7      0.0568928      0.0541996
     107.8      0.0554403      0.0527863
     107.9      0.0540160      0.0514013
     108.0      0.0526201      0.0500447
     108.1      0.0512532      0.0487169
     108.2      0.0499153      0.0474182
     108.3      0.0486070      0.0461487
     108.4      0.0473283      0.0449087
     108.5      0.0460797      0.0436985
     108.6      0.0448614      0.0425182
     108.7      0.0436737      0.0413681
     108.8      0.0425168      0.0402485
     108.9      0.0413910      0.0391594
     109.0      0.0402966      0.0381012
     109.1      0.0392338      0.0370739
     109.2      0.0382028      0.0360778
     109.3      0.0372039      0.0351130
     109.4      0.0362372      0.0341798
     109.5      0.0353031      0.0332782
     109.6      0.0344017      0.0324084
     109.7      0.0335333      0.0315706
     109.8      0.0326979      0.0307648
     109.9      0.0318958      0.0299913
     110.0      0.0311273      0.0292501
     110.1      0.0303923      0.0285413
     110.2      0.0296912      0.0278650
     110.3      0.0290240      0.0272213
     110.4      0.0283910      0.0266104
     110.5      0.0277922      0.0260322
     110.6      0.0272278      0.0254868
     110.7      0.0266979      0.0249744
     110.8      0.0262027      0.0244949
     110.9      0.0257421      0.0240484
     111.0      0.0253164      0.0236349
     111.1      0.0249257      0.0232545
     111.2      0.0245699      0.0229071
     111.3      0.0242493      0.0225928
     111.4      0.0239638      0.0223116
     111.5      0.0237135      0.0220635
     111.6      0.0234985      0.0218484
     111.7      0.0233188      0.0216663
     111.8      0.0231745      0.0215172
     111.9      0.0230655      0.0214010
     112.0      0.0229920      0.0213178
     112.1      0.0229538      0.0212674
     112.2      0.0229511      0.0212497
     112.3      0.0229837      0.0212648
     112.4      0.0230518      0.0213125
     112.5      0.0231552      0.0213926
     112.6      0.0232940      0.0215053
     112.7      0.0234681      0.0216502
     112.8      0.0236774      0.0218274
     112.9      0.0239220      0.0220366
     113.0      0.0242017      0.0222778
     113.1      0.0245165      0.0225508
     113.2      0.0248662      0.0228554
     113.3      0.0252509      0.0231916
     113.4      0.0256704      0.0235591
     113.5      0.0261245      0.0239578
     113.6      0.0266133      0.0243874
     113.7      0.0271366      0.0248479
     113.8      0.0276942      0.0253390
     113.9      0.0282860      0.0258606
     114.0      0.0289119      0.0264123
     114.1      0.0295717      0.0269940
     114.2      0.0302652      0.0276055
     114.3      0.0309924      0.0282465
     114.4      0.0317529      0.0289169
     114.5      0.0325467      0.0296162
     114.6      0.0333735      0.0303444
     114.7      0.0342332      0.0311011
     114.8      0.0351255      0.0318861
     114.9      0.0360502      0.0326991
     115.0      0.0370071      0.0335399
     115.1      0.0379960      0.0344080
     115.2      0.0390166      0.0353033
     115.3      0.0400687      0.0362254
     115.4      0.0411520      0.0371741
     115.5      0.0422663      0.0381489
     115.6      0.0434112      0.0391497
     115.7      0.0445866      0.0401760
     115.8      0.0457922      0.0412276
     115.9      0.0470276      0.0423040
     116.0      0.0482925      0.0434050
     116.1      0.0495867      0.0445303
     116.2      0.0509099      0.0456793
     116.3      0.0522616      0.0468519
     116.4      0.0536417      0.0480475
     116.5      0.0550497      0.0492659
     116.6      0.0564854      0.0505067
     116.7      0.0579483      0.0517694
     116.8      0.0594382      0.0530537
     116.9      0.0609546      0.0543592
     117.0      0.0624973      0.0556855
     117.1      0.0640657      0.0570321
     117.2      0.0656597      0.0583988
     117.3      0.0672787      0.0597850
     117.4      0.0689223      0.0611903
     117.5      0.0705903      0.0626144
     117.6      0.0722822      0.0640567
     117.7      0.0739975      0.0655169
     117.8      0.0757359      0.0669945
     117.9      0.0774969      0.0684891
     118.0      0.0792801      0.0700002
     118.1      0.0810851      0.0715274
     118.2      0.0829115      0.0730702
     118.3      0.0847587      0.0746281
     118.4      0.0866264      0.0762008
     118.5      0.0885142      0.0777878
     118.6      0.0904214      0.0793885
     118.7      0.0923478      0.0810025
     118.8      0.0942927      0.0826293
     118.9      0.0962558      0.0842685
     119.0      0.0982366      0.0859196
     119.1      0.1002345      0.0875821
     119.2      0.1022491      0.0892555
     119.3      0.1042800      0.0909394
     119.4      0.1063265      0.0926332
     119.5      0.1083883      0.0943364
     119.6      0.1104648      0.0960486
     119.7      0.1125554      0.0977692
     119.8      0.1146598      0.0994978
     119.9      0.1167773      0.1012339
     120.0      0.1189075      0.1029769
     120.1      0.1210499      0.1047265
     120.2      0.1232038      0.1064819
     120.3      0.1253688      0.1082429
     120.4      0.1275444      0.1100088
     120.5      0.1297300      0.1117791
     120.6      0.1319250      0.1135534
     120.7      0.1341290      0.1153311
     120.8      0.1363414      0.1171118
     120.9      0.1385616      0.1188949
     121.0      0.1407892      0.1206799
     121.1      0.1430234      0.1224663
     121.2      0.1452639      0.1242536
     121.3      0.1475100      0.1260412
     121.4      0.1497612      0.1278288
     121.5      0.1520170      0.1296158
     121.6      0.1542767      0.1314016
     121.7      0.1565398      0.1331858
     121.8      0.1588057      0.1349678
     121.9      0.1610739      0.1367472
     122.0      0.1633438      0.1385234
     122.1      0.1656149      0.1402960
     122.2      0.1678866      0.1420645
     122.3      0.1701582      0.1438283
     122.4      0.1724293      0.1455869
     122.5      0.1746993      0.1473399
     122.6      0.1769676      0.1490868
     122.7      0.1792336      0.1508270
     122.8      0.1814968      0.1525601
     122.9      0.1837565      0.1542856
     123.0      0.1860123      0.1560030
     123.1      0.1882635      0.1577119
     123.2      0.1905096      0.1594117
     123.3      0.1927500      0.1611019
     123.4      0.1949842      0.1627821
     123.5      0.1972115      0.1644519
     123.6      0.1994315      0.1661107
     123.7      0.2016434      0.1677581
     123.8      0.2038469      0.1693936
     123.9      0.2060412      0.1710168
     124.0      0.2082260      0.1726271
     124.1      0.2104005      0.1742243
     124.2      0.2125642      0.1758077
     124.3      0.2147166      0.1773770
     124.4      0.2168572      0.1789318
     124.5      0.2189853      0.1804715
     124.6      0.2211004      0.1819958
     124.7      0.2232020      0.1835042
     124.8      0.2252895      0.1849963
     124.9      0.2273623      0.1864717
     125.0      0.2294201      0.1879299
     125.1      0.2314621      0.1893706
     125.2      0.2334879      0.1907934
     125.3      0.2354969      0.1921979
     125.4      0.2374886      0.1935836
     125.5      0.2394625      0.1949502
     125.6      0.2414181      0.1962972
     125.7      0.2433548      0.1976244
     125.8      0.2452721      0.1989313
     125.9      0.2471696      0.2002176
     126.0      0.2490466      0.2014829
     126.1      0.2509028      0.2027269
     126.2      0.2527375      0.2039492
     126.3      0.2545504      0.2051494
     126.4      0.2563409      0.2063272
     126.5      0.2581086      0.2074824
     126.6      0.2598529      0.2086144
     126.7      0.2615734      0.2097232
     126.8      0.2632696      0.2108082
     126.9      0.2649410      0.2118693
     127.0      0.2665873      0.2129061
     127.1      0.2682079      0.2139183
     127.2      0.2698023      0.2149056
     127.3      0.2713702      0.2158678
     127.4      0.2729111      0.2168046
     127.5      0.2744246      0.2177157
     127.6      0.2759103      0.2186008
     127.7      0.2773676      0.2194598
     127.8      0.2787963      0.2202923
     127.9      0.2801958      0.2210981
     128.0      0.2815659      0.2218769
     128.1      0.2829060      0.2226287
     128.2      0.2842159      0.2233530
     128.3      0.2854951      0.2240498
     128.4      0.2867432      0.2247188
     128.5      0.2879600      0.2253598
     128.6      0.2891449      0.2259727
     128.7      0.2902978      0.2265572
     128.8      0.2914181      0.2271132
     128.9      0.2925056      0.2276405
     129.0      0.2935600      0.2281390
     129.1      0.2945809      0.2286084
     129.2      0.2955679      0.2290487
     129.3      0.2965209      0.2294598
     129.4      0.2974394      0.2298414
     129.5      0.2983233      0.2301936
     129.6      0.2991721      0.2305161
     129.7      0.2999856      0.2308088
     129.8      0.3007636      0.2310717
     129.9      0.3015058      0.2313047
     130.0      0.3022118      0.2315077
     130.1      0.3028816      0.2316806
     130.2      0.3035148      0.2318234
     130.3      0.3041111      0.2319359
     130.4      0.3046705      0.2320183
     130.5      0.3051926      0.2320703
     130.6      0.3056773      0.2320920
     130.7      0.3061243      0.2320834
     130.8      0.3065335      0.2320444
     130.9      0.3069047      0.2319750
     131.0      0.3072377      0.2318753
     131.1      0.3075324      0.2317452
     131.2      0.3077885      0.2315847
     131.3      0.3080061      0.2313939
     131.4      0.3081848      0.2311728
     131.5      0.3083246      0.2309215
     131.6      0.3084254      0.2306399
     131.7      0.3084870      0.2303282
     131.8      0.3085095      0.2299864
     131.9      0.3084926      0.2296146
     132.0      0.3084363      0.2292128
     132.1      0.3083405      0.2287812
     132.2      0.3082051      0.2283198
     132.3      0.3080302      0.2278287
     132.4      0.3078157      0.2273081
     132.5      0.3075614      0.2267581
     132.6      0.3072675      0.2261787
     132.7      0.3069339      0.2255702
     132.8      0.3065605      0.2249326
     132.9      0.3061475      0.2242662
     133.0      0.3056947      0.2235710
     133.1      0.3052023      0.2228472
     133.2      0.3046702      0.2220950
     133.3      0.3040986      0.2213147
     133.4      0.3034874      0.2205062
     133.5      0.3028367      0.2196700
     133.6      0.3021466      0.2188061
     133.7      0.3014172      0.2179147
     133.8      0.3006485      0.2169962
     133.9      0.2998408      0.2160506
     134.0      0.2989940      0.2150783
     134.1      0.2981082      0.2140794
     134.2      0.2971838      0.2130542
     134.3      0.2962207      0.2120030
     134.4      0.2952191      0.2109260
     134.5      0.2941792      0.2098234
     134.6      0.2931011      0.2086956
     134.7      0.2919851      0.2075429
     134.8      0.2908313      0.2063654
     134.9      0.2896399      0.2051635
     135.0      0.2884111      0.2039375
     135.1      0.2871452      0.2026877
     135.2      0.2858424      0.2014143
     135.3      0.2845029      0.2001178
     135.4      0.2831269      0.1987984
     135.5      0.2817147      0.1974564
     135.6      0.2802666      0.1960923
     135.7      0.2787829      0.1947062
     135.8      0.2772638      0.1932986
     135.9      0.2757096      0.1918699
     136.0      0.2741207      0.1904203
     136.1      0.2724974      0.1889502
     136.2      0.2708399      0.1874600
     136.3      0.2691486      0.1859500
     136.4      0.2674239      0.1844207
     136.5      0.2656660      0.1828724
     136.6      0.2638754      0.1813055
     136.7      0.2620525      0.1797204
     136.8      0.2601976      0.1781175
     136.9      0.2583110      0.1764971
     137.0      0.2563932      0.1748598
     137.1      0.2544447      0.1732058
     137.2      0.2524657      0.1715356
     137.3      0.2504567      0.1698497
     137.4      0.2484183      0.1681483
     137.5      0.2463507      0.1664321
     137.6      0.2442544      0.1647013
     137.7      0.2421300      0.1629565
     137.8      0.2399778      0.1611980
     137.9      0.2377984      0.1594264
     138.0      0.2355922      0.1576419
     138.1      0.2333596      0.1558452
     138.2      0.2311013      0.1540366
     138.3      0.2288178      0.1522165
     138.4      0.2265094      0.1503855
     138.5      0.2241768      0.1485440
     138.6      0.2218205      0.1466925
     138.7      0.2194410      0.1448314
     138.8      0.2170388      0.1429612
     138.9      0.2146146      0.1410823
     139.0      0.2121688      0.1391953
     139.1      0.2097021      0.1373005
     139.2      0.2072149      0.1353985
     139.3      0.2047080      0.1334898
     139.4      0.2021819      0.1315748
     139.5      0.1996371      0.1296539
     139.6      0.1970743      0.1277278
     139.7      0.1944941      0.1257968
     139.8      0.1918971      0.1238615
     139.9      0.1892840      0.1219223
     140.0      0.1866552      0.1199797
     140.1      0.1840116      0.1180342
     140.2      0.1813537      0.1160863
     140.3      0.1786822      0.1141364
     140.4      0.1759976      0.1121851
     140.5      0.1733008      0.1102329
     140.6      0.1705924      0.1082802
     140.7      0.1678729      0.1063275
     140.8      0.1651431      0.1043753
     140.9      0.1624038      0.1024241
     141.0      0.1596554      0.1004744
     141.1      0.1568989      0.0985267
     141.2      0.1541347      0.0965814
     141.3      0.1513638      0.0946391
     141.4      0.1485866      0.0927002
     141.5      0.1458041      0.0907652
     141.6      0.1430168      0.0888345
     141.7      0.1402255      0.0869088
     141.8      0.1374309      0.0849884
     141.9      0.1346338      0.0830739
     142.0      0.1318348      0.0811656
     142.1      0.1290348      0.0792642
     142.2      0.1262344      0.0773699
     142.3      0.1234344      0.0754835
     142.4      0.1206355      0.0736052
     142.5      0.1178385      0.0717355
     142.6      0.1150442      0.0698751
     142.7      0.1122532      0.0680241
     142.8      0.1094664      0.0661833
     142.9      0.1066845      0.0643529
     143.0      0.1039083      0.0625336
     143.1      0.1011385      0.0607256
     143.2      0.0983759      0.0589295
     143.3      0.0956212      0.0571457
     143.4      0.0928754      0.0553746
     143.5      0.0901390      0.0536167
     143.6      0.0874129      0.0518725
     143.7      0.0846979      0.0501423
     143.8      0.0819947      0.0484265
     143.9      0.0793041      0.0467257
     144.0      0.0766270      0.0450402
     144.1      0.0739640      0.0433704
     144.2      0.0713160      0.0417168
     144.3      0.0686837      0.0400798
     144.4      0.0660680      0.0384597
     144.5      0.0634695      0.0368569
     144.6      0.0608892      0.0352720
     144.7      0.0583277      0.0337051
     144.8      0.0557859      0.0321568
     144.9      0.0532645      0.0306274
     145.0      0.0507643      0.0291172
     145.1      0.0482861      0.0276267
     145.2      0.0458307      0.0261562
     145.3      0.0433989      0.0247061
     145.4      0.0409914      0.0232767
     145.5      0.0386090      0.0218684
     145.6      0.0362525      0.0204815
     145.7      0.0339226      0.0191163
     145.8      0.0316202      0.0177732
     145.9      0.0293460      0.0164525
     146.0      0.0271008      0.0151546
     146.1      0.0248853      0.0138796
     146.2      0.0227003      0.0126281
     146.3      0.0205465      0.0114001
     146.4      0.0184248      0.0101961
     146.5      0.0163358      0.0090164
     146.6      0.0142804      0.0078611
     146.7      0.0122593      0.0067306
     146.8      0.0102731      0.0056252
     146.9      0.0083228      0.0045451
     147.0      0.0064089      0.0034905
     147.1      0.0045323      0.0024618
     147.2      0.0026936      0.0014591
     147.3      0.0008936      0.0004828
     147.4     -0.0008669     -0.0004671
     147.5     -0.0025873     -0.0013902
     147.6     -0.0042669     -0.0022863
     147.7     -0.0059049     -0.0031553
     147.8     -0.0075006     -0.0039969
     147.9     -0.0090534     -0.0048109
     148.0     -0.0105625     -0.0055973
     148.1     -0.0120272     -0.0063557
     148.2     -0.0134470     -0.0070860
     148.3     -0.0148210     -0.0077880
     148.4     -0.0161486     -0.0084616
     148.5     -0.0174292     -0.0091067
     148.6     -0.0186620     -0.0097231
     148.7     -0.0198465     -0.0103107
     148.8     -0.0209820     -0.0108693
     148.9     -0.0220678     -0.0113988
     149.0     -0.0231034     -0.0118991
     149.1     -0.0240880     -0.0123702
     149.2     -0.0250210     -0.0128118
     149.3     -0.0259019     -0.0132241
     149.4     -0.0267301     -0.0136067
     149.5     -0.0275048     -0.0139598
     149.6     -0.0282257     -0.0142831
     149.7     -0.0288919     -0.0145768
     149.8     -0.0295030     -0.0148406
     149.9     -0.0300585     -0.0150746
     150.0     -0.0305576     -0.0152788
     150.1     -0.0310000     -0.0154531
     150.2     -0.0313850     -0.0155975
     150.3     -0.0317121     -0.0157120
     150.4     -0.0319807     -0.0157966
     150.5     -0.0321904     -0.0158513
     150.6     -0.0323407     -0.0158762
     150.7     -0.0324309     -0.0158711
     150.8     -0.0324607     -0.0158363
     150.9     -0.0324296     -0.0157717
     151.0     -0.0323370     -0.0156773
     151.1     -0.0321825     -0.0155533
     151.2     -0.0319657     -0.0153996
     151.3     -0.0316861     -0.0152164
     151.4     -0.0313432     -0.0150037
     151.5     -0.0309366     -0.0147617
     151.6     -0.0304660     -0.0144904
     151.7     -0.0299308     -0.0141899
     151.8     -0.0293308     -0.0138603
     151.9     -0.0286654     -0.0135017
     152.0     -0.0279343     -0.0131144
     152.1     -0.0271372     -0.0126983
     152.2     -0.0262737     -0.0122537
     152.3     -0.0253435     -0.0117807
     152.4     -0.0243461     -0.0112795
     152.5     -0.0232813     -0.0107501
     152.6     -0.0221488     -0.0101929
     152.7     -0.0209482     -0.0096079
     152.8     -0.0196792     -0.0089953
     152.9     -0.0183417     -0.0083555
     153.0     -0.0169352     -0.0076884
     153.1     -0.0154595     -0.0069944
     153.2     -0.0139145     -0.0062737
     153.3     -0.0122998     -0.0055265
     153.4     -0.0106151     -0.0047530
     153.5     -0.0088604     -0.0039535
     153.6     -0.0070354     -0.0031282
     153.7     -0.0051398     -0.0022773
     153.8     -0.0031736     -0.0014011
     153.9     -0.0011364     -0.0005000
     154.0      0.0009717      0.0004260
     154.1      0.0031510      0.0013764
     154.2      0.0054016      0.0023510
     154.3      0.0077237      0.0033494
     154.4      0.0101173      0.0043715
     154.5      0.0125825      0.0054169
     154.6      0.0151195      0.0064853
     154.7      0.0177283      0.0075763
     154.8      0.0204089      0.0086897
     154.9      0.0231615      0.0098251
     155.0      0.0259860      0.0109822
     155.1      0.0288826      0.0121606
     155.2      0.0318511      0.0133600
     155.3      0.0348917      0.0145801
     155.4      0.0380042      0.0158204
     155.5      0.0411887      0.0170807
     155.6      0.0444452      0.0183605
     155.7      0.0477736      0.0196595
     155.8      0.0511737      0.0209773
     155.9      0.0546457      0.0223135
     156.0      0.0581893      0.0236677
     156.1      0.0618046      0.0250396
     156.2      0.0654913      0.0264287
     156.3      0.0692493      0.0278346
     156.4      0.0730786      0.0292569
     156.5      0.0769789      0.0306953
     156.6      0.0809501      0.0321492
     156.7      0.0849921      0.0336182
     156.8      0.0891046      0.0351020
     156.9      0.0932875      0.0366001
     157.0      0.0975405      0.0381121
     157.1      0.1018635      0.0396375
     157.2      0.1062561      0.0411759
     157.3      0.1107182      0.0427268
     157.4      0.1152494      0.0442898
     157.5      0.1198496      0.0458644
     157.6      0.1245183      0.0474502
     157.7      0.1292554      0.0490468
     157.8      0.1340605      0.0506535
     157.9      0.1389333      0.0522701
     158.0      0.1438735      0.0538960
     158.1      0.1488807      0.0555307
     158.2      0.1539545      0.0571737
     158.3      0.1590946      0.0588247
     158.4      0.1643006      0.0604831
     158.5      0.1695721      0.0621484
     158.6      0.1749086      0.0638201
     158.7      0.1803099      0.0654978
     158.8      0.1857754      0.0671809
     158.9      0.1913046      0.0688691
     159.0      0.1968973      0.0705617
     159.1      0.2025527      0.0722583
     159.2      0.2082706      0.0739583
     159.3      0.2140504      0.0756614
     159.4      0.2198915      0.0773670
     159.5      0.2257936      0.0790746
     159.6      0.2317560      0.0807837
     159.7      0.2377782      0.0824937
     159.8      0.2438596      0.0842043
     159.9      0.2499998      0.0859149
     160.0      0.2561981      0.0876249
     160.1      0.2624539      0.0893339
     160.2      0.2687667      0.0910415
     160.3      0.2751358      0.0927470
     160.4      0.2815607      0.0944500
     160.5      0.2880406      0.0961499
     160.6      0.2945750      0.0978464
     160.7      0.3011633      0.0995388
     160.8      0.3078046      0.1012267
     160.9      0.3144985      0.1029095
     161.0      0.3212441      0.1045868
     161.1      0.3280408      0.1062581
     161.2      0.3348880      0.1079229
     161.3      0.3417848      0.1095806
     161.4      0.3487306      0.1112309
     161.5      0.3557246      0.1128731
     161.6      0.3627661      0.1145068
     161.7      0.3698544      0.1161315
     161.8      0.3769886      0.1177467
     161.9      0.3841681      0.1193520
     162.0      0.3913920      0.1209468
     162.1      0.3986595      0.1225306
     162.2      0.4059698      0.1241031
     162.3      0.4133222      0.1256636
     162.4      0.4207158      0.1272118
     162.5      0.4281497      0.1287471
     162.6      0.4356232      0.1302691
     162.7      0.4431355      0.1317774
     162.8      0.4506855      0.1332713
     162.9      0.4582726      0.1347506
     163.0      0.4658958      0.1362147
     163.1      0.4735542      0.1376633
     163.2      0.4812470      0.1390957
     163.3      0.4889733      0.1405116
     163.4      0.4967322      0.1419106
     163.5      0.5045227      0.1432922
     163.6      0.5123439      0.1446559
     163.7      0.5201950      0.1460014
     163.8      0.5280750      0.1473282
     163.9      0.5359830      0.1486359
     164.0      0.5439179      0.1499241
     164.1      0.5518789      0.1511923
     164.2      0.5598651      0.1524402
     164.3      0.5678754      0.1536673
     164.4      0.5759089      0.1548733
     164.5      0.5839645      0.1560577
     164.6      0.5920414      0.1572202
     164.7      0.6001386      0.1583604
     164.8      0.6082550      0.1594779
     164.9      0.6163896      0.1605723
     165.0      0.6245415      0.1616432
     165.1      0.6327096      0.1626904
     165.2      0.6408929      0.1637134
     165.3      0.6490905      0.1647119
     165.4      0.6573012      0.1656855
     165.5      0.6655241      0.1666339
     165.6      0.6737581      0.1675568
     165.7      0.6820022      0.1684539
     165.8      0.6902553      0.1693247
     165.9      0.6985165      0.1701691
     166.0      0.7067846      0.1709867
     166.1      0.7150586      0.1717771
     166.2      0.7233375      0.1725402
     166.3      0.7316201      0.1732756
     166.4      0.7399055      0.1739829
     166.5      0.7481926      0.1746621
     166.6      0.7564803      0.1753127
     166.7      0.7647675      0.1759346
     166.8      0.7730532      0.1765274
     166.9      0.7813363      0.1770909
     167.0      0.7896158      0.1776249
     167.1      0.7978904      0.1781291
     167.2      0.8061593      0.1786034
     167.3      0.8144212      0.1790474
     167.4      0.8226752      0.1794610
     167.5      0.8309201      0.1798440
     167.6      0.8391548      0.1801962
     167.7      0.8473783      0.1805173
     167.8      0.8555895      0.1808073
     167.9      0.8637873      0.1810659
     168.0      0.8719706      0.1812929
     168.1      0.8801383      0.1814882
     168.2      0.8882894      0.1816517
     168.3      0.8964228      0.1817831
     168.4      0.9045373      0.1818825
     168.5      0.9126319      0.1819495
     168.6      0.9207056      0.1819842
     168.7      0.9287571      0.1819864
     168.8      0.9367856      0.1819559
     168.9      0.9447898      0.1818928
     169.0      0.9527688      0.1817969
     169.1      0.9607213      0.1816680
     169.2      0.9686465      0.1815063
     169.3      0.9765431      0.1813115
     169.4      0.9844102      0.1810836
     169.5      0.9922466      0.1808226
     169.6      1.0000513      0.1805284
     169.7      1.0078233      0.1802010
     169.8      1.0155614      0.1798404
     169.9      1.0232647      0.1794466
     170.0      1.0309320      0.1790195
     170.1      1.0385624      0.1785591
     170.2      1.0461548      0.1780655
     170.3      1.0537081      0.1775386
     170.4      1.0612213      0.1769785
     170.5      1.0686935      0.1763853
     170.6      1.0761234      0.1757589
     170.7      1.0835103      0.1750994
     170.8      1.0908530      0.1744069
     170.9      1.0981504      0.1736814
     171.0      1.1054017      0.1729229
     171.1      1.1126058      0.1721317
     171.2      1.1197617      0.1713077
     171.3      1.1268685      0.1704510
     171.4      1.1339250      0.1695619
     171.5      1.1409305      0.1686403
     171.6      1.1478838      0.1676863
     171.7      1.1547841      0.1667002
     171.8      1.1616303      0.1656821
     171.9      1.1684215      0.1646320
     172.0      1.1751568      0.1635502
     172.1      1.1818352      0.1624368
     172.2      1.1884559      0.1612920
     172.3      1.1950177      0.1601159
     172.4      1.2015200      0.1589087
     172.5      1.2079617      0.1576706
     172.6      1.2143419      0.1564019
     172.7      1.2206598      0.1551027
     172.8      1.2269145      0.1537732
     172.9      1.2331050      0.1524136
     173.0      1.2392306      0.1510242
     173.1      1.2452903      0.1496052
     173.2      1.2512834      0.1481569
     173.3      1.2572089      0.1466795
     173.4      1.2630660      0.1451732
     173.5      1.2688539      0.1436383
     173.6      1.2745718      0.1420752
     173.7      1.2802189      0.1404839
     173.8      1.2857944      0.1388650
     173.9      1.2912975      0.1372185
     174.0      1.2967273      0.1355449
     174.1      1.3020833      0.1338444
     174.2      1.3073645      0.1321174
     174.3      1.3125703      0.1303641
     174.4      1.3176998      0.1285850
     174.5      1.3227525      0.1267802
     174.6      1.3277275      0.1249502
     174.7      1.3326241      0.1230953
     174.8      1.3374417      0.1212158
     174.9      1.3421796      0.1193121
     175.0      1.3468371      0.1173846
     175.1      1.3514135      0.1154336
     175.2      1.3559083      0.1134595
     175.3      1.3603206      0.1114626
     175.4      1.3646500      0.1094435
     175.5      1.3688957      0.1074023
     175.6      1.3730573      0.1053396
     175.7      1.3771341      0.1032558
     175.8      1.3811255      0.1011511
     175.9      1.3850309      0.0990262
     176.0      1.3888498      0.0968813
     176.1      1.3925817      0.0947168
     176.2      1.3962259      0.0925333
     176.3      1.3997821      0.0903312
     176.4      1.4032497      0.0881108
     176.5      1.4066281      0.0858726
     176.6      1.4099169      0.0836171
     176.7      1.4131157      0.0813446
     176.8      1.4162239      0.0790558
     176.9      1.4192412      0.0767509
     177.0      1.4221670      0.0744305
     177.1      1.4250011      0.0720950
     177.2      1.4277429      0.0697449
     177.3      1.4303920      0.0673807
     177.4      1.4329482      0.0650028
     177.5      1.4354110      0.0626117
     177.6      1.4377800      0.0602080
     177.7      1.4400550      0.0577920
     177.8      1.4422357      0.0553643
     177.9      1.4443216      0.0529253
     178.0      1.4463124      0.0504756
     178.1      1.4482080      0.0480156
     178.2      1.4500081      0.0455459
     178.3      1.4517123      0.0430669
     178.4      1.4533204      0.0405791
     178.5      1.4548323      0.0380831
     178.6      1.4562476      0.0355793
     178.7      1.4575662      0.0330683
     178.8      1.4587879      0.0305505
     178.9      1.4599125      0.0280266
     179.0      1.4609399      0.0254969
     179.1      1.4618698      0.0229621
     179.2      1.4627022      0.0204225
     179.3      1.4634370      0.0178788
     179.4      1.4640740      0.0153315
     179.5      1.4646132      0.0127810
     179.6      1.4650545      0.0102279
     179.7      1.4653977      0.0076728
     179.8      1.4656429      0.0051160
     179.9      1.4657901      0.0025583
     180.0      1.4658391      0.0000000
