  # July 4, 2014 12:22:22
 # jmin,jmax    0   50
 # Eau     0.00200000
 # r0,ra,rb,rdel,tol,Bau,mu   3.5000  25.0000  25.0000   4.0000  1.0000E-03  3.0130E-07  6.8548E+03
 # parity bigJ  0  0        1  0        1  1        2  0        2  1        2  2        3  0        3  1        3  2        3  3
 # jmin,jmax,maxlamb are            0          50         100
 # j and jp are          29          49
 # lam  B-lambda(j,jp)  angle
#   20     14.8407      6.6984
#   21      0.8864     11.8216
#   22      6.4020     15.4805
#   23      0.4767     18.5642
#   24      4.1101     21.3256
#   25      0.2687     23.8786
#   26      3.0901     26.2858
#   27      0.1911     28.5857
#   28      2.4204     30.8040
#   29      0.1387     32.9589
#   30      1.8806     35.0638
#   31      0.1046     37.1290
#   32      1.3926     39.1623
#   33      0.0809     41.1702
#   34      1.0277     43.1581
#   35      0.0625     45.1304
#   36      0.8485     47.0908
#   37      0.0478     49.0428
#   38      0.7288     50.9892
#   39      0.0354     52.9326
#   40      0.5637     54.8754
#   41      0.0249     56.8199
#   42      0.3815     58.7680
#   43      0.0170     60.7217
#   44      0.2551     62.6829
#   45      0.0113     64.6535
#   46      0.1888     66.6352
#   47      0.0067     68.6298
#   48      0.1247     70.6393
#   49      0.0031     72.6654
#   50      0.0555     74.7100
#   51      0.0012     76.7752
#   52      0.0158     78.8630
#   53      0.0004     80.9757
#   54      0.0051     83.1156
#   55      0.0002     85.2853
#   56      0.0025     87.4875
#   57      0.0000     89.7253
#   58      0.0008     92.0019
#   59      0.0000     94.3210
#   60      0.0001     96.6868
#   61      0.0000     99.1038
#   62      0.0000    101.5773
#   63      0.0000    104.1134
#   64      0.0000    106.7190
#   65      0.0000    109.4023
#   66      0.0000    112.1731
#   67      0.0000    115.0430
#   68      0.0000    118.0261
#   69      0.0000    121.1403
#   70      0.0000    124.4080
#   71      0.0000    127.8585
#   72      0.0000    131.5313
#   73      0.0000    135.4820
#   74      0.0000    139.7929
#   75      0.0000    144.5960
#   76      0.0000    150.1284
#   77      0.0000    156.9092
#   78      0.0000    166.7328
   0    2.68759E+01    1.0000000000000000
   1    2.35635E+01    0.8767550006129076
   2    1.84415E+01    0.6861723858194879
   3    1.34626E+01    0.5009161723394322
   4    9.84916E+00    0.3664685535842514
   5    7.69552E+00    0.2863358618201216
   6    6.43297E+00    0.2393586405283304
   7    5.51907E+00    0.2053541545689198
   8    4.75016E+00    0.1767445658910622
   9    4.14194E+00    0.1541137984463500
  10    3.70723E+00    0.1379388531269497
  11    3.38683E+00    0.1260174683665516
  12    3.11230E+00    0.1158029736004692
  13    2.85642E+00    0.1062820854806899
  14    2.61657E+00    0.0973577973369656
  15    2.38721E+00    0.0888237269368786
  16    2.16849E+00    0.0806854987157715
  17    1.98342E+00    0.0737994254352081
  18    1.86014E+00    0.0692123328950029
  19    1.79465E+00    0.0667756991266742
  20    1.74637E+00    0.0649791210143840
  21    1.67683E+00    0.0623917345395847
  22    1.58410E+00    0.0589413366328631
  23    1.49361E+00    0.0555745605180060
  24    1.42416E+00    0.0529901965034040
  25    1.37221E+00    0.0510572420323655
  26    1.32487E+00    0.0492958323504071
  27    1.27619E+00    0.0474847029920666
  28    1.22805E+00    0.0456933873810929
  29    1.18239E+00    0.0439945398131586
  30    1.13835E+00    0.0423559417785347
  31    1.09515E+00    0.0407483043156897
  32    1.05398E+00    0.0392165418692214
  33    1.01654E+00    0.0378236558357447
  34    9.83160E-01    0.0365815397834431
  35    9.52867E-01    0.0354543754054474
  36    9.24670E-01    0.0344052239681216
  37    8.98188E-01    0.0334198873820912
  38    8.73552E-01    0.0325032216111877
  39    8.50888E-01    0.0316599193038638
  40    8.30243E-01    0.0308917621961202
  41    8.11489E-01    0.0301939715703819
  42    7.94449E-01    0.0295599593012211
  43    7.78860E-01    0.0289799128210586
  44    7.64550E-01    0.0284474650384726
  45    7.50887E-01    0.0279390747599830
  46    7.38024E-01    0.0274604765585123
  47    7.26216E-01    0.0270211396909852
  48    7.14113E-01    0.0265708078828639
  49    7.05265E-01    0.0262415902541170
  50    7.04587E-01    0.0262163417290444
  51    6.94636E-01    0.0258460841775442
  52    6.84547E-01    0.0254707040666763
  53    6.84848E-01    0.0254818955134682
  54    6.57989E-01    0.0244825167977999
  55    5.56719E-01    0.0207144674751478
  56    6.16693E-01    0.0229459821502725
  57    4.70523E-01    0.0175072692087265
  58    8.50044E-01    0.0316285387955179
