  # July 4, 2014 12:22:22
 # jmin,jmax    0   50
 # Eau     0.00200000
 # r0,ra,rb,rdel,tol,Bau,mu   3.5000  25.0000  25.0000   4.0000  1.0000E-03  3.0130E-07  6.8548E+03
 # parity bigJ  0  0        1  0        1  1        2  0        2  1        2  2        3  0        3  1        3  2        3  3
 # jmin,jmax,maxlamb are            0          50         100
 # j and jp are          34          42
 # lam  B-lambda(j,jp)  angle
#    8    139.2475      4.2306
#    9     17.2454      7.6344
#   10     45.5114     10.1614
#   11      7.1945     12.3629
#   12     21.7144     14.3902
#   13      4.3750     16.3097
#   14     11.3524     18.1566
#   15      2.9082     19.9524
#   16      6.9930     21.7109
#   17      1.9630     23.4416
#   18      4.6298     25.1514
#   19      1.4348     26.8456
#   20      3.4669     28.5279
#   21      1.1253     30.2017
#   22      2.6910     31.8695
#   23      0.9006     33.5334
#   24      2.0610     35.1953
#   25      0.7265     36.8566
#   26      1.6274     38.5188
#   27      0.5932     40.1831
#   28      1.2014     41.8506
#   29      0.4820     43.5224
#   30      0.9559     45.1994
#   31      0.3615     46.8826
#   32      0.9126     48.5729
#   33      0.2318     50.2710
#   34      0.7233     51.9780
#   35      0.1304     53.6946
#   36      0.4614     55.4216
#   37      0.0730     57.1601
#   38      0.3405     58.9107
#   39      0.0470     60.6745
#   40      0.2944     62.4524
#   41      0.0346     64.2454
#   42      0.2476     66.0545
#   43      0.0252     67.8807
#   44      0.1803     69.7252
#   45      0.0175     71.5893
#   46      0.1259     73.4741
#   47      0.0113     75.3811
#   48      0.1088     77.3118
#   49      0.0060     79.2676
#   50      0.0799     81.2505
#   51      0.0024     83.2622
#   52      0.0357     85.3048
#   53      0.0009     87.3805
#   54      0.0115     89.4919
#   55      0.0003     91.6417
#   56      0.0045     93.8330
#   57      0.0001     96.0692
#   58      0.0014     98.3543
#   59      0.0000    100.6926
#   60      0.0002    103.0892
#   61      0.0000    105.5499
#   62      0.0001    108.0815
#   63      0.0000    110.6920
#   64      0.0001    113.3908
#   65      0.0000    116.1893
#   66      0.0000    119.1016
#   67      0.0000    122.1449
#   68      0.0000    125.3414
#   69      0.0000    128.7199
#   70      0.0000    132.3194
#   71      0.0000    136.1945
#   72      0.0000    140.4265
#   73      0.0000    145.1452
#   74      0.0000    150.5845
#   75      0.0000    157.2559
#   76      0.0000    166.9270
   0    8.51472E+01    1.0000000000000000
   1    7.96893E+01    0.9359007741547277
   2    7.10899E+01    0.8349060998218666
   3    6.21824E+01    0.7302931050619880
   4    5.45774E+01    0.6409772180170275
   5    4.84313E+01    0.5687947149216980
   6    4.33142E+01    0.5086974764831929
   7    3.89066E+01    0.4569336893372969
   8    3.50442E+01    0.4115721145112811
   9    3.15663E+01    0.3707260746404342
  10    2.83564E+01    0.3330282110424198
  11    2.54315E+01    0.2986772558894649
  12    2.28693E+01    0.2685851930369034
  13    2.06742E+01    0.2428056303890946
  14    1.87674E+01    0.2204106517923044
  15    1.70729E+01    0.2005099974779137
  16    1.55626E+01    0.1827729806704168
  17    1.42314E+01    0.1671391093010026
  18    1.30763E+01    0.1535725920225582
  19    1.20986E+01    0.1420902489183656
  20    1.12873E+01    0.1325622665583001
  21    1.05903E+01    0.1243769123489911
  22    9.93513E+00    0.1166818636497385
  23    9.29274E+00    0.1091373574281183
  24    8.69835E+00    0.1021566445262412
  25    8.19508E+00    0.0962460035335018
  26    7.77881E+00    0.0913571874884394
  27    7.41058E+00    0.0870325520522075
  28    7.06081E+00    0.0829247218707531
  29    6.72392E+00    0.0789681595765266
  30    6.40538E+00    0.0752270831359470
  31    6.11310E+00    0.0717944966422816
  32    5.85530E+00    0.0687667911453938
  33    5.63216E+00    0.0661461087771103
  34    5.43016E+00    0.0637738105368985
  35    5.23121E+00    0.0614371980888840
  36    5.02810E+00    0.0590518986692810
  37    4.82756E+00    0.0566966642687804
  38    4.64052E+00    0.0544999462167886
  39    4.47204E+00    0.0525212799802987
  40    4.32055E+00    0.0507421640576894
  41    4.18164E+00    0.0491107655144999
  42    4.05240E+00    0.0475928249789475
  43    3.93018E+00    0.0461574759870707
  44    3.81402E+00    0.0447932147608252
  45    3.70218E+00    0.0434797105066067
  46    3.59155E+00    0.0421804833531837
  47    3.48281E+00    0.0409033733332392
  48    3.37296E+00    0.0396132780100386
  49    3.25608E+00    0.0382405852174420
  50    3.14301E+00    0.0369127116644365
  51    3.02027E+00    0.0354711319994594
  52    2.88550E+00    0.0338883993017763
  53    2.75457E+00    0.0323506347229068
  54    2.63392E+00    0.0309336799891089
  55    2.45128E+00    0.0287887338232088
  56    2.36095E+00    0.0277278446838761
  57    2.15336E+00    0.0252898446603689
  58    2.11148E+00    0.0247980361230752
  59    1.91007E+00    0.0224325223833109
  60    1.86611E+00    0.0219162536753109
  61    1.53865E+00    0.0180704902728576
  62    1.61722E+00    0.0189932360735077
  63    1.32764E+00    0.0155922492305167
  64    1.41469E+00    0.0166146937932136
  65    9.39072E-01    0.0110288055882325
  66    1.34849E+00    0.0158371351133192
  67    7.67622E-01    0.0090152352028100
  68    1.46060E+00    0.0171538565558530
