  # July 4, 2014 12:22:22
 # jmin,jmax    0   50
 # Eau     0.00200000
 # r0,ra,rb,rdel,tol,Bau,mu   3.5000  25.0000  25.0000   4.0000  1.0000E-03  3.0130E-07  6.8548E+03
 # parity bigJ  0  0        1  0        1  1        2  0        2  1        2  2        3  0        3  1        3  2        3  3
 # jmin,jmax,maxlamb are            0          50         100
 # j and jp are          14          46
 # lam  B-lambda(j,jp)  angle
#   32      3.7575     12.4362
#   33      0.0242     21.9422
#   34      1.6194     28.7053
#   35      0.0252     34.3955
#   36      0.9457     39.4904
#   37      0.0215     44.2075
#   38      0.6602     48.6678
#   39      0.0164     52.9477
#   40      0.5269     57.0996
#   41      0.0116     61.1622
#   42      0.4047     65.1654
#   43      0.0077     69.1340
#   44      0.2574     73.0892
#   45      0.0048     77.0501
#   46      0.1485     81.0350
#   47      0.0028     85.0620
#   48      0.1246     89.1496
#   49      0.0015     93.3181
#   50      0.1147     97.5901
#   51      0.0008    101.9919
#   52      0.0692    106.5557
#   53      0.0003    111.3217
#   54      0.0260    116.3431
#   55      0.0001    121.6932
#   56      0.0088    127.4797
#   57      0.0000    133.8739
#   58      0.0039    141.1829
#   59      0.0000    150.0789
#   60      0.0018    162.8934
   0    1.22083E+01    1.0000000000000000
   1    9.04358E+00    0.7407733222054921
   2    5.72622E+00    0.4690428483515756
   3    3.85057E+00    0.3154059388609681
   4    2.91095E+00    0.2384398600215747
   5    2.32578E+00    0.1905080259984923
   6    1.99005E+00    0.1630077217428268
   7    1.70822E+00    0.1399225867409050
   8    1.39443E+00    0.1142195387512843
   9    1.19148E+00    0.0975955625198560
  10    1.14305E+00    0.0936289618761187
  11    1.09060E+00    0.0893325319135755
  12    9.94229E-01    0.0814387446214208
  13    9.00297E-01    0.0737446610531770
  14    8.44299E-01    0.0691578205069624
  15    7.84897E-01    0.0642921110235491
  16    7.33505E-01    0.0600824404199953
  17    6.73520E-01    0.0551689821593745
  18    6.33203E-01    0.0518665912144836
  19    5.79013E-01    0.0474278075357303
  20    5.47696E-01    0.0448626281164617
  21    4.88925E-01    0.0400486032300285
  22    4.80585E-01    0.0393653911109346
  23    3.97742E-01    0.0325796007596610
  24    4.56827E-01    0.0374193667761975
  25    3.06613E-01    0.0251150860464226
  26    4.67063E-01    0.0382578035795945
  27    3.22875E-01    0.0264471849118706
  28    5.43794E-01    0.0445429966202697
