  # July 4, 2014 12:22:22
 # jmin,jmax    0   50
 # Eau     0.00200000
 # r0,ra,rb,rdel,tol,Bau,mu   3.5000  25.0000  25.0000   4.0000  1.0000E-03  3.0130E-07  6.8548E+03
 # parity bigJ  0  0        1  0        1  1        2  0        2  1        2  2        3  0        3  1        3  2        3  3
 # jmin,jmax,maxlamb are            0          50         100
 # j and jp are           8          50
 # lam  B-lambda(j,jp)  angle
#   42      0.7539     17.7886
#   43      0.0017     31.5880
#   44      0.3065     41.4832
#   45      0.0016     49.8996
#   46      0.1873     57.5357
#   47      0.0011     64.7173
#   48      0.1230     71.6354
#   49      0.0006     78.4217
#   50      0.0695     85.1805
#   51      0.0003     92.0062
#   52      0.0288     98.9959
#   53      0.0001    106.2635
#   54      0.0094    113.9589
#   55      0.0000    122.3060
#   56      0.0043    131.6925
#   57      0.0000    142.9547
#   58      0.0036    158.9904
   0    3.21418E+00    1.0000000000000000
   1    2.26425E+00    0.7044575155578643
   2    1.31673E+00    0.4096642547825042
   3    8.11858E-01    0.2525865939697783
   4    6.49271E-01    0.2020023772203197
   5    5.41959E-01    0.1686150499609725
   6    4.46174E-01    0.1388144931385915
   7    3.68941E-01    0.1147854285010837
   8    3.29102E-01    0.1023906103142914
   9    2.87847E-01    0.0895553923216427
  10    2.62083E-01    0.0815398465985364
  11    2.29389E-01    0.0713678565160655
  12    2.14082E-01    0.0666054962208199
  13    1.87503E-01    0.0583363497517305
  14    1.84452E-01    0.0573870414622103
  15    1.55025E-01    0.0482316142333418
  16    2.09890E-01    0.0653013714047385
