  # July 4, 2014 12:22:22
 # jmin,jmax    0   50
 # Eau     0.00200000
 # r0,ra,rb,rdel,tol,Bau,mu   3.5000  25.0000  25.0000   4.0000  1.0000E-03  3.0130E-07  6.8548E+03
 # parity bigJ  0  0        1  0        1  1        2  0        2  1        2  2        3  0        3  1        3  2        3  3
 # jmin,jmax,maxlamb are            0          50         100
 # j and jp are           7          29
 # lam  B-lambda(j,jp)  angle
#   22      3.8874     17.9352
#   23      0.0068     32.0912
#   24      1.7335     42.3986
#   25      0.0072     51.3024
#   26      1.2232     59.5081
#   27      0.0066     67.3505
#   28      1.0082     75.0344
#   29      0.0056     82.7122
#   30      0.8596     90.5192
#   31      0.0044     98.5983
#   32      0.7587    107.1265
#   33      0.0032    116.3587
#   34      0.8159    126.7287
#   35      0.0019    139.1648
#   36      1.2937    156.8811
   0    2.14011E+01    1.0000000000000000
   1    4.76722E+00    0.2227555066182054
   2    5.96728E+00    0.2788299152039069
   3    1.87096E+00    0.0874232936024691
   4    3.41180E+00    0.1594215225477517
   5    1.19888E+00    0.0560194161969081
   6    2.36846E+00    0.1106699398606683
   7    7.71923E-01    0.0360692200736047
   8    1.89413E+00    0.0885059834690727
   9    5.78681E-01    0.0270397256210194
  10    1.60722E+00    0.0750995591418123
  11    4.41793E-01    0.0206434104723290
  12    1.49769E+00    0.0699819979396001
  13    2.96309E-01    0.0138454939535648
  14    1.85169E+00    0.0865228581324433
