# alpha	alpha^2	B*sin(alpha)
0.000000	0.000000	0.000000
0.100000	0.010000	0.020907
0.200000	0.040000	0.041808
0.300000	0.090000	0.062696
0.400000	0.160000	0.083566
0.500000	0.250000	0.104411
0.600000	0.360000	0.125225
0.700000	0.490000	0.146001
0.800000	0.640000	0.166734
0.900000	0.810000	0.187417
1.000000	1.000000	0.208045
1.100000	1.210000	0.228610
1.200000	1.440000	0.249108
1.300000	1.690000	0.269531
1.400000	1.960000	0.289874
1.500000	2.250000	0.310132
1.600000	2.560000	0.330297
1.700000	2.890000	0.350364
1.800000	3.240000	0.370327
1.900000	3.610000	0.390181
2.000000	4.000000	0.409919
2.100000	4.410000	0.429536
2.200000	4.840000	0.449027
2.300000	5.290000	0.468384
2.400000	5.760000	0.487604
2.500000	6.250000	0.506680
2.600000	6.760000	0.525607
2.700000	7.290000	0.544379
2.800000	7.840000	0.562992
2.900000	8.410000	0.581439
3.000000	9.000000	0.599717
3.100000	9.610000	0.617819
3.200000	10.240000	0.635740
3.300000	10.890000	0.653477
3.400000	11.560000	0.671023
3.500000	12.250000	0.688374
3.600000	12.960000	0.705525
3.700000	13.690000	0.722472
3.800000	14.440000	0.739210
3.900000	15.210000	0.755734
4.000000	16.000000	0.772041
4.100000	16.810000	0.788125
4.200000	17.640000	0.803984
4.300000	18.490000	0.819612
4.400000	19.360000	0.835005
4.500000	20.250000	0.850161
4.600000	21.160000	0.865074
4.700000	22.090000	0.879742
4.800000	23.040000	0.894160
4.900000	24.010000	0.908325
5.000000	25.000000	0.922235
5.100000	26.010000	0.935884
5.200000	27.040000	0.949272
5.300000	28.090000	0.962393
5.400000	29.160000	0.975246
5.500000	30.250000	0.987827
5.600000	31.360000	1.000135
5.700000	32.490000	1.012165
5.800000	33.640000	1.023916
5.900000	34.810000	1.035386
6.000000	36.000000	1.046572
6.100000	37.210000	1.057471
6.200000	38.440000	1.068083
6.300000	39.690000	1.078405
6.400000	40.960000	1.088435
6.500000	42.250000	1.098171
6.600000	43.560000	1.107613
6.700000	44.890000	1.116759
6.800000	46.240000	1.125607
6.900000	47.610000	1.134156
7.000000	49.000000	1.142405
7.100000	50.410000	1.150354
7.200000	51.840000	1.158001
7.300000	53.290000	1.165345
7.400000	54.760000	1.172388
7.500000	56.250000	1.179127
7.600000	57.760000	1.185562
7.700000	59.290000	1.191694
7.800000	60.840000	1.197522
7.900000	62.410000	1.203046
8.000000	64.000000	1.208267
8.100000	65.610000	1.213185
8.200000	67.240000	1.217800
8.300000	68.890000	1.222113
8.400000	70.560000	1.226125
8.500000	72.250000	1.229835
8.600000	73.960000	1.233246
8.700000	75.690000	1.236359
8.800000	77.440000	1.239173
8.900000	79.210000	1.241692
9.000000	81.000000	1.243915
9.100000	82.810000	1.245846
9.200000	84.640000	1.247484
9.300000	86.490000	1.248833
9.400000	88.360000	1.249893
9.500000	90.250000	1.250667
9.600000	92.160000	1.251157
9.700000	94.090000	1.251365
9.800000	96.040000	1.251293
9.900000	98.010000	1.250945
10.000000	100.000000	1.250321
10.100000	102.010000	1.249426
10.200000	104.040000	1.248261
10.300000	106.090000	1.246829
10.400000	108.160000	1.245134
10.500000	110.250000	1.243179
10.600000	112.360000	1.240966
10.700000	114.490000	1.238499
10.800000	116.640000	1.235781
10.900000	118.810000	1.232815
11.000000	121.000000	1.229605
11.100000	123.210000	1.226155
11.200000	125.440000	1.222469
11.300000	127.690000	1.218549
11.400000	129.960000	1.214400
11.500000	132.250000	1.210026
11.600000	134.560000	1.205431
11.700000	136.890000	1.200619
11.800000	139.240000	1.195594
11.900000	141.610000	1.190360
12.000000	144.000000	1.184921
12.100000	146.410000	1.179283
12.200000	148.840000	1.173449
12.300000	151.290000	1.167425
12.400000	153.760000	1.161213
12.500000	156.250000	1.154820
12.600000	158.760000	1.148250
12.700000	161.290000	1.141507
12.800000	163.840000	1.134597
12.900000	166.410000	1.127524
13.000000	169.000000	1.120293
13.100000	171.610000	1.112910
13.200000	174.240000	1.105378
13.300000	176.890000	1.097704
13.400000	179.560000	1.089892
13.500000	182.250000	1.081948
13.600000	184.960000	1.073876
13.700000	187.690000	1.065681
13.800000	190.440000	1.057370
13.900000	193.210000	1.048947
14.000000	196.000000	1.040417
14.100000	198.810000	1.031786
14.200000	201.640000	1.023059
14.300000	204.490000	1.014241
14.400000	207.360000	1.005338
14.500000	210.250000	0.996356
14.600000	213.160000	0.987298
14.700000	216.090000	0.978172
14.800000	219.040000	0.968981
14.900000	222.010000	0.959733
15.000000	225.000000	0.950431
15.100000	228.010000	0.941081
15.200000	231.040000	0.931690
15.300000	234.090000	0.922261
15.400000	237.160000	0.912801
15.500000	240.250000	0.903314
15.600000	243.360000	0.893807
15.700000	246.490000	0.884284
15.800000	249.640000	0.874751
15.900000	252.810000	0.865213
16.000000	256.000000	0.855675
16.100000	259.210000	0.846143
16.200000	262.440000	0.836621
16.300000	265.690000	0.827115
16.400000	268.960000	0.817630
16.500000	272.250000	0.808171
16.600000	275.560000	0.798743
16.700000	278.890000	0.789351
16.800000	282.240000	0.780000
16.900000	285.610000	0.770695
17.000000	289.000000	0.761441
17.100000	292.410000	0.752243
17.200000	295.840000	0.743105
17.300000	299.290000	0.734032
17.400000	302.760000	0.725029
17.500000	306.250000	0.716101
17.600000	309.760000	0.707251
17.700000	313.290000	0.698485
17.800000	316.840000	0.689806
17.900000	320.410000	0.681220
18.000000	324.000000	0.672730
18.100000	327.610000	0.664341
18.200000	331.240000	0.656057
18.300000	334.890000	0.647882
18.400000	338.560000	0.639820
18.500000	342.250000	0.631874
18.600000	345.960000	0.624049
18.700000	349.690000	0.616349
18.800000	353.440000	0.608777
18.900000	357.210000	0.601336
19.000000	361.000000	0.594030
19.100000	364.810000	0.586864
19.200000	368.640000	0.579839
19.300000	372.490000	0.572959
19.400000	376.360000	0.566228
19.500000	380.250000	0.559648
19.600000	384.160000	0.553222
19.700000	388.090000	0.546954
19.800000	392.040000	0.540846
19.900000	396.010000	0.534901
20.000000	400.000000	0.529121
20.100000	404.010000	0.523509
20.200000	408.040000	0.518067
20.300000	412.090000	0.512798
20.400000	416.160000	0.507703
20.500000	420.250000	0.502786
20.600000	424.360000	0.498047
20.700000	428.490000	0.493489
20.800000	432.640000	0.489113
20.900000	436.810000	0.484922
21.000000	441.000000	0.480916
21.100000	445.210000	0.477098
21.200000	449.440000	0.473468
21.300000	453.690000	0.470029
21.400000	457.960000	0.466780
21.500000	462.250000	0.463724
21.600000	466.560000	0.460860
21.700000	470.890000	0.458191
21.800000	475.240000	0.455716
21.900000	479.610000	0.453437
22.000000	484.000000	0.451353
22.100000	488.410000	0.449466
22.200000	492.840000	0.447775
22.300000	497.290000	0.446281
22.400000	501.760000	0.444983
22.500000	506.250000	0.443883
22.600000	510.760000	0.442979
22.700000	515.290000	0.442272
22.800000	519.840000	0.441761
22.900000	524.410000	0.441446
23.000000	529.000000	0.441327
23.100000	533.610000	0.441401
23.200000	538.240000	0.441670
23.300000	542.890000	0.442132
23.400000	547.560000	0.442786
23.500000	552.250000	0.443631
23.600000	556.960000	0.444666
23.700000	561.690000	0.445890
23.800000	566.440000	0.447301
23.900000	571.210000	0.448898
24.000000	576.000000	0.450680
24.100000	580.810000	0.452645
24.200000	585.640000	0.454791
24.300000	590.490000	0.457116
24.400000	595.360000	0.459618
24.500000	600.250000	0.462296
24.600000	605.160000	0.465148
24.700000	610.090000	0.468171
24.800000	615.040000	0.471363
24.900000	620.010000	0.474721
25.000000	625.000000	0.478244
25.100000	630.010000	0.481929
25.200000	635.040000	0.485773
25.300000	640.090000	0.489773
25.400000	645.160000	0.493928
25.500000	650.250000	0.498233
25.600000	655.360000	0.502687
25.700000	660.490000	0.507286
25.800000	665.640000	0.512027
25.900000	670.810000	0.516907
26.000000	676.000000	0.521924
26.100000	681.210000	0.527073
26.200000	686.440000	0.532352
26.300000	691.690000	0.537757
26.400000	696.960000	0.543284
26.500000	702.250000	0.548931
26.600000	707.560000	0.554694
26.700000	712.890000	0.560569
26.800000	718.240000	0.566553
26.900000	723.610000	0.572642
27.000000	729.000000	0.578832
27.100000	734.410000	0.585120
27.200000	739.840000	0.591501
27.300000	745.290000	0.597972
27.400000	750.760000	0.604529
27.500000	756.250000	0.611169
27.600000	761.760000	0.617886
27.700000	767.290000	0.624678
27.800000	772.840000	0.631540
27.900000	778.410000	0.638467
28.000000	784.000000	0.645457
28.100000	789.610000	0.652505
28.200000	795.240000	0.659607
28.300000	800.890000	0.666758
28.400000	806.560000	0.673955
28.500000	812.250000	0.681193
28.600000	817.960000	0.688469
28.700000	823.690000	0.695777
28.800000	829.440000	0.703114
28.900000	835.210000	0.710476
29.000000	841.000000	0.717858
29.100000	846.810000	0.725257
29.200000	852.640000	0.732667
29.300000	858.490000	0.740085
29.400000	864.360000	0.747507
29.500000	870.250000	0.754928
29.600000	876.160000	0.762344
29.700000	882.090000	0.769751
29.800000	888.040000	0.777145
29.900000	894.010000	0.784522
30.000000	900.000000	0.791877
30.100000	906.010000	0.799207
30.200000	912.040000	0.806507
30.300000	918.090000	0.813773
30.400000	924.160000	0.821002
30.500000	930.250000	0.828189
30.600000	936.360000	0.835330
30.700000	942.490000	0.842421
30.800000	948.640000	0.849459
30.900000	954.810000	0.856439
31.000000	961.000000	0.863358
31.100000	967.210000	0.870212
31.200000	973.440000	0.876997
31.300000	979.690000	0.883710
31.400000	985.960000	0.890346
31.500000	992.250000	0.896902
31.600000	998.560000	0.903375
31.700000	1004.890000	0.909761
31.800000	1011.240000	0.916057
31.900000	1017.610000	0.922259
32.000000	1024.000000	0.928363
32.100000	1030.410000	0.934367
32.200000	1036.840000	0.940267
32.300000	1043.290000	0.946061
32.400000	1049.760000	0.951744
32.500000	1056.250000	0.957315
32.600000	1062.760000	0.962769
32.700000	1069.290000	0.968104
32.800000	1075.840000	0.973318
32.900000	1082.410000	0.978407
33.000000	1089.000000	0.983369
33.100000	1095.610000	0.988200
33.200000	1102.240000	0.992900
33.300000	1108.890000	0.997464
33.400000	1115.560000	1.001891
33.500000	1122.250000	1.006178
33.600000	1128.960000	1.010324
33.700000	1135.690000	1.014325
33.800000	1142.440000	1.018180
33.900000	1149.210000	1.021886
34.000000	1156.000000	1.025443
34.100000	1162.810000	1.028847
34.200000	1169.640000	1.032098
34.300000	1176.490000	1.035193
34.400000	1183.360000	1.038131
34.500000	1190.250000	1.040911
34.600000	1197.160000	1.043530
34.700000	1204.090000	1.045989
34.800000	1211.040000	1.048284
34.900000	1218.010000	1.050416
35.000000	1225.000000	1.052384
35.100000	1232.010000	1.054185
35.200000	1239.040000	1.055820
35.300000	1246.090000	1.057287
35.400000	1253.160000	1.058586
35.500000	1260.250000	1.059717
35.600000	1267.360000	1.060678
35.700000	1274.490000	1.061469
35.800000	1281.640000	1.062091
35.900000	1288.810000	1.062542
36.000000	1296.000000	1.062822
36.100000	1303.210000	1.062932
36.200000	1310.440000	1.062871
36.300000	1317.690000	1.062640
36.400000	1324.960000	1.062239
36.500000	1332.250000	1.061667
36.600000	1339.560000	1.060926
36.700000	1346.890000	1.060016
36.800000	1354.240000	1.058938
36.900000	1361.610000	1.057691
37.000000	1369.000000	1.056277
37.100000	1376.410000	1.054697
37.200000	1383.840000	1.052951
37.300000	1391.290000	1.051041
37.400000	1398.760000	1.048968
37.500000	1406.250000	1.046732
37.600000	1413.760000	1.044335
37.700000	1421.290000	1.041779
37.800000	1428.840000	1.039064
37.900000	1436.410000	1.036193
38.000000	1444.000000	1.033167
38.100000	1451.610000	1.029986
38.200000	1459.240000	1.026655
38.300000	1466.890000	1.023173
38.400000	1474.560000	1.019543
38.500000	1482.250000	1.015767
38.600000	1489.960000	1.011847
38.700000	1497.690000	1.007785
38.800000	1505.440000	1.003583
38.900000	1513.210000	0.999244
39.000000	1521.000000	0.994769
39.100000	1528.810000	0.990162
39.200000	1536.640000	0.985424
39.300000	1544.490000	0.980558
39.400000	1552.360000	0.975568
39.500000	1560.250000	0.970454
39.600000	1568.160000	0.965221
39.700000	1576.090000	0.959870
39.800000	1584.040000	0.954406
39.900000	1592.010000	0.948830
40.000000	1600.000000	0.943145
40.100000	1608.010000	0.937355
40.200000	1616.040000	0.931463
40.300000	1624.090000	0.925471
40.400000	1632.160000	0.919383
40.500000	1640.250000	0.913202
40.600000	1648.360000	0.906932
40.700000	1656.490000	0.900575
40.800000	1664.640000	0.894134
40.900000	1672.810000	0.887614
41.000000	1681.000000	0.881018
41.100000	1689.210000	0.874348
41.200000	1697.440000	0.867609
41.300000	1705.690000	0.860804
41.400000	1713.960000	0.853936
41.500000	1722.250000	0.847010
41.600000	1730.560000	0.840028
41.700000	1738.890000	0.832994
41.800000	1747.240000	0.825912
41.900000	1755.610000	0.818785
42.000000	1764.000000	0.811618
42.100000	1772.410000	0.804413
42.200000	1780.840000	0.797175
42.300000	1789.290000	0.789908
42.400000	1797.760000	0.782614
42.500000	1806.250000	0.775297
42.600000	1814.760000	0.767963
42.700000	1823.290000	0.760613
42.800000	1831.840000	0.753252
42.900000	1840.410000	0.745884
43.000000	1849.000000	0.738512
43.100000	1857.610000	0.731140
43.200000	1866.240000	0.723772
43.300000	1874.890000	0.716411
43.400000	1883.560000	0.709061
43.500000	1892.250000	0.701727
43.600000	1900.960000	0.694411
43.700000	1909.690000	0.687117
43.800000	1918.440000	0.679849
43.900000	1927.210000	0.672611
44.000000	1936.000000	0.665406
44.100000	1944.810000	0.658238
44.200000	1953.640000	0.651110
44.300000	1962.490000	0.644025
44.400000	1971.360000	0.636989
44.500000	1980.250000	0.630003
44.600000	1989.160000	0.623071
44.700000	1998.090000	0.616197
44.800000	2007.040000	0.609384
44.900000	2016.010000	0.602636
45.000000	2025.000000	0.595955
45.100000	2034.010000	0.589345
45.200000	2043.040000	0.582809
45.300000	2052.090000	0.576351
45.400000	2061.160000	0.569973
45.500000	2070.250000	0.563679
45.600000	2079.360000	0.557472
45.700000	2088.490000	0.551354
45.800000	2097.640000	0.545328
45.900000	2106.810000	0.539398
46.000000	2116.000000	0.533567
46.100000	2125.210000	0.527836
46.200000	2134.440000	0.522209
46.300000	2143.690000	0.516688
46.400000	2152.960000	0.511276
46.500000	2162.250000	0.505976
46.600000	2171.560000	0.500790
46.700000	2180.890000	0.495720
46.800000	2190.240000	0.490768
46.900000	2199.610000	0.485938
47.000000	2209.000000	0.481231
47.100000	2218.410000	0.476648
47.200000	2227.840000	0.472194
47.300000	2237.290000	0.467868
47.400000	2246.760000	0.463674
47.500000	2256.250000	0.459613
47.600000	2265.760000	0.455687
47.700000	2275.290000	0.451897
47.800000	2284.840000	0.448246
47.900000	2294.410000	0.444734
48.000000	2304.000000	0.441364
48.100000	2313.610000	0.438136
48.200000	2323.240000	0.435052
48.300000	2332.890000	0.432113
48.400000	2342.560000	0.429320
48.500000	2352.250000	0.426675
48.600000	2361.960000	0.424178
48.700000	2371.690000	0.421830
48.800000	2381.440000	0.419633
48.900000	2391.210000	0.417586
49.000000	2401.000000	0.415691
49.100000	2410.810000	0.413948
49.200000	2420.640000	0.412358
49.300000	2430.490000	0.410921
49.400000	2440.360000	0.409637
49.500000	2450.250000	0.408507
49.600000	2460.160000	0.407531
49.700000	2470.090000	0.406708
49.800000	2480.040000	0.406040
49.900000	2490.010000	0.405525
50.000000	2500.000000	0.405165
50.100000	2510.010000	0.404957
50.200000	2520.040000	0.404903
50.300000	2530.090000	0.405002
50.400000	2540.160000	0.405253
50.500000	2550.250000	0.405656
50.600000	2560.360000	0.406210
50.700000	2570.490000	0.406914
50.800000	2580.640000	0.407767
50.900000	2590.810000	0.408770
51.000000	2601.000000	0.409920
51.100000	2611.210000	0.411217
51.200000	2621.440000	0.412659
51.300000	2631.690000	0.414246
51.400000	2641.960000	0.415976
51.500000	2652.250000	0.417847
51.600000	2662.560000	0.419859
51.700000	2672.890000	0.422010
51.800000	2683.240000	0.424298
51.900000	2693.610000	0.426721
52.000000	2704.000000	0.429279
52.100000	2714.410000	0.431969
52.200000	2724.840000	0.434789
52.300000	2735.290000	0.437737
52.400000	2745.760000	0.440812
52.500000	2756.250000	0.444011
52.600000	2766.760000	0.447332
52.700000	2777.290000	0.450773
52.800000	2787.840000	0.454333
52.900000	2798.410000	0.458007
53.000000	2809.000000	0.461795
53.100000	2819.610000	0.465693
53.200000	2830.240000	0.469700
53.300000	2840.890000	0.473813
53.400000	2851.560000	0.478028
53.500000	2862.250000	0.482344
53.600000	2872.960000	0.486758
53.700000	2883.690000	0.491267
53.800000	2894.440000	0.495868
53.900000	2905.210000	0.500558
54.000000	2916.000000	0.505336
54.100000	2926.810000	0.510196
54.200000	2937.640000	0.515138
54.300000	2948.490000	0.520157
54.400000	2959.360000	0.525250
54.500000	2970.250000	0.530415
54.600000	2981.160000	0.535649
54.700000	2992.090000	0.540947
54.800000	3003.040000	0.546308
54.900000	3014.010000	0.551728
55.000000	3025.000000	0.557203
55.100000	3036.010000	0.562730
55.200000	3047.040000	0.568307
55.300000	3058.090000	0.573929
55.400000	3069.160000	0.579593
55.500000	3080.250000	0.585297
55.600000	3091.360000	0.591036
55.700000	3102.490000	0.596807
55.800000	3113.640000	0.602607
55.900000	3124.810000	0.608432
56.000000	3136.000000	0.614280
56.100000	3147.210000	0.620145
56.200000	3158.440000	0.626026
56.300000	3169.690000	0.631919
56.400000	3180.960000	0.637819
56.500000	3192.250000	0.643725
56.600000	3203.560000	0.649631
56.700000	3214.890000	0.655535
56.800000	3226.240000	0.661434
56.900000	3237.610000	0.667323
57.000000	3249.000000	0.673200
57.100000	3260.410000	0.679060
57.200000	3271.840000	0.684902
57.300000	3283.290000	0.690720
57.400000	3294.760000	0.696512
57.500000	3306.250000	0.702275
57.600000	3317.760000	0.708004
57.700000	3329.290000	0.713697
57.800000	3340.840000	0.719351
57.900000	3352.410000	0.724961
58.000000	3364.000000	0.730526
58.100000	3375.610000	0.736041
58.200000	3387.240000	0.741503
58.300000	3398.890000	0.746909
58.400000	3410.560000	0.752257
58.500000	3422.250000	0.757542
58.600000	3433.960000	0.762763
58.700000	3445.690000	0.767915
58.800000	3457.440000	0.772996
58.900000	3469.210000	0.778002
59.000000	3481.000000	0.782932
59.100000	3492.810000	0.787781
59.200000	3504.640000	0.792548
59.300000	3516.490000	0.797230
59.400000	3528.360000	0.801823
59.500000	3540.250000	0.806325
59.600000	3552.160000	0.810733
59.700000	3564.090000	0.815045
59.800000	3576.040000	0.819258
59.900000	3588.010000	0.823370
60.000000	3600.000000	0.827379
60.100000	3612.010000	0.831281
60.200000	3624.040000	0.835075
60.300000	3636.090000	0.838759
60.400000	3648.160000	0.842330
60.500000	3660.250000	0.845785
60.600000	3672.360000	0.849124
60.700000	3684.490000	0.852344
60.800000	3696.640000	0.855443
60.900000	3708.810000	0.858420
61.000000	3721.000000	0.861271
61.100000	3733.210000	0.863997
61.200000	3745.440000	0.866594
61.300000	3757.690000	0.869062
61.400000	3769.960000	0.871399
61.500000	3782.250000	0.873604
61.600000	3794.560000	0.875674
61.700000	3806.890000	0.877610
61.800000	3819.240000	0.879408
61.900000	3831.610000	0.881070
62.000000	3844.000000	0.882592
62.100000	3856.410000	0.883975
62.200000	3868.840000	0.885217
62.300000	3881.290000	0.886318
62.400000	3893.760000	0.887277
62.500000	3906.250000	0.888092
62.600000	3918.760000	0.888764
62.700000	3931.290000	0.889291
62.800000	3943.840000	0.889674
62.900000	3956.410000	0.889912
63.000000	3969.000000	0.890004
63.100000	3981.610000	0.889951
63.200000	3994.240000	0.889752
63.300000	4006.890000	0.889407
63.400000	4019.560000	0.888917
63.500000	4032.250000	0.888280
63.600000	4044.960000	0.887498
63.700000	4057.690000	0.886570
63.800000	4070.440000	0.885497
63.900000	4083.210000	0.884279
64.000000	4096.000000	0.882917
64.100000	4108.810000	0.881411
64.200000	4121.640000	0.879762
64.300000	4134.490000	0.877970
64.400000	4147.360000	0.876037
64.500000	4160.250000	0.873962
64.600000	4173.160000	0.871748
64.700000	4186.090000	0.869395
64.800000	4199.040000	0.866903
64.900000	4212.010000	0.864275
65.000000	4225.000000	0.861511
65.100000	4238.010000	0.858613
65.200000	4251.040000	0.855581
65.300000	4264.090000	0.852418
65.400000	4277.160000	0.849125
65.500000	4290.250000	0.845703
65.600000	4303.360000	0.842155
65.700000	4316.490000	0.838481
65.800000	4329.640000	0.834683
65.900000	4342.810000	0.830764
66.000000	4356.000000	0.826725
66.100000	4369.210000	0.822568
66.200000	4382.440000	0.818296
66.300000	4395.690000	0.813909
66.400000	4408.960000	0.809411
66.500000	4422.250000	0.804803
66.600000	4435.560000	0.800088
66.700000	4448.890000	0.795268
66.800000	4462.240000	0.790346
66.900000	4475.610000	0.785323
67.000000	4489.000000	0.780203
67.100000	4502.410000	0.774987
67.200000	4515.840000	0.769678
67.300000	4529.290000	0.764280
67.400000	4542.760000	0.758794
67.500000	4556.250000	0.753224
67.600000	4569.760000	0.747571
67.700000	4583.290000	0.741839
67.800000	4596.840000	0.736031
67.900000	4610.410000	0.730150
68.000000	4624.000000	0.724198
68.100000	4637.610000	0.718178
68.200000	4651.240000	0.712093
68.300000	4664.890000	0.705947
68.400000	4678.560000	0.699743
68.500000	4692.250000	0.693482
68.600000	4705.960000	0.687169
68.700000	4719.690000	0.680807
68.800000	4733.440000	0.674399
68.900000	4747.210000	0.667948
69.000000	4761.000000	0.661456
69.100000	4774.810000	0.654928
69.200000	4788.640000	0.648367
69.300000	4802.490000	0.641776
69.400000	4816.360000	0.635157
69.500000	4830.250000	0.628515
69.600000	4844.160000	0.621853
69.700000	4858.090000	0.615174
69.800000	4872.040000	0.608481
69.900000	4886.010000	0.601777
70.000000	4900.000000	0.595066
70.100000	4914.010000	0.588352
70.200000	4928.040000	0.581637
70.300000	4942.090000	0.574925
70.400000	4956.160000	0.568218
70.500000	4970.250000	0.561522
70.600000	4984.360000	0.554838
70.700000	4998.490000	0.548170
70.800000	5012.640000	0.541521
70.900000	5026.810000	0.534895
71.000000	5041.000000	0.528294
71.100000	5055.210000	0.521723
71.200000	5069.440000	0.515184
71.300000	5083.690000	0.508680
71.400000	5097.960000	0.502215
71.500000	5112.250000	0.495792
71.600000	5126.560000	0.489414
71.700000	5140.890000	0.483083
71.800000	5155.240000	0.476804
71.900000	5169.610000	0.470579
72.000000	5184.000000	0.464412
72.100000	5198.410000	0.458304
72.200000	5212.840000	0.452260
72.300000	5227.290000	0.446282
72.400000	5241.760000	0.440372
72.500000	5256.250000	0.434535
72.600000	5270.760000	0.428772
72.700000	5285.290000	0.423087
72.800000	5299.840000	0.417482
72.900000	5314.410000	0.411960
73.000000	5329.000000	0.406523
73.100000	5343.610000	0.401174
73.200000	5358.240000	0.395916
73.300000	5372.890000	0.390751
73.400000	5387.560000	0.385681
73.500000	5402.250000	0.380710
73.600000	5416.960000	0.375839
73.700000	5431.690000	0.371070
73.800000	5446.440000	0.366406
73.900000	5461.210000	0.361850
74.000000	5476.000000	0.357402
74.100000	5490.810000	0.353066
74.200000	5505.640000	0.348843
74.300000	5520.490000	0.344734
74.400000	5535.360000	0.340743
74.500000	5550.250000	0.336871
74.600000	5565.160000	0.333119
74.700000	5580.090000	0.329490
74.800000	5595.040000	0.325984
74.900000	5610.010000	0.322604
75.000000	5625.000000	0.319351
75.100000	5640.010000	0.316226
75.200000	5655.040000	0.313230
75.300000	5670.090000	0.310366
75.400000	5685.160000	0.307634
75.500000	5700.250000	0.305035
75.600000	5715.360000	0.302570
75.700000	5730.490000	0.300241
75.800000	5745.640000	0.298048
75.900000	5760.810000	0.295993
76.000000	5776.000000	0.294075
76.100000	5791.210000	0.292296
76.200000	5806.440000	0.290656
76.300000	5821.690000	0.289156
76.400000	5836.960000	0.287796
76.500000	5852.250000	0.286577
76.600000	5867.560000	0.285499
76.700000	5882.890000	0.284563
76.800000	5898.240000	0.283768
76.900000	5913.610000	0.283114
77.000000	5929.000000	0.282602
77.100000	5944.410000	0.282232
77.200000	5959.840000	0.282004
77.300000	5975.290000	0.281916
77.400000	5990.760000	0.281970
77.500000	6006.250000	0.282164
77.600000	6021.760000	0.282499
77.700000	6037.290000	0.282973
77.800000	6052.840000	0.283587
77.900000	6068.410000	0.284339
78.000000	6084.000000	0.285230
78.100000	6099.610000	0.286257
78.200000	6115.240000	0.287420
78.300000	6130.890000	0.288719
78.400000	6146.560000	0.290153
78.500000	6162.250000	0.291719
78.600000	6177.960000	0.293418
78.700000	6193.690000	0.295247
78.800000	6209.440000	0.297207
78.900000	6225.210000	0.299294
79.000000	6241.000000	0.301509
79.100000	6256.810000	0.303849
79.200000	6272.640000	0.306313
79.300000	6288.490000	0.308899
79.400000	6304.360000	0.311605
79.500000	6320.250000	0.314431
79.600000	6336.160000	0.317374
79.700000	6352.090000	0.320432
79.800000	6368.040000	0.323603
79.900000	6384.010000	0.326885
80.000000	6400.000000	0.330277
80.100000	6416.010000	0.333776
80.200000	6432.040000	0.337380
80.300000	6448.090000	0.341087
80.400000	6464.160000	0.344895
80.500000	6480.250000	0.348800
80.600000	6496.360000	0.352802
80.700000	6512.490000	0.356897
80.800000	6528.640000	0.361083
80.900000	6544.810000	0.365358
81.000000	6561.000000	0.369719
81.100000	6577.210000	0.374163
81.200000	6593.440000	0.378688
81.300000	6609.690000	0.383291
81.400000	6625.960000	0.387969
81.500000	6642.250000	0.392720
81.600000	6658.560000	0.397541
81.700000	6674.890000	0.402429
81.800000	6691.240000	0.407381
81.900000	6707.610000	0.412394
82.000000	6724.000000	0.417465
82.100000	6740.410000	0.422592
82.200000	6756.840000	0.427771
82.300000	6773.290000	0.432999
82.400000	6789.760000	0.438274
82.500000	6806.250000	0.443592
82.600000	6822.760000	0.448950
82.700000	6839.290000	0.454345
82.800000	6855.840000	0.459774
82.900000	6872.410000	0.465234
83.000000	6889.000000	0.470721
83.100000	6905.610000	0.476233
83.200000	6922.240000	0.481766
83.300000	6938.890000	0.487317
83.400000	6955.560000	0.492884
83.500000	6972.250000	0.498461
83.600000	6988.960000	0.504048
83.700000	7005.690000	0.509639
83.800000	7022.440000	0.515233
83.900000	7039.210000	0.520826
84.000000	7056.000000	0.526414
84.100000	7072.810000	0.531995
84.200000	7089.640000	0.537565
84.300000	7106.490000	0.543121
84.400000	7123.360000	0.548660
84.500000	7140.250000	0.554179
84.600000	7157.160000	0.559674
84.700000	7174.090000	0.565143
84.800000	7191.040000	0.570582
84.900000	7208.010000	0.575988
85.000000	7225.000000	0.581358
85.100000	7242.010000	0.586689
85.200000	7259.040000	0.591978
85.300000	7276.090000	0.597222
85.400000	7293.160000	0.602419
85.500000	7310.250000	0.607563
85.600000	7327.360000	0.612655
85.700000	7344.490000	0.617689
85.800000	7361.640000	0.622663
85.900000	7378.810000	0.627574
86.000000	7396.000000	0.632421
86.100000	7413.210000	0.637199
86.200000	7430.440000	0.641905
86.300000	7447.690000	0.646539
86.400000	7464.960000	0.651096
86.500000	7482.250000	0.655573
86.600000	7499.560000	0.659970
86.700000	7516.890000	0.664282
86.800000	7534.240000	0.668508
86.900000	7551.610000	0.672644
87.000000	7569.000000	0.676689
87.100000	7586.410000	0.680641
87.200000	7603.840000	0.684496
87.300000	7621.290000	0.688253
87.400000	7638.760000	0.691910
87.500000	7656.250000	0.695464
87.600000	7673.760000	0.698913
87.700000	7691.290000	0.702256
87.800000	7708.840000	0.705490
87.900000	7726.410000	0.708613
88.000000	7744.000000	0.711624
88.100000	7761.610000	0.714521
88.200000	7779.240000	0.717302
88.300000	7796.890000	0.719965
88.400000	7814.560000	0.722509
88.500000	7832.250000	0.724933
88.600000	7849.960000	0.727234
88.700000	7867.690000	0.729412
88.800000	7885.440000	0.731464
88.900000	7903.210000	0.733391
89.000000	7921.000000	0.735190
89.100000	7938.810000	0.736861
89.200000	7956.640000	0.738402
89.300000	7974.490000	0.739813
89.400000	7992.360000	0.741092
89.500000	8010.250000	0.742239
89.600000	8028.160000	0.743253
89.700000	8046.090000	0.744133
89.800000	8064.040000	0.744878
89.900000	8082.010000	0.745489
90.000000	8100.000000	0.745964
90.100000	8118.010000	0.746303
90.200000	8136.040000	0.746506
90.300000	8154.090000	0.746572
90.400000	8172.160000	0.746502
90.500000	8190.250000	0.746294
90.600000	8208.360000	0.745950
90.700000	8226.490000	0.745469
90.800000	8244.640000	0.744851
90.900000	8262.810000	0.744096
91.000000	8281.000000	0.743205
91.100000	8299.210000	0.742178
91.200000	8317.440000	0.741016
91.300000	8335.690000	0.739718
91.400000	8353.960000	0.738285
91.500000	8372.250000	0.736718
91.600000	8390.560000	0.735018
91.700000	8408.890000	0.733185
91.800000	8427.240000	0.731220
91.900000	8445.610000	0.729124
92.000000	8464.000000	0.726898
92.100000	8482.410000	0.724543
92.200000	8500.840000	0.722060
92.300000	8519.290000	0.719450
92.400000	8537.760000	0.716715
92.500000	8556.250000	0.713855
92.600000	8574.760000	0.710873
92.700000	8593.290000	0.707769
92.800000	8611.840000	0.704545
92.900000	8630.410000	0.701202
93.000000	8649.000000	0.697743
93.100000	8667.610000	0.694169
93.200000	8686.240000	0.690481
93.300000	8704.890000	0.686682
93.400000	8723.560000	0.682773
93.500000	8742.250000	0.678756
93.600000	8760.960000	0.674634
93.700000	8779.690000	0.670407
93.800000	8798.440000	0.666079
93.900000	8817.210000	0.661652
94.000000	8836.000000	0.657127
94.100000	8854.810000	0.652507
94.200000	8873.640000	0.647794
94.300000	8892.490000	0.642990
94.400000	8911.360000	0.638099
94.500000	8930.250000	0.633122
94.600000	8949.160000	0.628061
94.700000	8968.090000	0.622920
94.800000	8987.040000	0.617701
94.900000	9006.010000	0.612407
95.000000	9025.000000	0.607040
95.100000	9044.010000	0.601603
95.200000	9063.040000	0.596098
95.300000	9082.090000	0.590529
95.400000	9101.160000	0.584898
95.500000	9120.250000	0.579208
95.600000	9139.360000	0.573461
95.700000	9158.490000	0.567662
95.800000	9177.640000	0.561812
95.900000	9196.810000	0.555915
96.000000	9216.000000	0.549974
96.100000	9235.210000	0.543991
96.200000	9254.440000	0.537970
96.300000	9273.690000	0.531914
96.400000	9292.960000	0.525825
96.500000	9312.250000	0.519708
96.600000	9331.560000	0.513564
96.700000	9350.890000	0.507397
96.800000	9370.240000	0.501210
96.900000	9389.610000	0.495006
97.000000	9409.000000	0.488789
97.100000	9428.410000	0.482562
97.200000	9447.840000	0.476327
97.300000	9467.290000	0.470088
97.400000	9486.760000	0.463847
97.500000	9506.250000	0.457609
97.600000	9525.760000	0.451377
97.700000	9545.290000	0.445152
97.800000	9564.840000	0.438939
97.900000	9584.410000	0.432741
98.000000	9604.000000	0.426561
98.100000	9623.610000	0.420402
98.200000	9643.240000	0.414266
98.300000	9662.890000	0.408158
98.400000	9682.560000	0.402080
98.500000	9702.250000	0.396036
98.600000	9721.960000	0.390027
98.700000	9741.690000	0.384058
98.800000	9761.440000	0.378132
98.900000	9781.210000	0.372251
99.000000	9801.000000	0.366418
99.100000	9820.810000	0.360636
99.200000	9840.640000	0.354909
99.300000	9860.490000	0.349238
99.400000	9880.360000	0.343627
99.500000	9900.250000	0.338080
99.600000	9920.160000	0.332597
99.700000	9940.090000	0.327183
99.800000	9960.040000	0.321839
99.900000	9980.010000	0.316570
100.000000	10000.000000	0.311376
100.100000	10020.010000	0.306261
100.200000	10040.040000	0.301228
100.300000	10060.090000	0.296278
100.400000	10080.160000	0.291415
100.500000	10100.250000	0.286641
100.600000	10120.360000	0.281958
100.700000	10140.490000	0.277368
100.800000	10160.640000	0.272874
100.900000	10180.810000	0.268477
101.000000	10201.000000	0.264181
101.100000	10221.210000	0.259987
101.200000	10241.440000	0.255897
101.300000	10261.690000	0.251914
101.400000	10281.960000	0.248039
101.500000	10302.250000	0.244274
101.600000	10322.560000	0.240620
101.700000	10342.890000	0.237081
101.800000	10363.240000	0.233657
101.900000	10383.610000	0.230350
102.000000	10404.000000	0.227162
102.100000	10424.410000	0.224093
102.200000	10444.840000	0.221147
102.300000	10465.290000	0.218323
102.400000	10485.760000	0.215624
102.500000	10506.250000	0.213051
102.600000	10526.760000	0.210604
102.700000	10547.290000	0.208286
102.800000	10567.840000	0.206096
102.900000	10588.410000	0.204037
103.000000	10609.000000	0.202108
103.100000	10629.610000	0.200311
103.200000	10650.240000	0.198647
103.300000	10670.890000	0.197116
103.400000	10691.560000	0.195719
103.500000	10712.250000	0.194457
103.600000	10732.960000	0.193329
103.700000	10753.690000	0.192337
103.800000	10774.440000	0.191481
103.900000	10795.210000	0.190762
104.000000	10816.000000	0.190178
104.100000	10836.810000	0.189731
104.200000	10857.640000	0.189420
104.300000	10878.490000	0.189246
104.400000	10899.360000	0.189209
104.500000	10920.250000	0.189308
104.600000	10941.160000	0.189542
104.700000	10962.090000	0.189913
104.800000	10983.040000	0.190419
104.900000	11004.010000	0.191061
105.000000	11025.000000	0.191836
105.100000	11046.010000	0.192746
105.200000	11067.040000	0.193789
105.300000	11088.090000	0.194965
105.400000	11109.160000	0.196272
105.500000	11130.250000	0.197710
105.600000	11151.360000	0.199278
105.700000	11172.490000	0.200976
105.800000	11193.640000	0.202801
105.900000	11214.810000	0.204753
106.000000	11236.000000	0.206831
106.100000	11257.210000	0.209033
106.200000	11278.440000	0.211358
106.300000	11299.690000	0.213804
106.400000	11320.960000	0.216371
106.500000	11342.250000	0.219056
106.600000	11363.560000	0.221859
106.700000	11384.890000	0.224777
106.800000	11406.240000	0.227808
106.900000	11427.610000	0.230952
107.000000	11449.000000	0.234205
107.100000	11470.410000	0.237567
107.200000	11491.840000	0.241035
107.300000	11513.290000	0.244607
107.400000	11534.760000	0.248281
107.500000	11556.250000	0.252056
107.600000	11577.760000	0.255928
107.700000	11599.290000	0.259896
107.800000	11620.840000	0.263958
107.900000	11642.410000	0.268110
108.000000	11664.000000	0.272352
108.100000	11685.610000	0.276680
108.200000	11707.240000	0.281091
108.300000	11728.890000	0.285584
108.400000	11750.560000	0.290156
108.500000	11772.250000	0.294804
108.600000	11793.960000	0.299526
108.700000	11815.690000	0.304319
108.800000	11837.440000	0.309180
108.900000	11859.210000	0.314106
109.000000	11881.000000	0.319095
109.100000	11902.810000	0.324145
109.200000	11924.640000	0.329251
109.300000	11946.490000	0.334412
109.400000	11968.360000	0.339624
109.500000	11990.250000	0.344884
109.600000	12012.160000	0.350190
109.700000	12034.090000	0.355538
109.800000	12056.040000	0.360926
109.900000	12078.010000	0.366351
110.000000	12100.000000	0.371809
110.100000	12122.010000	0.377297
110.200000	12144.040000	0.382813
110.300000	12166.090000	0.388353
110.400000	12188.160000	0.393914
110.500000	12210.250000	0.399493
110.600000	12232.360000	0.405087
110.700000	12254.490000	0.410693
110.800000	12276.640000	0.416308
110.900000	12298.810000	0.421928
111.000000	12321.000000	0.427551
111.100000	12343.210000	0.433173
111.200000	12365.440000	0.438791
111.300000	12387.690000	0.444403
111.400000	12409.960000	0.450004
111.500000	12432.250000	0.455592
111.600000	12454.560000	0.461163
111.700000	12476.890000	0.466715
111.800000	12499.240000	0.472245
111.900000	12521.610000	0.477749
112.000000	12544.000000	0.483224
112.100000	12566.410000	0.488668
112.200000	12588.840000	0.494076
112.300000	12611.290000	0.499447
112.400000	12633.760000	0.504777
112.500000	12656.250000	0.510063
112.600000	12678.760000	0.515303
112.700000	12701.290000	0.520493
112.800000	12723.840000	0.525630
112.900000	12746.410000	0.530712
113.000000	12769.000000	0.535735
113.100000	12791.610000	0.540697
113.200000	12814.240000	0.545596
113.300000	12836.890000	0.550427
113.400000	12859.560000	0.555190
113.500000	12882.250000	0.559880
113.600000	12904.960000	0.564496
113.700000	12927.690000	0.569034
113.800000	12950.440000	0.573493
113.900000	12973.210000	0.577869
114.000000	12996.000000	0.582160
114.100000	13018.810000	0.586364
114.200000	13041.640000	0.590479
114.300000	13064.490000	0.594501
114.400000	13087.360000	0.598430
114.500000	13110.250000	0.602261
114.600000	13133.160000	0.605995
114.700000	13156.090000	0.609627
114.800000	13179.040000	0.613156
114.900000	13202.010000	0.616581
115.000000	13225.000000	0.619899
115.100000	13248.010000	0.623108
115.200000	13271.040000	0.626207
115.300000	13294.090000	0.629193
115.400000	13317.160000	0.632065
115.500000	13340.250000	0.634821
115.600000	13363.360000	0.637460
115.700000	13386.490000	0.639980
115.800000	13409.640000	0.642380
115.900000	13432.810000	0.644658
116.000000	13456.000000	0.646812
116.100000	13479.210000	0.648843
116.200000	13502.440000	0.650747
116.300000	13525.690000	0.652525
116.400000	13548.960000	0.654174
116.500000	13572.250000	0.655695
116.600000	13595.560000	0.657086
116.700000	13618.890000	0.658346
116.800000	13642.240000	0.659475
116.900000	13665.610000	0.660471
117.000000	13689.000000	0.661335
117.100000	13712.410000	0.662064
117.200000	13735.840000	0.662660
117.300000	13759.290000	0.663121
117.400000	13782.760000	0.663447
117.500000	13806.250000	0.663638
117.600000	13829.760000	0.663693
117.700000	13853.290000	0.663613
117.800000	13876.840000	0.663397
117.900000	13900.410000	0.663045
118.000000	13924.000000	0.662558
118.100000	13947.610000	0.661934
118.200000	13971.240000	0.661176
118.300000	13994.890000	0.660282
118.400000	14018.560000	0.659253
118.500000	14042.250000	0.658090
118.600000	14065.960000	0.656793
118.700000	14089.690000	0.655363
118.800000	14113.440000	0.653800
118.900000	14137.210000	0.652104
119.000000	14161.000000	0.650278
119.100000	14184.810000	0.648321
119.200000	14208.640000	0.646235
119.300000	14232.490000	0.644020
119.400000	14256.360000	0.641677
119.500000	14280.250000	0.639208
119.600000	14304.160000	0.636614
119.700000	14328.090000	0.633895
119.800000	14352.040000	0.631054
119.900000	14376.010000	0.628092
120.000000	14400.000000	0.625010
120.100000	14424.010000	0.621809
120.200000	14448.040000	0.618492
120.300000	14472.090000	0.615060
120.400000	14496.160000	0.611514
120.500000	14520.250000	0.607856
120.600000	14544.360000	0.604088
120.700000	14568.490000	0.600213
120.800000	14592.640000	0.596231
120.900000	14616.810000	0.592145
121.000000	14641.000000	0.587957
121.100000	14665.210000	0.583669
121.200000	14689.440000	0.579284
121.300000	14713.690000	0.574802
121.400000	14737.960000	0.570228
121.500000	14762.250000	0.565562
121.600000	14786.560000	0.560807
121.700000	14810.890000	0.555967
121.800000	14835.240000	0.551042
121.900000	14859.610000	0.546036
122.000000	14884.000000	0.540951
122.100000	14908.410000	0.535790
122.200000	14932.840000	0.530556
122.300000	14957.290000	0.525250
122.400000	14981.760000	0.519876
122.500000	15006.250000	0.514437
122.600000	15030.760000	0.508934
122.700000	15055.290000	0.503372
122.800000	15079.840000	0.497753
122.900000	15104.410000	0.492079
123.000000	15129.000000	0.486355
123.100000	15153.610000	0.480581
123.200000	15178.240000	0.474762
123.300000	15202.890000	0.468901
123.400000	15227.560000	0.463000
123.500000	15252.250000	0.457063
123.600000	15276.960000	0.451093
123.700000	15301.690000	0.445091
123.800000	15326.440000	0.439063
123.900000	15351.210000	0.433011
124.000000	15376.000000	0.426937
124.100000	15400.810000	0.420845
124.200000	15425.640000	0.414739
124.300000	15450.490000	0.408621
124.400000	15475.360000	0.402494
124.500000	15500.250000	0.396362
124.600000	15525.160000	0.390227
124.700000	15550.090000	0.384093
124.800000	15575.040000	0.377964
124.900000	15600.010000	0.371842
125.000000	15625.000000	0.365729
125.100000	15650.010000	0.359631
125.200000	15675.040000	0.353549
125.300000	15700.090000	0.347487
125.400000	15725.160000	0.341447
125.500000	15750.250000	0.335434
125.600000	15775.360000	0.329450
125.700000	15800.490000	0.323498
125.800000	15825.640000	0.317581
125.900000	15850.810000	0.311702
126.000000	15876.000000	0.305865
126.100000	15901.210000	0.300072
126.200000	15926.440000	0.294326
126.300000	15951.690000	0.288631
126.400000	15976.960000	0.282988
126.500000	16002.250000	0.277402
126.600000	16027.560000	0.271875
126.700000	16052.890000	0.266410
126.800000	16078.240000	0.261009
126.900000	16103.610000	0.255675
127.000000	16129.000000	0.250412
127.100000	16154.410000	0.245222
127.200000	16179.840000	0.240107
127.300000	16205.290000	0.235070
127.400000	16230.760000	0.230114
127.500000	16256.250000	0.225242
127.600000	16281.760000	0.220455
127.700000	16307.290000	0.215756
127.800000	16332.840000	0.211148
127.900000	16358.410000	0.206634
128.000000	16384.000000	0.202214
128.100000	16409.610000	0.197892
128.200000	16435.240000	0.193670
128.300000	16460.890000	0.189550
128.400000	16486.560000	0.185534
128.500000	16512.250000	0.181624
128.600000	16537.960000	0.177823
128.700000	16563.690000	0.174132
128.800000	16589.440000	0.170552
128.900000	16615.210000	0.167086
129.000000	16641.000000	0.163736
129.100000	16666.810000	0.160504
129.200000	16692.640000	0.157390
129.300000	16718.490000	0.154397
129.400000	16744.360000	0.151525
129.500000	16770.250000	0.148777
129.600000	16796.160000	0.146155
129.700000	16822.090000	0.143658
129.800000	16848.040000	0.141289
129.900000	16874.010000	0.139048
130.000000	16900.000000	0.136937
130.100000	16926.010000	0.134957
130.200000	16952.040000	0.133109
130.300000	16978.090000	0.131393
130.400000	17004.160000	0.129811
130.500000	17030.250000	0.128363
130.600000	17056.360000	0.127050
130.700000	17082.490000	0.125873
130.800000	17108.640000	0.124832
130.900000	17134.810000	0.123928
131.000000	17161.000000	0.123161
131.100000	17187.210000	0.122531
131.200000	17213.440000	0.122039
131.300000	17239.690000	0.121685
131.400000	17265.960000	0.121468
131.500000	17292.250000	0.121390
131.600000	17318.560000	0.121450
131.700000	17344.890000	0.121648
131.800000	17371.240000	0.121984
131.900000	17397.610000	0.122457
132.000000	17424.000000	0.123067
132.100000	17450.410000	0.123814
132.200000	17476.840000	0.124697
132.300000	17503.290000	0.125717
132.400000	17529.760000	0.126871
132.500000	17556.250000	0.128160
132.600000	17582.760000	0.129582
132.700000	17609.290000	0.131138
132.800000	17635.840000	0.132825
132.900000	17662.410000	0.134644
133.000000	17689.000000	0.136593
133.100000	17715.610000	0.138670
133.200000	17742.240000	0.140876
133.300000	17768.890000	0.143207
133.400000	17795.560000	0.145664
133.500000	17822.250000	0.148245
133.600000	17848.960000	0.150948
133.700000	17875.690000	0.153773
133.800000	17902.440000	0.156716
133.900000	17929.210000	0.159777
134.000000	17956.000000	0.162954
134.100000	17982.810000	0.166245
134.200000	18009.640000	0.169649
134.300000	18036.490000	0.173163
134.400000	18063.360000	0.176785
134.500000	18090.250000	0.180515
134.600000	18117.160000	0.184348
134.700000	18144.090000	0.188284
134.800000	18171.040000	0.192321
134.900000	18198.010000	0.196455
135.000000	18225.000000	0.200685
135.100000	18252.010000	0.205008
135.200000	18279.040000	0.209423
135.300000	18306.090000	0.213926
135.400000	18333.160000	0.218515
135.500000	18360.250000	0.223187
135.600000	18387.360000	0.227941
135.700000	18414.490000	0.232773
135.800000	18441.640000	0.237681
135.900000	18468.810000	0.242662
136.000000	18496.000000	0.247713
136.100000	18523.210000	0.252832
136.200000	18550.440000	0.258015
136.300000	18577.690000	0.263261
136.400000	18604.960000	0.268565
136.500000	18632.250000	0.273926
136.600000	18659.560000	0.279339
136.700000	18686.890000	0.284803
136.800000	18714.240000	0.290314
136.900000	18741.610000	0.295870
137.000000	18769.000000	0.301466
137.100000	18796.410000	0.307101
137.200000	18823.840000	0.312770
137.300000	18851.290000	0.318472
137.400000	18878.760000	0.324202
137.500000	18906.250000	0.329957
137.600000	18933.760000	0.335735
137.700000	18961.290000	0.341533
137.800000	18988.840000	0.347346
137.900000	19016.410000	0.353172
138.000000	19044.000000	0.359008
138.100000	19071.610000	0.364851
138.200000	19099.240000	0.370696
138.300000	19126.890000	0.376542
138.400000	19154.560000	0.382384
138.500000	19182.250000	0.388220
138.600000	19209.960000	0.394047
138.700000	19237.690000	0.399860
138.800000	19265.440000	0.405657
138.900000	19293.210000	0.411436
139.000000	19321.000000	0.417191
139.100000	19348.810000	0.422921
139.200000	19376.640000	0.428623
139.300000	19404.490000	0.434292
139.400000	19432.360000	0.439926
139.500000	19460.250000	0.445523
139.600000	19488.160000	0.451077
139.700000	19516.090000	0.456588
139.800000	19544.040000	0.462051
139.900000	19572.010000	0.467463
140.000000	19600.000000	0.472822
140.100000	19628.010000	0.478125
140.200000	19656.040000	0.483368
140.300000	19684.090000	0.488549
140.400000	19712.160000	0.493664
140.500000	19740.250000	0.498712
140.600000	19768.360000	0.503688
140.700000	19796.490000	0.508591
140.800000	19824.640000	0.513418
140.900000	19852.810000	0.518165
141.000000	19881.000000	0.522831
141.100000	19909.210000	0.527412
141.200000	19937.440000	0.531906
141.300000	19965.690000	0.536310
141.400000	19993.960000	0.540623
141.500000	20022.250000	0.544841
141.600000	20050.560000	0.548962
141.700000	20078.890000	0.552984
141.800000	20107.240000	0.556905
141.900000	20135.610000	0.560722
142.000000	20164.000000	0.564433
142.100000	20192.410000	0.568036
142.200000	20220.840000	0.571528
142.300000	20249.290000	0.574909
142.400000	20277.760000	0.578176
142.500000	20306.250000	0.581327
142.600000	20334.760000	0.584360
142.700000	20363.290000	0.587273
142.800000	20391.840000	0.590065
142.900000	20420.410000	0.592735
143.000000	20449.000000	0.595279
143.100000	20477.610000	0.597698
143.200000	20506.240000	0.599990
143.300000	20534.890000	0.602152
143.400000	20563.560000	0.604185
143.500000	20592.250000	0.606086
143.600000	20620.960000	0.607855
143.700000	20649.690000	0.609490
143.800000	20678.440000	0.610990
143.900000	20707.210000	0.612355
144.000000	20736.000000	0.613583
144.100000	20764.810000	0.614674
144.200000	20793.640000	0.615627
144.300000	20822.490000	0.616441
144.400000	20851.360000	0.617115
144.500000	20880.250000	0.617650
144.600000	20909.160000	0.618045
144.700000	20938.090000	0.618299
144.800000	20967.040000	0.618412
144.900000	20996.010000	0.618383
145.000000	21025.000000	0.618214
145.100000	21054.010000	0.617903
145.200000	21083.040000	0.617450
145.300000	21112.090000	0.616857
145.400000	21141.160000	0.616122
145.500000	21170.250000	0.615246
145.600000	21199.360000	0.614229
145.700000	21228.490000	0.613072
145.800000	21257.640000	0.611776
145.900000	21286.810000	0.610340
146.000000	21316.000000	0.608765
146.100000	21345.210000	0.607053
146.200000	21374.440000	0.605203
146.300000	21403.690000	0.603216
146.400000	21432.960000	0.601095
146.500000	21462.250000	0.598838
146.600000	21491.560000	0.596449
146.700000	21520.890000	0.593926
146.800000	21550.240000	0.591273
146.900000	21579.610000	0.588490
147.000000	21609.000000	0.585578
147.100000	21638.410000	0.582539
147.200000	21667.840000	0.579374
147.300000	21697.290000	0.576085
147.400000	21726.760000	0.572673
147.500000	21756.250000	0.569140
147.600000	21785.760000	0.565489
147.700000	21815.290000	0.561719
147.800000	21844.840000	0.557835
147.900000	21874.410000	0.553836
148.000000	21904.000000	0.549727
148.100000	21933.610000	0.545507
148.200000	21963.240000	0.541180
148.300000	21992.890000	0.536748
148.400000	22022.560000	0.532213
148.500000	22052.250000	0.527577
148.600000	22081.960000	0.522842
148.700000	22111.690000	0.518012
148.800000	22141.440000	0.513088
148.900000	22171.210000	0.508073
149.000000	22201.000000	0.502969
149.100000	22230.810000	0.497780
149.200000	22260.640000	0.492507
149.300000	22290.490000	0.487153
149.400000	22320.360000	0.481722
149.500000	22350.250000	0.476215
149.600000	22380.160000	0.470636
149.700000	22410.090000	0.464988
149.800000	22440.040000	0.459274
149.900000	22470.010000	0.453495
150.000000	22500.000000	0.447657
150.100000	22530.010000	0.441760
150.200000	22560.040000	0.435809
150.300000	22590.090000	0.429807
150.400000	22620.160000	0.423756
150.500000	22650.250000	0.417660
150.600000	22680.360000	0.411522
150.700000	22710.490000	0.405345
150.800000	22740.640000	0.399133
150.900000	22770.810000	0.392887
151.000000	22801.000000	0.386613
151.100000	22831.210000	0.380313
151.200000	22861.440000	0.373990
151.300000	22891.690000	0.367648
151.400000	22921.960000	0.361290
151.500000	22952.250000	0.354919
151.600000	22982.560000	0.348539
151.700000	23012.890000	0.342153
151.800000	23043.240000	0.335764
151.900000	23073.610000	0.329376
152.000000	23104.000000	0.322991
152.100000	23134.410000	0.316614
152.200000	23164.840000	0.310248
152.300000	23195.290000	0.303896
152.400000	23225.760000	0.297561
152.500000	23256.250000	0.291248
152.600000	23286.760000	0.284958
152.700000	23317.290000	0.278695
152.800000	23347.840000	0.272464
152.900000	23378.410000	0.266266
153.000000	23409.000000	0.260106
153.100000	23439.610000	0.253986
153.200000	23470.240000	0.247910
153.300000	23500.890000	0.241881
153.400000	23531.560000	0.235902
153.500000	23562.250000	0.229976
153.600000	23592.960000	0.224108
153.700000	23623.690000	0.218298
153.800000	23654.440000	0.212552
153.900000	23685.210000	0.206872
154.000000	23716.000000	0.201260
154.100000	23746.810000	0.195720
154.200000	23777.640000	0.190255
154.300000	23808.490000	0.184868
154.400000	23839.360000	0.179561
154.500000	23870.250000	0.174338
154.600000	23901.160000	0.169201
154.700000	23932.090000	0.164153
154.800000	23963.040000	0.159197
154.900000	23994.010000	0.154336
155.000000	24025.000000	0.149571
155.100000	24056.010000	0.144906
155.200000	24087.040000	0.140344
155.300000	24118.090000	0.135885
155.400000	24149.160000	0.131534
155.500000	24180.250000	0.127293
155.600000	24211.360000	0.123163
155.700000	24242.490000	0.119146
155.800000	24273.640000	0.115246
155.900000	24304.810000	0.111465
156.000000	24336.000000	0.107803
156.100000	24367.210000	0.104264
156.200000	24398.440000	0.100849
156.300000	24429.690000	0.097561
156.400000	24460.960000	0.094400
156.500000	24492.250000	0.091369
156.600000	24523.560000	0.088469
156.700000	24554.890000	0.085702
156.800000	24586.240000	0.083070
156.900000	24617.610000	0.080574
157.000000	24649.000000	0.078215
157.100000	24680.410000	0.075995
157.200000	24711.840000	0.073915
157.300000	24743.290000	0.071976
157.400000	24774.760000	0.070179
157.500000	24806.250000	0.068525
157.600000	24837.760000	0.067016
157.700000	24869.290000	0.065652
157.800000	24900.840000	0.064433
157.900000	24932.410000	0.063361
158.000000	24964.000000	0.062437
158.100000	24995.610000	0.061660
158.200000	25027.240000	0.061031
158.300000	25058.890000	0.060552
158.400000	25090.560000	0.060221
158.500000	25122.250000	0.060039
158.600000	25153.960000	0.060007
158.700000	25185.690000	0.060124
158.800000	25217.440000	0.060391
158.900000	25249.210000	0.060808
159.000000	25281.000000	0.061373
159.100000	25312.810000	0.062088
159.200000	25344.640000	0.062951
159.300000	25376.490000	0.063963
159.400000	25408.360000	0.065123
159.500000	25440.250000	0.066430
159.600000	25472.160000	0.067883
159.700000	25504.090000	0.069483
159.800000	25536.040000	0.071228
159.900000	25568.010000	0.073117
160.000000	25600.000000	0.075149
160.100000	25632.010000	0.077323
160.200000	25664.040000	0.079639
160.300000	25696.090000	0.082095
160.400000	25728.160000	0.084689
160.500000	25760.250000	0.087421
160.600000	25792.360000	0.090289
160.700000	25824.490000	0.093291
160.800000	25856.640000	0.096426
160.900000	25888.810000	0.099692
161.000000	25921.000000	0.103087
161.100000	25953.210000	0.106611
161.200000	25985.440000	0.110260
161.300000	26017.690000	0.114033
161.400000	26049.960000	0.117928
161.500000	26082.250000	0.121943
161.600000	26114.560000	0.126075
161.700000	26146.890000	0.130323
161.800000	26179.240000	0.134684
161.900000	26211.610000	0.139155
162.000000	26244.000000	0.143736
162.100000	26276.410000	0.148422
162.200000	26308.840000	0.153211
162.300000	26341.290000	0.158101
162.400000	26373.760000	0.163090
162.500000	26406.250000	0.168174
162.600000	26438.760000	0.173350
162.700000	26471.290000	0.178617
162.800000	26503.840000	0.183970
162.900000	26536.410000	0.189407
163.000000	26569.000000	0.194926
163.100000	26601.610000	0.200522
163.200000	26634.240000	0.206193
163.300000	26666.890000	0.211936
163.400000	26699.560000	0.217748
163.500000	26732.250000	0.223625
163.600000	26764.960000	0.229564
163.700000	26797.690000	0.235562
163.800000	26830.440000	0.241616
163.900000	26863.210000	0.247721
164.000000	26896.000000	0.253876
164.100000	26928.810000	0.260075
164.200000	26961.640000	0.266316
164.300000	26994.490000	0.272596
164.400000	27027.360000	0.278910
164.500000	27060.250000	0.285255
164.600000	27093.160000	0.291628
164.700000	27126.090000	0.298025
164.800000	27159.040000	0.304442
164.900000	27192.010000	0.310875
165.000000	27225.000000	0.317321
165.100000	27258.010000	0.323777
165.200000	27291.040000	0.330238
165.300000	27324.090000	0.336701
165.400000	27357.160000	0.343162
165.500000	27390.250000	0.349617
165.600000	27423.360000	0.356062
165.700000	27456.490000	0.362494
165.800000	27489.640000	0.368910
165.900000	27522.810000	0.375304
166.000000	27556.000000	0.381674
166.100000	27589.210000	0.388016
166.200000	27622.440000	0.394325
166.300000	27655.690000	0.400599
166.400000	27688.960000	0.406833
166.500000	27722.250000	0.413024
166.600000	27755.560000	0.419168
166.700000	27788.890000	0.425261
166.800000	27822.240000	0.431299
166.900000	27855.610000	0.437280
167.000000	27889.000000	0.443198
167.100000	27922.410000	0.449051
167.200000	27955.840000	0.454835
167.300000	27989.290000	0.460546
167.400000	28022.760000	0.466181
167.500000	28056.250000	0.471736
167.600000	28089.760000	0.477208
167.700000	28123.290000	0.482593
167.800000	28156.840000	0.487888
167.900000	28190.410000	0.493089
168.000000	28224.000000	0.498193
168.100000	28257.610000	0.503197
168.200000	28291.240000	0.508097
168.300000	28324.890000	0.512890
168.400000	28358.560000	0.517573
168.500000	28392.250000	0.522143
168.600000	28425.960000	0.526596
168.700000	28459.690000	0.530930
168.800000	28493.440000	0.535141
168.900000	28527.210000	0.539227
169.000000	28561.000000	0.543184
169.100000	28594.810000	0.547010
169.200000	28628.640000	0.550701
169.300000	28662.490000	0.554256
169.400000	28696.360000	0.557671
169.500000	28730.250000	0.560945
169.600000	28764.160000	0.564073
169.700000	28798.090000	0.567054
169.800000	28832.040000	0.569885
169.900000	28866.010000	0.572565
170.000000	28900.000000	0.575090
170.100000	28934.010000	0.577458
170.200000	28968.040000	0.579667
170.300000	29002.090000	0.581716
170.400000	29036.160000	0.583601
170.500000	29070.250000	0.585322
170.600000	29104.360000	0.586876
170.700000	29138.490000	0.588261
170.800000	29172.640000	0.589476
170.900000	29206.810000	0.590519
171.000000	29241.000000	0.591388
171.100000	29275.210000	0.592082
171.200000	29309.440000	0.592600
171.300000	29343.690000	0.592939
171.400000	29377.960000	0.593100
171.500000	29412.250000	0.593080
171.600000	29446.560000	0.592879
171.700000	29480.890000	0.592495
171.800000	29515.240000	0.591928
171.900000	29549.610000	0.591177
172.000000	29584.000000	0.590241
172.100000	29618.410000	0.589119
172.200000	29652.840000	0.587811
172.300000	29687.290000	0.586316
172.400000	29721.760000	0.584634
172.500000	29756.250000	0.582764
172.600000	29790.760000	0.580707
172.700000	29825.290000	0.578461
172.800000	29859.840000	0.576027
172.900000	29894.410000	0.573406
173.000000	29929.000000	0.570596
173.100000	29963.610000	0.567599
173.200000	29998.240000	0.564414
173.300000	30032.890000	0.561042
173.400000	30067.560000	0.557483
173.500000	30102.250000	0.553738
173.600000	30136.960000	0.549807
173.700000	30171.690000	0.545692
173.800000	30206.440000	0.541392
173.900000	30241.210000	0.536910
174.000000	30276.000000	0.532245
174.100000	30310.810000	0.527398
174.200000	30345.640000	0.522372
174.300000	30380.490000	0.517167
174.400000	30415.360000	0.511784
174.500000	30450.250000	0.506225
174.600000	30485.160000	0.500491
174.700000	30520.090000	0.494584
174.800000	30555.040000	0.488506
174.900000	30590.010000	0.482257
175.000000	30625.000000	0.475841
175.100000	30660.010000	0.469258
175.200000	30695.040000	0.462511
175.300000	30730.090000	0.455601
175.400000	30765.160000	0.448532
175.500000	30800.250000	0.441304
175.600000	30835.360000	0.433921
175.700000	30870.490000	0.426384
175.800000	30905.640000	0.418696
175.900000	30940.810000	0.410860
176.000000	30976.000000	0.402877
176.100000	31011.210000	0.394751
176.200000	31046.440000	0.386484
176.300000	31081.690000	0.378079
176.400000	31116.960000	0.369539
176.500000	31152.250000	0.360867
176.600000	31187.560000	0.352065
176.700000	31222.890000	0.343136
176.800000	31258.240000	0.334084
176.900000	31293.610000	0.324912
177.000000	31329.000000	0.315622
177.100000	31364.410000	0.306218
177.200000	31399.840000	0.296704
177.300000	31435.290000	0.287083
177.400000	31470.760000	0.277357
177.500000	31506.250000	0.267531
177.600000	31541.760000	0.257607
177.700000	31577.290000	0.247590
177.800000	31612.840000	0.237483
177.900000	31648.410000	0.227290
178.000000	31684.000000	0.217013
178.100000	31719.610000	0.206658
178.200000	31755.240000	0.196227
178.300000	31790.890000	0.185725
178.400000	31826.560000	0.175155
178.500000	31862.250000	0.164520
178.600000	31897.960000	0.153826
178.700000	31933.690000	0.143075
178.800000	31969.440000	0.132272
178.900000	32005.210000	0.121421
179.000000	32041.000000	0.110524
179.100000	32076.810000	0.099588
179.200000	32112.640000	0.088615
179.300000	32148.490000	0.077609
179.400000	32184.360000	0.066575
179.500000	32220.250000	0.055517
179.600000	32256.160000	0.044438
179.700000	32292.090000	0.033343
179.800000	32328.040000	0.022235
179.900000	32364.010000	0.011120
180.000000	32400.000000	0.000000
#Sums: 162090.000000	19456203.000000	971.710517
