# alpha	alpha^2	B*sin(alpha)
0.000000	0.000000	0.000000
0.100000	0.010000	1.172863
0.200000	0.040000	2.344985
0.300000	0.090000	3.515626
0.400000	0.160000	4.684049
0.500000	0.250000	5.849517
0.600000	0.360000	7.011295
0.700000	0.490000	8.168655
0.800000	0.640000	9.320869
0.900000	0.810000	10.467217
1.000000	1.000000	11.606982
1.100000	1.210000	12.739455
1.200000	1.440000	13.863934
1.300000	1.690000	14.979722
1.400000	1.960000	16.086133
1.500000	2.250000	17.182487
1.600000	2.560000	18.268116
1.700000	2.890000	19.342359
1.800000	3.240000	20.404570
1.900000	3.610000	21.454108
2.000000	4.000000	22.490350
2.100000	4.410000	23.512681
2.200000	4.840000	24.520501
2.300000	5.290000	25.513222
2.400000	5.760000	26.490271
2.500000	6.250000	27.451089
2.600000	6.760000	28.395132
2.700000	7.290000	29.321872
2.800000	7.840000	30.230795
2.900000	8.410000	31.121407
3.000000	9.000000	31.993226
3.100000	9.610000	32.845791
3.200000	10.240000	33.678657
3.300000	10.890000	34.491397
3.400000	11.560000	35.283602
3.500000	12.250000	36.054883
3.600000	12.960000	36.804869
3.700000	13.690000	37.533208
3.800000	14.440000	38.239567
3.900000	15.210000	38.923635
4.000000	16.000000	39.585118
4.100000	16.810000	40.223746
4.200000	17.640000	40.839266
4.300000	18.490000	41.431447
4.400000	19.360000	42.000079
4.500000	20.250000	42.544972
4.600000	21.160000	43.065959
4.700000	22.090000	43.562891
4.800000	23.040000	44.035642
4.900000	24.010000	44.484108
5.000000	25.000000	44.908204
5.100000	26.010000	45.307868
5.200000	27.040000	45.683059
5.300000	28.090000	46.033755
5.400000	29.160000	46.359958
5.500000	30.250000	46.661690
5.600000	31.360000	46.938992
5.700000	32.490000	47.191929
5.800000	33.640000	47.420583
5.900000	34.810000	47.625059
6.000000	36.000000	47.805482
6.100000	37.210000	47.961995
6.200000	38.440000	48.094763
6.300000	39.690000	48.203970
6.400000	40.960000	48.289818
6.500000	42.250000	48.352528
6.600000	43.560000	48.392343
6.700000	44.890000	48.409519
6.800000	46.240000	48.404333
6.900000	47.610000	48.377080
7.000000	49.000000	48.328070
7.100000	50.410000	48.257632
7.200000	51.840000	48.166111
7.300000	53.290000	48.053865
7.400000	54.760000	47.921272
7.500000	56.250000	47.768722
7.600000	57.760000	47.596621
7.700000	59.290000	47.405386
7.800000	60.840000	47.195453
7.900000	62.410000	46.967266
8.000000	64.000000	46.721284
8.100000	65.610000	46.457978
8.200000	67.240000	46.177829
8.300000	68.890000	45.881331
8.400000	70.560000	45.568985
8.500000	72.250000	45.241306
8.600000	73.960000	44.898814
8.700000	75.690000	44.542041
8.800000	77.440000	44.171524
8.900000	79.210000	43.787810
9.000000	81.000000	43.391451
9.100000	82.810000	42.983005
9.200000	84.640000	42.563038
9.300000	86.490000	42.132117
9.400000	88.360000	41.690818
9.500000	90.250000	41.239715
9.600000	92.160000	40.779390
9.700000	94.090000	40.310425
9.800000	96.040000	39.833405
9.900000	98.010000	39.348914
10.000000	100.000000	38.857540
10.100000	102.010000	38.359867
10.200000	104.040000	37.856482
10.300000	106.090000	37.347969
10.400000	108.160000	36.834908
10.500000	110.250000	36.317881
10.600000	112.360000	35.797464
10.700000	114.490000	35.274230
10.800000	116.640000	34.748747
10.900000	118.810000	34.221580
11.000000	121.000000	33.693287
11.100000	123.210000	33.164421
11.200000	125.440000	32.635527
11.300000	127.690000	32.107145
11.400000	129.960000	31.579806
11.500000	132.250000	31.054035
11.600000	134.560000	30.530346
11.700000	136.890000	30.009245
11.800000	139.240000	29.491228
11.900000	141.610000	28.976783
12.000000	144.000000	28.466385
12.100000	146.410000	27.960500
12.200000	148.840000	27.459581
12.300000	151.290000	26.964071
12.400000	153.760000	26.474401
12.500000	156.250000	25.990988
12.600000	158.760000	25.514237
12.700000	161.290000	25.044541
12.800000	163.840000	24.582277
12.900000	166.410000	24.127812
13.000000	169.000000	23.681495
13.100000	171.610000	23.243664
13.200000	174.240000	22.814639
13.300000	176.890000	22.394729
13.400000	179.560000	21.984226
13.500000	182.250000	21.583407
13.600000	184.960000	21.192533
13.700000	187.690000	20.811850
13.800000	190.440000	20.441590
13.900000	193.210000	20.081966
14.000000	196.000000	19.733178
14.100000	198.810000	19.395408
14.200000	201.640000	19.068823
14.300000	204.490000	18.753575
14.400000	207.360000	18.449797
14.500000	210.250000	18.157609
14.600000	213.160000	17.877112
14.700000	216.090000	17.608394
14.800000	219.040000	17.351524
14.900000	222.010000	17.106558
15.000000	225.000000	16.873533
15.100000	228.010000	16.652472
15.200000	231.040000	16.443384
15.300000	234.090000	16.246258
15.400000	237.160000	16.061073
15.500000	240.250000	15.887789
15.600000	243.360000	15.726353
15.700000	246.490000	15.576696
15.800000	249.640000	15.438734
15.900000	252.810000	15.312372
16.000000	256.000000	15.197497
16.100000	259.210000	15.093984
16.200000	262.440000	15.001695
16.300000	265.690000	14.920479
16.400000	268.960000	14.850170
16.500000	272.250000	14.790591
16.600000	275.560000	14.741553
16.700000	278.890000	14.702854
16.800000	282.240000	14.674283
16.900000	285.610000	14.655615
17.000000	289.000000	14.646615
17.100000	292.410000	14.647039
17.200000	295.840000	14.656632
17.300000	299.290000	14.675130
17.400000	302.760000	14.702258
17.500000	306.250000	14.737736
17.600000	309.760000	14.781273
17.700000	313.290000	14.832570
17.800000	316.840000	14.891323
17.900000	320.410000	14.957219
18.000000	324.000000	15.029939
18.100000	327.610000	15.109160
18.200000	331.240000	15.194550
18.300000	334.890000	15.285775
18.400000	338.560000	15.382496
18.500000	342.250000	15.484369
18.600000	345.960000	15.591047
18.700000	349.690000	15.702181
18.800000	353.440000	15.817416
18.900000	357.210000	15.936400
19.000000	361.000000	16.058774
19.100000	364.810000	16.184184
19.200000	368.640000	16.312269
19.300000	372.490000	16.442672
19.400000	376.360000	16.575035
19.500000	380.250000	16.709002
19.600000	384.160000	16.844215
19.700000	388.090000	16.980323
19.800000	392.040000	17.116971
19.900000	396.010000	17.253812
20.000000	400.000000	17.390499
20.100000	404.010000	17.526690
20.200000	408.040000	17.662046
20.300000	412.090000	17.796232
20.400000	416.160000	17.928920
20.500000	420.250000	18.059785
20.600000	424.360000	18.188507
20.700000	428.490000	18.314775
20.800000	432.640000	18.438283
20.900000	436.810000	18.558729
21.000000	441.000000	18.675823
21.100000	445.210000	18.789278
21.200000	449.440000	18.898817
21.300000	453.690000	19.004171
21.400000	457.960000	19.105079
21.500000	462.250000	19.201288
21.600000	466.560000	19.292555
21.700000	470.890000	19.378646
21.800000	475.240000	19.459336
21.900000	479.610000	19.534411
22.000000	484.000000	19.603664
22.100000	488.410000	19.666902
22.200000	492.840000	19.723938
22.300000	497.290000	19.774600
22.400000	501.760000	19.818724
22.500000	506.250000	19.856157
22.600000	510.760000	19.886758
22.700000	515.290000	19.910396
22.800000	519.840000	19.926951
22.900000	524.410000	19.936316
23.000000	529.000000	19.938394
23.100000	533.610000	19.933100
23.200000	538.240000	19.920359
23.300000	542.890000	19.900110
23.400000	547.560000	19.872301
23.500000	552.250000	19.836894
23.600000	556.960000	19.793860
23.700000	561.690000	19.743183
23.800000	566.440000	19.684858
23.900000	571.210000	19.618892
24.000000	576.000000	19.545301
24.100000	580.810000	19.464116
24.200000	585.640000	19.375375
24.300000	590.490000	19.279130
24.400000	595.360000	19.175443
24.500000	600.250000	19.064384
24.600000	605.160000	18.946038
24.700000	610.090000	18.820498
24.800000	615.040000	18.687866
24.900000	620.010000	18.548257
25.000000	625.000000	18.401792
25.100000	630.010000	18.248605
25.200000	635.040000	18.088838
25.300000	640.090000	17.922640
25.400000	645.160000	17.750172
25.500000	650.250000	17.571602
25.600000	655.360000	17.387107
25.700000	660.490000	17.196869
25.800000	665.640000	17.001082
25.900000	670.810000	16.799944
26.000000	676.000000	16.593663
26.100000	681.210000	16.382450
26.200000	686.440000	16.166525
26.300000	691.690000	15.946115
26.400000	696.960000	15.721449
26.500000	702.250000	15.492764
26.600000	707.560000	15.260302
26.700000	712.890000	15.024310
26.800000	718.240000	14.785036
26.900000	723.610000	14.542737
27.000000	729.000000	14.297669
27.100000	734.410000	14.050094
27.200000	739.840000	13.800276
27.300000	745.290000	13.548481
27.400000	750.760000	13.294978
27.500000	756.250000	13.040035
27.600000	761.760000	12.783926
27.700000	767.290000	12.526921
27.800000	772.840000	12.269295
27.900000	778.410000	12.011319
28.000000	784.000000	11.753266
28.100000	789.610000	11.495409
28.200000	795.240000	11.238018
28.300000	800.890000	10.981364
28.400000	806.560000	10.725714
28.500000	812.250000	10.471334
28.600000	817.960000	10.218489
28.700000	823.690000	9.967438
28.800000	829.440000	9.718439
28.900000	835.210000	9.471747
29.000000	841.000000	9.227612
29.100000	846.810000	8.986281
29.200000	852.640000	8.747994
29.300000	858.490000	8.512990
29.400000	864.360000	8.281499
29.500000	870.250000	8.053750
29.600000	876.160000	7.829962
29.700000	882.090000	7.610350
29.800000	888.040000	7.395124
29.900000	894.010000	7.184486
30.000000	900.000000	6.978631
30.100000	906.010000	6.777749
30.200000	912.040000	6.582020
30.300000	918.090000	6.391618
30.400000	924.160000	6.206711
30.500000	930.250000	6.027456
30.600000	936.360000	5.854004
30.700000	942.490000	5.686497
30.800000	948.640000	5.525070
30.900000	954.810000	5.369849
31.000000	961.000000	5.220949
31.100000	967.210000	5.078479
31.200000	973.440000	4.942539
31.300000	979.690000	4.813218
31.400000	985.960000	4.690599
31.500000	992.250000	4.574752
31.600000	998.560000	4.465741
31.700000	1004.890000	4.363619
31.800000	1011.240000	4.268431
31.900000	1017.610000	4.180211
32.000000	1024.000000	4.098986
32.100000	1030.410000	4.024770
32.200000	1036.840000	3.957573
32.300000	1043.290000	3.897390
32.400000	1049.760000	3.844210
32.500000	1056.250000	3.798013
32.600000	1062.760000	3.758768
32.700000	1069.290000	3.726437
32.800000	1075.840000	3.700970
32.900000	1082.410000	3.682312
33.000000	1089.000000	3.670396
33.100000	1095.610000	3.665148
33.200000	1102.240000	3.666486
33.300000	1108.890000	3.674317
33.400000	1115.560000	3.688541
33.500000	1122.250000	3.709053
33.600000	1128.960000	3.735735
33.700000	1135.690000	3.768464
33.800000	1142.440000	3.807111
33.900000	1149.210000	3.851536
34.000000	1156.000000	3.901594
34.100000	1162.810000	3.957134
34.200000	1169.640000	4.017997
34.300000	1176.490000	4.084018
34.400000	1183.360000	4.155025
34.500000	1190.250000	4.230842
34.600000	1197.160000	4.311285
34.700000	1204.090000	4.396167
34.800000	1211.040000	4.485295
34.900000	1218.010000	4.578470
35.000000	1225.000000	4.675489
35.100000	1232.010000	4.776147
35.200000	1239.040000	4.880233
35.300000	1246.090000	4.987531
35.400000	1253.160000	5.097826
35.500000	1260.250000	5.210895
35.600000	1267.360000	5.326516
35.700000	1274.490000	5.444462
35.800000	1281.640000	5.564507
35.900000	1288.810000	5.686421
36.000000	1296.000000	5.809972
36.100000	1303.210000	5.934928
36.200000	1310.440000	6.061057
36.300000	1317.690000	6.188125
36.400000	1324.960000	6.315899
36.500000	1332.250000	6.444145
36.600000	1339.560000	6.572630
36.700000	1346.890000	6.701122
36.800000	1354.240000	6.829391
36.900000	1361.610000	6.957206
37.000000	1369.000000	7.084341
37.100000	1376.410000	7.210568
37.200000	1383.840000	7.335665
37.300000	1391.290000	7.459411
37.400000	1398.760000	7.581587
37.500000	1406.250000	7.701980
37.600000	1413.760000	7.820378
37.700000	1421.290000	7.936574
37.800000	1428.840000	8.050363
37.900000	1436.410000	8.161548
38.000000	1444.000000	8.269934
38.100000	1451.610000	8.375331
38.200000	1459.240000	8.477554
38.300000	1466.890000	8.576425
38.400000	1474.560000	8.671768
38.500000	1482.250000	8.763417
38.600000	1489.960000	8.851210
38.700000	1497.690000	8.934989
38.800000	1505.440000	9.014606
38.900000	1513.210000	9.089918
39.000000	1521.000000	9.160788
39.100000	1528.810000	9.227087
39.200000	1536.640000	9.288692
39.300000	1544.490000	9.345488
39.400000	1552.360000	9.397367
39.500000	1560.250000	9.444228
39.600000	1568.160000	9.485979
39.700000	1576.090000	9.522534
39.800000	1584.040000	9.553816
39.900000	1592.010000	9.579754
40.000000	1600.000000	9.600287
40.100000	1608.010000	9.615360
40.200000	1616.040000	9.624928
40.300000	1624.090000	9.628952
40.400000	1632.160000	9.627404
40.500000	1640.250000	9.620260
40.600000	1648.360000	9.607508
40.700000	1656.490000	9.589140
40.800000	1664.640000	9.565161
40.900000	1672.810000	9.535580
41.000000	1681.000000	9.500416
41.100000	1689.210000	9.459694
41.200000	1697.440000	9.413449
41.300000	1705.690000	9.361724
41.400000	1713.960000	9.304567
41.500000	1722.250000	9.242036
41.600000	1730.560000	9.174195
41.700000	1738.890000	9.101118
41.800000	1747.240000	9.022884
41.900000	1755.610000	8.939578
42.000000	1764.000000	8.851296
42.100000	1772.410000	8.758137
42.200000	1780.840000	8.660208
42.300000	1789.290000	8.557624
42.400000	1797.760000	8.450505
42.500000	1806.250000	8.338977
42.600000	1814.760000	8.223172
42.700000	1823.290000	8.103228
42.800000	1831.840000	7.979289
42.900000	1840.410000	7.851505
43.000000	1849.000000	7.720028
43.100000	1857.610000	7.585018
43.200000	1866.240000	7.446639
43.300000	1874.890000	7.305060
43.400000	1883.560000	7.160451
43.500000	1892.250000	7.012990
43.600000	1900.960000	6.862857
43.700000	1909.690000	6.710234
43.800000	1918.440000	6.555309
43.900000	1927.210000	6.398271
44.000000	1936.000000	6.239311
44.100000	1944.810000	6.078625
44.200000	1953.640000	5.916409
44.300000	1962.490000	5.752861
44.400000	1971.360000	5.588180
44.500000	1980.250000	5.422569
44.600000	1989.160000	5.256228
44.700000	1998.090000	5.089361
44.800000	2007.040000	4.922170
44.900000	2016.010000	4.754859
45.000000	2025.000000	4.587631
45.100000	2034.010000	4.420688
45.200000	2043.040000	4.254232
45.300000	2052.090000	4.088463
45.400000	2061.160000	3.923583
45.500000	2070.250000	3.759787
45.600000	2079.360000	3.597273
45.700000	2088.490000	3.436234
45.800000	2097.640000	3.276863
45.900000	2106.810000	3.119348
46.000000	2116.000000	2.963875
46.100000	2125.210000	2.810628
46.200000	2134.440000	2.659786
46.300000	2143.690000	2.511526
46.400000	2152.960000	2.366019
46.500000	2162.250000	2.223434
46.600000	2171.560000	2.083935
46.700000	2180.890000	1.947681
46.800000	2190.240000	1.814827
46.900000	2199.610000	1.685523
47.000000	2209.000000	1.559913
47.100000	2218.410000	1.438136
47.200000	2227.840000	1.320328
47.300000	2237.290000	1.206615
47.400000	2246.760000	1.097120
47.500000	2256.250000	0.991960
47.600000	2265.760000	0.891245
47.700000	2275.290000	0.795079
47.800000	2284.840000	0.703559
47.900000	2294.410000	0.616778
48.000000	2304.000000	0.534819
48.100000	2313.610000	0.457760
48.200000	2323.240000	0.385672
48.300000	2332.890000	0.318620
48.400000	2342.560000	0.256660
48.500000	2352.250000	0.199843
48.600000	2361.960000	0.148212
48.700000	2371.690000	0.101802
48.800000	2381.440000	0.060643
48.900000	2391.210000	0.024756
49.000000	2401.000000	-0.005846
49.100000	2410.810000	-0.031153
49.200000	2420.640000	-0.051167
49.300000	2430.490000	-0.065895
49.400000	2440.360000	-0.075351
49.500000	2450.250000	-0.079557
49.600000	2460.160000	-0.078541
49.700000	2470.090000	-0.072338
49.800000	2480.040000	-0.060992
49.900000	2490.010000	-0.044552
50.000000	2500.000000	-0.023073
50.100000	2510.010000	0.003381
50.200000	2520.040000	0.034740
50.300000	2530.090000	0.070929
50.400000	2540.160000	0.111865
50.500000	2550.250000	0.157460
50.600000	2560.360000	0.207619
50.700000	2570.490000	0.262241
50.800000	2580.640000	0.321219
50.900000	2590.810000	0.384442
51.000000	2601.000000	0.451791
51.100000	2611.210000	0.523143
51.200000	2621.440000	0.598371
51.300000	2631.690000	0.677341
51.400000	2641.960000	0.759915
51.500000	2652.250000	0.845952
51.600000	2662.560000	0.935303
51.700000	2672.890000	1.027818
51.800000	2683.240000	1.123342
51.900000	2693.610000	1.221717
52.000000	2704.000000	1.322780
52.100000	2714.410000	1.426366
52.200000	2724.840000	1.532306
52.300000	2735.290000	1.640430
52.400000	2745.760000	1.750564
52.500000	2756.250000	1.862532
52.600000	2766.760000	1.976155
52.700000	2777.290000	2.091254
52.800000	2787.840000	2.207648
52.900000	2798.410000	2.325153
53.000000	2809.000000	2.443586
53.100000	2819.610000	2.562763
53.200000	2830.240000	2.682498
53.300000	2840.890000	2.802606
53.400000	2851.560000	2.922901
53.500000	2862.250000	3.043199
53.600000	2872.960000	3.163315
53.700000	2883.690000	3.283064
53.800000	2894.440000	3.402264
53.900000	2905.210000	3.520733
54.000000	2916.000000	3.638291
54.100000	2926.810000	3.754759
54.200000	2937.640000	3.869960
54.300000	2948.490000	3.983721
54.400000	2959.360000	4.095869
54.500000	2970.250000	4.206235
54.600000	2981.160000	4.314653
54.700000	2992.090000	4.420959
54.800000	3003.040000	4.524994
54.900000	3014.010000	4.626601
55.000000	3025.000000	4.725627
55.100000	3036.010000	4.821924
55.200000	3047.040000	4.915348
55.300000	3058.090000	5.005758
55.400000	3069.160000	5.093019
55.500000	3080.250000	5.176999
55.600000	3091.360000	5.257573
55.700000	3102.490000	5.334620
55.800000	3113.640000	5.408024
55.900000	3124.810000	5.477674
56.000000	3136.000000	5.543465
56.100000	3147.210000	5.605299
56.200000	3158.440000	5.663081
56.300000	3169.690000	5.716723
56.400000	3180.960000	5.766145
56.500000	3192.250000	5.811270
56.600000	3203.560000	5.852028
56.700000	3214.890000	5.888357
56.800000	3226.240000	5.920199
56.900000	3237.610000	5.947504
57.000000	3249.000000	5.970227
57.100000	3260.410000	5.988331
57.200000	3271.840000	6.001785
57.300000	3283.290000	6.010564
57.400000	3294.760000	6.014649
57.500000	3306.250000	6.014031
57.600000	3317.760000	6.008703
57.700000	3329.290000	5.998667
57.800000	3340.840000	5.983933
57.900000	3352.410000	5.964514
58.000000	3364.000000	5.940432
58.100000	3375.610000	5.911715
58.200000	3387.240000	5.878397
58.300000	3398.890000	5.840519
58.400000	3410.560000	5.798128
58.500000	3422.250000	5.751277
58.600000	3433.960000	5.700024
58.700000	3445.690000	5.644437
58.800000	3457.440000	5.584584
58.900000	3469.210000	5.520545
59.000000	3481.000000	5.452401
59.100000	3492.810000	5.380242
59.200000	3504.640000	5.304160
59.300000	3516.490000	5.224255
59.400000	3528.360000	5.140631
59.500000	3540.250000	5.053397
59.600000	3552.160000	4.962669
59.700000	3564.090000	4.868564
59.800000	3576.040000	4.771206
59.900000	3588.010000	4.670723
60.000000	3600.000000	4.567246
60.100000	3612.010000	4.460912
60.200000	3624.040000	4.351859
60.300000	3636.090000	4.240232
60.400000	3648.160000	4.126177
60.500000	3660.250000	4.009843
60.600000	3672.360000	3.891383
60.700000	3684.490000	3.770953
60.800000	3696.640000	3.648710
60.900000	3708.810000	3.524815
61.000000	3721.000000	3.399429
61.100000	3733.210000	3.272718
61.200000	3745.440000	3.144846
61.300000	3757.690000	3.015981
61.400000	3769.960000	2.886291
61.500000	3782.250000	2.755946
61.600000	3794.560000	2.625114
61.700000	3806.890000	2.493966
61.800000	3819.240000	2.362674
61.900000	3831.610000	2.231406
62.000000	3844.000000	2.100334
62.100000	3856.410000	1.969628
62.200000	3868.840000	1.839455
62.300000	3881.290000	1.709985
62.400000	3893.760000	1.581383
62.500000	3906.250000	1.453816
62.600000	3918.760000	1.327447
62.700000	3931.290000	1.202439
62.800000	3943.840000	1.078950
62.900000	3956.410000	0.957138
63.000000	3969.000000	0.837159
63.100000	3981.610000	0.719165
63.200000	3994.240000	0.603305
63.300000	4006.890000	0.489725
63.400000	4019.560000	0.378569
63.500000	4032.250000	0.269975
63.600000	4044.960000	0.164079
63.700000	4057.690000	0.061014
63.800000	4070.440000	-0.039094
63.900000	4083.210000	-0.136120
64.000000	4096.000000	-0.229945
64.100000	4108.810000	-0.320456
64.200000	4121.640000	-0.407541
64.300000	4134.490000	-0.491097
64.400000	4147.360000	-0.571022
64.500000	4160.250000	-0.647222
64.600000	4173.160000	-0.719607
64.700000	4186.090000	-0.788093
64.800000	4199.040000	-0.852601
64.900000	4212.010000	-0.913058
65.000000	4225.000000	-0.969395
65.100000	4238.010000	-1.021551
65.200000	4251.040000	-1.069469
65.300000	4264.090000	-1.113099
65.400000	4277.160000	-1.152398
65.500000	4290.250000	-1.187325
65.600000	4303.360000	-1.217850
65.700000	4316.490000	-1.243945
65.800000	4329.640000	-1.265591
65.900000	4342.810000	-1.282773
66.000000	4356.000000	-1.295483
66.100000	4369.210000	-1.303720
66.200000	4382.440000	-1.307487
66.300000	4395.690000	-1.306795
66.400000	4408.960000	-1.301661
66.500000	4422.250000	-1.292107
66.600000	4435.560000	-1.278161
66.700000	4448.890000	-1.259858
66.800000	4462.240000	-1.237237
66.900000	4475.610000	-1.210346
67.000000	4489.000000	-1.179236
67.100000	4502.410000	-1.143965
67.200000	4515.840000	-1.104595
67.300000	4529.290000	-1.061196
67.400000	4542.760000	-1.013842
67.500000	4556.250000	-0.962612
67.600000	4569.760000	-0.907590
67.700000	4583.290000	-0.848867
67.800000	4596.840000	-0.786536
67.900000	4610.410000	-0.720697
68.000000	4624.000000	-0.651454
68.100000	4637.610000	-0.578915
68.200000	4651.240000	-0.503193
68.300000	4664.890000	-0.424405
68.400000	4678.560000	-0.342671
68.500000	4692.250000	-0.258118
68.600000	4705.960000	-0.170872
68.700000	4719.690000	-0.081066
68.800000	4733.440000	0.011165
68.900000	4747.210000	0.105683
69.000000	4761.000000	0.202346
69.100000	4774.810000	0.301011
69.200000	4788.640000	0.401532
69.300000	4802.490000	0.503759
69.400000	4816.360000	0.607543
69.500000	4830.250000	0.712730
69.600000	4844.160000	0.819166
69.700000	4858.090000	0.926695
69.800000	4872.040000	1.035160
69.900000	4886.010000	1.144404
70.000000	4900.000000	1.254268
70.100000	4914.010000	1.364591
70.200000	4928.040000	1.475215
70.300000	4942.090000	1.585979
70.400000	4956.160000	1.696724
70.500000	4970.250000	1.807290
70.600000	4984.360000	1.917517
70.700000	4998.490000	2.027249
70.800000	5012.640000	2.136327
70.900000	5026.810000	2.244595
71.000000	5041.000000	2.351898
71.100000	5055.210000	2.458083
71.200000	5069.440000	2.562999
71.300000	5083.690000	2.666496
71.400000	5097.960000	2.768427
71.500000	5112.250000	2.868647
71.600000	5126.560000	2.967014
71.700000	5140.890000	3.063387
71.800000	5155.240000	3.157632
71.900000	5169.610000	3.249614
72.000000	5184.000000	3.339203
72.100000	5198.410000	3.426273
72.200000	5212.840000	3.510701
72.300000	5227.290000	3.592368
72.400000	5241.760000	3.671159
72.500000	5256.250000	3.746963
72.600000	5270.760000	3.819673
72.700000	5285.290000	3.889188
72.800000	5299.840000	3.955409
72.900000	5314.410000	4.018244
73.000000	5329.000000	4.077605
73.100000	5343.610000	4.133408
73.200000	5358.240000	4.185576
73.300000	5372.890000	4.234036
73.400000	5387.560000	4.278719
73.500000	5402.250000	4.319564
73.600000	5416.960000	4.356513
73.700000	5431.690000	4.389514
73.800000	5446.440000	4.418523
73.900000	5461.210000	4.443498
74.000000	5476.000000	4.464404
74.100000	5490.810000	4.481212
74.200000	5505.640000	4.493899
74.300000	5520.490000	4.502448
74.400000	5535.360000	4.506845
74.500000	5550.250000	4.507085
74.600000	5565.160000	4.503168
74.700000	5580.090000	4.495098
74.800000	5595.040000	4.482887
74.900000	5610.010000	4.466551
75.000000	5625.000000	4.446113
75.100000	5640.010000	4.421600
75.200000	5655.040000	4.393047
75.300000	5670.090000	4.360492
75.400000	5685.160000	4.323980
75.500000	5700.250000	4.283561
75.600000	5715.360000	4.239291
75.700000	5730.490000	4.191229
75.800000	5745.640000	4.139442
75.900000	5760.810000	4.084001
76.000000	5776.000000	4.024980
76.100000	5791.210000	3.962462
76.200000	5806.440000	3.896531
76.300000	5821.690000	3.827277
76.400000	5836.960000	3.754794
76.500000	5852.250000	3.679182
76.600000	5867.560000	3.600543
76.700000	5882.890000	3.518985
76.800000	5898.240000	3.434617
76.900000	5913.610000	3.347555
77.000000	5929.000000	3.257918
77.100000	5944.410000	3.165826
77.200000	5959.840000	3.071405
77.300000	5975.290000	2.974782
77.400000	5990.760000	2.876088
77.500000	6006.250000	2.775457
77.600000	6021.760000	2.673025
77.700000	6037.290000	2.568931
77.800000	6052.840000	2.463314
77.900000	6068.410000	2.356317
78.000000	6084.000000	2.248085
78.100000	6099.610000	2.138763
78.200000	6115.240000	2.028497
78.300000	6130.890000	1.917438
78.400000	6146.560000	1.805732
78.500000	6162.250000	1.693531
78.600000	6177.960000	1.580985
78.700000	6193.690000	1.468244
78.800000	6209.440000	1.355458
78.900000	6225.210000	1.242780
79.000000	6241.000000	1.130359
79.100000	6256.810000	1.018344
79.200000	6272.640000	0.906885
79.300000	6288.490000	0.796131
79.400000	6304.360000	0.686227
79.500000	6320.250000	0.577321
79.600000	6336.160000	0.469555
79.700000	6352.090000	0.363073
79.800000	6368.040000	0.258016
79.900000	6384.010000	0.154520
80.000000	6400.000000	0.052724
80.100000	6416.010000	-0.047240
80.200000	6432.040000	-0.145241
80.300000	6448.090000	-0.241151
80.400000	6464.160000	-0.334843
80.500000	6480.250000	-0.426197
80.600000	6496.360000	-0.515094
80.700000	6512.490000	-0.601418
80.800000	6528.640000	-0.685059
80.900000	6544.810000	-0.765907
81.000000	6561.000000	-0.843860
81.100000	6577.210000	-0.918818
81.200000	6593.440000	-0.990685
81.300000	6609.690000	-1.059371
81.400000	6625.960000	-1.124788
81.500000	6642.250000	-1.186855
81.600000	6658.560000	-1.245494
81.700000	6674.890000	-1.300632
81.800000	6691.240000	-1.352202
81.900000	6707.610000	-1.400141
82.000000	6724.000000	-1.444391
82.100000	6740.410000	-1.484899
82.200000	6756.840000	-1.521619
82.300000	6773.290000	-1.554507
82.400000	6789.760000	-1.583527
82.500000	6806.250000	-1.608647
82.600000	6822.760000	-1.629841
82.700000	6839.290000	-1.647088
82.800000	6855.840000	-1.660372
82.900000	6872.410000	-1.669685
83.000000	6889.000000	-1.675020
83.100000	6905.610000	-1.676380
83.200000	6922.240000	-1.673770
83.300000	6938.890000	-1.667202
83.400000	6955.560000	-1.656693
83.500000	6972.250000	-1.642266
83.600000	6988.960000	-1.623949
83.700000	7005.690000	-1.601775
83.800000	7022.440000	-1.575782
83.900000	7039.210000	-1.546014
84.000000	7056.000000	-1.512520
84.100000	7072.810000	-1.475352
84.200000	7089.640000	-1.434571
84.300000	7106.490000	-1.390239
84.400000	7123.360000	-1.342425
84.500000	7140.250000	-1.291201
84.600000	7157.160000	-1.236646
84.700000	7174.090000	-1.178842
84.800000	7191.040000	-1.117874
84.900000	7208.010000	-1.053834
85.000000	7225.000000	-0.986816
85.100000	7242.010000	-0.916918
85.200000	7259.040000	-0.844244
85.300000	7276.090000	-0.768900
85.400000	7293.160000	-0.690995
85.500000	7310.250000	-0.610641
85.600000	7327.360000	-0.527957
85.700000	7344.490000	-0.443060
85.800000	7361.640000	-0.356074
85.900000	7378.810000	-0.267122
86.000000	7396.000000	-0.176333
86.100000	7413.210000	-0.083836
86.200000	7430.440000	0.010237
86.300000	7447.690000	0.105752
86.400000	7464.960000	0.202572
86.500000	7482.250000	0.300561
86.600000	7499.560000	0.399580
86.700000	7516.890000	0.499489
86.800000	7534.240000	0.600146
86.900000	7551.610000	0.701409
87.000000	7569.000000	0.803137
87.100000	7586.410000	0.905185
87.200000	7603.840000	1.007410
87.300000	7621.290000	1.109670
87.400000	7638.760000	1.211820
87.500000	7656.250000	1.313718
87.600000	7673.760000	1.415221
87.700000	7691.290000	1.516188
87.800000	7708.840000	1.616477
87.900000	7726.410000	1.715949
88.000000	7744.000000	1.814466
88.100000	7761.610000	1.911890
88.200000	7779.240000	2.008087
88.300000	7796.890000	2.102922
88.400000	7814.560000	2.196265
88.500000	7832.250000	2.287985
88.600000	7849.960000	2.377958
88.700000	7867.690000	2.466057
88.800000	7885.440000	2.552162
88.900000	7903.210000	2.636153
89.000000	7921.000000	2.717916
89.100000	7938.810000	2.797337
89.200000	7956.640000	2.874309
89.300000	7974.490000	2.948724
89.400000	7992.360000	3.020481
89.500000	8010.250000	3.089483
89.600000	8028.160000	3.155634
89.700000	8046.090000	3.218844
89.800000	8064.040000	3.279028
89.900000	8082.010000	3.336103
90.000000	8100.000000	3.389992
90.100000	8118.010000	3.440622
90.200000	8136.040000	3.487925
90.300000	8154.090000	3.531836
90.400000	8172.160000	3.572296
90.500000	8190.250000	3.609252
90.600000	8208.360000	3.642654
90.700000	8226.490000	3.672457
90.800000	8244.640000	3.698622
90.900000	8262.810000	3.721114
91.000000	8281.000000	3.739904
91.100000	8299.210000	3.754969
91.200000	8317.440000	3.766288
91.300000	8335.690000	3.773848
91.400000	8353.960000	3.777640
91.500000	8372.250000	3.777661
91.600000	8390.560000	3.773912
91.700000	8408.890000	3.766400
91.800000	8427.240000	3.755137
91.900000	8445.610000	3.740141
92.000000	8464.000000	3.721433
92.100000	8482.410000	3.699040
92.200000	8500.840000	3.672996
92.300000	8519.290000	3.643337
92.400000	8537.760000	3.610106
92.500000	8556.250000	3.573349
92.600000	8574.760000	3.533119
92.700000	8593.290000	3.489472
92.800000	8611.840000	3.442470
92.900000	8630.410000	3.392178
93.000000	8649.000000	3.338667
93.100000	8667.610000	3.282011
93.200000	8686.240000	3.222289
93.300000	8704.890000	3.159584
93.400000	8723.560000	3.093982
93.500000	8742.250000	3.025576
93.600000	8760.960000	2.954459
93.700000	8779.690000	2.880730
93.800000	8798.440000	2.804490
93.900000	8817.210000	2.725845
94.000000	8836.000000	2.644902
94.100000	8854.810000	2.561774
94.200000	8873.640000	2.476574
94.300000	8892.490000	2.389419
94.400000	8911.360000	2.300429
94.500000	8930.250000	2.209726
94.600000	8949.160000	2.117434
94.700000	8968.090000	2.023678
94.800000	8987.040000	1.928588
94.900000	9006.010000	1.832292
95.000000	9025.000000	1.734923
95.100000	9044.010000	1.636613
95.200000	9063.040000	1.537495
95.300000	9082.090000	1.437705
95.400000	9101.160000	1.337377
95.500000	9120.250000	1.236649
95.600000	9139.360000	1.135657
95.700000	9158.490000	1.034537
95.800000	9177.640000	0.933427
95.900000	9196.810000	0.832463
96.000000	9216.000000	0.731781
96.100000	9235.210000	0.631518
96.200000	9254.440000	0.531809
96.300000	9273.690000	0.432788
96.400000	9292.960000	0.334588
96.500000	9312.250000	0.237341
96.600000	9331.560000	0.141177
96.700000	9350.890000	0.046226
96.800000	9370.240000	-0.047386
96.900000	9389.610000	-0.139532
97.000000	9409.000000	-0.230091
97.100000	9428.410000	-0.318941
97.200000	9447.840000	-0.405965
97.300000	9467.290000	-0.491046
97.400000	9486.760000	-0.574071
97.500000	9506.250000	-0.654932
97.600000	9525.760000	-0.733520
97.700000	9545.290000	-0.809732
97.800000	9564.840000	-0.883467
97.900000	9584.410000	-0.954630
98.000000	9604.000000	-1.023126
98.100000	9623.610000	-1.088867
98.200000	9643.240000	-1.151766
98.300000	9662.890000	-1.211742
98.400000	9682.560000	-1.268717
98.500000	9702.250000	-1.322618
98.600000	9721.960000	-1.373376
98.700000	9741.690000	-1.420926
98.800000	9761.440000	-1.465208
98.900000	9781.210000	-1.506167
99.000000	9801.000000	-1.543749
99.100000	9820.810000	-1.577911
99.200000	9840.640000	-1.608609
99.300000	9860.490000	-1.635807
99.400000	9880.360000	-1.659472
99.500000	9900.250000	-1.679578
99.600000	9920.160000	-1.696101
99.700000	9940.090000	-1.709025
99.800000	9960.040000	-1.718338
99.900000	9980.010000	-1.724030
100.000000	10000.000000	-1.726100
100.100000	10020.010000	-1.724551
100.200000	10040.040000	-1.719388
100.300000	10060.090000	-1.710626
100.400000	10080.160000	-1.698281
100.500000	10100.250000	-1.682374
100.600000	10120.360000	-1.662933
100.700000	10140.490000	-1.639990
100.800000	10160.640000	-1.613581
100.900000	10180.810000	-1.583748
101.000000	10201.000000	-1.550535
101.100000	10221.210000	-1.513994
101.200000	10241.440000	-1.474179
101.300000	10261.690000	-1.431150
101.400000	10281.960000	-1.384970
101.500000	10302.250000	-1.335708
101.600000	10322.560000	-1.283435
101.700000	10342.890000	-1.228228
101.800000	10363.240000	-1.170166
101.900000	10383.610000	-1.109334
102.000000	10404.000000	-1.045819
102.100000	10424.410000	-0.979713
102.200000	10444.840000	-0.911109
102.300000	10465.290000	-0.840106
102.400000	10485.760000	-0.766806
102.500000	10506.250000	-0.691311
102.600000	10526.760000	-0.613731
102.700000	10547.290000	-0.534173
102.800000	10567.840000	-0.452751
102.900000	10588.410000	-0.369580
103.000000	10609.000000	-0.284777
103.100000	10629.610000	-0.198461
103.200000	10650.240000	-0.110753
103.300000	10670.890000	-0.021777
103.400000	10691.560000	0.068344
103.500000	10712.250000	0.159482
103.600000	10732.960000	0.251510
103.700000	10753.690000	0.344301
103.800000	10774.440000	0.437724
103.900000	10795.210000	0.531650
104.000000	10816.000000	0.625948
104.100000	10836.810000	0.720487
104.200000	10857.640000	0.815135
104.300000	10878.490000	0.909761
104.400000	10899.360000	1.004235
104.500000	10920.250000	1.098424
104.600000	10941.160000	1.192201
104.700000	10962.090000	1.285433
104.800000	10983.040000	1.377993
104.900000	11004.010000	1.469754
105.000000	11025.000000	1.560588
105.100000	11046.010000	1.650371
105.200000	11067.040000	1.738979
105.300000	11088.090000	1.826291
105.400000	11109.160000	1.912186
105.500000	11130.250000	1.996547
105.600000	11151.360000	2.079258
105.700000	11172.490000	2.160206
105.800000	11193.640000	2.239280
105.900000	11214.810000	2.316373
106.000000	11236.000000	2.391378
106.100000	11257.210000	2.464194
106.200000	11278.440000	2.534722
106.300000	11299.690000	2.602866
106.400000	11320.960000	2.668532
106.500000	11342.250000	2.731632
106.600000	11363.560000	2.792081
106.700000	11384.890000	2.849797
106.800000	11406.240000	2.904701
106.900000	11427.610000	2.956721
107.000000	11449.000000	3.005785
107.100000	11470.410000	3.051827
107.200000	11491.840000	3.094787
107.300000	11513.290000	3.134606
107.400000	11534.760000	3.171232
107.500000	11556.250000	3.204616
107.600000	11577.760000	3.234714
107.700000	11599.290000	3.261486
107.800000	11620.840000	3.284897
107.900000	11642.410000	3.304917
108.000000	11664.000000	3.321520
108.100000	11685.610000	3.334686
108.200000	11707.240000	3.344396
108.300000	11728.890000	3.350641
108.400000	11750.560000	3.353414
108.500000	11772.250000	3.352712
108.600000	11793.960000	3.348538
108.700000	11815.690000	3.340899
108.800000	11837.440000	3.329809
108.900000	11859.210000	3.315283
109.000000	11881.000000	3.297344
109.100000	11902.810000	3.276017
109.200000	11924.640000	3.251335
109.300000	11946.490000	3.223331
109.400000	11968.360000	3.192046
109.500000	11990.250000	3.157524
109.600000	12012.160000	3.119815
109.700000	12034.090000	3.078972
109.800000	12056.040000	3.035051
109.900000	12078.010000	2.988115
110.000000	12100.000000	2.938228
110.100000	12122.010000	2.885462
110.200000	12144.040000	2.829888
110.300000	12166.090000	2.771585
110.400000	12188.160000	2.710633
110.500000	12210.250000	2.647116
110.600000	12232.360000	2.581124
110.700000	12254.490000	2.512746
110.800000	12276.640000	2.442077
110.900000	12298.810000	2.369216
111.000000	12321.000000	2.294261
111.100000	12343.210000	2.217317
111.200000	12365.440000	2.138488
111.300000	12387.690000	2.057884
111.400000	12409.960000	1.975615
111.500000	12432.250000	1.891794
111.600000	12454.560000	1.806535
111.700000	12476.890000	1.719955
111.800000	12499.240000	1.632173
111.900000	12521.610000	1.543308
112.000000	12544.000000	1.453482
112.100000	12566.410000	1.362817
112.200000	12588.840000	1.271436
112.300000	12611.290000	1.179465
112.400000	12633.760000	1.087028
112.500000	12656.250000	0.994251
112.600000	12678.760000	0.901260
112.700000	12701.290000	0.808181
112.800000	12723.840000	0.715140
112.900000	12746.410000	0.622264
113.000000	12769.000000	0.529677
113.100000	12791.610000	0.437505
113.200000	12814.240000	0.345873
113.300000	12836.890000	0.254904
113.400000	12859.560000	0.164721
113.500000	12882.250000	0.075446
113.600000	12904.960000	-0.012802
113.700000	12927.690000	-0.099904
113.800000	12950.440000	-0.185744
113.900000	12973.210000	-0.270205
114.000000	12996.000000	-0.353174
114.100000	13018.810000	-0.434542
114.200000	13041.640000	-0.514199
114.300000	13064.490000	-0.592038
114.400000	13087.360000	-0.667957
114.500000	13110.250000	-0.741854
114.600000	13133.160000	-0.813631
114.700000	13156.090000	-0.883193
114.800000	13179.040000	-0.950447
114.900000	13202.010000	-1.015306
115.000000	13225.000000	-1.077684
115.100000	13248.010000	-1.137498
115.200000	13271.040000	-1.194670
115.300000	13294.090000	-1.249126
115.400000	13317.160000	-1.300794
115.500000	13340.250000	-1.349608
115.600000	13363.360000	-1.395504
115.700000	13386.490000	-1.438423
115.800000	13409.640000	-1.478310
115.900000	13432.810000	-1.515115
116.000000	13456.000000	-1.548791
116.100000	13479.210000	-1.579295
116.200000	13502.440000	-1.606590
116.300000	13525.690000	-1.630642
116.400000	13548.960000	-1.651423
116.500000	13572.250000	-1.668908
116.600000	13595.560000	-1.683077
116.700000	13618.890000	-1.693914
116.800000	13642.240000	-1.701408
116.900000	13665.610000	-1.705554
117.000000	13689.000000	-1.706350
117.100000	13712.410000	-1.703798
117.200000	13735.840000	-1.697906
117.300000	13759.290000	-1.688685
117.400000	13782.760000	-1.676153
117.500000	13806.250000	-1.660330
117.600000	13829.760000	-1.641242
117.700000	13853.290000	-1.618919
117.800000	13876.840000	-1.593395
117.900000	13900.410000	-1.564708
118.000000	13924.000000	-1.532902
118.100000	13947.610000	-1.498023
118.200000	13971.240000	-1.460123
118.300000	13994.890000	-1.419258
118.400000	14018.560000	-1.375486
118.500000	14042.250000	-1.328871
118.600000	14065.960000	-1.279480
118.700000	14089.690000	-1.227384
118.800000	14113.440000	-1.172657
118.900000	14137.210000	-1.115376
119.000000	14161.000000	-1.055625
119.100000	14184.810000	-0.993486
119.200000	14208.640000	-0.929049
119.300000	14232.490000	-0.862403
119.400000	14256.360000	-0.793642
119.500000	14280.250000	-0.722864
119.600000	14304.160000	-0.650167
119.700000	14328.090000	-0.575654
119.800000	14352.040000	-0.499428
119.900000	14376.010000	-0.421596
120.000000	14400.000000	-0.342265
120.100000	14424.010000	-0.261548
120.200000	14448.040000	-0.179556
120.300000	14472.090000	-0.096402
120.400000	14496.160000	-0.012202
120.500000	14520.250000	0.072926
120.600000	14544.360000	0.158867
120.700000	14568.490000	0.245500
120.800000	14592.640000	0.332706
120.900000	14616.810000	0.420365
121.000000	14641.000000	0.508356
121.100000	14665.210000	0.596558
121.200000	14689.440000	0.684849
121.300000	14713.690000	0.773109
121.400000	14737.960000	0.861216
121.500000	14762.250000	0.949050
121.600000	14786.560000	1.036490
121.700000	14810.890000	1.123416
121.800000	14835.240000	1.209710
121.900000	14859.610000	1.295253
122.000000	14884.000000	1.379930
122.100000	14908.410000	1.463624
122.200000	14932.840000	1.546222
122.300000	14957.290000	1.627612
122.400000	14981.760000	1.707682
122.500000	15006.250000	1.786325
122.600000	15030.760000	1.863433
122.700000	15055.290000	1.938902
122.800000	15079.840000	2.012630
122.900000	15104.410000	2.084518
123.000000	15129.000000	2.154468
123.100000	15153.610000	2.222387
123.200000	15178.240000	2.288182
123.300000	15202.890000	2.351767
123.400000	15227.560000	2.413054
123.500000	15252.250000	2.471963
123.600000	15276.960000	2.528414
123.700000	15301.690000	2.582332
123.800000	15326.440000	2.633646
123.900000	15351.210000	2.682288
124.000000	15376.000000	2.728192
124.100000	15400.810000	2.771299
124.200000	15425.640000	2.811552
124.300000	15450.490000	2.848898
124.400000	15475.360000	2.883288
124.500000	15500.250000	2.914678
124.600000	15525.160000	2.943028
124.700000	15550.090000	2.968300
124.800000	15575.040000	2.990463
124.900000	15600.010000	3.009489
125.000000	15625.000000	3.025355
125.100000	15650.010000	3.038042
125.200000	15675.040000	3.047534
125.300000	15700.090000	3.053822
125.400000	15725.160000	3.056899
125.500000	15750.250000	3.056765
125.600000	15775.360000	3.053421
125.700000	15800.490000	3.046875
125.800000	15825.640000	3.037138
125.900000	15850.810000	3.024228
126.000000	15876.000000	3.008162
126.100000	15901.210000	2.988967
126.200000	15926.440000	2.966671
126.300000	15951.690000	2.941307
126.400000	15976.960000	2.912913
126.500000	16002.250000	2.881528
126.600000	16027.560000	2.847200
126.700000	16052.890000	2.809977
126.800000	16078.240000	2.769911
126.900000	16103.610000	2.727062
127.000000	16129.000000	2.681488
127.100000	16154.410000	2.633254
127.200000	16179.840000	2.582430
127.300000	16205.290000	2.529085
127.400000	16230.760000	2.473295
127.500000	16256.250000	2.415139
127.600000	16281.760000	2.354696
127.700000	16307.290000	2.292053
127.800000	16332.840000	2.227295
127.900000	16358.410000	2.160513
128.000000	16384.000000	2.091801
128.100000	16409.610000	2.021252
128.200000	16435.240000	1.948965
128.300000	16460.890000	1.875039
128.400000	16486.560000	1.799578
128.500000	16512.250000	1.722685
128.600000	16537.960000	1.644465
128.700000	16563.690000	1.565027
128.800000	16589.440000	1.484481
128.900000	16615.210000	1.402935
129.000000	16641.000000	1.320504
129.100000	16666.810000	1.237298
129.200000	16692.640000	1.153433
129.300000	16718.490000	1.069024
129.400000	16744.360000	0.984185
129.500000	16770.250000	0.899032
129.600000	16796.160000	0.813682
129.700000	16822.090000	0.728251
129.800000	16848.040000	0.642855
129.900000	16874.010000	0.557610
130.000000	16900.000000	0.472632
130.100000	16926.010000	0.388037
130.200000	16952.040000	0.303939
130.300000	16978.090000	0.220452
130.400000	17004.160000	0.137689
130.500000	17030.250000	0.055762
130.600000	17056.360000	-0.025219
130.700000	17082.490000	-0.105144
130.800000	17108.640000	-0.183905
130.900000	17134.810000	-0.261398
131.000000	17161.000000	-0.337517
131.100000	17187.210000	-0.412161
131.200000	17213.440000	-0.485229
131.300000	17239.690000	-0.556625
131.400000	17265.960000	-0.626251
131.500000	17292.250000	-0.694017
131.600000	17318.560000	-0.759831
131.700000	17344.890000	-0.823606
131.800000	17371.240000	-0.885257
131.900000	17397.610000	-0.944703
132.000000	17424.000000	-1.001866
132.100000	17450.410000	-1.056670
132.200000	17476.840000	-1.109042
132.300000	17503.290000	-1.158916
132.400000	17529.760000	-1.206225
132.500000	17556.250000	-1.250908
132.600000	17582.760000	-1.292907
132.700000	17609.290000	-1.332168
132.800000	17635.840000	-1.368641
132.900000	17662.410000	-1.402279
133.000000	17689.000000	-1.433039
133.100000	17715.610000	-1.460884
133.200000	17742.240000	-1.485778
133.300000	17768.890000	-1.507691
133.400000	17795.560000	-1.526597
133.500000	17822.250000	-1.542473
133.600000	17848.960000	-1.555301
133.700000	17875.690000	-1.565068
133.800000	17902.440000	-1.571764
133.900000	17929.210000	-1.575383
134.000000	17956.000000	-1.575923
134.100000	17982.810000	-1.573389
134.200000	18009.640000	-1.567787
134.300000	18036.490000	-1.559129
134.400000	18063.360000	-1.547429
134.500000	18090.250000	-1.532708
134.600000	18117.160000	-1.514990
134.700000	18144.090000	-1.494301
134.800000	18171.040000	-1.470675
134.900000	18198.010000	-1.444146
135.000000	18225.000000	-1.414755
135.100000	18252.010000	-1.382545
135.200000	18279.040000	-1.347564
135.300000	18306.090000	-1.309863
135.400000	18333.160000	-1.269497
135.500000	18360.250000	-1.226524
135.600000	18387.360000	-1.181006
135.700000	18414.490000	-1.133009
135.800000	18441.640000	-1.082600
135.900000	18468.810000	-1.029853
136.000000	18496.000000	-0.974842
136.100000	18523.210000	-0.917645
136.200000	18550.440000	-0.858343
136.300000	18577.690000	-0.797020
136.400000	18604.960000	-0.733763
136.500000	18632.250000	-0.668659
136.600000	18659.560000	-0.601801
136.700000	18686.890000	-0.533282
136.800000	18714.240000	-0.463198
136.900000	18741.610000	-0.391648
137.000000	18769.000000	-0.318730
137.100000	18796.410000	-0.244546
137.200000	18823.840000	-0.169200
137.300000	18851.290000	-0.092797
137.400000	18878.760000	-0.015441
137.500000	18906.250000	0.062759
137.600000	18933.760000	0.141695
137.700000	18961.290000	0.221259
137.800000	18988.840000	0.301340
137.900000	19016.410000	0.381829
138.000000	19044.000000	0.462613
138.100000	19071.610000	0.543582
138.200000	19099.240000	0.624626
138.300000	19126.890000	0.705631
138.400000	19154.560000	0.786488
138.500000	19182.250000	0.867086
138.600000	19209.960000	0.947313
138.700000	19237.690000	1.027062
138.800000	19265.440000	1.106222
138.900000	19293.210000	1.184686
139.000000	19321.000000	1.262347
139.100000	19348.810000	1.339099
139.200000	19376.640000	1.414839
139.300000	19404.490000	1.489462
139.400000	19432.360000	1.562868
139.500000	19460.250000	1.634958
139.600000	19488.160000	1.705634
139.700000	19516.090000	1.774801
139.800000	19544.040000	1.842365
139.900000	19572.010000	1.908236
140.000000	19600.000000	1.972325
140.100000	19628.010000	2.034545
140.200000	19656.040000	2.094815
140.300000	19684.090000	2.153052
140.400000	19712.160000	2.209179
140.500000	19740.250000	2.263122
140.600000	19768.360000	2.314809
140.700000	19796.490000	2.364172
140.800000	19824.640000	2.411144
140.900000	19852.810000	2.455665
141.000000	19881.000000	2.497676
141.100000	19909.210000	2.537121
141.200000	19937.440000	2.573950
141.300000	19965.690000	2.608115
141.400000	19993.960000	2.639571
141.500000	20022.250000	2.668278
141.600000	20050.560000	2.694201
141.700000	20078.890000	2.717305
141.800000	20107.240000	2.737563
141.900000	20135.610000	2.754950
142.000000	20164.000000	2.769444
142.100000	20192.410000	2.781030
142.200000	20220.840000	2.789693
142.300000	20249.290000	2.795426
142.400000	20277.760000	2.798223
142.500000	20306.250000	2.798084
142.600000	20334.760000	2.795012
142.700000	20363.290000	2.789013
142.800000	20391.840000	2.780100
142.900000	20420.410000	2.768288
143.000000	20449.000000	2.753595
143.100000	20477.610000	2.736044
143.200000	20506.240000	2.715663
143.300000	20534.890000	2.692483
143.400000	20563.560000	2.666538
143.500000	20592.250000	2.637866
143.600000	20620.960000	2.606509
143.700000	20649.690000	2.572514
143.800000	20678.440000	2.535929
143.900000	20707.210000	2.496807
144.000000	20736.000000	2.455203
144.100000	20764.810000	2.411179
144.200000	20793.640000	2.364795
144.300000	20822.490000	2.316119
144.400000	20851.360000	2.265218
144.500000	20880.250000	2.212165
144.600000	20909.160000	2.157035
144.700000	20938.090000	2.099905
144.800000	20967.040000	2.040854
144.900000	20996.010000	1.979967
145.000000	21025.000000	1.917327
145.100000	21054.010000	1.853023
145.200000	21083.040000	1.787143
145.300000	21112.090000	1.719779
145.400000	21141.160000	1.651025
145.500000	21170.250000	1.580977
145.600000	21199.360000	1.509730
145.700000	21228.490000	1.437384
145.800000	21257.640000	1.364038
145.900000	21286.810000	1.289793
146.000000	21316.000000	1.214752
146.100000	21345.210000	1.139018
146.200000	21374.440000	1.062695
146.300000	21403.690000	0.985887
146.400000	21432.960000	0.908699
146.500000	21462.250000	0.831238
146.600000	21491.560000	0.753609
146.700000	21520.890000	0.675918
146.800000	21550.240000	0.598270
146.900000	21579.610000	0.520772
147.000000	21609.000000	0.443529
147.100000	21638.410000	0.366645
147.200000	21667.840000	0.290226
147.300000	21697.290000	0.214373
147.400000	21726.760000	0.139191
147.500000	21756.250000	0.064779
147.600000	21785.760000	-0.008760
147.700000	21815.290000	-0.081329
147.800000	21844.840000	-0.152830
147.900000	21874.410000	-0.223167
148.000000	21904.000000	-0.292245
148.100000	21933.610000	-0.359973
148.200000	21963.240000	-0.426260
148.300000	21992.890000	-0.491017
148.400000	22022.560000	-0.554159
148.500000	22052.250000	-0.615602
148.600000	22081.960000	-0.675264
148.700000	22111.690000	-0.733068
148.800000	22141.440000	-0.788935
148.900000	22171.210000	-0.842795
149.000000	22201.000000	-0.894575
149.100000	22230.810000	-0.944208
149.200000	22260.640000	-0.991630
149.300000	22290.490000	-1.036779
149.400000	22320.360000	-1.079597
149.500000	22350.250000	-1.120030
149.600000	22380.160000	-1.158025
149.700000	22410.090000	-1.193535
149.800000	22440.040000	-1.226514
149.900000	22470.010000	-1.256922
150.000000	22500.000000	-1.284721
150.100000	22530.010000	-1.309877
150.200000	22560.040000	-1.332360
150.300000	22590.090000	-1.352143
150.400000	22620.160000	-1.369204
150.500000	22650.250000	-1.383523
150.600000	22680.360000	-1.395084
150.700000	22710.490000	-1.403878
150.800000	22740.640000	-1.409895
150.900000	22770.810000	-1.413133
151.000000	22801.000000	-1.413590
151.100000	22831.210000	-1.411272
151.200000	22861.440000	-1.406185
151.300000	22891.690000	-1.398341
151.400000	22921.960000	-1.387755
151.500000	22952.250000	-1.374446
151.600000	22982.560000	-1.358436
151.700000	23012.890000	-1.339752
151.800000	23043.240000	-1.318425
151.900000	23073.610000	-1.294486
152.000000	23104.000000	-1.267973
152.100000	23134.410000	-1.238928
152.200000	23164.840000	-1.207393
152.300000	23195.290000	-1.173416
152.400000	23225.760000	-1.137048
152.500000	23256.250000	-1.098343
152.600000	23286.760000	-1.057356
152.700000	23317.290000	-1.014149
152.800000	23347.840000	-0.968784
152.900000	23378.410000	-0.921327
153.000000	23409.000000	-0.871846
153.100000	23439.610000	-0.820414
153.200000	23470.240000	-0.767102
153.300000	23500.890000	-0.711989
153.400000	23531.560000	-0.655152
153.500000	23562.250000	-0.596672
153.600000	23592.960000	-0.536633
153.700000	23623.690000	-0.475119
153.800000	23654.440000	-0.412217
153.900000	23685.210000	-0.348016
154.000000	23716.000000	-0.282607
154.100000	23746.810000	-0.216081
154.200000	23777.640000	-0.148531
154.300000	23808.490000	-0.080052
154.400000	23839.360000	-0.010739
154.500000	23870.250000	0.059310
154.600000	23901.160000	0.129999
154.700000	23932.090000	0.201229
154.800000	23963.040000	0.272902
154.900000	23994.010000	0.344918
155.000000	24025.000000	0.417177
155.100000	24056.010000	0.489580
155.200000	24087.040000	0.562028
155.300000	24118.090000	0.634420
155.400000	24149.160000	0.706658
155.500000	24180.250000	0.778642
155.600000	24211.360000	0.850273
155.700000	24242.490000	0.921454
155.800000	24273.640000	0.992089
155.900000	24304.810000	1.062079
156.000000	24336.000000	1.131332
156.100000	24367.210000	1.199752
156.200000	24398.440000	1.267247
156.300000	24429.690000	1.333727
156.400000	24460.960000	1.399101
156.500000	24492.250000	1.463281
156.600000	24523.560000	1.526182
156.700000	24554.890000	1.587718
156.800000	24586.240000	1.647809
156.900000	24617.610000	1.706374
157.000000	24649.000000	1.763335
157.100000	24680.410000	1.818617
157.200000	24711.840000	1.872147
157.300000	24743.290000	1.923855
157.400000	24774.760000	1.973672
157.500000	24806.250000	2.021534
157.600000	24837.760000	2.067378
157.700000	24869.290000	2.111146
157.800000	24900.840000	2.152780
157.900000	24932.410000	2.192228
158.000000	24964.000000	2.229440
158.100000	24995.610000	2.264368
158.200000	25027.240000	2.296969
158.300000	25058.890000	2.327202
158.400000	25090.560000	2.355031
158.500000	25122.250000	2.380422
158.600000	25153.960000	2.403344
158.700000	25185.690000	2.423771
158.800000	25217.440000	2.441679
158.900000	25249.210000	2.457050
159.000000	25281.000000	2.469866
159.100000	25312.810000	2.480116
159.200000	25344.640000	2.487789
159.300000	25376.490000	2.492882
159.400000	25408.360000	2.495392
159.500000	25440.250000	2.495321
159.600000	25472.160000	2.492674
159.700000	25504.090000	2.487460
159.800000	25536.040000	2.479692
159.900000	25568.010000	2.469386
160.000000	25600.000000	2.456561
160.100000	25632.010000	2.441241
160.200000	25664.040000	2.423451
160.300000	25696.090000	2.403222
160.400000	25728.160000	2.380586
160.500000	25760.250000	2.355581
160.600000	25792.360000	2.328245
160.700000	25824.490000	2.298621
160.800000	25856.640000	2.266756
160.900000	25888.810000	2.232698
161.000000	25921.000000	2.196499
161.100000	25953.210000	2.158214
161.200000	25985.440000	2.117901
161.300000	26017.690000	2.075619
161.400000	26049.960000	2.031432
161.500000	26082.250000	1.985405
161.600000	26114.560000	1.937605
161.700000	26146.890000	1.888104
161.800000	26179.240000	1.836973
161.900000	26211.610000	1.784286
162.000000	26244.000000	1.730122
162.100000	26276.410000	1.674557
162.200000	26308.840000	1.617672
162.300000	26341.290000	1.559549
162.400000	26373.760000	1.500271
162.500000	26406.250000	1.439924
162.600000	26438.760000	1.378593
162.700000	26471.290000	1.316366
162.800000	26503.840000	1.253332
162.900000	26536.410000	1.189579
163.000000	26569.000000	1.125197
163.100000	26601.610000	1.060279
163.200000	26634.240000	0.994915
163.300000	26666.890000	0.929196
163.400000	26699.560000	0.863216
163.500000	26732.250000	0.797066
163.600000	26764.960000	0.730839
163.700000	26797.690000	0.664627
163.800000	26830.440000	0.598521
163.900000	26863.210000	0.532614
164.000000	26896.000000	0.466997
164.100000	26928.810000	0.401759
164.200000	26961.640000	0.336991
164.300000	26994.490000	0.272782
164.400000	27027.360000	0.209219
164.500000	27060.250000	0.146390
164.600000	27093.160000	0.084379
164.700000	27126.090000	0.023270
164.800000	27159.040000	-0.036852
164.900000	27192.010000	-0.095909
165.000000	27225.000000	-0.153819
165.100000	27258.010000	-0.210507
165.200000	27291.040000	-0.265895
165.300000	27324.090000	-0.319911
165.400000	27357.160000	-0.372484
165.500000	27390.250000	-0.423543
165.600000	27423.360000	-0.473022
165.700000	27456.490000	-0.520858
165.800000	27489.640000	-0.566987
165.900000	27522.810000	-0.611350
166.000000	27556.000000	-0.653892
166.100000	27589.210000	-0.694557
166.200000	27622.440000	-0.733295
166.300000	27655.690000	-0.770058
166.400000	27688.960000	-0.804801
166.500000	27722.250000	-0.837480
166.600000	27755.560000	-0.868058
166.700000	27788.890000	-0.896498
166.800000	27822.240000	-0.922767
166.900000	27855.610000	-0.946835
167.000000	27889.000000	-0.968677
167.100000	27922.410000	-0.988269
167.200000	27955.840000	-1.005591
167.300000	27989.290000	-1.020627
167.400000	28022.760000	-1.033364
167.500000	28056.250000	-1.043792
167.600000	28089.760000	-1.051904
167.700000	28123.290000	-1.057699
167.800000	28156.840000	-1.061175
167.900000	28190.410000	-1.062338
168.000000	28224.000000	-1.061193
168.100000	28257.610000	-1.057752
168.200000	28291.240000	-1.052029
168.300000	28324.890000	-1.044040
168.400000	28358.560000	-1.033807
168.500000	28392.250000	-1.021352
168.600000	28425.960000	-1.006703
168.700000	28459.690000	-0.989889
168.800000	28493.440000	-0.970945
168.900000	28527.210000	-0.949905
169.000000	28561.000000	-0.926810
169.100000	28594.810000	-0.901702
169.200000	28628.640000	-0.874626
169.300000	28662.490000	-0.845629
169.400000	28696.360000	-0.814762
169.500000	28730.250000	-0.782079
169.600000	28764.160000	-0.747636
169.700000	28798.090000	-0.711490
169.800000	28832.040000	-0.673704
169.900000	28866.010000	-0.634339
170.000000	28900.000000	-0.593462
170.100000	28934.010000	-0.551140
170.200000	28968.040000	-0.507442
170.300000	29002.090000	-0.462440
170.400000	29036.160000	-0.416208
170.500000	29070.250000	-0.368820
170.600000	29104.360000	-0.320353
170.700000	29138.490000	-0.270886
170.800000	29172.640000	-0.220497
170.900000	29206.810000	-0.169269
171.000000	29241.000000	-0.117282
171.100000	29275.210000	-0.064619
171.200000	29309.440000	-0.011366
171.300000	29343.690000	0.042395
171.400000	29377.960000	0.096576
171.500000	29412.250000	0.151093
171.600000	29446.560000	0.205859
171.700000	29480.890000	0.260787
171.800000	29515.240000	0.315791
171.900000	29549.610000	0.370783
172.000000	29584.000000	0.425677
172.100000	29618.410000	0.480387
172.200000	29652.840000	0.534826
172.300000	29687.290000	0.588908
172.400000	29721.760000	0.642549
172.500000	29756.250000	0.695663
172.600000	29790.760000	0.748168
172.700000	29825.290000	0.799980
172.800000	29859.840000	0.851018
172.900000	29894.410000	0.901202
173.000000	29929.000000	0.950452
173.100000	29963.610000	0.998691
173.200000	29998.240000	1.045842
173.300000	30032.890000	1.091831
173.400000	30067.560000	1.136585
173.500000	30102.250000	1.180034
173.600000	30136.960000	1.222108
173.700000	30171.690000	1.262739
173.800000	30206.440000	1.301865
173.900000	30241.210000	1.339421
174.000000	30276.000000	1.375348
174.100000	30310.810000	1.409587
174.200000	30345.640000	1.442084
174.300000	30380.490000	1.472785
174.400000	30415.360000	1.501641
174.500000	30450.250000	1.528603
174.600000	30485.160000	1.553628
174.700000	30520.090000	1.576674
174.800000	30555.040000	1.597701
174.900000	30590.010000	1.616674
175.000000	30625.000000	1.633560
175.100000	30660.010000	1.648329
175.200000	30695.040000	1.660954
175.300000	30730.090000	1.671412
175.400000	30765.160000	1.679682
175.500000	30800.250000	1.685747
175.600000	30835.360000	1.689593
175.700000	30870.490000	1.691209
175.800000	30905.640000	1.690587
175.900000	30940.810000	1.687724
176.000000	30976.000000	1.682618
176.100000	31011.210000	1.675272
176.200000	31046.440000	1.665691
176.300000	31081.690000	1.653884
176.400000	31116.960000	1.639863
176.500000	31152.250000	1.623644
176.600000	31187.560000	1.605244
176.700000	31222.890000	1.584685
176.800000	31258.240000	1.561993
176.900000	31293.610000	1.537194
177.000000	31329.000000	1.510321
177.100000	31364.410000	1.481407
177.200000	31399.840000	1.450488
177.300000	31435.290000	1.417606
177.400000	31470.760000	1.382801
177.500000	31506.250000	1.346121
177.600000	31541.760000	1.307613
177.700000	31577.290000	1.267327
177.800000	31612.840000	1.225318
177.900000	31648.410000	1.181642
178.000000	31684.000000	1.136356
178.100000	31719.610000	1.089522
178.200000	31755.240000	1.041202
178.300000	31790.890000	0.991462
178.400000	31826.560000	0.940368
178.500000	31862.250000	0.887990
178.600000	31897.960000	0.834399
178.700000	31933.690000	0.779668
178.800000	31969.440000	0.723870
178.900000	32005.210000	0.667083
179.000000	32041.000000	0.609382
179.100000	32076.810000	0.550848
179.200000	32112.640000	0.491559
179.300000	32148.490000	0.431598
179.400000	32184.360000	0.371045
179.500000	32220.250000	0.309984
179.600000	32256.160000	0.248499
179.700000	32292.090000	0.186673
179.800000	32328.040000	0.124591
179.900000	32364.010000	0.062338
180.000000	32400.000000	0.000000
#Sums: 162090.000000	19456203.000000	9778.192734
