# alpha	alpha^2	B*sin(alpha)
0.000000	0.000000	0.000000
0.100000	0.010000	0.039435
0.200000	0.040000	0.078824
0.300000	0.090000	0.118119
0.400000	0.160000	0.157273
0.500000	0.250000	0.196241
0.600000	0.360000	0.234976
0.700000	0.490000	0.273433
0.800000	0.640000	0.311567
0.900000	0.810000	0.349333
1.000000	1.000000	0.386687
1.100000	1.210000	0.423586
1.200000	1.440000	0.459987
1.300000	1.690000	0.495850
1.400000	1.960000	0.531133
1.500000	2.250000	0.565797
1.600000	2.560000	0.599804
1.700000	2.890000	0.633115
1.800000	3.240000	0.665697
1.900000	3.610000	0.697512
2.000000	4.000000	0.728528
2.100000	4.410000	0.758714
2.200000	4.840000	0.788037
2.300000	5.290000	0.816470
2.400000	5.760000	0.843984
2.500000	6.250000	0.870554
2.600000	6.760000	0.896155
2.700000	7.290000	0.920765
2.800000	7.840000	0.944363
2.900000	8.410000	0.966929
3.000000	9.000000	0.988446
3.100000	9.610000	1.008899
3.200000	10.240000	1.028273
3.300000	10.890000	1.046558
3.400000	11.560000	1.063741
3.500000	12.250000	1.079817
3.600000	12.960000	1.094777
3.700000	13.690000	1.108618
3.800000	14.440000	1.121336
3.900000	15.210000	1.132932
4.000000	16.000000	1.143407
4.100000	16.810000	1.152762
4.200000	17.640000	1.161004
4.300000	18.490000	1.168139
4.400000	19.360000	1.174175
4.500000	20.250000	1.179123
4.600000	21.160000	1.182995
4.700000	22.090000	1.185804
4.800000	23.040000	1.187566
4.900000	24.010000	1.188298
5.000000	25.000000	1.188019
5.100000	26.010000	1.186750
5.200000	27.040000	1.184511
5.300000	28.090000	1.181326
5.400000	29.160000	1.177221
5.500000	30.250000	1.172221
5.600000	31.360000	1.166353
5.700000	32.490000	1.159647
5.800000	33.640000	1.152133
5.900000	34.810000	1.143840
6.000000	36.000000	1.134802
6.100000	37.210000	1.125052
6.200000	38.440000	1.114623
6.300000	39.690000	1.103552
6.400000	40.960000	1.091872
6.500000	42.250000	1.079621
6.600000	43.560000	1.066836
6.700000	44.890000	1.053555
6.800000	46.240000	1.039815
6.900000	47.610000	1.025656
7.000000	49.000000	1.011116
7.100000	50.410000	0.996235
7.200000	51.840000	0.981051
7.300000	53.290000	0.965605
7.400000	54.760000	0.949936
7.500000	56.250000	0.934083
7.600000	57.760000	0.918086
7.700000	59.290000	0.901984
7.800000	60.840000	0.885816
7.900000	62.410000	0.869621
8.000000	64.000000	0.853436
8.100000	65.610000	0.837300
8.200000	67.240000	0.821249
8.300000	68.890000	0.805319
8.400000	70.560000	0.789548
8.500000	72.250000	0.773969
8.600000	73.960000	0.758617
8.700000	75.690000	0.743526
8.800000	77.440000	0.728726
8.900000	79.210000	0.714251
9.000000	81.000000	0.700130
9.100000	82.810000	0.686392
9.200000	84.640000	0.673065
9.300000	86.490000	0.660177
9.400000	88.360000	0.647752
9.500000	90.250000	0.635815
9.600000	92.160000	0.624388
9.700000	94.090000	0.613494
9.800000	96.040000	0.603152
9.900000	98.010000	0.593380
10.000000	100.000000	0.584197
10.100000	102.010000	0.575617
10.200000	104.040000	0.567655
10.300000	106.090000	0.560323
10.400000	108.160000	0.553633
10.500000	110.250000	0.547593
10.600000	112.360000	0.542212
10.700000	114.490000	0.537497
10.800000	116.640000	0.533452
10.900000	118.810000	0.530079
11.000000	121.000000	0.527382
11.100000	123.210000	0.525359
11.200000	125.440000	0.524010
11.300000	127.690000	0.523331
11.400000	129.960000	0.523318
11.500000	132.250000	0.523964
11.600000	134.560000	0.525263
11.700000	136.890000	0.527206
11.800000	139.240000	0.529781
11.900000	141.610000	0.532978
12.000000	144.000000	0.536783
12.100000	146.410000	0.541182
12.200000	148.840000	0.546159
12.300000	151.290000	0.551697
12.400000	153.760000	0.557779
12.500000	156.250000	0.564384
12.600000	158.760000	0.571494
12.700000	161.290000	0.579085
12.800000	163.840000	0.587137
12.900000	166.410000	0.595626
13.000000	169.000000	0.604528
13.100000	171.610000	0.613818
13.200000	174.240000	0.623471
13.300000	176.890000	0.633459
13.400000	179.560000	0.643757
13.500000	182.250000	0.654337
13.600000	184.960000	0.665170
13.700000	187.690000	0.676229
13.800000	190.440000	0.687485
13.900000	193.210000	0.698908
14.000000	196.000000	0.710469
14.100000	198.810000	0.722140
14.200000	201.640000	0.733889
14.300000	204.490000	0.745689
14.400000	207.360000	0.757509
14.500000	210.250000	0.769320
14.600000	213.160000	0.781093
14.700000	216.090000	0.792798
14.800000	219.040000	0.804408
14.900000	222.010000	0.815893
15.000000	225.000000	0.827225
15.100000	228.010000	0.838378
15.200000	231.040000	0.849325
15.300000	234.090000	0.860039
15.400000	237.160000	0.870494
15.500000	240.250000	0.880666
15.600000	243.360000	0.890530
15.700000	246.490000	0.900063
15.800000	249.640000	0.909243
15.900000	252.810000	0.918048
16.000000	256.000000	0.926458
16.100000	259.210000	0.934452
16.200000	262.440000	0.942013
16.300000	265.690000	0.949122
16.400000	268.960000	0.955764
16.500000	272.250000	0.961923
16.600000	275.560000	0.967586
16.700000	278.890000	0.972738
16.800000	282.240000	0.977369
16.900000	285.610000	0.981468
17.000000	289.000000	0.985027
17.100000	292.410000	0.988036
17.200000	295.840000	0.990490
17.300000	299.290000	0.992383
17.400000	302.760000	0.993712
17.500000	306.250000	0.994473
17.600000	309.760000	0.994665
17.700000	313.290000	0.994289
17.800000	316.840000	0.993345
17.900000	320.410000	0.991836
18.000000	324.000000	0.989766
18.100000	327.610000	0.987139
18.200000	331.240000	0.983963
18.300000	334.890000	0.980245
18.400000	338.560000	0.975993
18.500000	342.250000	0.971218
18.600000	345.960000	0.965930
18.700000	349.690000	0.960143
18.800000	353.440000	0.953868
18.900000	357.210000	0.947122
19.000000	361.000000	0.939919
19.100000	364.810000	0.932276
19.200000	368.640000	0.924209
19.300000	372.490000	0.915739
19.400000	376.360000	0.906882
19.500000	380.250000	0.897661
19.600000	384.160000	0.888095
19.700000	388.090000	0.878205
19.800000	392.040000	0.868015
19.900000	396.010000	0.857547
20.000000	400.000000	0.846823
20.100000	404.010000	0.835869
20.200000	408.040000	0.824708
20.300000	412.090000	0.813364
20.400000	416.160000	0.801864
20.500000	420.250000	0.790232
20.600000	424.360000	0.778493
20.700000	428.490000	0.766674
20.800000	432.640000	0.754800
20.900000	436.810000	0.742898
21.000000	441.000000	0.730992
21.100000	445.210000	0.719108
21.200000	449.440000	0.707273
21.300000	453.690000	0.695511
21.400000	457.960000	0.683849
21.500000	462.250000	0.672310
21.600000	466.560000	0.660919
21.700000	470.890000	0.649700
21.800000	475.240000	0.638678
21.900000	479.610000	0.627875
22.000000	484.000000	0.617313
22.100000	488.410000	0.607015
22.200000	492.840000	0.597002
22.300000	497.290000	0.587295
22.400000	501.760000	0.577913
22.500000	506.250000	0.568875
22.600000	510.760000	0.560200
22.700000	515.290000	0.551905
22.800000	519.840000	0.544005
22.900000	524.410000	0.536518
23.000000	529.000000	0.529457
23.100000	533.610000	0.522835
23.200000	538.240000	0.516665
23.300000	542.890000	0.510959
23.400000	547.560000	0.505726
23.500000	552.250000	0.500975
23.600000	556.960000	0.496716
23.700000	561.690000	0.492954
23.800000	566.440000	0.489695
23.900000	571.210000	0.486944
24.000000	576.000000	0.484704
24.100000	580.810000	0.482977
24.200000	585.640000	0.481765
24.300000	590.490000	0.481067
24.400000	595.360000	0.480882
24.500000	600.250000	0.481207
24.600000	605.160000	0.482038
24.700000	610.090000	0.483372
24.800000	615.040000	0.485201
24.900000	620.010000	0.487519
25.000000	625.000000	0.490318
25.100000	630.010000	0.493588
25.200000	635.040000	0.497319
25.300000	640.090000	0.501499
25.400000	645.160000	0.506117
25.500000	650.250000	0.511158
25.600000	655.360000	0.516609
25.700000	660.490000	0.522455
25.800000	665.640000	0.528679
25.900000	670.810000	0.535264
26.000000	676.000000	0.542193
26.100000	681.210000	0.549448
26.200000	686.440000	0.557008
26.300000	691.690000	0.564855
26.400000	696.960000	0.572968
26.500000	702.250000	0.581326
26.600000	707.560000	0.589907
26.700000	712.890000	0.598690
26.800000	718.240000	0.607651
26.900000	723.610000	0.616769
27.000000	729.000000	0.626020
27.100000	734.410000	0.635381
27.200000	739.840000	0.644829
27.300000	745.290000	0.654339
27.400000	750.760000	0.663887
27.500000	756.250000	0.673451
27.600000	761.760000	0.683005
27.700000	767.290000	0.692527
27.800000	772.840000	0.701992
27.900000	778.410000	0.711378
28.000000	784.000000	0.720660
28.100000	789.610000	0.729816
28.200000	795.240000	0.738822
28.300000	800.890000	0.747658
28.400000	806.560000	0.756300
28.500000	812.250000	0.764728
28.600000	817.960000	0.772920
28.700000	823.690000	0.780857
28.800000	829.440000	0.788518
28.900000	835.210000	0.795884
29.000000	841.000000	0.802937
29.100000	846.810000	0.809660
29.200000	852.640000	0.816035
29.300000	858.490000	0.822047
29.400000	864.360000	0.827680
29.500000	870.250000	0.832920
29.600000	876.160000	0.837753
29.700000	882.090000	0.842168
29.800000	888.040000	0.846153
29.900000	894.010000	0.849697
30.000000	900.000000	0.852790
30.100000	906.010000	0.855425
30.200000	912.040000	0.857594
30.300000	918.090000	0.859291
30.400000	924.160000	0.860510
30.500000	930.250000	0.861247
30.600000	936.360000	0.861500
30.700000	942.490000	0.861266
30.800000	948.640000	0.860544
30.900000	954.810000	0.859335
31.000000	961.000000	0.857640
31.100000	967.210000	0.855462
31.200000	973.440000	0.852804
31.300000	979.690000	0.849670
31.400000	985.960000	0.846067
31.500000	992.250000	0.842001
31.600000	998.560000	0.837481
31.700000	1004.890000	0.832514
31.800000	1011.240000	0.827111
31.900000	1017.610000	0.821282
32.000000	1024.000000	0.815040
32.100000	1030.410000	0.808397
32.200000	1036.840000	0.801366
32.300000	1043.290000	0.793962
32.400000	1049.760000	0.786201
32.500000	1056.250000	0.778098
32.600000	1062.760000	0.769669
32.700000	1069.290000	0.760933
32.800000	1075.840000	0.751908
32.900000	1082.410000	0.742613
33.000000	1089.000000	0.733066
33.100000	1095.610000	0.723289
33.200000	1102.240000	0.713300
33.300000	1108.890000	0.703122
33.400000	1115.560000	0.692776
33.500000	1122.250000	0.682283
33.600000	1128.960000	0.671664
33.700000	1135.690000	0.660944
33.800000	1142.440000	0.650143
33.900000	1149.210000	0.639284
34.000000	1156.000000	0.628391
34.100000	1162.810000	0.617486
34.200000	1169.640000	0.606591
34.300000	1176.490000	0.595729
34.400000	1183.360000	0.584924
34.500000	1190.250000	0.574196
34.600000	1197.160000	0.563570
34.700000	1204.090000	0.553066
34.800000	1211.040000	0.542706
34.900000	1218.010000	0.532512
35.000000	1225.000000	0.522505
35.100000	1232.010000	0.512704
35.200000	1239.040000	0.503131
35.300000	1246.090000	0.493805
35.400000	1253.160000	0.484744
35.500000	1260.250000	0.475967
35.600000	1267.360000	0.467492
35.700000	1274.490000	0.459335
35.800000	1281.640000	0.451513
35.900000	1288.810000	0.444041
36.000000	1296.000000	0.436934
36.100000	1303.210000	0.430206
36.200000	1310.440000	0.423869
36.300000	1317.690000	0.417936
36.400000	1324.960000	0.412418
36.500000	1332.250000	0.407325
36.600000	1339.560000	0.402666
36.700000	1346.890000	0.398450
36.800000	1354.240000	0.394684
36.900000	1361.610000	0.391373
37.000000	1369.000000	0.388524
37.100000	1376.410000	0.386141
37.200000	1383.840000	0.384225
37.300000	1391.290000	0.382781
37.400000	1398.760000	0.381808
37.500000	1406.250000	0.381307
37.600000	1413.760000	0.381277
37.700000	1421.290000	0.381714
37.800000	1428.840000	0.382617
37.900000	1436.410000	0.383982
38.000000	1444.000000	0.385801
38.100000	1451.610000	0.388071
38.200000	1459.240000	0.390782
38.300000	1466.890000	0.393928
38.400000	1474.560000	0.397498
38.500000	1482.250000	0.401483
38.600000	1489.960000	0.405872
38.700000	1497.690000	0.410653
38.800000	1505.440000	0.415812
38.900000	1513.210000	0.421337
39.000000	1521.000000	0.427212
39.100000	1528.810000	0.433423
39.200000	1536.640000	0.439954
39.300000	1544.490000	0.446788
39.400000	1552.360000	0.453907
39.500000	1560.250000	0.461295
39.600000	1568.160000	0.468932
39.700000	1576.090000	0.476799
39.800000	1584.040000	0.484877
39.900000	1592.010000	0.493147
40.000000	1600.000000	0.501587
40.100000	1608.010000	0.510177
40.200000	1616.040000	0.518895
40.300000	1624.090000	0.527722
40.400000	1632.160000	0.536635
40.500000	1640.250000	0.545612
40.600000	1648.360000	0.554632
40.700000	1656.490000	0.563674
40.800000	1664.640000	0.572714
40.900000	1672.810000	0.581732
41.000000	1681.000000	0.590705
41.100000	1689.210000	0.599612
41.200000	1697.440000	0.608432
41.300000	1705.690000	0.617144
41.400000	1713.960000	0.625726
41.500000	1722.250000	0.634157
41.600000	1730.560000	0.642419
41.700000	1738.890000	0.650490
41.800000	1747.240000	0.658352
41.900000	1755.610000	0.665985
42.000000	1764.000000	0.673372
42.100000	1772.410000	0.680494
42.200000	1780.840000	0.687335
42.300000	1789.290000	0.693877
42.400000	1797.760000	0.700106
42.500000	1806.250000	0.706006
42.600000	1814.760000	0.711562
42.700000	1823.290000	0.716762
42.800000	1831.840000	0.721593
42.900000	1840.410000	0.726042
43.000000	1849.000000	0.730099
43.100000	1857.610000	0.733754
43.200000	1866.240000	0.736997
43.300000	1874.890000	0.739821
43.400000	1883.560000	0.742218
43.500000	1892.250000	0.744182
43.600000	1900.960000	0.745707
43.700000	1909.690000	0.746790
43.800000	1918.440000	0.747427
43.900000	1927.210000	0.747615
44.000000	1936.000000	0.747354
44.100000	1944.810000	0.746644
44.200000	1953.640000	0.745484
44.300000	1962.490000	0.743877
44.400000	1971.360000	0.741826
44.500000	1980.250000	0.739334
44.600000	1989.160000	0.736406
44.700000	1998.090000	0.733048
44.800000	2007.040000	0.729267
44.900000	2016.010000	0.725070
45.000000	2025.000000	0.720466
45.100000	2034.010000	0.715464
45.200000	2043.040000	0.710076
45.300000	2052.090000	0.704311
45.400000	2061.160000	0.698182
45.500000	2070.250000	0.691703
45.600000	2079.360000	0.684886
45.700000	2088.490000	0.677747
45.800000	2097.640000	0.670300
45.900000	2106.810000	0.662561
46.000000	2116.000000	0.654547
46.100000	2125.210000	0.646274
46.200000	2134.440000	0.637761
46.300000	2143.690000	0.629026
46.400000	2152.960000	0.620086
46.500000	2162.250000	0.610963
46.600000	2171.560000	0.601674
46.700000	2180.890000	0.592239
46.800000	2190.240000	0.582680
46.900000	2199.610000	0.573016
47.000000	2209.000000	0.563268
47.100000	2218.410000	0.553457
47.200000	2227.840000	0.543604
47.300000	2237.290000	0.533729
47.400000	2246.760000	0.523854
47.500000	2256.250000	0.514000
47.600000	2265.760000	0.504188
47.700000	2275.290000	0.494439
47.800000	2284.840000	0.484773
47.900000	2294.410000	0.475211
48.000000	2304.000000	0.465773
48.100000	2313.610000	0.456480
48.200000	2323.240000	0.447350
48.300000	2332.890000	0.438403
48.400000	2342.560000	0.429658
48.500000	2352.250000	0.421133
48.600000	2361.960000	0.412847
48.700000	2371.690000	0.404815
48.800000	2381.440000	0.397056
48.900000	2391.210000	0.389584
49.000000	2401.000000	0.382416
49.100000	2410.810000	0.375566
49.200000	2420.640000	0.369049
49.300000	2430.490000	0.362877
49.400000	2440.360000	0.357062
49.500000	2450.250000	0.351617
49.600000	2460.160000	0.346553
49.700000	2470.090000	0.341878
49.800000	2480.040000	0.337603
49.900000	2490.010000	0.333735
50.000000	2500.000000	0.330282
50.100000	2510.010000	0.327250
50.200000	2520.040000	0.324644
50.300000	2530.090000	0.322469
50.400000	2540.160000	0.320728
50.500000	2550.250000	0.319423
50.600000	2560.360000	0.318556
50.700000	2570.490000	0.318128
50.800000	2580.640000	0.318137
50.900000	2590.810000	0.318583
51.000000	2601.000000	0.319462
51.100000	2611.210000	0.320773
51.200000	2621.440000	0.322509
51.300000	2631.690000	0.324665
51.400000	2641.960000	0.327236
51.500000	2652.250000	0.330214
51.600000	2662.560000	0.333591
51.700000	2672.890000	0.337358
51.800000	2683.240000	0.341505
51.900000	2693.610000	0.346021
52.000000	2704.000000	0.350895
52.100000	2714.410000	0.356115
52.200000	2724.840000	0.361666
52.300000	2735.290000	0.367536
52.400000	2745.760000	0.373709
52.500000	2756.250000	0.380171
52.600000	2766.760000	0.386906
52.700000	2777.290000	0.393897
52.800000	2787.840000	0.401127
52.900000	2798.410000	0.408579
53.000000	2809.000000	0.416234
53.100000	2819.610000	0.424074
53.200000	2830.240000	0.432080
53.300000	2840.890000	0.440233
53.400000	2851.560000	0.448514
53.500000	2862.250000	0.456902
53.600000	2872.960000	0.465377
53.700000	2883.690000	0.473919
53.800000	2894.440000	0.482509
53.900000	2905.210000	0.491124
54.000000	2916.000000	0.499745
54.100000	2926.810000	0.508352
54.200000	2937.640000	0.516923
54.300000	2948.490000	0.525438
54.400000	2959.360000	0.533877
54.500000	2970.250000	0.542221
54.600000	2981.160000	0.550449
54.700000	2992.090000	0.558541
54.800000	3003.040000	0.566478
54.900000	3014.010000	0.574242
55.000000	3025.000000	0.581814
55.100000	3036.010000	0.589176
55.200000	3047.040000	0.596310
55.300000	3058.090000	0.603199
55.400000	3069.160000	0.609827
55.500000	3080.250000	0.616178
55.600000	3091.360000	0.622237
55.700000	3102.490000	0.627988
55.800000	3113.640000	0.633418
55.900000	3124.810000	0.638515
56.000000	3136.000000	0.643264
56.100000	3147.210000	0.647656
56.200000	3158.440000	0.651678
56.300000	3169.690000	0.655321
56.400000	3180.960000	0.658576
56.500000	3192.250000	0.661435
56.600000	3203.560000	0.663889
56.700000	3214.890000	0.665933
56.800000	3226.240000	0.667561
56.900000	3237.610000	0.668768
57.000000	3249.000000	0.669550
57.100000	3260.410000	0.669906
57.200000	3271.840000	0.669832
57.300000	3283.290000	0.669329
57.400000	3294.760000	0.668395
57.500000	3306.250000	0.667033
57.600000	3317.760000	0.665245
57.700000	3329.290000	0.663033
57.800000	3340.840000	0.660401
57.900000	3352.410000	0.657354
58.000000	3364.000000	0.653898
58.100000	3375.610000	0.650039
58.200000	3387.240000	0.645785
58.300000	3398.890000	0.641145
58.400000	3410.560000	0.636128
58.500000	3422.250000	0.630743
58.600000	3433.960000	0.625002
58.700000	3445.690000	0.618917
58.800000	3457.440000	0.612499
58.900000	3469.210000	0.605763
59.000000	3481.000000	0.598722
59.100000	3492.810000	0.591390
59.200000	3504.640000	0.583783
59.300000	3516.490000	0.575916
59.400000	3528.360000	0.567807
59.500000	3540.250000	0.559471
59.600000	3552.160000	0.550926
59.700000	3564.090000	0.542190
59.800000	3576.040000	0.533281
59.900000	3588.010000	0.524218
60.000000	3600.000000	0.515019
60.100000	3612.010000	0.505704
60.200000	3624.040000	0.496293
60.300000	3636.090000	0.486804
60.400000	3648.160000	0.477258
60.500000	3660.250000	0.467674
60.600000	3672.360000	0.458073
60.700000	3684.490000	0.448474
60.800000	3696.640000	0.438897
60.900000	3708.810000	0.429363
61.000000	3721.000000	0.419890
61.100000	3733.210000	0.410499
61.200000	3745.440000	0.401209
61.300000	3757.690000	0.392039
61.400000	3769.960000	0.383008
61.500000	3782.250000	0.374134
61.600000	3794.560000	0.365435
61.700000	3806.890000	0.356930
61.800000	3819.240000	0.348636
61.900000	3831.610000	0.340568
62.000000	3844.000000	0.332745
62.100000	3856.410000	0.325180
62.200000	3868.840000	0.317890
62.300000	3881.290000	0.310889
62.400000	3893.760000	0.304191
62.500000	3906.250000	0.297808
62.600000	3918.760000	0.291753
62.700000	3931.290000	0.286038
62.800000	3943.840000	0.280674
62.900000	3956.410000	0.275670
63.000000	3969.000000	0.271037
63.100000	3981.610000	0.266782
63.200000	3994.240000	0.262912
63.300000	4006.890000	0.259436
63.400000	4019.560000	0.256357
63.500000	4032.250000	0.253682
63.600000	4044.960000	0.251414
63.700000	4057.690000	0.249557
63.800000	4070.440000	0.248112
63.900000	4083.210000	0.247080
64.000000	4096.000000	0.246462
64.100000	4108.810000	0.246258
64.200000	4121.640000	0.246465
64.300000	4134.490000	0.247082
64.400000	4147.360000	0.248104
64.500000	4160.250000	0.249527
64.600000	4173.160000	0.251347
64.700000	4186.090000	0.253557
64.800000	4199.040000	0.256149
64.900000	4212.010000	0.259117
65.000000	4225.000000	0.262452
65.100000	4238.010000	0.266143
65.200000	4251.040000	0.270181
65.300000	4264.090000	0.274555
65.400000	4277.160000	0.279253
65.500000	4290.250000	0.284262
65.600000	4303.360000	0.289569
65.700000	4316.490000	0.295161
65.800000	4329.640000	0.301022
65.900000	4342.810000	0.307138
66.000000	4356.000000	0.313494
66.100000	4369.210000	0.320072
66.200000	4382.440000	0.326856
66.300000	4395.690000	0.333829
66.400000	4408.960000	0.340974
66.500000	4422.250000	0.348273
66.600000	4435.560000	0.355707
66.700000	4448.890000	0.363259
66.800000	4462.240000	0.370909
66.900000	4475.610000	0.378638
67.000000	4489.000000	0.386427
67.100000	4502.410000	0.394257
67.200000	4515.840000	0.402109
67.300000	4529.290000	0.409963
67.400000	4542.760000	0.417801
67.500000	4556.250000	0.425602
67.600000	4569.760000	0.433348
67.700000	4583.290000	0.441019
67.800000	4596.840000	0.448597
67.900000	4610.410000	0.456063
68.000000	4624.000000	0.463399
68.100000	4637.610000	0.470587
68.200000	4651.240000	0.477609
68.300000	4664.890000	0.484447
68.400000	4678.560000	0.491086
68.500000	4692.250000	0.497508
68.600000	4705.960000	0.503697
68.700000	4719.690000	0.509639
68.800000	4733.440000	0.515318
68.900000	4747.210000	0.520721
69.000000	4761.000000	0.525833
69.100000	4774.810000	0.530642
69.200000	4788.640000	0.535136
69.300000	4802.490000	0.539303
69.400000	4816.360000	0.543132
69.500000	4830.250000	0.546614
69.600000	4844.160000	0.549739
69.700000	4858.090000	0.552500
69.800000	4872.040000	0.554887
69.900000	4886.010000	0.556896
70.000000	4900.000000	0.558520
70.100000	4914.010000	0.559754
70.200000	4928.040000	0.560594
70.300000	4942.090000	0.561037
70.400000	4956.160000	0.561080
70.500000	4970.250000	0.560724
70.600000	4984.360000	0.559965
70.700000	4998.490000	0.558807
70.800000	5012.640000	0.557249
70.900000	5026.810000	0.555294
71.000000	5041.000000	0.552946
71.100000	5055.210000	0.550208
71.200000	5069.440000	0.547085
71.300000	5083.690000	0.543583
71.400000	5097.960000	0.539709
71.500000	5112.250000	0.535470
71.600000	5126.560000	0.530874
71.700000	5140.890000	0.525931
71.800000	5155.240000	0.520651
71.900000	5169.610000	0.515044
72.000000	5184.000000	0.509122
72.100000	5198.410000	0.502897
72.200000	5212.840000	0.496381
72.300000	5227.290000	0.489588
72.400000	5241.760000	0.482532
72.500000	5256.250000	0.475228
72.600000	5270.760000	0.467691
72.700000	5285.290000	0.459936
72.800000	5299.840000	0.451980
72.900000	5314.410000	0.443840
73.000000	5329.000000	0.435532
73.100000	5343.610000	0.427074
73.200000	5358.240000	0.418484
73.300000	5372.890000	0.409780
73.400000	5387.560000	0.400980
73.500000	5402.250000	0.392103
73.600000	5416.960000	0.383167
73.700000	5431.690000	0.374192
73.800000	5446.440000	0.365195
73.900000	5461.210000	0.356196
74.000000	5476.000000	0.347215
74.100000	5490.810000	0.338270
74.200000	5505.640000	0.329379
74.300000	5520.490000	0.320562
74.400000	5535.360000	0.311837
74.500000	5550.250000	0.303222
74.600000	5565.160000	0.294735
74.700000	5580.090000	0.286395
74.800000	5595.040000	0.278219
74.900000	5610.010000	0.270223
75.000000	5625.000000	0.262424
75.100000	5640.010000	0.254839
75.200000	5655.040000	0.247483
75.300000	5670.090000	0.240372
75.400000	5685.160000	0.233521
75.500000	5700.250000	0.226942
75.600000	5715.360000	0.220651
75.700000	5730.490000	0.214658
75.800000	5745.640000	0.208978
75.900000	5760.810000	0.203621
76.000000	5776.000000	0.198598
76.100000	5791.210000	0.193919
76.200000	5806.440000	0.189593
76.300000	5821.690000	0.185629
76.400000	5836.960000	0.182034
76.500000	5852.250000	0.178815
76.600000	5867.560000	0.175978
76.700000	5882.890000	0.173528
76.800000	5898.240000	0.171469
76.900000	5913.610000	0.169805
77.000000	5929.000000	0.168538
77.100000	5944.410000	0.167669
77.200000	5959.840000	0.167200
77.300000	5975.290000	0.167131
77.400000	5990.760000	0.167459
77.500000	6006.250000	0.168184
77.600000	6021.760000	0.169302
77.700000	6037.290000	0.170810
77.800000	6052.840000	0.172703
77.900000	6068.410000	0.174975
78.000000	6084.000000	0.177621
78.100000	6099.610000	0.180633
78.200000	6115.240000	0.184003
78.300000	6130.890000	0.187723
78.400000	6146.560000	0.191783
78.500000	6162.250000	0.196173
78.600000	6177.960000	0.200882
78.700000	6193.690000	0.205898
78.800000	6209.440000	0.211210
78.900000	6225.210000	0.216803
79.000000	6241.000000	0.222665
79.100000	6256.810000	0.228781
79.200000	6272.640000	0.235136
79.300000	6288.490000	0.241715
79.400000	6304.360000	0.248503
79.500000	6320.250000	0.255483
79.600000	6336.160000	0.262639
79.700000	6352.090000	0.269953
79.800000	6368.040000	0.277409
79.900000	6384.010000	0.284988
80.000000	6400.000000	0.292672
80.100000	6416.010000	0.300444
80.200000	6432.040000	0.308286
80.300000	6448.090000	0.316178
80.400000	6464.160000	0.324103
80.500000	6480.250000	0.332041
80.600000	6496.360000	0.339974
80.700000	6512.490000	0.347883
80.800000	6528.640000	0.355750
80.900000	6544.810000	0.363557
81.000000	6561.000000	0.371285
81.100000	6577.210000	0.378916
81.200000	6593.440000	0.386432
81.300000	6609.690000	0.393816
81.400000	6625.960000	0.401050
81.500000	6642.250000	0.408118
81.600000	6658.560000	0.415003
81.700000	6674.890000	0.421688
81.800000	6691.240000	0.428159
81.900000	6707.610000	0.434399
82.000000	6724.000000	0.440395
82.100000	6740.410000	0.446133
82.200000	6756.840000	0.451598
82.300000	6773.290000	0.456778
82.400000	6789.760000	0.461661
82.500000	6806.250000	0.466235
82.600000	6822.760000	0.470489
82.700000	6839.290000	0.474414
82.800000	6855.840000	0.477999
82.900000	6872.410000	0.481237
83.000000	6889.000000	0.484118
83.100000	6905.610000	0.486638
83.200000	6922.240000	0.488788
83.300000	6938.890000	0.490564
83.400000	6955.560000	0.491962
83.500000	6972.250000	0.492977
83.600000	6988.960000	0.493606
83.700000	7005.690000	0.493848
83.800000	7022.440000	0.493702
83.900000	7039.210000	0.493167
84.000000	7056.000000	0.492244
84.100000	7072.810000	0.490935
84.200000	7089.640000	0.489242
84.300000	7106.490000	0.487167
84.400000	7123.360000	0.484715
84.500000	7140.250000	0.481892
84.600000	7157.160000	0.478702
84.700000	7174.090000	0.475153
84.800000	7191.040000	0.471251
84.900000	7208.010000	0.467004
85.000000	7225.000000	0.462422
85.100000	7242.010000	0.457514
85.200000	7259.040000	0.452291
85.300000	7276.090000	0.446763
85.400000	7293.160000	0.440943
85.500000	7310.250000	0.434841
85.600000	7327.360000	0.428473
85.700000	7344.490000	0.421850
85.800000	7361.640000	0.414987
85.900000	7378.810000	0.407898
86.000000	7396.000000	0.400600
86.100000	7413.210000	0.393106
86.200000	7430.440000	0.385434
86.300000	7447.690000	0.377599
86.400000	7464.960000	0.369619
86.500000	7482.250000	0.361509
86.600000	7499.560000	0.353288
86.700000	7516.890000	0.344972
86.800000	7534.240000	0.336580
86.900000	7551.610000	0.328130
87.000000	7569.000000	0.319638
87.100000	7586.410000	0.311124
87.200000	7603.840000	0.302605
87.300000	7621.290000	0.294099
87.400000	7638.760000	0.285624
87.500000	7656.250000	0.277198
87.600000	7673.760000	0.268839
87.700000	7691.290000	0.260564
87.800000	7708.840000	0.252390
87.900000	7726.410000	0.244335
88.000000	7744.000000	0.236416
88.100000	7761.610000	0.228648
88.200000	7779.240000	0.221048
88.300000	7796.890000	0.213631
88.400000	7814.560000	0.206413
88.500000	7832.250000	0.199409
88.600000	7849.960000	0.192633
88.700000	7867.690000	0.186098
88.800000	7885.440000	0.179817
88.900000	7903.210000	0.173804
89.000000	7921.000000	0.168070
89.100000	7938.810000	0.162626
89.200000	7956.640000	0.157484
89.300000	7974.490000	0.152652
89.400000	7992.360000	0.148140
89.500000	8010.250000	0.143957
89.600000	8028.160000	0.140110
89.700000	8046.090000	0.136607
89.800000	8064.040000	0.133452
89.900000	8082.010000	0.130652
90.000000	8100.000000	0.128212
90.100000	8118.010000	0.126134
90.200000	8136.040000	0.124421
90.300000	8154.090000	0.123076
90.400000	8172.160000	0.122100
90.500000	8190.250000	0.121493
90.600000	8208.360000	0.121254
90.700000	8226.490000	0.121383
90.800000	8244.640000	0.121876
90.900000	8262.810000	0.122731
91.000000	8281.000000	0.123945
91.100000	8299.210000	0.125511
91.200000	8317.440000	0.127425
91.300000	8335.690000	0.129681
91.400000	8353.960000	0.132272
91.500000	8372.250000	0.135188
91.600000	8390.560000	0.138423
91.700000	8408.890000	0.141967
91.800000	8427.240000	0.145809
91.900000	8445.610000	0.149939
92.000000	8464.000000	0.154346
92.100000	8482.410000	0.159018
92.200000	8500.840000	0.163942
92.300000	8519.290000	0.169105
92.400000	8537.760000	0.174493
92.500000	8556.250000	0.180093
92.600000	8574.760000	0.185889
92.700000	8593.290000	0.191866
92.800000	8611.840000	0.198010
92.900000	8630.410000	0.204303
93.000000	8649.000000	0.210730
93.100000	8667.610000	0.217275
93.200000	8686.240000	0.223920
93.300000	8704.890000	0.230649
93.400000	8723.560000	0.237444
93.500000	8742.250000	0.244288
93.600000	8760.960000	0.251164
93.700000	8779.690000	0.258053
93.800000	8798.440000	0.264940
93.900000	8817.210000	0.271805
94.000000	8836.000000	0.278632
94.100000	8854.810000	0.285403
94.200000	8873.640000	0.292100
94.300000	8892.490000	0.298708
94.400000	8911.360000	0.305209
94.500000	8930.250000	0.311585
94.600000	8949.160000	0.317822
94.700000	8968.090000	0.323903
94.800000	8987.040000	0.329813
94.900000	9006.010000	0.335535
95.000000	9025.000000	0.341056
95.100000	9044.010000	0.346360
95.200000	9063.040000	0.351435
95.300000	9082.090000	0.356266
95.400000	9101.160000	0.360841
95.500000	9120.250000	0.365148
95.600000	9139.360000	0.369175
95.700000	9158.490000	0.372911
95.800000	9177.640000	0.376346
95.900000	9196.810000	0.379470
96.000000	9216.000000	0.382275
96.100000	9235.210000	0.384752
96.200000	9254.440000	0.386894
96.300000	9273.690000	0.388694
96.400000	9292.960000	0.390146
96.500000	9312.250000	0.391246
96.600000	9331.560000	0.391988
96.700000	9350.890000	0.392370
96.800000	9370.240000	0.392388
96.900000	9389.610000	0.392042
97.000000	9409.000000	0.391330
97.100000	9428.410000	0.390251
97.200000	9447.840000	0.388807
97.300000	9467.290000	0.386999
97.400000	9486.760000	0.384829
97.500000	9506.250000	0.382301
97.600000	9525.760000	0.379419
97.700000	9545.290000	0.376186
97.800000	9564.840000	0.372609
97.900000	9584.410000	0.368695
98.000000	9604.000000	0.364450
98.100000	9623.610000	0.359881
98.200000	9643.240000	0.354999
98.300000	9662.890000	0.349812
98.400000	9682.560000	0.344329
98.500000	9702.250000	0.338562
98.600000	9721.960000	0.332522
98.700000	9741.690000	0.326222
98.800000	9761.440000	0.319672
98.900000	9781.210000	0.312887
99.000000	9801.000000	0.305880
99.100000	9820.810000	0.298666
99.200000	9840.640000	0.291258
99.300000	9860.490000	0.283673
99.400000	9880.360000	0.275924
99.500000	9900.250000	0.268029
99.600000	9920.160000	0.260003
99.700000	9940.090000	0.251863
99.800000	9960.040000	0.243625
99.900000	9980.010000	0.235306
100.000000	10000.000000	0.226924
100.100000	10020.010000	0.218496
100.200000	10040.040000	0.210038
100.300000	10060.090000	0.201569
100.400000	10080.160000	0.193106
100.500000	10100.250000	0.184666
100.600000	10120.360000	0.176267
100.700000	10140.490000	0.167925
100.800000	10160.640000	0.159659
100.900000	10180.810000	0.151485
101.000000	10201.000000	0.143420
101.100000	10221.210000	0.135480
101.200000	10241.440000	0.127682
101.300000	10261.690000	0.120041
101.400000	10281.960000	0.112573
101.500000	10302.250000	0.105294
101.600000	10322.560000	0.098218
101.700000	10342.890000	0.091360
101.800000	10363.240000	0.084732
101.900000	10383.610000	0.078349
102.000000	10404.000000	0.072224
102.100000	10424.410000	0.066367
102.200000	10444.840000	0.060792
102.300000	10465.290000	0.055509
102.400000	10485.760000	0.050528
102.500000	10506.250000	0.045859
102.600000	10526.760000	0.041510
102.700000	10547.290000	0.037491
102.800000	10567.840000	0.033807
102.900000	10588.410000	0.030467
103.000000	10609.000000	0.027475
103.100000	10629.610000	0.024838
103.200000	10650.240000	0.022558
103.300000	10670.890000	0.020641
103.400000	10691.560000	0.019088
103.500000	10712.250000	0.017902
103.600000	10732.960000	0.017083
103.700000	10753.690000	0.016631
103.800000	10774.440000	0.016547
103.900000	10795.210000	0.016829
104.000000	10816.000000	0.017474
104.100000	10836.810000	0.018480
104.200000	10857.640000	0.019842
104.300000	10878.490000	0.021556
104.400000	10899.360000	0.023617
104.500000	10920.250000	0.026018
104.600000	10941.160000	0.028752
104.700000	10962.090000	0.031812
104.800000	10983.040000	0.035189
104.900000	11004.010000	0.038875
105.000000	11025.000000	0.042858
105.100000	11046.010000	0.047129
105.200000	11067.040000	0.051677
105.300000	11088.090000	0.056490
105.400000	11109.160000	0.061555
105.500000	11130.250000	0.066860
105.600000	11151.360000	0.072390
105.700000	11172.490000	0.078133
105.800000	11193.640000	0.084074
105.900000	11214.810000	0.090198
106.000000	11236.000000	0.096489
106.100000	11257.210000	0.102933
106.200000	11278.440000	0.109513
106.300000	11299.690000	0.116212
106.400000	11320.960000	0.123016
106.500000	11342.250000	0.129906
106.600000	11363.560000	0.136865
106.700000	11384.890000	0.143878
106.800000	11406.240000	0.150926
106.900000	11427.610000	0.157993
107.000000	11449.000000	0.165061
107.100000	11470.410000	0.172113
107.200000	11491.840000	0.179131
107.300000	11513.290000	0.186100
107.400000	11534.760000	0.193001
107.500000	11556.250000	0.199818
107.600000	11577.760000	0.206534
107.700000	11599.290000	0.213134
107.800000	11620.840000	0.219601
107.900000	11642.410000	0.225919
108.000000	11664.000000	0.232072
108.100000	11685.610000	0.238047
108.200000	11707.240000	0.243827
108.300000	11728.890000	0.249400
108.400000	11750.560000	0.254751
108.500000	11772.250000	0.259868
108.600000	11793.960000	0.264737
108.700000	11815.690000	0.269347
108.800000	11837.440000	0.273687
108.900000	11859.210000	0.277745
109.000000	11881.000000	0.281511
109.100000	11902.810000	0.284976
109.200000	11924.640000	0.288132
109.300000	11946.490000	0.290969
109.400000	11968.360000	0.293482
109.500000	11990.250000	0.295663
109.600000	12012.160000	0.297506
109.700000	12034.090000	0.299007
109.800000	12056.040000	0.300161
109.900000	12078.010000	0.300965
110.000000	12100.000000	0.301416
110.100000	12122.010000	0.301513
110.200000	12144.040000	0.301254
110.300000	12166.090000	0.300640
110.400000	12188.160000	0.299670
110.500000	12210.250000	0.298347
110.600000	12232.360000	0.296673
110.700000	12254.490000	0.294651
110.800000	12276.640000	0.292285
110.900000	12298.810000	0.289579
111.000000	12321.000000	0.286539
111.100000	12343.210000	0.283172
111.200000	12365.440000	0.279483
111.300000	12387.690000	0.275482
111.400000	12409.960000	0.271176
111.500000	12432.250000	0.266575
111.600000	12454.560000	0.261689
111.700000	12476.890000	0.256528
111.800000	12499.240000	0.251103
111.900000	12521.610000	0.245426
112.000000	12544.000000	0.239509
112.100000	12566.410000	0.233366
112.200000	12588.840000	0.227009
112.300000	12611.290000	0.220454
112.400000	12633.760000	0.213713
112.500000	12656.250000	0.206802
112.600000	12678.760000	0.199737
112.700000	12701.290000	0.192532
112.800000	12723.840000	0.185204
112.900000	12746.410000	0.177768
113.000000	12769.000000	0.170242
113.100000	12791.610000	0.162642
113.200000	12814.240000	0.154986
113.300000	12836.890000	0.147289
113.400000	12859.560000	0.139569
113.500000	12882.250000	0.131843
113.600000	12904.960000	0.124128
113.700000	12927.690000	0.116443
113.800000	12950.440000	0.108803
113.900000	12973.210000	0.101225
114.000000	12996.000000	0.093728
114.100000	13018.810000	0.086326
114.200000	13041.640000	0.079038
114.300000	13064.490000	0.071879
114.400000	13087.360000	0.064865
114.500000	13110.250000	0.058011
114.600000	13133.160000	0.051334
114.700000	13156.090000	0.044848
114.800000	13179.040000	0.038568
114.900000	13202.010000	0.032507
115.000000	13225.000000	0.026679
115.100000	13248.010000	0.021097
115.200000	13271.040000	0.015774
115.300000	13294.090000	0.010722
115.400000	13317.160000	0.005951
115.500000	13340.250000	0.001473
115.600000	13363.360000	-0.002703
115.700000	13386.490000	-0.006566
115.800000	13409.640000	-0.010110
115.900000	13432.810000	-0.013325
116.000000	13456.000000	-0.016205
116.100000	13479.210000	-0.018743
116.200000	13502.440000	-0.020933
116.300000	13525.690000	-0.022771
116.400000	13548.960000	-0.024253
116.500000	13572.250000	-0.025375
116.600000	13595.560000	-0.026136
116.700000	13618.890000	-0.026532
116.800000	13642.240000	-0.026565
116.900000	13665.610000	-0.026233
117.000000	13689.000000	-0.025537
117.100000	13712.410000	-0.024481
117.200000	13735.840000	-0.023064
117.300000	13759.290000	-0.021293
117.400000	13782.760000	-0.019169
117.500000	13806.250000	-0.016699
117.600000	13829.760000	-0.013887
117.700000	13853.290000	-0.010742
117.800000	13876.840000	-0.007269
117.900000	13900.410000	-0.003477
118.000000	13924.000000	0.000626
118.100000	13947.610000	0.005029
118.200000	13971.240000	0.009723
118.300000	13994.890000	0.014697
118.400000	14018.560000	0.019939
118.500000	14042.250000	0.025438
118.600000	14065.960000	0.031180
118.700000	14089.690000	0.037153
118.800000	14113.440000	0.043343
118.900000	14137.210000	0.049735
119.000000	14161.000000	0.056314
119.100000	14184.810000	0.063066
119.200000	14208.640000	0.069975
119.300000	14232.490000	0.077025
119.400000	14256.360000	0.084200
119.500000	14280.250000	0.091483
119.600000	14304.160000	0.098857
119.700000	14328.090000	0.106306
119.800000	14352.040000	0.113812
119.900000	14376.010000	0.121357
120.000000	14400.000000	0.128925
120.100000	14424.010000	0.136497
120.200000	14448.040000	0.144057
120.300000	14472.090000	0.151586
120.400000	14496.160000	0.159067
120.500000	14520.250000	0.166483
120.600000	14544.360000	0.173817
120.700000	14568.490000	0.181051
120.800000	14592.640000	0.188168
120.900000	14616.810000	0.195153
121.000000	14641.000000	0.201988
121.100000	14665.210000	0.208658
121.200000	14689.440000	0.215147
121.300000	14713.690000	0.221439
121.400000	14737.960000	0.227521
121.500000	14762.250000	0.233376
121.600000	14786.560000	0.238993
121.700000	14810.890000	0.244357
121.800000	14835.240000	0.249456
121.900000	14859.610000	0.254277
122.000000	14884.000000	0.258809
122.100000	14908.410000	0.263042
122.200000	14932.840000	0.266964
122.300000	14957.290000	0.270566
122.400000	14981.760000	0.273839
122.500000	15006.250000	0.276776
122.600000	15030.760000	0.279369
122.700000	15055.290000	0.281611
122.800000	15079.840000	0.283497
122.900000	15104.410000	0.285021
123.000000	15129.000000	0.286180
123.100000	15153.610000	0.286970
123.200000	15178.240000	0.287388
123.300000	15202.890000	0.287433
123.400000	15227.560000	0.287105
123.500000	15252.250000	0.286402
123.600000	15276.960000	0.285326
123.700000	15301.690000	0.283878
123.800000	15326.440000	0.282062
123.900000	15351.210000	0.279880
124.000000	15376.000000	0.277336
124.100000	15400.810000	0.274436
124.200000	15425.640000	0.271186
124.300000	15450.490000	0.267591
124.400000	15475.360000	0.263660
124.500000	15500.250000	0.259400
124.600000	15525.160000	0.254821
124.700000	15550.090000	0.249932
124.800000	15575.040000	0.244743
124.900000	15600.010000	0.239266
125.000000	15625.000000	0.233511
125.100000	15650.010000	0.227492
125.200000	15675.040000	0.221221
125.300000	15700.090000	0.214712
125.400000	15725.160000	0.207979
125.500000	15750.250000	0.201037
125.600000	15775.360000	0.193900
125.700000	15800.490000	0.186583
125.800000	15825.640000	0.179104
125.900000	15850.810000	0.171478
126.000000	15876.000000	0.163721
126.100000	15901.210000	0.155852
126.200000	15926.440000	0.147887
126.300000	15951.690000	0.139843
126.400000	15976.960000	0.131738
126.500000	16002.250000	0.123590
126.600000	16027.560000	0.115417
126.700000	16052.890000	0.107237
126.800000	16078.240000	0.099068
126.900000	16103.610000	0.090927
127.000000	16129.000000	0.082834
127.100000	16154.410000	0.074806
127.200000	16179.840000	0.066860
127.300000	16205.290000	0.059014
127.400000	16230.760000	0.051286
127.500000	16256.250000	0.043693
127.600000	16281.760000	0.036251
127.700000	16307.290000	0.028977
127.800000	16332.840000	0.021888
127.900000	16358.410000	0.014999
128.000000	16384.000000	0.008325
128.100000	16409.610000	0.001882
128.200000	16435.240000	-0.004317
128.300000	16460.890000	-0.010257
128.400000	16486.560000	-0.015925
128.500000	16512.250000	-0.021309
128.600000	16537.960000	-0.026396
128.700000	16563.690000	-0.031175
128.800000	16589.440000	-0.035635
128.900000	16615.210000	-0.039766
129.000000	16641.000000	-0.043559
129.100000	16666.810000	-0.047006
129.200000	16692.640000	-0.050098
129.300000	16718.490000	-0.052828
129.400000	16744.360000	-0.055191
129.500000	16770.250000	-0.057180
129.600000	16796.160000	-0.058791
129.700000	16822.090000	-0.060021
129.800000	16848.040000	-0.060867
129.900000	16874.010000	-0.061326
130.000000	16900.000000	-0.061398
130.100000	16926.010000	-0.061082
130.200000	16952.040000	-0.060378
130.300000	16978.090000	-0.059288
130.400000	17004.160000	-0.057815
130.500000	17030.250000	-0.055961
130.600000	17056.360000	-0.053730
130.700000	17082.490000	-0.051128
130.800000	17108.640000	-0.048159
130.900000	17134.810000	-0.044831
131.000000	17161.000000	-0.041151
131.100000	17187.210000	-0.037126
131.200000	17213.440000	-0.032766
131.300000	17239.690000	-0.028081
131.400000	17265.960000	-0.023079
131.500000	17292.250000	-0.017774
131.600000	17318.560000	-0.012175
131.700000	17344.890000	-0.006297
131.800000	17371.240000	-0.000151
131.900000	17397.610000	0.006249
132.000000	17424.000000	0.012888
132.100000	17450.410000	0.019751
132.200000	17476.840000	0.026824
132.300000	17503.290000	0.034090
132.400000	17529.760000	0.041533
132.500000	17556.250000	0.049138
132.600000	17582.760000	0.056886
132.700000	17609.290000	0.064760
132.800000	17635.840000	0.072743
132.900000	17662.410000	0.080817
133.000000	17689.000000	0.088964
133.100000	17715.610000	0.097166
133.200000	17742.240000	0.105403
133.300000	17768.890000	0.113659
133.400000	17795.560000	0.121913
133.500000	17822.250000	0.130148
133.600000	17848.960000	0.138345
133.700000	17875.690000	0.146485
133.800000	17902.440000	0.154550
133.900000	17929.210000	0.162522
134.000000	17956.000000	0.170383
134.100000	17982.810000	0.178115
134.200000	18009.640000	0.185700
134.300000	18036.490000	0.193122
134.400000	18063.360000	0.200363
134.500000	18090.250000	0.207406
134.600000	18117.160000	0.214237
134.700000	18144.090000	0.220839
134.800000	18171.040000	0.227196
134.900000	18198.010000	0.233295
135.000000	18225.000000	0.239122
135.100000	18252.010000	0.244663
135.200000	18279.040000	0.249904
135.300000	18306.090000	0.254835
135.400000	18333.160000	0.259443
135.500000	18360.250000	0.263718
135.600000	18387.360000	0.267649
135.700000	18414.490000	0.271228
135.800000	18441.640000	0.274446
135.900000	18468.810000	0.277294
136.000000	18496.000000	0.279767
136.100000	18523.210000	0.281857
136.200000	18550.440000	0.283561
136.300000	18577.690000	0.284872
136.400000	18604.960000	0.285789
136.500000	18632.250000	0.286307
136.600000	18659.560000	0.286425
136.700000	18686.890000	0.286143
136.800000	18714.240000	0.285460
136.900000	18741.610000	0.284378
137.000000	18769.000000	0.282896
137.100000	18796.410000	0.281020
137.200000	18823.840000	0.278751
137.300000	18851.290000	0.276095
137.400000	18878.760000	0.273055
137.500000	18906.250000	0.269640
137.600000	18933.760000	0.265855
137.700000	18961.290000	0.261708
137.800000	18988.840000	0.257207
137.900000	19016.410000	0.252362
138.000000	19044.000000	0.247184
138.100000	19071.610000	0.241682
138.200000	19099.240000	0.235868
138.300000	19126.890000	0.229755
138.400000	19154.560000	0.223356
138.500000	19182.250000	0.216683
138.600000	19209.960000	0.209752
138.700000	19237.690000	0.202576
138.800000	19265.440000	0.195172
138.900000	19293.210000	0.187554
139.000000	19321.000000	0.179740
139.100000	19348.810000	0.171745
139.200000	19376.640000	0.163588
139.300000	19404.490000	0.155285
139.400000	19432.360000	0.146855
139.500000	19460.250000	0.138315
139.600000	19488.160000	0.129684
139.700000	19516.090000	0.120981
139.800000	19544.040000	0.112223
139.900000	19572.010000	0.103431
140.000000	19600.000000	0.094623
140.100000	19628.010000	0.085819
140.200000	19656.040000	0.077036
140.300000	19684.090000	0.068295
140.400000	19712.160000	0.059614
140.500000	19740.250000	0.051011
140.600000	19768.360000	0.042507
140.700000	19796.490000	0.034118
140.800000	19824.640000	0.025864
140.900000	19852.810000	0.017762
141.000000	19881.000000	0.009829
141.100000	19909.210000	0.002084
141.200000	19937.440000	-0.005458
141.300000	19965.690000	-0.012779
141.400000	19993.960000	-0.019864
141.500000	20022.250000	-0.026698
141.600000	20050.560000	-0.033265
141.700000	20078.890000	-0.039552
141.800000	20107.240000	-0.045544
141.900000	20135.610000	-0.051229
142.000000	20164.000000	-0.056594
142.100000	20192.410000	-0.061627
142.200000	20220.840000	-0.066318
142.300000	20249.290000	-0.070656
142.400000	20277.760000	-0.074632
142.500000	20306.250000	-0.078237
142.600000	20334.760000	-0.081463
142.700000	20363.290000	-0.084304
142.800000	20391.840000	-0.086753
142.900000	20420.410000	-0.088804
143.000000	20449.000000	-0.090454
143.100000	20477.610000	-0.091698
143.200000	20506.240000	-0.092535
143.300000	20534.890000	-0.092961
143.400000	20563.560000	-0.092977
143.500000	20592.250000	-0.092581
143.600000	20620.960000	-0.091776
143.700000	20649.690000	-0.090563
143.800000	20678.440000	-0.088944
143.900000	20707.210000	-0.086924
144.000000	20736.000000	-0.084505
144.100000	20764.810000	-0.081695
144.200000	20793.640000	-0.078499
144.300000	20822.490000	-0.074923
144.400000	20851.360000	-0.070977
144.500000	20880.250000	-0.066668
144.600000	20909.160000	-0.062006
144.700000	20938.090000	-0.057001
144.800000	20967.040000	-0.051664
144.900000	20996.010000	-0.046007
145.000000	21025.000000	-0.040042
145.100000	21054.010000	-0.033783
145.200000	21083.040000	-0.027242
145.300000	21112.090000	-0.020435
145.400000	21141.160000	-0.013377
145.500000	21170.250000	-0.006082
145.600000	21199.360000	0.001432
145.700000	21228.490000	0.009151
145.800000	21257.640000	0.017056
145.900000	21286.810000	0.025130
146.000000	21316.000000	0.033356
146.100000	21345.210000	0.041716
146.200000	21374.440000	0.050191
146.300000	21403.690000	0.058762
146.400000	21432.960000	0.067411
146.500000	21462.250000	0.076119
146.600000	21491.560000	0.084867
146.700000	21520.890000	0.093635
146.800000	21550.240000	0.102404
146.900000	21579.610000	0.111155
147.000000	21609.000000	0.119869
147.100000	21638.410000	0.128527
147.200000	21667.840000	0.137109
147.300000	21697.290000	0.145597
147.400000	21726.760000	0.153971
147.500000	21756.250000	0.162215
147.600000	21785.760000	0.170309
147.700000	21815.290000	0.178235
147.800000	21844.840000	0.185977
147.900000	21874.410000	0.193518
148.000000	21904.000000	0.200840
148.100000	21933.610000	0.207927
148.200000	21963.240000	0.214765
148.300000	21992.890000	0.221337
148.400000	22022.560000	0.227630
148.500000	22052.250000	0.233630
148.600000	22081.960000	0.239324
148.700000	22111.690000	0.244698
148.800000	22141.440000	0.249741
148.900000	22171.210000	0.254443
149.000000	22201.000000	0.258792
149.100000	22230.810000	0.262779
149.200000	22260.640000	0.266395
149.300000	22290.490000	0.269633
149.400000	22320.360000	0.272484
149.500000	22350.250000	0.274944
149.600000	22380.160000	0.277006
149.700000	22410.090000	0.278666
149.800000	22440.040000	0.279920
149.900000	22470.010000	0.280765
150.000000	22500.000000	0.281200
150.100000	22530.010000	0.281223
150.200000	22560.040000	0.280834
150.300000	22590.090000	0.280035
150.400000	22620.160000	0.278826
150.500000	22650.250000	0.277211
150.600000	22680.360000	0.275192
150.700000	22710.490000	0.272775
150.800000	22740.640000	0.269964
150.900000	22770.810000	0.266766
151.000000	22801.000000	0.263187
151.100000	22831.210000	0.259236
151.200000	22861.440000	0.254920
151.300000	22891.690000	0.250250
151.400000	22921.960000	0.245235
151.500000	22952.250000	0.239886
151.600000	22982.560000	0.234216
151.700000	23012.890000	0.228236
151.800000	23043.240000	0.221959
151.900000	23073.610000	0.215399
152.000000	23104.000000	0.208570
152.100000	23134.410000	0.201488
152.200000	23164.840000	0.194167
152.300000	23195.290000	0.186624
152.400000	23225.760000	0.178874
152.500000	23256.250000	0.170936
152.600000	23286.760000	0.162826
152.700000	23317.290000	0.154561
152.800000	23347.840000	0.146160
152.900000	23378.410000	0.137641
153.000000	23409.000000	0.129023
153.100000	23439.610000	0.120324
153.200000	23470.240000	0.111564
153.300000	23500.890000	0.102760
153.400000	23531.560000	0.093933
153.500000	23562.250000	0.085102
153.600000	23592.960000	0.076285
153.700000	23623.690000	0.067503
153.800000	23654.440000	0.058773
153.900000	23685.210000	0.050115
154.000000	23716.000000	0.041548
154.100000	23746.810000	0.033090
154.200000	23777.640000	0.024759
154.300000	23808.490000	0.016575
154.400000	23839.360000	0.008553
154.500000	23870.250000	0.000712
154.600000	23901.160000	-0.006931
154.700000	23932.090000	-0.014360
154.800000	23963.040000	-0.021560
154.900000	23994.010000	-0.028513
155.000000	24025.000000	-0.035206
155.100000	24056.010000	-0.041624
155.200000	24087.040000	-0.047754
155.300000	24118.090000	-0.053581
155.400000	24149.160000	-0.059094
155.500000	24180.250000	-0.064281
155.600000	24211.360000	-0.069131
155.700000	24242.490000	-0.073634
155.800000	24273.640000	-0.077779
155.900000	24304.810000	-0.081559
156.000000	24336.000000	-0.084965
156.100000	24367.210000	-0.087991
156.200000	24398.440000	-0.090629
156.300000	24429.690000	-0.092875
156.400000	24460.960000	-0.094723
156.500000	24492.250000	-0.096171
156.600000	24523.560000	-0.097216
156.700000	24554.890000	-0.097855
156.800000	24586.240000	-0.098087
156.900000	24617.610000	-0.097913
157.000000	24649.000000	-0.097333
157.100000	24680.410000	-0.096349
157.200000	24711.840000	-0.094964
157.300000	24743.290000	-0.093180
157.400000	24774.760000	-0.091002
157.500000	24806.250000	-0.088435
157.600000	24837.760000	-0.085485
157.700000	24869.290000	-0.082160
157.800000	24900.840000	-0.078466
157.900000	24932.410000	-0.074413
158.000000	24964.000000	-0.070009
158.100000	24995.610000	-0.065264
158.200000	25027.240000	-0.060190
158.300000	25058.890000	-0.054797
158.400000	25090.560000	-0.049098
158.500000	25122.250000	-0.043106
158.600000	25153.960000	-0.036834
158.700000	25185.690000	-0.030297
158.800000	25217.440000	-0.023508
158.900000	25249.210000	-0.016484
159.000000	25281.000000	-0.009239
159.100000	25312.810000	-0.001791
159.200000	25344.640000	0.005845
159.300000	25376.490000	0.013652
159.400000	25408.360000	0.021611
159.500000	25440.250000	0.029706
159.600000	25472.160000	0.037918
159.700000	25504.090000	0.046229
159.800000	25536.040000	0.054620
159.900000	25568.010000	0.063074
160.000000	25600.000000	0.071571
160.100000	25632.010000	0.080093
160.200000	25664.040000	0.088620
160.300000	25696.090000	0.097134
160.400000	25728.160000	0.105617
160.500000	25760.250000	0.114048
160.600000	25792.360000	0.122411
160.700000	25824.490000	0.130686
160.800000	25856.640000	0.138855
160.900000	25888.810000	0.146901
161.000000	25921.000000	0.154805
161.100000	25953.210000	0.162550
161.200000	25985.440000	0.170120
161.300000	26017.690000	0.177497
161.400000	26049.960000	0.184666
161.500000	26082.250000	0.191611
161.600000	26114.560000	0.198317
161.700000	26146.890000	0.204769
161.800000	26179.240000	0.210954
161.900000	26211.610000	0.216857
162.000000	26244.000000	0.222466
162.100000	26276.410000	0.227770
162.200000	26308.840000	0.232755
162.300000	26341.290000	0.237413
162.400000	26373.760000	0.241732
162.500000	26406.250000	0.245704
162.600000	26438.760000	0.249320
162.700000	26471.290000	0.252572
162.800000	26503.840000	0.255454
162.900000	26536.410000	0.257960
163.000000	26569.000000	0.260084
163.100000	26601.610000	0.261822
163.200000	26634.240000	0.263171
163.300000	26666.890000	0.264128
163.400000	26699.560000	0.264691
163.500000	26732.250000	0.264860
163.600000	26764.960000	0.264634
163.700000	26797.690000	0.264015
163.800000	26830.440000	0.263004
163.900000	26863.210000	0.261603
164.000000	26896.000000	0.259817
164.100000	26928.810000	0.257649
164.200000	26961.640000	0.255106
164.300000	26994.490000	0.252192
164.400000	27027.360000	0.248915
164.500000	27060.250000	0.245282
164.600000	27093.160000	0.241302
164.700000	27126.090000	0.236983
164.800000	27159.040000	0.232337
164.900000	27192.010000	0.227373
165.000000	27225.000000	0.222102
165.100000	27258.010000	0.216538
165.200000	27291.040000	0.210692
165.300000	27324.090000	0.204577
165.400000	27357.160000	0.198208
165.500000	27390.250000	0.191599
165.600000	27423.360000	0.184764
165.700000	27456.490000	0.177720
165.800000	27489.640000	0.170481
165.900000	27522.810000	0.163065
166.000000	27556.000000	0.155487
166.100000	27589.210000	0.147765
166.200000	27622.440000	0.139916
166.300000	27655.690000	0.131957
166.400000	27688.960000	0.123907
166.500000	27722.250000	0.115782
166.600000	27755.560000	0.107602
166.700000	27788.890000	0.099384
166.800000	27822.240000	0.091146
166.900000	27855.610000	0.082907
167.000000	27889.000000	0.074685
167.100000	27922.410000	0.066498
167.200000	27955.840000	0.058365
167.300000	27989.290000	0.050302
167.400000	28022.760000	0.042327
167.500000	28056.250000	0.034459
167.600000	28089.760000	0.026714
167.700000	28123.290000	0.019110
167.800000	28156.840000	0.011662
167.900000	28190.410000	0.004387
168.000000	28224.000000	-0.002698
168.100000	28257.610000	-0.009580
168.200000	28291.240000	-0.016243
168.300000	28324.890000	-0.022673
168.400000	28358.560000	-0.028855
168.500000	28392.250000	-0.034778
168.600000	28425.960000	-0.040427
168.700000	28459.690000	-0.045792
168.800000	28493.440000	-0.050860
168.900000	28527.210000	-0.055622
169.000000	28561.000000	-0.060068
169.100000	28594.810000	-0.064188
169.200000	28628.640000	-0.067974
169.300000	28662.490000	-0.071418
169.400000	28696.360000	-0.074513
169.500000	28730.250000	-0.077255
169.600000	28764.160000	-0.079636
169.700000	28798.090000	-0.081653
169.800000	28832.040000	-0.083303
169.900000	28866.010000	-0.084583
170.000000	28900.000000	-0.085490
170.100000	28934.010000	-0.086024
170.200000	28968.040000	-0.086186
170.300000	29002.090000	-0.085974
170.400000	29036.160000	-0.085392
170.500000	29070.250000	-0.084442
170.600000	29104.360000	-0.083127
170.700000	29138.490000	-0.081450
170.800000	29172.640000	-0.079418
170.900000	29206.810000	-0.077036
171.000000	29241.000000	-0.074310
171.100000	29275.210000	-0.071248
171.200000	29309.440000	-0.067859
171.300000	29343.690000	-0.064150
171.400000	29377.960000	-0.060132
171.500000	29412.250000	-0.055815
171.600000	29446.560000	-0.051210
171.700000	29480.890000	-0.046329
171.800000	29515.240000	-0.041184
171.900000	29549.610000	-0.035788
172.000000	29584.000000	-0.030156
172.100000	29618.410000	-0.024300
172.200000	29652.840000	-0.018235
172.300000	29687.290000	-0.011977
172.400000	29721.760000	-0.005542
172.500000	29756.250000	0.001056
172.600000	29790.760000	0.007799
172.700000	29825.290000	0.014671
172.800000	29859.840000	0.021655
172.900000	29894.410000	0.028733
173.000000	29929.000000	0.035888
173.100000	29963.610000	0.043103
173.200000	29998.240000	0.050359
173.300000	30032.890000	0.057638
173.400000	30067.560000	0.064924
173.500000	30102.250000	0.072196
173.600000	30136.960000	0.079439
173.700000	30171.690000	0.086632
173.800000	30206.440000	0.093760
173.900000	30241.210000	0.100803
174.000000	30276.000000	0.107745
174.100000	30310.810000	0.114568
174.200000	30345.640000	0.121254
174.300000	30380.490000	0.127788
174.400000	30415.360000	0.134153
174.500000	30450.250000	0.140331
174.600000	30485.160000	0.146309
174.700000	30520.090000	0.152071
174.800000	30555.040000	0.157601
174.900000	30590.010000	0.162886
175.000000	30625.000000	0.167911
175.100000	30660.010000	0.172665
175.200000	30695.040000	0.177133
175.300000	30730.090000	0.181304
175.400000	30765.160000	0.185168
175.500000	30800.250000	0.188712
175.600000	30835.360000	0.191928
175.700000	30870.490000	0.194806
175.800000	30905.640000	0.197338
175.900000	30940.810000	0.199516
176.000000	30976.000000	0.201333
176.100000	31011.210000	0.202783
176.200000	31046.440000	0.203862
176.300000	31081.690000	0.204563
176.400000	31116.960000	0.204885
176.500000	31152.250000	0.204824
176.600000	31187.560000	0.204378
176.700000	31222.890000	0.203546
176.800000	31258.240000	0.202328
176.900000	31293.610000	0.200725
177.000000	31329.000000	0.198738
177.100000	31364.410000	0.196370
177.200000	31399.840000	0.193624
177.300000	31435.290000	0.190503
177.400000	31470.760000	0.187014
177.500000	31506.250000	0.183161
177.600000	31541.760000	0.178951
177.700000	31577.290000	0.174391
177.800000	31612.840000	0.169490
177.900000	31648.410000	0.164256
178.000000	31684.000000	0.158700
178.100000	31719.610000	0.152830
178.200000	31755.240000	0.146659
178.300000	31790.890000	0.140199
178.400000	31826.560000	0.133460
178.500000	31862.250000	0.126457
178.600000	31897.960000	0.119203
178.700000	31933.690000	0.111712
178.800000	31969.440000	0.103999
178.900000	32005.210000	0.096078
179.000000	32041.000000	0.087966
179.100000	32076.810000	0.079679
179.200000	32112.640000	0.071232
179.300000	32148.490000	0.062643
179.400000	32184.360000	0.053929
179.500000	32220.250000	0.045106
179.600000	32256.160000	0.036194
179.700000	32292.090000	0.027209
179.800000	32328.040000	0.018170
179.900000	32364.010000	0.009094
180.000000	32400.000000	0.000000
#Sums: 162090.000000	19456203.000000	614.922444
