# alpha	alpha^2	B*sin(alpha)
0.000000	0.000000	0.000000
0.100000	0.010000	0.660819
0.200000	0.040000	1.318035
0.300000	0.090000	1.968078
0.400000	0.160000	2.607432
0.500000	0.250000	3.232668
0.600000	0.360000	3.840472
0.700000	0.490000	4.427669
0.800000	0.640000	4.991250
0.900000	0.810000	5.528393
1.000000	1.000000	6.036490
1.100000	1.210000	6.513164
1.200000	1.440000	6.956286
1.300000	1.690000	7.363994
1.400000	1.960000	7.734704
1.500000	2.250000	8.067123
1.600000	2.560000	8.360256
1.700000	2.890000	8.613412
1.800000	3.240000	8.826211
1.900000	3.610000	8.998577
2.000000	4.000000	9.130743
2.100000	4.410000	9.223243
2.200000	4.840000	9.276905
2.300000	5.290000	9.292841
2.400000	5.760000	9.272435
2.500000	6.250000	9.217327
2.600000	6.760000	9.129400
2.700000	7.290000	9.010757
2.800000	7.840000	8.863701
2.900000	8.410000	8.690716
3.000000	9.000000	8.494440
3.100000	9.610000	8.277642
3.200000	10.240000	8.043196
3.300000	10.890000	7.794055
3.400000	11.560000	7.533223
3.500000	12.250000	7.263728
3.600000	12.960000	6.988597
3.700000	13.690000	6.710828
3.800000	14.440000	6.433363
3.900000	15.210000	6.159064
4.000000	16.000000	5.890688
4.100000	16.810000	5.630866
4.200000	17.640000	5.382075
4.300000	18.490000	5.146627
4.400000	19.360000	4.926642
4.500000	20.250000	4.724040
4.600000	21.160000	4.540519
4.700000	22.090000	4.377548
4.800000	23.040000	4.236355
4.900000	24.010000	4.117921
5.000000	25.000000	4.022973
5.100000	26.010000	3.951985
5.200000	27.040000	3.905174
5.300000	28.090000	3.882504
5.400000	29.160000	3.883692
5.500000	30.250000	3.908212
5.600000	31.360000	3.955308
5.700000	32.490000	4.024001
5.800000	33.640000	4.113107
5.900000	34.810000	4.221247
6.000000	36.000000	4.346868
6.100000	37.210000	4.488261
6.200000	38.440000	4.643576
6.300000	39.690000	4.810849
6.400000	40.960000	4.988019
6.500000	42.250000	5.172952
6.600000	43.560000	5.363463
6.700000	44.890000	5.557339
6.800000	46.240000	5.752364
6.900000	47.610000	5.946338
7.000000	49.000000	6.137099
7.100000	50.410000	6.322551
7.200000	51.840000	6.500674
7.300000	53.290000	6.669556
7.400000	54.760000	6.827398
7.500000	56.250000	6.972543
7.600000	57.760000	7.103482
7.700000	59.290000	7.218874
7.800000	60.840000	7.317555
7.900000	62.410000	7.398546
8.000000	64.000000	7.461064
8.100000	65.610000	7.504529
8.200000	67.240000	7.528561
8.300000	68.890000	7.532989
8.400000	70.560000	7.517847
8.500000	72.250000	7.483370
8.600000	73.960000	7.429993
8.700000	75.690000	7.358340
8.800000	77.440000	7.269221
8.900000	79.210000	7.163615
9.000000	81.000000	7.042665
9.100000	82.810000	6.907657
9.200000	84.640000	6.760013
9.300000	86.490000	6.601268
9.400000	88.360000	6.433057
9.500000	90.250000	6.257097
9.600000	92.160000	6.075167
9.700000	94.090000	5.889087
9.800000	96.040000	5.700703
9.900000	98.010000	5.511865
10.000000	100.000000	5.324408
10.100000	102.010000	5.140134
10.200000	104.040000	4.960792
10.300000	106.090000	4.788061
10.400000	108.160000	4.623533
10.500000	110.250000	4.468700
10.600000	112.360000	4.324934
10.700000	114.490000	4.193478
10.800000	116.640000	4.075432
10.900000	118.810000	3.971745
11.000000	121.000000	3.883204
11.100000	123.210000	3.810430
11.200000	125.440000	3.753871
11.300000	127.690000	3.713797
11.400000	129.960000	3.690304
11.500000	132.250000	3.683310
11.600000	134.560000	3.692561
11.700000	136.890000	3.717629
11.800000	139.240000	3.757926
11.900000	141.610000	3.812707
12.000000	144.000000	3.881077
12.100000	146.410000	3.962008
12.200000	148.840000	4.054346
12.300000	151.290000	4.156825
12.400000	153.760000	4.268081
12.500000	156.250000	4.386671
12.600000	158.760000	4.511082
12.700000	161.290000	4.639754
12.800000	163.840000	4.771092
12.900000	166.410000	4.903487
13.000000	169.000000	5.035329
13.100000	171.610000	5.165029
13.200000	174.240000	5.291029
13.300000	176.890000	5.411826
13.400000	179.560000	5.525980
13.500000	182.250000	5.632133
13.600000	184.960000	5.729025
13.700000	187.690000	5.815498
13.800000	190.440000	5.890517
13.900000	193.210000	5.953175
14.000000	196.000000	6.002703
14.100000	198.810000	6.038475
14.200000	201.640000	6.060017
14.300000	204.490000	6.067010
14.400000	207.360000	6.059290
14.500000	210.250000	6.036852
14.600000	213.160000	5.999847
14.700000	216.090000	5.948579
14.800000	219.040000	5.883502
14.900000	222.010000	5.805214
15.000000	225.000000	5.714449
15.100000	228.010000	5.612068
15.200000	231.040000	5.499053
15.300000	234.090000	5.376489
15.400000	237.160000	5.245557
15.500000	240.250000	5.107520
15.600000	243.360000	4.963709
15.700000	246.490000	4.815505
15.800000	249.640000	4.664331
15.900000	252.810000	4.511631
16.000000	256.000000	4.358856
16.100000	259.210000	4.207448
16.200000	262.440000	4.058830
16.300000	265.690000	3.914381
16.400000	268.960000	3.775432
16.500000	272.250000	3.643246
16.600000	275.560000	3.519005
16.700000	278.890000	3.403802
16.800000	282.240000	3.298627
16.900000	285.610000	3.204356
17.000000	289.000000	3.121746
17.100000	292.410000	3.051425
17.200000	295.840000	2.993886
17.300000	299.290000	2.949484
17.400000	302.760000	2.918431
17.500000	306.250000	2.900799
17.600000	309.760000	2.896513
17.700000	313.290000	2.905359
17.800000	316.840000	2.926984
17.900000	320.410000	2.960900
18.000000	324.000000	3.006492
18.100000	327.610000	3.063024
18.200000	331.240000	3.129648
18.300000	334.890000	3.205413
18.400000	338.560000	3.289274
18.500000	342.250000	3.380110
18.600000	345.960000	3.476727
18.700000	349.690000	3.577880
18.800000	353.440000	3.682279
18.900000	357.210000	3.788610
19.000000	361.000000	3.895542
19.100000	364.810000	4.001747
19.200000	368.640000	4.105911
19.300000	372.490000	4.206749
19.400000	376.360000	4.303019
19.500000	380.250000	4.393534
19.600000	384.160000	4.477174
19.700000	388.090000	4.552899
19.800000	392.040000	4.619759
19.900000	396.010000	4.676903
20.000000	400.000000	4.723590
20.100000	404.010000	4.759194
20.200000	408.040000	4.783209
20.300000	412.090000	4.795258
20.400000	416.160000	4.795094
20.500000	420.250000	4.782600
20.600000	424.360000	4.757794
20.700000	428.490000	4.720825
20.800000	432.640000	4.671973
20.900000	436.810000	4.611643
21.000000	441.000000	4.540361
21.100000	445.210000	4.458770
21.200000	449.440000	4.367620
21.300000	453.690000	4.267760
21.400000	457.960000	4.160131
21.500000	462.250000	4.045751
21.600000	466.560000	3.925709
21.700000	470.890000	3.801149
21.800000	475.240000	3.673260
21.900000	479.610000	3.543261
22.000000	484.000000	3.412391
22.100000	488.410000	3.281894
22.200000	492.840000	3.153003
22.300000	497.290000	3.026932
22.400000	501.760000	2.904861
22.500000	506.250000	2.787923
22.600000	510.760000	2.677191
22.700000	515.290000	2.573670
22.800000	519.840000	2.478283
22.900000	524.410000	2.391867
23.000000	529.000000	2.315156
23.100000	533.610000	2.248781
23.200000	538.240000	2.193261
23.300000	542.890000	2.148998
23.400000	547.560000	2.116272
23.500000	552.250000	2.095240
23.600000	556.960000	2.085935
23.700000	561.690000	2.088264
23.800000	566.440000	2.102013
23.900000	571.210000	2.126845
24.000000	576.000000	2.162309
24.100000	580.810000	2.207841
24.200000	585.640000	2.262775
24.300000	590.490000	2.326343
24.400000	595.360000	2.397694
24.500000	600.250000	2.475893
24.600000	605.160000	2.559938
24.700000	610.090000	2.648768
24.800000	615.040000	2.741276
24.900000	620.010000	2.836319
25.000000	625.000000	2.932733
25.100000	630.010000	3.029343
25.200000	635.040000	3.124977
25.300000	640.090000	3.218476
25.400000	645.160000	3.308710
25.500000	650.250000	3.394589
25.600000	655.360000	3.475071
25.700000	660.490000	3.549177
25.800000	665.640000	3.616000
25.900000	670.810000	3.674712
26.000000	676.000000	3.724578
26.100000	681.210000	3.764957
26.200000	686.440000	3.795313
26.300000	691.690000	3.815220
26.400000	696.960000	3.824362
26.500000	702.250000	3.822542
26.600000	707.560000	3.809680
26.700000	712.890000	3.785814
26.800000	718.240000	3.751100
26.900000	723.610000	3.705808
27.000000	729.000000	3.650323
27.100000	734.410000	3.585134
27.200000	739.840000	3.510835
27.300000	745.290000	3.428116
27.400000	750.760000	3.337751
27.500000	756.250000	3.240599
27.600000	761.760000	3.137583
27.700000	767.290000	3.029691
27.800000	772.840000	2.917956
27.900000	778.410000	2.803453
28.000000	784.000000	2.687281
28.100000	789.610000	2.570555
28.200000	795.240000	2.454390
28.300000	800.890000	2.339896
28.400000	806.560000	2.228160
28.500000	812.250000	2.120237
28.600000	817.960000	2.017138
28.700000	823.690000	1.919821
28.800000	829.440000	1.829178
28.900000	835.210000	1.746030
29.000000	841.000000	1.671114
29.100000	846.810000	1.605079
29.200000	852.640000	1.548477
29.300000	858.490000	1.501757
29.400000	864.360000	1.465265
29.500000	870.250000	1.439234
29.600000	876.160000	1.423787
29.700000	882.090000	1.418935
29.800000	888.040000	1.424573
29.900000	894.010000	1.440488
30.000000	900.000000	1.466359
30.100000	906.010000	1.501757
30.200000	912.040000	1.546155
30.300000	918.090000	1.598932
30.400000	924.160000	1.659379
30.500000	930.250000	1.726710
30.600000	936.360000	1.800063
30.700000	942.490000	1.878521
30.800000	948.640000	1.961110
30.900000	954.810000	2.046818
31.000000	961.000000	2.134602
31.100000	967.210000	2.223400
31.200000	973.440000	2.312143
31.300000	979.690000	2.399764
31.400000	985.960000	2.485212
31.500000	992.250000	2.567464
31.600000	998.560000	2.645531
31.700000	1004.890000	2.718473
31.800000	1011.240000	2.785409
31.900000	1017.610000	2.845520
32.000000	1024.000000	2.898066
32.100000	1030.410000	2.942389
32.200000	1036.840000	2.977920
32.300000	1043.290000	3.004184
32.400000	1049.760000	3.020808
32.500000	1056.250000	3.027523
32.600000	1062.760000	3.024164
32.700000	1069.290000	3.010676
32.800000	1075.840000	2.987112
32.900000	1082.410000	2.953631
33.000000	1089.000000	2.910498
33.100000	1095.610000	2.858081
33.200000	1102.240000	2.796845
33.300000	1108.890000	2.727348
33.400000	1115.560000	2.650235
33.500000	1122.250000	2.566230
33.600000	1128.960000	2.476130
33.700000	1135.690000	2.380793
33.800000	1142.440000	2.281132
33.900000	1149.210000	2.178104
34.000000	1156.000000	2.072699
34.100000	1162.810000	1.965931
34.200000	1169.640000	1.858823
34.300000	1176.490000	1.752403
34.400000	1183.360000	1.647688
34.500000	1190.250000	1.545674
34.600000	1197.160000	1.447325
34.700000	1204.090000	1.353567
34.800000	1211.040000	1.265271
34.900000	1218.010000	1.183251
35.000000	1225.000000	1.108251
35.100000	1232.010000	1.040939
35.200000	1239.040000	0.981900
35.300000	1246.090000	0.931629
35.400000	1253.160000	0.890527
35.500000	1260.250000	0.858896
35.600000	1267.360000	0.836940
35.700000	1274.490000	0.824756
35.800000	1281.640000	0.822338
35.900000	1288.810000	0.829577
36.000000	1296.000000	0.846262
36.100000	1303.210000	0.872082
36.200000	1310.440000	0.906630
36.300000	1317.690000	0.949406
36.400000	1324.960000	0.999827
36.500000	1332.250000	1.057227
36.600000	1339.560000	1.120871
36.700000	1346.890000	1.189957
36.800000	1354.240000	1.263629
36.900000	1361.610000	1.340985
37.000000	1369.000000	1.421084
37.100000	1376.410000	1.502962
37.200000	1383.840000	1.585636
37.300000	1391.290000	1.668119
37.400000	1398.760000	1.749429
37.500000	1406.250000	1.828597
37.600000	1413.760000	1.904684
37.700000	1421.290000	1.976782
37.800000	1428.840000	2.044032
37.900000	1436.410000	2.105626
38.000000	1444.000000	2.160822
38.100000	1451.610000	2.208946
38.200000	1459.240000	2.249403
38.300000	1466.890000	2.281681
38.400000	1474.560000	2.305358
38.500000	1482.250000	2.320103
38.600000	1489.960000	2.325685
38.700000	1497.690000	2.321970
38.800000	1505.440000	2.308924
38.900000	1513.210000	2.286614
39.000000	1521.000000	2.255205
39.100000	1528.810000	2.214962
39.200000	1536.640000	2.166242
39.300000	1544.490000	2.109493
39.400000	1552.360000	2.045248
39.500000	1560.250000	1.974122
39.600000	1568.160000	1.896800
39.700000	1576.090000	1.814034
39.800000	1584.040000	1.726631
39.900000	1592.010000	1.635451
40.000000	1600.000000	1.541389
40.100000	1608.010000	1.445371
40.200000	1616.040000	1.348345
40.300000	1624.090000	1.251265
40.400000	1632.160000	1.155087
40.500000	1640.250000	1.060757
40.600000	1648.360000	0.969197
40.700000	1656.490000	0.881301
40.800000	1664.640000	0.797922
40.900000	1672.810000	0.719866
41.000000	1681.000000	0.647879
41.100000	1689.210000	0.582643
41.200000	1697.440000	0.524767
41.300000	1705.690000	0.474782
41.400000	1713.960000	0.433135
41.500000	1722.250000	0.400182
41.600000	1730.560000	0.376190
41.700000	1738.890000	0.361328
41.800000	1747.240000	0.355669
41.900000	1755.610000	0.359189
42.000000	1764.000000	0.371768
42.100000	1772.410000	0.393188
42.200000	1780.840000	0.423141
42.300000	1789.290000	0.461227
42.400000	1797.760000	0.506963
42.500000	1806.250000	0.559784
42.600000	1814.760000	0.619054
42.700000	1823.290000	0.684068
42.800000	1831.840000	0.754062
42.900000	1840.410000	0.828223
43.000000	1849.000000	0.905695
43.100000	1857.610000	0.985587
43.200000	1866.240000	1.066988
43.300000	1874.890000	1.148969
43.400000	1883.560000	1.230602
43.500000	1892.250000	1.310962
43.600000	1900.960000	1.389139
43.700000	1909.690000	1.464251
43.800000	1918.440000	1.535449
43.900000	1927.210000	1.601929
44.000000	1936.000000	1.662938
44.100000	1944.810000	1.717784
44.200000	1953.640000	1.765841
44.300000	1962.490000	1.806559
44.400000	1971.360000	1.839465
44.500000	1980.250000	1.864171
44.600000	1989.160000	1.880380
44.700000	1998.090000	1.887883
44.800000	2007.040000	1.886565
44.900000	2016.010000	1.876407
45.000000	2025.000000	1.857483
45.100000	2034.010000	1.829962
45.200000	2043.040000	1.794101
45.300000	2052.090000	1.750250
45.400000	2061.160000	1.698840
45.500000	2070.250000	1.640384
45.600000	2079.360000	1.575470
45.700000	2088.490000	1.504750
45.800000	2097.640000	1.428942
45.900000	2106.810000	1.348814
46.000000	2116.000000	1.265179
46.100000	2125.210000	1.178886
46.200000	2134.440000	1.090813
46.300000	2143.690000	1.001853
46.400000	2152.960000	0.912908
46.500000	2162.250000	0.824880
46.600000	2171.560000	0.738658
46.700000	2180.890000	0.655110
46.800000	2190.240000	0.575078
46.900000	2199.610000	0.499360
47.000000	2209.000000	0.428711
47.100000	2218.410000	0.363829
47.200000	2227.840000	0.305351
47.300000	2237.290000	0.253845
47.400000	2246.760000	0.209802
47.500000	2256.250000	0.173636
47.600000	2265.760000	0.145674
47.700000	2275.290000	0.126159
47.800000	2284.840000	0.115240
47.900000	2294.410000	0.112977
48.000000	2304.000000	0.119337
48.100000	2313.610000	0.134198
48.200000	2323.240000	0.157346
48.300000	2332.890000	0.188479
48.400000	2342.560000	0.227213
48.500000	2352.250000	0.273083
48.600000	2361.960000	0.325549
48.700000	2371.690000	0.384003
48.800000	2381.440000	0.447773
48.900000	2391.210000	0.516135
49.000000	2401.000000	0.588315
49.100000	2410.810000	0.663501
49.200000	2420.640000	0.740851
49.300000	2430.490000	0.819502
49.400000	2440.360000	0.898578
49.500000	2450.250000	0.977200
49.600000	2460.160000	1.054499
49.700000	2470.090000	1.129617
49.800000	2480.040000	1.201725
49.900000	2490.010000	1.270025
50.000000	2500.000000	1.333763
50.100000	2510.010000	1.392234
50.200000	2520.040000	1.444791
50.300000	2530.090000	1.490851
50.400000	2540.160000	1.529902
50.500000	2550.250000	1.561506
50.600000	2560.360000	1.585308
50.700000	2570.490000	1.601033
50.800000	2580.640000	1.608496
50.900000	2590.810000	1.607599
51.000000	2601.000000	1.598333
51.100000	2611.210000	1.580779
51.200000	2621.440000	1.555104
51.300000	2631.690000	1.521565
51.400000	2641.960000	1.480499
51.500000	2652.250000	1.432323
51.600000	2662.560000	1.377532
51.700000	2672.890000	1.316686
51.800000	2683.240000	1.250413
51.900000	2693.610000	1.179395
52.000000	2704.000000	1.104364
52.100000	2714.410000	1.026094
52.200000	2724.840000	0.945391
52.300000	2735.290000	0.863088
52.400000	2745.760000	0.780031
52.500000	2756.250000	0.697074
52.600000	2766.760000	0.615069
52.700000	2777.290000	0.534855
52.800000	2787.840000	0.457251
52.900000	2798.410000	0.383049
53.000000	2809.000000	0.313001
53.100000	2819.610000	0.247815
53.200000	2830.240000	0.188145
53.300000	2840.890000	0.134586
53.400000	2851.560000	0.087668
53.500000	2862.250000	0.047848
53.600000	2872.960000	0.015507
53.700000	2883.690000	-0.009053
53.800000	2894.440000	-0.025614
53.900000	2905.210000	-0.034043
54.000000	2916.000000	-0.034295
54.100000	2926.810000	-0.026410
54.200000	2937.640000	-0.010516
54.300000	2948.490000	0.013176
54.400000	2959.360000	0.044370
54.500000	2970.250000	0.082692
54.600000	2981.160000	0.127695
54.700000	2992.090000	0.178857
54.800000	3003.040000	0.235596
54.900000	3014.010000	0.297269
55.000000	3025.000000	0.363184
55.100000	3036.010000	0.432601
55.200000	3047.040000	0.504749
55.300000	3058.090000	0.578825
55.400000	3069.160000	0.654011
55.500000	3080.250000	0.729474
55.600000	3091.360000	0.804385
55.700000	3102.490000	0.877916
55.800000	3113.640000	0.949260
55.900000	3124.810000	1.017633
56.000000	3136.000000	1.082284
56.100000	3147.210000	1.142502
56.200000	3158.440000	1.197625
56.300000	3169.690000	1.247047
56.400000	3180.960000	1.290222
56.500000	3192.250000	1.326674
56.600000	3203.560000	1.355996
56.700000	3214.890000	1.377860
56.800000	3226.240000	1.392017
56.900000	3237.610000	1.398299
57.000000	3249.000000	1.396625
57.100000	3260.410000	1.386997
57.200000	3271.840000	1.369500
57.300000	3283.290000	1.344306
57.400000	3294.760000	1.311665
57.500000	3306.250000	1.271909
57.600000	3317.760000	1.225442
57.700000	3329.290000	1.172741
57.800000	3340.840000	1.114348
57.900000	3352.410000	1.050863
58.000000	3364.000000	0.982941
58.100000	3375.610000	0.911283
58.200000	3387.240000	0.836627
58.300000	3398.890000	0.759743
58.400000	3410.560000	0.681423
58.500000	3422.250000	0.602473
58.600000	3433.960000	0.523704
58.700000	3445.690000	0.445924
58.800000	3457.440000	0.369929
58.900000	3469.210000	0.296495
59.000000	3481.000000	0.226369
59.100000	3492.810000	0.160262
59.200000	3504.640000	0.098841
59.300000	3516.490000	0.042722
59.400000	3528.360000	-0.007536
59.500000	3540.250000	-0.051438
59.600000	3552.160000	-0.088556
59.700000	3564.090000	-0.118537
59.800000	3576.040000	-0.141102
59.900000	3588.010000	-0.156053
60.000000	3600.000000	-0.163271
60.100000	3612.010000	-0.162722
60.200000	3624.040000	-0.154453
60.300000	3636.090000	-0.138594
60.400000	3648.160000	-0.115353
60.500000	3660.250000	-0.085017
60.600000	3672.360000	-0.047951
60.700000	3684.490000	-0.004585
60.800000	3696.640000	0.044581
60.900000	3708.810000	0.098987
61.000000	3721.000000	0.158019
61.100000	3733.210000	0.221015
61.200000	3745.440000	0.287272
61.300000	3757.690000	0.356055
61.400000	3769.960000	0.426603
61.500000	3782.250000	0.498136
61.600000	3794.560000	0.569867
61.700000	3806.890000	0.641009
61.800000	3819.240000	0.710783
61.900000	3831.610000	0.778424
62.000000	3844.000000	0.843194
62.100000	3856.410000	0.904385
62.200000	3868.840000	0.961331
62.300000	3881.290000	1.013411
62.400000	3893.760000	1.060058
62.500000	3906.250000	1.100763
62.600000	3918.760000	1.135084
62.700000	3931.290000	1.162644
62.800000	3943.840000	1.183143
62.900000	3956.410000	1.196356
63.000000	3969.000000	1.202135
63.100000	3981.610000	1.200412
63.200000	3994.240000	1.191201
63.300000	4006.890000	1.174594
63.400000	4019.560000	1.150764
63.500000	4032.250000	1.119958
63.600000	4044.960000	1.082501
63.700000	4057.690000	1.038785
63.800000	4070.440000	0.989271
63.900000	4083.210000	0.934479
64.000000	4096.000000	0.874986
64.100000	4108.810000	0.811417
64.200000	4121.640000	0.744442
64.300000	4134.490000	0.674764
64.400000	4147.360000	0.603115
64.500000	4160.250000	0.530247
64.600000	4173.160000	0.456922
64.700000	4186.090000	0.383908
64.800000	4199.040000	0.311967
64.900000	4212.010000	0.241850
65.000000	4225.000000	0.174286
65.100000	4238.010000	0.109975
65.200000	4251.040000	0.049584
65.300000	4264.090000	-0.006266
65.400000	4277.160000	-0.057002
65.500000	4290.250000	-0.102106
65.600000	4303.360000	-0.141122
65.700000	4316.490000	-0.173658
65.800000	4329.640000	-0.199394
65.900000	4342.810000	-0.218081
66.000000	4356.000000	-0.229547
66.100000	4369.210000	-0.233697
66.200000	4382.440000	-0.230515
66.300000	4395.690000	-0.220060
66.400000	4408.960000	-0.202473
66.500000	4422.250000	-0.177967
66.600000	4435.560000	-0.146832
66.700000	4448.890000	-0.109425
66.800000	4462.240000	-0.066173
66.900000	4475.610000	-0.017560
67.000000	4489.000000	0.035869
67.100000	4502.410000	0.093520
67.200000	4515.840000	0.154757
67.300000	4529.290000	0.218904
67.400000	4542.760000	0.285256
67.500000	4556.250000	0.353085
67.600000	4569.760000	0.421649
67.700000	4583.290000	0.490199
67.800000	4596.840000	0.557989
67.900000	4610.410000	0.624279
68.000000	4624.000000	0.688349
68.100000	4637.610000	0.749502
68.200000	4651.240000	0.807075
68.300000	4664.890000	0.860443
68.400000	4678.560000	0.909028
68.500000	4692.250000	0.952302
68.600000	4705.960000	0.989796
68.700000	4719.690000	1.021105
68.800000	4733.440000	1.045887
68.900000	4747.210000	1.063873
69.000000	4761.000000	1.074868
69.100000	4774.810000	1.078748
69.200000	4788.640000	1.075470
69.300000	4802.490000	1.065064
69.400000	4816.360000	1.047638
69.500000	4830.250000	1.023375
69.600000	4844.160000	0.992529
69.700000	4858.090000	0.955427
69.800000	4872.040000	0.912459
69.900000	4886.010000	0.864081
70.000000	4900.000000	0.810802
70.100000	4914.010000	0.753187
70.200000	4928.040000	0.691844
70.300000	4942.090000	0.627420
70.400000	4956.160000	0.560595
70.500000	4970.250000	0.492074
70.600000	4984.360000	0.422578
70.700000	4998.490000	0.352839
70.800000	5012.640000	0.283588
70.900000	5026.810000	0.215553
71.000000	5041.000000	0.149447
71.100000	5055.210000	0.085960
71.200000	5069.440000	0.025755
71.300000	5083.690000	-0.030543
71.400000	5097.960000	-0.082348
71.500000	5112.250000	-0.129128
71.600000	5126.560000	-0.170400
71.700000	5140.890000	-0.205744
71.800000	5155.240000	-0.234803
71.900000	5169.610000	-0.257288
72.000000	5184.000000	-0.272979
72.100000	5198.410000	-0.281732
72.200000	5212.840000	-0.283474
72.300000	5227.290000	-0.278208
72.400000	5241.760000	-0.266015
72.500000	5256.250000	-0.247045
72.600000	5270.760000	-0.221525
72.700000	5285.290000	-0.189747
72.800000	5299.840000	-0.152074
72.900000	5314.410000	-0.108929
73.000000	5329.000000	-0.060794
73.100000	5343.610000	-0.008204
73.200000	5358.240000	0.048261
73.300000	5372.890000	0.107977
73.400000	5387.560000	0.170290
73.500000	5402.250000	0.234514
73.600000	5416.960000	0.299947
73.700000	5431.690000	0.365874
73.800000	5446.440000	0.431576
73.900000	5461.210000	0.496336
74.000000	5476.000000	0.559448
74.100000	5490.810000	0.620225
74.200000	5505.640000	0.678007
74.300000	5520.490000	0.732163
74.400000	5535.360000	0.782105
74.500000	5550.250000	0.827289
74.600000	5565.160000	0.867223
74.700000	5580.090000	0.901471
74.800000	5595.040000	0.929659
74.900000	5610.010000	0.951477
75.000000	5625.000000	0.966686
75.100000	5640.010000	0.975114
75.200000	5655.040000	0.976664
75.300000	5670.090000	0.971313
75.400000	5685.160000	0.959110
75.500000	5700.250000	0.940178
75.600000	5715.360000	0.914712
75.700000	5730.490000	0.882976
75.800000	5745.640000	0.845301
75.900000	5760.810000	0.802081
76.000000	5776.000000	0.753768
76.100000	5791.210000	0.700870
76.200000	5806.440000	0.643940
76.300000	5821.690000	0.583577
76.400000	5836.960000	0.520413
76.500000	5852.250000	0.455112
76.600000	5867.560000	0.388356
76.700000	5882.890000	0.320847
76.800000	5898.240000	0.253290
76.900000	5913.610000	0.186391
77.000000	5929.000000	0.120849
77.100000	5944.410000	0.057346
77.200000	5959.840000	-0.003456
77.300000	5975.290000	-0.060928
77.400000	5990.760000	-0.114475
77.500000	6006.250000	-0.163545
77.600000	6021.760000	-0.207635
77.700000	6037.290000	-0.246295
77.800000	6052.840000	-0.279136
77.900000	6068.410000	-0.305828
78.000000	6084.000000	-0.326110
78.100000	6099.610000	-0.339788
78.200000	6115.240000	-0.346741
78.300000	6130.890000	-0.346919
78.400000	6146.560000	-0.340343
78.500000	6162.250000	-0.327108
78.600000	6177.960000	-0.307381
78.700000	6193.690000	-0.281396
78.800000	6209.440000	-0.249456
78.900000	6225.210000	-0.211925
79.000000	6241.000000	-0.169228
79.100000	6256.810000	-0.121846
79.200000	6272.640000	-0.070308
79.300000	6288.490000	-0.015187
79.400000	6304.360000	0.042906
79.500000	6320.250000	0.103328
79.600000	6336.160000	0.165411
79.700000	6352.090000	0.228473
79.800000	6368.040000	0.291818
79.900000	6384.010000	0.354751
80.000000	6400.000000	0.416579
80.100000	6416.010000	0.476623
80.200000	6432.040000	0.534224
80.300000	6448.090000	0.588748
80.400000	6464.160000	0.639596
80.500000	6480.250000	0.686208
80.600000	6496.360000	0.728069
80.700000	6512.490000	0.764716
80.800000	6528.640000	0.795743
80.900000	6544.810000	0.820801
81.000000	6561.000000	0.839610
81.100000	6577.210000	0.851951
81.200000	6593.440000	0.857679
81.300000	6609.690000	0.856718
81.400000	6625.960000	0.849063
81.500000	6642.250000	0.834781
81.600000	6658.560000	0.814009
81.700000	6674.890000	0.786954
81.800000	6691.240000	0.753889
81.900000	6707.610000	0.715153
82.000000	6724.000000	0.671142
82.100000	6740.410000	0.622310
82.200000	6756.840000	0.569162
82.300000	6773.290000	0.512248
82.400000	6789.760000	0.452158
82.500000	6806.250000	0.389516
82.600000	6822.760000	0.324971
82.700000	6839.290000	0.259194
82.800000	6855.840000	0.192867
82.900000	6872.410000	0.126677
83.000000	6889.000000	0.061311
83.100000	6905.610000	-0.002554
83.200000	6922.240000	-0.064260
83.300000	6938.890000	-0.123169
83.400000	6955.560000	-0.178676
83.500000	6972.250000	-0.230211
83.600000	6988.960000	-0.277248
83.700000	7005.690000	-0.319309
83.800000	7022.440000	-0.355969
83.900000	7039.210000	-0.386861
84.000000	7056.000000	-0.411680
84.100000	7072.810000	-0.430186
84.200000	7089.640000	-0.442207
84.300000	7106.490000	-0.447638
84.400000	7123.360000	-0.446447
84.500000	7140.250000	-0.438671
84.600000	7157.160000	-0.424418
84.700000	7174.090000	-0.403864
84.800000	7191.040000	-0.377251
84.900000	7208.010000	-0.344888
85.000000	7225.000000	-0.307143
85.100000	7242.010000	-0.264441
85.200000	7259.040000	-0.217260
85.300000	7276.090000	-0.166125
85.400000	7293.160000	-0.111602
85.500000	7310.250000	-0.054293
85.600000	7327.360000	0.005172
85.700000	7344.490000	0.066139
85.800000	7361.640000	0.127940
85.900000	7378.810000	0.189898
86.000000	7396.000000	0.251336
86.100000	7413.210000	0.311584
86.200000	7430.440000	0.369983
86.300000	7447.690000	0.425896
86.400000	7464.960000	0.478715
86.500000	7482.250000	0.527862
86.600000	7499.560000	0.572802
86.700000	7516.890000	0.613045
86.800000	7534.240000	0.648151
86.900000	7551.610000	0.677734
87.000000	7569.000000	0.701472
87.100000	7586.410000	0.719100
87.200000	7603.840000	0.730424
87.300000	7621.290000	0.735313
87.400000	7638.760000	0.733709
87.500000	7656.250000	0.725621
87.600000	7673.760000	0.711128
87.700000	7691.290000	0.690377
87.800000	7708.840000	0.663584
87.900000	7726.410000	0.631026
88.000000	7744.000000	0.593043
88.100000	7761.610000	0.550035
88.200000	7779.240000	0.502452
88.300000	7796.890000	0.450794
88.400000	7814.560000	0.395604
88.500000	7832.250000	0.337464
88.600000	7849.960000	0.276985
88.700000	7867.690000	0.214802
88.800000	7885.440000	0.151571
88.900000	7903.210000	0.087956
89.000000	7921.000000	0.024626
89.100000	7938.810000	-0.037754
89.200000	7956.640000	-0.098530
89.300000	7974.490000	-0.157065
89.400000	7992.360000	-0.212746
89.500000	8010.250000	-0.264991
89.600000	8028.160000	-0.313256
89.700000	8046.090000	-0.357038
89.800000	8064.040000	-0.395883
89.900000	8082.010000	-0.429392
90.000000	8100.000000	-0.457219
90.100000	8118.010000	-0.479082
90.200000	8136.040000	-0.494762
90.300000	8154.090000	-0.504105
90.400000	8172.160000	-0.507026
90.500000	8190.250000	-0.503508
90.600000	8208.360000	-0.493602
90.700000	8226.490000	-0.477427
90.800000	8244.640000	-0.455171
90.900000	8262.810000	-0.427083
91.000000	8281.000000	-0.393475
91.100000	8299.210000	-0.354721
91.200000	8317.440000	-0.311244
91.300000	8335.690000	-0.263520
91.400000	8353.960000	-0.212070
91.500000	8372.250000	-0.157453
91.600000	8390.560000	-0.100262
91.700000	8408.890000	-0.041116
91.800000	8427.240000	0.019344
91.900000	8445.610000	0.080466
92.000000	8464.000000	0.141591
92.100000	8482.410000	0.202059
92.200000	8500.840000	0.261219
92.300000	8519.290000	0.318435
92.400000	8537.760000	0.373091
92.500000	8556.250000	0.424600
92.600000	8574.760000	0.472410
92.700000	8593.290000	0.516006
92.800000	8611.840000	0.554922
92.900000	8630.410000	0.588741
93.000000	8649.000000	0.617100
93.100000	8667.610000	0.639695
93.200000	8686.240000	0.656285
93.300000	8704.890000	0.666693
93.400000	8723.560000	0.670807
93.500000	8742.250000	0.668583
93.600000	8760.960000	0.660046
93.700000	8779.690000	0.645286
93.800000	8798.440000	0.624461
93.900000	8817.210000	0.597795
94.000000	8836.000000	0.565570
94.100000	8854.810000	0.528131
94.200000	8873.640000	0.485877
94.300000	8892.490000	0.439259
94.400000	8911.360000	0.388771
94.500000	8930.250000	0.334953
94.600000	8949.160000	0.278375
94.700000	8968.090000	0.219641
94.800000	8987.040000	0.159372
94.900000	9006.010000	0.098210
95.000000	9025.000000	0.036804
95.100000	9044.010000	-0.024197
95.200000	9063.040000	-0.084146
95.300000	9082.090000	-0.142409
95.400000	9101.160000	-0.198370
95.500000	9120.250000	-0.251439
95.600000	9139.360000	-0.301056
95.700000	9158.490000	-0.346699
95.800000	9177.640000	-0.387891
95.900000	9196.810000	-0.424199
96.000000	9216.000000	-0.455245
96.100000	9235.210000	-0.480708
96.200000	9254.440000	-0.500325
96.300000	9273.690000	-0.513896
96.400000	9292.960000	-0.521288
96.500000	9312.250000	-0.522432
96.600000	9331.560000	-0.517325
96.700000	9350.890000	-0.506033
96.800000	9370.240000	-0.488688
96.900000	9389.610000	-0.465485
97.000000	9409.000000	-0.436681
97.100000	9428.410000	-0.402595
97.200000	9447.840000	-0.363601
97.300000	9467.290000	-0.320124
97.400000	9486.760000	-0.272639
97.500000	9506.250000	-0.221661
97.600000	9525.760000	-0.167743
97.700000	9545.290000	-0.111470
97.800000	9564.840000	-0.053449
97.900000	9584.410000	0.005691
98.000000	9604.000000	0.065314
98.100000	9623.610000	0.124775
98.200000	9643.240000	0.183435
98.300000	9662.890000	0.240660
98.400000	9682.560000	0.295837
98.500000	9702.250000	0.348370
98.600000	9721.960000	0.397695
98.700000	9741.690000	0.443282
98.800000	9761.440000	0.484641
98.900000	9781.210000	0.521329
99.000000	9801.000000	0.552950
99.100000	9820.810000	0.579167
99.200000	9840.640000	0.599696
99.300000	9860.490000	0.614318
99.400000	9880.360000	0.622876
99.500000	9900.250000	0.625277
99.600000	9920.160000	0.621495
99.700000	9940.090000	0.611570
99.800000	9960.040000	0.595608
99.900000	9980.010000	0.573778
100.000000	10000.000000	0.546313
100.100000	10020.010000	0.513506
100.200000	10040.040000	0.475706
100.300000	10060.090000	0.433316
100.400000	10080.160000	0.386788
100.500000	10100.250000	0.336617
100.600000	10120.360000	0.283338
100.700000	10140.490000	0.227517
100.800000	10160.640000	0.169748
100.900000	10180.810000	0.110647
101.000000	10201.000000	0.050840
101.100000	10221.210000	-0.009036
101.200000	10241.440000	-0.068346
101.300000	10261.690000	-0.126460
101.400000	10281.960000	-0.182761
101.500000	10302.250000	-0.236654
101.600000	10322.560000	-0.287568
101.700000	10342.890000	-0.334965
101.800000	10363.240000	-0.378343
101.900000	10383.610000	-0.417247
102.000000	10404.000000	-0.451265
102.100000	10424.410000	-0.480043
102.200000	10444.840000	-0.503278
102.300000	10465.290000	-0.520730
102.400000	10485.760000	-0.532219
102.500000	10506.250000	-0.537630
102.600000	10526.760000	-0.536913
102.700000	10547.290000	-0.530080
102.800000	10567.840000	-0.517214
102.900000	10588.410000	-0.498458
103.000000	10609.000000	-0.474019
103.100000	10629.610000	-0.444165
103.200000	10650.240000	-0.409223
103.300000	10670.890000	-0.369570
103.400000	10691.560000	-0.325637
103.500000	10712.250000	-0.277899
103.600000	10732.960000	-0.226871
103.700000	10753.690000	-0.173103
103.800000	10774.440000	-0.117175
103.900000	10795.210000	-0.059688
104.000000	10816.000000	-0.001260
104.100000	10836.810000	0.057481
104.200000	10857.640000	0.115904
104.300000	10878.490000	0.173383
104.400000	10899.360000	0.229302
104.500000	10920.250000	0.283060
104.600000	10941.160000	0.334083
104.700000	10962.090000	0.381824
104.800000	10983.040000	0.425771
104.900000	11004.010000	0.465456
105.000000	11025.000000	0.500454
105.100000	11046.010000	0.530390
105.200000	11067.040000	0.554947
105.300000	11088.090000	0.573861
105.400000	11109.160000	0.586931
105.500000	11130.250000	0.594019
105.600000	11151.360000	0.595049
105.700000	11172.490000	0.590012
105.800000	11193.640000	0.578963
105.900000	11214.810000	0.562020
106.000000	11236.000000	0.539366
106.100000	11257.210000	0.511243
106.200000	11278.440000	0.477952
106.300000	11299.690000	0.439851
106.400000	11320.960000	0.397347
106.500000	11342.250000	0.350893
106.600000	11363.560000	0.300987
106.700000	11384.890000	0.248161
106.800000	11406.240000	0.192979
106.900000	11427.610000	0.136031
107.000000	11449.000000	0.077923
107.100000	11470.410000	0.019276
107.200000	11491.840000	-0.039285
107.300000	11513.290000	-0.097137
107.400000	11534.760000	-0.153664
107.500000	11556.250000	-0.208263
107.600000	11577.760000	-0.260354
107.700000	11599.290000	-0.309384
107.800000	11620.840000	-0.354831
107.900000	11642.410000	-0.396214
108.000000	11664.000000	-0.433093
108.100000	11685.610000	-0.465077
108.200000	11707.240000	-0.491830
108.300000	11728.890000	-0.513068
108.400000	11750.560000	-0.528569
108.500000	11772.250000	-0.538171
108.600000	11793.960000	-0.541776
108.700000	11815.690000	-0.539348
108.800000	11837.440000	-0.530917
108.900000	11859.210000	-0.516578
109.000000	11881.000000	-0.496487
109.100000	11902.810000	-0.470862
109.200000	11924.640000	-0.439980
109.300000	11946.490000	-0.404174
109.400000	11968.360000	-0.363830
109.500000	11990.250000	-0.319382
109.600000	12012.160000	-0.271306
109.700000	12034.090000	-0.220119
109.800000	12056.040000	-0.166369
109.900000	12078.010000	-0.110633
110.000000	12100.000000	-0.053506
110.100000	12122.010000	0.004399
110.200000	12144.040000	0.062464
110.300000	12166.090000	0.120067
110.400000	12188.160000	0.176594
110.500000	12210.250000	0.231439
110.600000	12232.360000	0.284018
110.700000	12254.490000	0.333769
110.800000	12276.640000	0.380162
110.900000	12298.810000	0.422703
111.000000	12321.000000	0.460937
111.100000	12343.210000	0.494457
111.200000	12365.440000	0.522908
111.300000	12387.690000	0.545985
111.400000	12409.960000	0.563446
111.500000	12432.250000	0.575104
111.600000	12454.560000	0.580836
111.700000	12476.890000	0.580584
111.800000	12499.240000	0.574350
111.900000	12521.610000	0.562204
112.000000	12544.000000	0.544276
112.100000	12566.410000	0.520758
112.200000	12588.840000	0.491903
112.300000	12611.290000	0.458020
112.400000	12633.760000	0.419471
112.500000	12656.250000	0.376669
112.600000	12678.760000	0.330069
112.700000	12701.290000	0.280171
112.800000	12723.840000	0.227506
112.900000	12746.410000	0.172636
113.000000	12769.000000	0.116145
113.100000	12791.610000	0.058636
113.200000	12814.240000	0.000721
113.300000	12836.890000	-0.056983
113.400000	12859.560000	-0.113863
113.500000	12882.250000	-0.169315
113.600000	12904.960000	-0.222747
113.700000	12927.690000	-0.273594
113.800000	12950.440000	-0.321317
113.900000	12973.210000	-0.365408
114.000000	12996.000000	-0.405401
114.100000	13018.810000	-0.440874
114.200000	13041.640000	-0.471451
114.300000	13064.490000	-0.496812
114.400000	13087.360000	-0.516689
114.500000	13110.250000	-0.530875
114.600000	13133.160000	-0.539224
114.700000	13156.090000	-0.541651
114.800000	13179.040000	-0.538135
114.900000	13202.010000	-0.528719
115.000000	13225.000000	-0.513508
115.100000	13248.010000	-0.492668
115.200000	13271.040000	-0.466428
115.300000	13294.090000	-0.435071
115.400000	13317.160000	-0.398937
115.500000	13340.250000	-0.358416
115.600000	13363.360000	-0.313944
115.700000	13386.490000	-0.266000
115.800000	13409.640000	-0.215098
115.900000	13432.810000	-0.161786
116.000000	13456.000000	-0.106636
116.100000	13479.210000	-0.050239
116.200000	13502.440000	0.006801
116.300000	13525.690000	0.063873
116.400000	13548.960000	0.120365
116.500000	13572.250000	0.175673
116.600000	13595.560000	0.229206
116.700000	13618.890000	0.280391
116.800000	13642.240000	0.328681
116.900000	13665.610000	0.373561
117.000000	13689.000000	0.414551
117.100000	13712.410000	0.451214
117.200000	13735.840000	0.483160
117.300000	13759.290000	0.510047
117.400000	13782.760000	0.531589
117.500000	13806.250000	0.547558
117.600000	13829.760000	0.557785
117.700000	13853.290000	0.562161
117.800000	13876.840000	0.560640
117.900000	13900.410000	0.553242
118.000000	13924.000000	0.540045
118.100000	13947.610000	0.521193
118.200000	13971.240000	0.496887
118.300000	13994.890000	0.467390
118.400000	14018.560000	0.433016
118.500000	14042.250000	0.394134
118.600000	14065.960000	0.351160
118.700000	14089.690000	0.304554
118.800000	14113.440000	0.254814
118.900000	14137.210000	0.202471
119.000000	14161.000000	0.148085
119.100000	14184.810000	0.092236
119.200000	14208.640000	0.035521
119.300000	14232.490000	-0.021456
119.400000	14256.360000	-0.078087
119.500000	14280.250000	-0.133768
119.600000	14304.160000	-0.187906
119.700000	14328.090000	-0.239923
119.800000	14352.040000	-0.289267
119.900000	14376.010000	-0.335413
120.000000	14400.000000	-0.377869
120.100000	14424.010000	-0.416185
120.200000	14448.040000	-0.449955
120.300000	14472.090000	-0.478819
120.400000	14496.160000	-0.502474
120.500000	14520.250000	-0.520668
120.600000	14544.360000	-0.533212
120.700000	14568.490000	-0.539975
120.800000	14592.640000	-0.540888
120.900000	14616.810000	-0.535943
121.000000	14641.000000	-0.525199
121.100000	14665.210000	-0.508772
121.200000	14689.440000	-0.486843
121.300000	14713.690000	-0.459647
121.400000	14737.960000	-0.427481
121.500000	14762.250000	-0.390689
121.600000	14786.560000	-0.349670
121.700000	14810.890000	-0.304863
121.800000	14835.240000	-0.256751
121.900000	14859.610000	-0.205850
122.000000	14884.000000	-0.152708
122.100000	14908.410000	-0.097894
122.200000	14932.840000	-0.041996
122.300000	14957.290000	0.014385
122.400000	14981.760000	0.070646
122.500000	15006.250000	0.126182
122.600000	15030.760000	0.180400
122.700000	15055.290000	0.232718
122.800000	15079.840000	0.282575
122.900000	15104.410000	0.329437
123.000000	15129.000000	0.372803
123.100000	15153.610000	0.412207
123.200000	15178.240000	0.447227
123.300000	15202.890000	0.477488
123.400000	15227.560000	0.502666
123.500000	15252.250000	0.522492
123.600000	15276.960000	0.536751
123.700000	15301.690000	0.545292
123.800000	15326.440000	0.548022
123.900000	15351.210000	0.544911
124.000000	15376.000000	0.535992
124.100000	15400.810000	0.521360
124.200000	15425.640000	0.501170
124.300000	15450.490000	0.475637
124.400000	15475.360000	0.445034
124.500000	15500.250000	0.409688
124.600000	15525.160000	0.369974
124.700000	15550.090000	0.326317
124.800000	15575.040000	0.279183
124.900000	15600.010000	0.229075
125.000000	15625.000000	0.176528
125.100000	15650.010000	0.122102
125.200000	15675.040000	0.066379
125.300000	15700.090000	0.009954
125.400000	15725.160000	-0.046572
125.500000	15750.250000	-0.102594
125.600000	15775.360000	-0.157514
125.700000	15800.490000	-0.210746
125.800000	15825.640000	-0.261720
125.900000	15850.810000	-0.309894
126.000000	15876.000000	-0.354751
126.100000	15901.210000	-0.395812
126.200000	15926.440000	-0.432639
126.300000	15951.690000	-0.464838
126.400000	15976.960000	-0.492064
126.500000	16002.250000	-0.514025
126.600000	16027.560000	-0.530487
126.700000	16052.890000	-0.541273
126.800000	16078.240000	-0.546265
126.900000	16103.610000	-0.545411
127.000000	16129.000000	-0.538717
127.100000	16154.410000	-0.526254
127.200000	16179.840000	-0.508153
127.300000	16205.290000	-0.484606
127.400000	16230.760000	-0.455863
127.500000	16256.250000	-0.422228
127.600000	16281.760000	-0.384060
127.700000	16307.290000	-0.341764
127.800000	16332.840000	-0.295789
127.900000	16358.410000	-0.246626
128.000000	16384.000000	-0.194796
128.100000	16409.610000	-0.140851
128.200000	16435.240000	-0.085366
128.300000	16460.890000	-0.028931
128.400000	16486.560000	0.027852
128.500000	16512.250000	0.084380
128.600000	16537.960000	0.140050
128.700000	16563.690000	0.194268
128.800000	16589.440000	0.246457
128.900000	16615.210000	0.296061
129.000000	16641.000000	0.342551
129.100000	16666.810000	0.385430
129.200000	16692.640000	0.424242
129.300000	16718.490000	0.458571
129.400000	16744.360000	0.488051
129.500000	16770.250000	0.512367
129.600000	16796.160000	0.531257
129.700000	16822.090000	0.544520
129.800000	16848.040000	0.552011
129.900000	16874.010000	0.553649
130.000000	16900.000000	0.549414
130.100000	16926.010000	0.539349
130.200000	16952.040000	0.523559
130.300000	16978.090000	0.502208
130.400000	17004.160000	0.475522
130.500000	17030.250000	0.443782
130.600000	17056.360000	0.407322
130.700000	17082.490000	0.366528
130.800000	17108.640000	0.321830
130.900000	17134.810000	0.273702
131.000000	17161.000000	0.222652
131.100000	17187.210000	0.169221
131.200000	17213.440000	0.113975
131.300000	17239.690000	0.057497
131.400000	17265.960000	0.000386
131.500000	17292.250000	-0.056753
131.600000	17318.560000	-0.113316
131.700000	17344.890000	-0.168702
131.800000	17371.240000	-0.222326
131.900000	17397.610000	-0.273620
132.000000	17424.000000	-0.322040
132.100000	17450.410000	-0.367072
132.200000	17476.840000	-0.408241
132.300000	17503.290000	-0.445110
132.400000	17529.760000	-0.477288
132.500000	17556.250000	-0.504434
132.600000	17582.760000	-0.526260
132.700000	17609.290000	-0.542536
132.800000	17635.840000	-0.553088
132.900000	17662.410000	-0.557805
133.000000	17689.000000	-0.556635
133.100000	17715.610000	-0.549592
133.200000	17742.240000	-0.536750
133.300000	17768.890000	-0.518243
133.400000	17795.560000	-0.494269
133.500000	17822.250000	-0.465079
133.600000	17848.960000	-0.430982
133.700000	17875.690000	-0.392340
133.800000	17902.440000	-0.349559
133.900000	17929.210000	-0.303093
134.000000	17956.000000	-0.253432
134.100000	17982.810000	-0.201102
134.200000	18009.640000	-0.146654
134.300000	18036.490000	-0.090665
134.400000	18063.360000	-0.033724
134.500000	18090.250000	0.023565
134.600000	18117.160000	0.080599
134.700000	18144.090000	0.136776
134.800000	18171.040000	0.191502
134.900000	18198.010000	0.244201
135.000000	18225.000000	0.294317
135.100000	18252.010000	0.341322
135.200000	18279.040000	0.384721
135.300000	18306.090000	0.424057
135.400000	18333.160000	0.458917
135.500000	18360.250000	0.488933
135.600000	18387.360000	0.513792
135.700000	18414.490000	0.533233
135.800000	18441.640000	0.547053
135.900000	18468.810000	0.555109
136.000000	18496.000000	0.557318
136.100000	18523.210000	0.553660
136.200000	18550.440000	0.544177
136.300000	18577.690000	0.528970
136.400000	18604.960000	0.508205
136.500000	18632.250000	0.482102
136.600000	18659.560000	0.450940
136.700000	18686.890000	0.415051
136.800000	18714.240000	0.374817
136.900000	18741.610000	0.330664
137.000000	18769.000000	0.283061
137.100000	18796.410000	0.232513
137.200000	18823.840000	0.179555
137.300000	18851.290000	0.124747
137.400000	18878.760000	0.068669
137.500000	18906.250000	0.011914
137.600000	18933.760000	-0.044919
137.700000	18961.290000	-0.101229
137.800000	18988.840000	-0.156422
137.900000	19016.410000	-0.209918
138.000000	19044.000000	-0.261152
138.100000	19071.610000	-0.309585
138.200000	19099.240000	-0.354709
138.300000	19126.890000	-0.396049
138.400000	19154.560000	-0.433172
138.500000	19182.250000	-0.465690
138.600000	19209.960000	-0.493263
138.700000	19237.690000	-0.515605
138.800000	19265.440000	-0.532485
138.900000	19293.210000	-0.543728
139.000000	19321.000000	-0.549222
139.100000	19348.810000	-0.548914
139.200000	19376.640000	-0.542813
139.300000	19404.490000	-0.530988
139.400000	19432.360000	-0.513572
139.500000	19460.250000	-0.490752
139.600000	19488.160000	-0.462777
139.700000	19516.090000	-0.429947
139.800000	19544.040000	-0.392614
139.900000	19572.010000	-0.351178
140.000000	19600.000000	-0.306081
140.100000	19628.010000	-0.257805
140.200000	19656.040000	-0.206863
140.300000	19684.090000	-0.153798
140.400000	19712.160000	-0.099173
140.500000	19740.250000	-0.043568
140.600000	19768.360000	0.012427
140.700000	19796.490000	0.068218
140.800000	19824.640000	0.123217
140.900000	19852.810000	0.176840
141.000000	19881.000000	0.228523
141.100000	19909.210000	0.277719
141.200000	19937.440000	0.323910
141.300000	19965.690000	0.366611
141.400000	19993.960000	0.405372
141.500000	20022.250000	0.439789
141.600000	20050.560000	0.469501
141.700000	20078.890000	0.494199
141.800000	20107.240000	0.513628
141.900000	20135.610000	0.527586
142.000000	20164.000000	0.535933
142.100000	20192.410000	0.538588
142.200000	20220.840000	0.535527
142.300000	20249.290000	0.526792
142.400000	20277.760000	0.512482
142.500000	20306.250000	0.492754
142.600000	20334.760000	0.467826
142.700000	20363.290000	0.437967
142.800000	20391.840000	0.403501
142.900000	20420.410000	0.364799
143.000000	20449.000000	0.322277
143.100000	20477.610000	0.276392
143.200000	20506.240000	0.227634
143.300000	20534.890000	0.176525
143.400000	20563.560000	0.123611
143.500000	20592.250000	0.069455
143.600000	20620.960000	0.014635
143.700000	20649.690000	-0.040265
143.800000	20678.440000	-0.094664
143.900000	20707.210000	-0.147982
144.000000	20736.000000	-0.199656
144.100000	20764.810000	-0.249136
144.200000	20793.640000	-0.295901
144.300000	20822.490000	-0.339457
144.400000	20851.360000	-0.379344
144.500000	20880.250000	-0.415142
144.600000	20909.160000	-0.446476
144.700000	20938.090000	-0.473019
144.800000	20967.040000	-0.494493
144.900000	20996.010000	-0.510677
145.000000	21025.000000	-0.521405
145.100000	21054.010000	-0.526569
145.200000	21083.040000	-0.526121
145.300000	21112.090000	-0.520073
145.400000	21141.160000	-0.508496
145.500000	21170.250000	-0.491521
145.600000	21199.360000	-0.469334
145.700000	21228.490000	-0.442179
145.800000	21257.640000	-0.410349
145.900000	21286.810000	-0.374191
146.000000	21316.000000	-0.334095
146.100000	21345.210000	-0.290492
146.200000	21374.440000	-0.243851
146.300000	21403.690000	-0.194673
146.400000	21432.960000	-0.143485
146.500000	21462.250000	-0.090835
146.600000	21491.560000	-0.037285
146.700000	21520.890000	0.016591
146.800000	21550.240000	0.070221
146.900000	21579.610000	0.123031
147.000000	21609.000000	0.174461
147.100000	21638.410000	0.223963
147.200000	21667.840000	0.271011
147.300000	21697.290000	0.315107
147.400000	21726.760000	0.355784
147.500000	21756.250000	0.392612
147.600000	21785.760000	0.425203
147.700000	21815.290000	0.453214
147.800000	21844.840000	0.476351
147.900000	21874.410000	0.494373
148.000000	21904.000000	0.507094
148.100000	21933.610000	0.514384
148.200000	21963.240000	0.516172
148.300000	21992.890000	0.512445
148.400000	22022.560000	0.503249
148.500000	22052.250000	0.488689
148.600000	22081.960000	0.468926
148.700000	22111.690000	0.444178
148.800000	22141.440000	0.414714
148.900000	22171.210000	0.380855
149.000000	22201.000000	0.342968
149.100000	22230.810000	0.301462
149.200000	22260.640000	0.256785
149.300000	22290.490000	0.209418
149.400000	22320.360000	0.159870
149.500000	22350.250000	0.108675
149.600000	22380.160000	0.056380
149.700000	22410.090000	0.003548
149.800000	22440.040000	-0.049257
149.900000	22470.010000	-0.101469
150.000000	22500.000000	-0.152531
150.100000	22530.010000	-0.201896
150.200000	22560.040000	-0.249038
150.300000	22590.090000	-0.293455
150.400000	22620.160000	-0.334674
150.500000	22650.250000	-0.372257
150.600000	22680.360000	-0.405804
150.700000	22710.490000	-0.434961
150.800000	22740.640000	-0.459419
150.900000	22770.810000	-0.478920
151.000000	22801.000000	-0.493261
151.100000	22831.210000	-0.502292
151.200000	22861.440000	-0.505921
151.300000	22891.690000	-0.504115
151.400000	22921.960000	-0.496897
151.500000	22952.250000	-0.484349
151.600000	22982.560000	-0.466611
151.700000	23012.890000	-0.443877
151.800000	23043.240000	-0.416394
151.900000	23073.610000	-0.384463
152.000000	23104.000000	-0.348427
152.100000	23134.410000	-0.308678
152.200000	23164.840000	-0.265645
152.300000	23195.290000	-0.219791
152.400000	23225.760000	-0.171611
152.500000	23256.250000	-0.121624
152.600000	23286.760000	-0.070367
152.700000	23317.290000	-0.018391
152.800000	23347.840000	0.033744
152.900000	23378.410000	0.085480
153.000000	23409.000000	0.136260
153.100000	23439.610000	0.185541
153.200000	23470.240000	0.232793
153.300000	23500.890000	0.277511
153.400000	23531.560000	0.319214
153.500000	23562.250000	0.357457
153.600000	23592.960000	0.391830
153.700000	23623.690000	0.421965
153.800000	23654.440000	0.447541
153.900000	23685.210000	0.468283
154.000000	23716.000000	0.483972
154.100000	23746.810000	0.494439
154.200000	23777.640000	0.499574
154.300000	23808.490000	0.499322
154.400000	23839.360000	0.493689
154.500000	23870.250000	0.482734
154.600000	23901.160000	0.466577
154.700000	23932.090000	0.445392
154.800000	23963.040000	0.419407
154.900000	23994.010000	0.388901
155.000000	24025.000000	0.354202
155.100000	24056.010000	0.315683
155.200000	24087.040000	0.273758
155.300000	24118.090000	0.228876
155.400000	24149.160000	0.181519
155.500000	24180.250000	0.132195
155.600000	24211.360000	0.081434
155.700000	24242.490000	0.029780
155.800000	24273.640000	-0.022213
155.900000	24304.810000	-0.073988
156.000000	24336.000000	-0.124987
156.100000	24367.210000	-0.174665
156.200000	24398.440000	-0.222488
156.300000	24429.690000	-0.267943
156.400000	24460.960000	-0.310542
156.500000	24492.250000	-0.349826
156.600000	24523.560000	-0.385375
156.700000	24554.890000	-0.416804
156.800000	24586.240000	-0.443776
156.900000	24617.610000	-0.466000
157.000000	24649.000000	-0.483235
157.100000	24680.410000	-0.495295
157.200000	24711.840000	-0.502047
157.300000	24743.290000	-0.503417
157.400000	24774.760000	-0.499387
157.500000	24806.250000	-0.489996
157.600000	24837.760000	-0.475342
157.700000	24869.290000	-0.455577
157.800000	24900.840000	-0.430911
157.900000	24932.410000	-0.401602
158.000000	24964.000000	-0.367962
158.100000	24995.610000	-0.330345
158.200000	25027.240000	-0.289151
158.300000	25058.890000	-0.244816
158.400000	25090.560000	-0.197811
158.500000	25122.250000	-0.148635
158.600000	25153.960000	-0.097810
158.700000	25185.690000	-0.045877
158.800000	25217.440000	0.006612
158.900000	25249.210000	0.059098
159.000000	25281.000000	0.111023
159.100000	25312.810000	0.161834
159.200000	25344.640000	0.210990
159.300000	25376.490000	0.257965
159.400000	25408.360000	0.302261
159.500000	25440.250000	0.343402
159.600000	25472.160000	0.380950
159.700000	25504.090000	0.414503
159.800000	25536.040000	0.443700
159.900000	25568.010000	0.468230
160.000000	25600.000000	0.487827
160.100000	25632.010000	0.502279
160.200000	25664.040000	0.511429
160.300000	25696.090000	0.515175
160.400000	25728.160000	0.513473
160.500000	25760.250000	0.506335
160.600000	25792.360000	0.493833
160.700000	25824.490000	0.476095
160.800000	25856.640000	0.453302
160.900000	25888.810000	0.425692
161.000000	25921.000000	0.393553
161.100000	25953.210000	0.357219
161.200000	25985.440000	0.317071
161.300000	26017.690000	0.273529
161.400000	26049.960000	0.227049
161.500000	26082.250000	0.178120
161.600000	26114.560000	0.127254
161.700000	26146.890000	0.074986
161.800000	26179.240000	0.021865
161.900000	26211.610000	-0.031550
162.000000	26244.000000	-0.084699
162.100000	26276.410000	-0.137021
162.200000	26308.840000	-0.187966
162.300000	26341.290000	-0.236998
162.400000	26373.760000	-0.283602
162.500000	26406.250000	-0.327285
162.600000	26438.760000	-0.367588
162.700000	26471.290000	-0.404086
162.800000	26503.840000	-0.436394
162.900000	26536.410000	-0.464172
163.000000	26569.000000	-0.487124
163.100000	26601.610000	-0.505010
163.200000	26634.240000	-0.517638
163.300000	26666.890000	-0.524875
163.400000	26699.560000	-0.526641
163.500000	26732.250000	-0.522917
163.600000	26764.960000	-0.513739
163.700000	26797.690000	-0.499201
163.800000	26830.440000	-0.479453
163.900000	26863.210000	-0.454699
164.000000	26896.000000	-0.425196
164.100000	26928.810000	-0.391252
164.200000	26961.640000	-0.353218
164.300000	26994.490000	-0.311490
164.400000	27027.360000	-0.266503
164.500000	27060.250000	-0.218724
164.600000	27093.160000	-0.168652
164.700000	27126.090000	-0.116806
164.800000	27159.040000	-0.063726
164.900000	27192.010000	-0.009964
165.000000	27225.000000	0.043921
165.100000	27258.010000	0.097369
165.200000	27291.040000	0.149825
165.300000	27324.090000	0.200744
165.400000	27357.160000	0.249599
165.500000	27390.250000	0.295882
165.600000	27423.360000	0.339116
165.700000	27456.490000	0.378851
165.800000	27489.640000	0.414678
165.900000	27522.810000	0.446227
166.000000	27556.000000	0.473173
166.100000	27589.210000	0.495239
166.200000	27622.440000	0.512200
166.300000	27655.690000	0.523883
166.400000	27688.960000	0.530170
166.500000	27722.250000	0.531000
166.600000	27755.560000	0.526369
166.700000	27788.890000	0.516326
166.800000	27822.240000	0.500982
166.900000	27855.610000	0.480499
167.000000	27889.000000	0.455092
167.100000	27922.410000	0.425028
167.200000	27955.840000	0.390622
167.300000	27989.290000	0.352232
167.400000	28022.760000	0.310259
167.500000	28056.250000	0.265139
167.600000	28089.760000	0.217339
167.700000	28123.290000	0.167354
167.800000	28156.840000	0.115703
167.900000	28190.410000	0.062917
168.000000	28224.000000	0.009540
168.100000	28257.610000	-0.043877
168.200000	28291.240000	-0.096789
168.300000	28324.890000	-0.148651
168.400000	28358.560000	-0.198934
168.500000	28392.250000	-0.247126
168.600000	28425.960000	-0.292737
168.700000	28459.690000	-0.335305
168.800000	28493.440000	-0.374400
168.900000	28527.210000	-0.409629
169.000000	28561.000000	-0.440641
169.100000	28594.810000	-0.467128
169.200000	28628.640000	-0.488831
169.300000	28662.490000	-0.505538
169.400000	28696.360000	-0.517093
169.500000	28730.250000	-0.523391
169.600000	28764.160000	-0.524382
169.700000	28798.090000	-0.520071
169.800000	28832.040000	-0.510517
169.900000	28866.010000	-0.495835
170.000000	28900.000000	-0.476188
170.100000	28934.010000	-0.451795
170.200000	28968.040000	-0.422918
170.300000	29002.090000	-0.389867
170.400000	29036.160000	-0.352994
170.500000	29070.250000	-0.312687
170.600000	29104.360000	-0.269369
170.700000	29138.490000	-0.223493
170.800000	29172.640000	-0.175535
170.900000	29206.810000	-0.125991
171.000000	29241.000000	-0.075371
171.100000	29275.210000	-0.024193
171.200000	29309.440000	0.027021
171.300000	29343.690000	0.077750
171.400000	29377.960000	0.127483
171.500000	29412.250000	0.175721
171.600000	29446.560000	0.221981
171.700000	29480.890000	0.265805
171.800000	29515.240000	0.306763
171.900000	29549.610000	0.344455
172.000000	29584.000000	0.378520
172.100000	29618.410000	0.408632
172.200000	29652.840000	0.434512
172.300000	29687.290000	0.455924
172.400000	29721.760000	0.472680
172.500000	29756.250000	0.484642
172.600000	29790.760000	0.491722
172.700000	29825.290000	0.493883
172.800000	29859.840000	0.491138
172.900000	29894.410000	0.483553
173.000000	29929.000000	0.471242
173.100000	29963.610000	0.454367
173.200000	29998.240000	0.433136
173.300000	30032.890000	0.407802
173.400000	30067.560000	0.378657
173.500000	30102.250000	0.346032
173.600000	30136.960000	0.310288
173.700000	30171.690000	0.271819
173.800000	30206.440000	0.231042
173.900000	30241.210000	0.188395
174.000000	30276.000000	0.144332
174.100000	30310.810000	0.099316
174.200000	30345.640000	0.053817
174.300000	30380.490000	0.008305
174.400000	30415.360000	-0.036754
174.500000	30450.250000	-0.080905
174.600000	30485.160000	-0.123706
174.700000	30520.090000	-0.164735
174.800000	30555.040000	-0.203591
174.900000	30590.010000	-0.239903
175.000000	30625.000000	-0.273330
175.100000	30660.010000	-0.303567
175.200000	30695.040000	-0.330344
175.300000	30730.090000	-0.353434
175.400000	30765.160000	-0.372652
175.500000	30800.250000	-0.387855
175.600000	30835.360000	-0.398948
175.700000	30870.490000	-0.405880
175.800000	30905.640000	-0.408646
175.900000	30940.810000	-0.407287
176.000000	30976.000000	-0.401891
176.100000	31011.210000	-0.392585
176.200000	31046.440000	-0.379542
176.300000	31081.690000	-0.362971
176.400000	31116.960000	-0.343119
176.500000	31152.250000	-0.320268
176.600000	31187.560000	-0.294727
176.700000	31222.890000	-0.266834
176.800000	31258.240000	-0.236947
176.900000	31293.610000	-0.205445
177.000000	31329.000000	-0.172717
177.100000	31364.410000	-0.139164
177.200000	31399.840000	-0.105190
177.300000	31435.290000	-0.071198
177.400000	31470.760000	-0.037589
177.500000	31506.250000	-0.004751
177.600000	31541.760000	0.026940
177.700000	31577.290000	0.057126
177.800000	31612.840000	0.085472
177.900000	31648.410000	0.111667
178.000000	31684.000000	0.135432
178.100000	31719.610000	0.156519
178.200000	31755.240000	0.174714
178.300000	31790.890000	0.189843
178.400000	31826.560000	0.201767
178.500000	31862.250000	0.210391
178.600000	31897.960000	0.215661
178.700000	31933.690000	0.217564
178.800000	31969.440000	0.216127
178.900000	32005.210000	0.211423
179.000000	32041.000000	0.203560
179.100000	32076.810000	0.192688
179.200000	32112.640000	0.178992
179.300000	32148.490000	0.162693
179.400000	32184.360000	0.144043
179.500000	32220.250000	0.123321
179.600000	32256.160000	0.100834
179.700000	32292.090000	0.076908
179.800000	32328.040000	0.051887
179.900000	32364.010000	0.026129
180.000000	32400.000000	0.000000
#Sums: 162090.000000	19456203.000000	1829.524679
