# alpha	alpha^2	B*sin(alpha)
0.000000	0.000000	0.000000
0.100000	0.010000	0.433453
0.200000	0.040000	0.863949
0.300000	0.090000	1.288567
0.400000	0.160000	1.704452
0.500000	0.250000	2.108854
0.600000	0.360000	2.499152
0.700000	0.490000	2.872890
0.800000	0.640000	3.227803
0.900000	0.810000	3.561840
1.000000	1.000000	3.873187
1.100000	1.210000	4.160289
1.200000	1.440000	4.421859
1.300000	1.690000	4.656896
1.400000	1.960000	4.864690
1.500000	2.250000	5.044826
1.600000	2.560000	5.197184
1.700000	2.890000	5.321937
1.800000	3.240000	5.419542
1.900000	3.610000	5.490729
2.000000	4.000000	5.536486
2.100000	4.410000	5.558044
2.200000	4.840000	5.556853
2.300000	5.290000	5.534561
2.400000	5.760000	5.492987
2.500000	6.250000	5.434095
2.600000	6.760000	5.359964
2.700000	7.290000	5.272758
2.800000	7.840000	5.174699
2.900000	8.410000	5.068033
3.000000	9.000000	4.955000
3.100000	9.610000	4.837808
3.200000	10.240000	4.718600
3.300000	10.890000	4.599431
3.400000	11.560000	4.482243
3.500000	12.250000	4.368840
3.600000	12.960000	4.260871
3.700000	13.690000	4.159809
3.800000	14.440000	4.066942
3.900000	15.210000	3.983355
4.000000	16.000000	3.909930
4.100000	16.810000	3.847333
4.200000	17.640000	3.796019
4.300000	18.490000	3.756230
4.400000	19.360000	3.728002
4.500000	20.250000	3.711170
4.600000	21.160000	3.705384
4.700000	22.090000	3.710114
4.800000	23.040000	3.724674
4.900000	24.010000	3.748232
5.000000	25.000000	3.779836
5.100000	26.010000	3.818429
5.200000	27.040000	3.862871
5.300000	28.090000	3.911966
5.400000	29.160000	3.964478
5.500000	30.250000	4.019155
5.600000	31.360000	4.074755
5.700000	32.490000	4.130060
5.800000	33.640000	4.183902
5.900000	34.810000	4.235177
6.000000	36.000000	4.282864
6.100000	37.210000	4.326039
6.200000	38.440000	4.363887
6.300000	39.690000	4.395716
6.400000	40.960000	4.420960
6.500000	42.250000	4.439187
6.600000	43.560000	4.450103
6.700000	44.890000	4.453553
6.800000	46.240000	4.449517
6.900000	47.610000	4.438105
7.000000	49.000000	4.419556
7.100000	50.410000	4.394226
7.200000	51.840000	4.362577
7.300000	53.290000	4.325167
7.400000	54.760000	4.282638
7.500000	56.250000	4.235699
7.600000	57.760000	4.185112
7.700000	59.290000	4.131678
7.800000	60.840000	4.076218
7.900000	62.410000	4.019562
8.000000	64.000000	3.962526
8.100000	65.610000	3.905906
8.200000	67.240000	3.850457
8.300000	68.890000	3.796883
8.400000	70.560000	3.745824
8.500000	72.250000	3.697848
8.600000	73.960000	3.653439
8.700000	75.690000	3.612994
8.800000	77.440000	3.576812
8.900000	79.210000	3.545098
9.000000	81.000000	3.517956
9.100000	82.810000	3.495394
9.200000	84.640000	3.477322
9.300000	86.490000	3.463559
9.400000	88.360000	3.453840
9.500000	90.250000	3.447817
9.600000	92.160000	3.445078
9.700000	94.090000	3.445147
9.800000	96.040000	3.447499
9.900000	98.010000	3.451573
10.000000	100.000000	3.456782
10.100000	102.010000	3.462525
10.200000	104.040000	3.468200
10.300000	106.090000	3.473217
10.400000	108.160000	3.477007
10.500000	110.250000	3.479037
10.600000	112.360000	3.478816
10.700000	114.490000	3.475908
10.800000	116.640000	3.469938
10.900000	118.810000	3.460599
11.000000	121.000000	3.447657
11.100000	123.210000	3.430955
11.200000	125.440000	3.410417
11.300000	127.690000	3.386046
11.400000	129.960000	3.357924
11.500000	132.250000	3.326210
11.600000	134.560000	3.291137
11.700000	136.890000	3.253005
11.800000	139.240000	3.212173
11.900000	141.610000	3.169058
12.000000	144.000000	3.124118
12.100000	146.410000	3.077848
12.200000	148.840000	3.030767
12.300000	151.290000	2.983412
12.400000	153.760000	2.936320
12.500000	156.250000	2.890026
12.600000	158.760000	2.845044
12.700000	161.290000	2.801865
12.800000	163.840000	2.760941
12.900000	166.410000	2.722680
13.000000	169.000000	2.687438
13.100000	171.610000	2.655509
13.200000	174.240000	2.627126
13.300000	176.890000	2.602448
13.400000	179.560000	2.581565
13.500000	182.250000	2.564492
13.600000	184.960000	2.551171
13.700000	187.690000	2.541472
13.800000	190.440000	2.535193
13.900000	193.210000	2.532068
14.000000	196.000000	2.531771
14.100000	198.810000	2.533921
14.200000	201.640000	2.538090
14.300000	204.490000	2.543814
14.400000	207.360000	2.550595
14.500000	210.250000	2.557921
14.600000	213.160000	2.565265
14.700000	216.090000	2.572104
14.800000	219.040000	2.577921
14.900000	222.010000	2.582222
15.000000	225.000000	2.584541
15.100000	228.010000	2.584451
15.200000	231.040000	2.581570
15.300000	234.090000	2.575569
15.400000	237.160000	2.566181
15.500000	240.250000	2.553202
15.600000	243.360000	2.536496
15.700000	246.490000	2.516000
15.800000	249.640000	2.491723
15.900000	252.810000	2.463745
16.000000	256.000000	2.432220
16.100000	259.210000	2.397367
16.200000	262.440000	2.359471
16.300000	265.690000	2.318877
16.400000	268.960000	2.275982
16.500000	272.250000	2.231227
16.600000	275.560000	2.185094
16.700000	278.890000	2.138091
16.800000	282.240000	2.090747
16.900000	285.610000	2.043602
17.000000	289.000000	1.997194
17.100000	292.410000	1.952053
17.200000	295.840000	1.908690
17.300000	299.290000	1.867586
17.400000	302.760000	1.829188
17.500000	306.250000	1.793895
17.600000	309.760000	1.762055
17.700000	313.290000	1.733959
17.800000	316.840000	1.709832
17.900000	320.410000	1.689832
18.000000	324.000000	1.674048
18.100000	327.610000	1.662496
18.200000	331.240000	1.655120
18.300000	334.890000	1.651794
18.400000	338.560000	1.652323
18.500000	342.250000	1.656446
18.600000	345.960000	1.663844
18.700000	349.690000	1.674142
18.800000	353.440000	1.686918
18.900000	357.210000	1.701712
19.000000	361.000000	1.718028
19.100000	364.810000	1.735353
19.200000	368.640000	1.753157
19.300000	372.490000	1.770907
19.400000	376.360000	1.788076
19.500000	380.250000	1.804152
19.600000	384.160000	1.818647
19.700000	388.090000	1.831107
19.800000	392.040000	1.841116
19.900000	396.010000	1.848309
20.000000	400.000000	1.852372
20.100000	404.010000	1.853054
20.200000	408.040000	1.850166
20.300000	412.090000	1.843587
20.400000	416.160000	1.833262
20.500000	420.250000	1.819210
20.600000	424.360000	1.801514
20.700000	428.490000	1.780328
20.800000	432.640000	1.755867
20.900000	436.810000	1.728407
21.000000	441.000000	1.698276
21.100000	445.210000	1.665853
21.200000	449.440000	1.631557
21.300000	453.690000	1.595838
21.400000	457.960000	1.559173
21.500000	462.250000	1.522056
21.600000	466.560000	1.484984
21.700000	470.890000	1.448455
21.800000	475.240000	1.412956
21.900000	479.610000	1.378951
22.000000	484.000000	1.346879
22.100000	488.410000	1.317142
22.200000	492.840000	1.290096
22.300000	497.290000	1.266050
22.400000	501.760000	1.245258
22.500000	506.250000	1.227913
22.600000	510.760000	1.214147
22.700000	515.290000	1.204025
22.800000	519.840000	1.197547
22.900000	524.410000	1.194650
23.000000	529.000000	1.195203
23.100000	533.610000	1.199017
23.200000	538.240000	1.205844
23.300000	542.890000	1.215382
23.400000	547.560000	1.227284
23.500000	552.250000	1.241161
23.600000	556.960000	1.256593
23.700000	561.690000	1.273132
23.800000	566.440000	1.290314
23.900000	571.210000	1.307667
24.000000	576.000000	1.324720
24.100000	580.810000	1.341008
24.200000	585.640000	1.356087
24.300000	590.490000	1.369536
24.400000	595.360000	1.380969
24.500000	600.250000	1.390039
24.600000	605.160000	1.396446
24.700000	610.090000	1.399942
24.800000	615.040000	1.400335
24.900000	620.010000	1.397493
25.000000	625.000000	1.391345
25.100000	630.010000	1.381885
25.200000	635.040000	1.369167
25.300000	640.090000	1.353309
25.400000	645.160000	1.334489
25.500000	650.250000	1.312940
25.600000	655.360000	1.288945
25.700000	660.490000	1.262837
25.800000	665.640000	1.234986
25.900000	670.810000	1.205797
26.000000	676.000000	1.175698
26.100000	681.210000	1.145139
26.200000	686.440000	1.114576
26.300000	691.690000	1.084467
26.400000	696.960000	1.055262
26.500000	702.250000	1.027397
26.600000	707.560000	1.001282
26.700000	712.890000	0.977298
26.800000	718.240000	0.955786
26.900000	723.610000	0.937044
27.000000	729.000000	0.921319
27.100000	734.410000	0.908805
27.200000	739.840000	0.899636
27.300000	745.290000	0.893890
27.400000	750.760000	0.891578
27.500000	756.250000	0.892654
27.600000	761.760000	0.897009
27.700000	767.290000	0.904475
27.800000	772.840000	0.914830
27.900000	778.410000	0.927798
28.000000	784.000000	0.943059
28.100000	789.610000	0.960252
28.200000	795.240000	0.978980
28.300000	800.890000	0.998821
28.400000	806.560000	1.019334
28.500000	812.250000	1.040067
28.600000	817.960000	1.060564
28.700000	823.690000	1.080375
28.800000	829.440000	1.099066
28.900000	835.210000	1.116220
29.000000	841.000000	1.131454
29.100000	846.810000	1.144416
29.200000	852.640000	1.154801
29.300000	858.490000	1.162347
29.400000	864.360000	1.166849
29.500000	870.250000	1.168154
29.600000	876.160000	1.166171
29.700000	882.090000	1.160867
29.800000	888.040000	1.152270
29.900000	894.010000	1.140468
30.000000	900.000000	1.125608
30.100000	906.010000	1.107893
30.200000	912.040000	1.087576
30.300000	918.090000	1.064957
30.400000	924.160000	1.040379
30.500000	930.250000	1.014219
30.600000	936.360000	0.986883
30.700000	942.490000	0.958796
30.800000	948.640000	0.930397
30.900000	954.810000	0.902129
31.000000	961.000000	0.874433
31.100000	967.210000	0.847737
31.200000	973.440000	0.822450
31.300000	979.690000	0.798956
31.400000	985.960000	0.777603
31.500000	992.250000	0.758700
31.600000	998.560000	0.742510
31.700000	1004.890000	0.729246
31.800000	1011.240000	0.719067
31.900000	1017.610000	0.712074
32.000000	1024.000000	0.708310
32.100000	1030.410000	0.707757
32.200000	1036.840000	0.710338
32.300000	1043.290000	0.715920
32.400000	1049.760000	0.724311
32.500000	1056.250000	0.735271
32.600000	1062.760000	0.748510
32.700000	1069.290000	0.763696
32.800000	1075.840000	0.780462
32.900000	1082.410000	0.798411
33.000000	1089.000000	0.817124
33.100000	1095.610000	0.836168
33.200000	1102.240000	0.855101
33.300000	1108.890000	0.873487
33.400000	1115.560000	0.890895
33.500000	1122.250000	0.906913
33.600000	1128.960000	0.921156
33.700000	1135.690000	0.933268
33.800000	1142.440000	0.942931
33.900000	1149.210000	0.949874
34.000000	1156.000000	0.953874
34.100000	1162.810000	0.954758
34.200000	1169.640000	0.952415
34.300000	1176.490000	0.946788
34.400000	1183.360000	0.937881
34.500000	1190.250000	0.925757
34.600000	1197.160000	0.910539
34.700000	1204.090000	0.892404
34.800000	1211.040000	0.871582
34.900000	1218.010000	0.848355
35.000000	1225.000000	0.823044
35.100000	1232.010000	0.796012
35.200000	1239.040000	0.767651
35.300000	1246.090000	0.738379
35.400000	1253.160000	0.708631
35.500000	1260.250000	0.678850
35.600000	1267.360000	0.649481
35.700000	1274.490000	0.620962
35.800000	1281.640000	0.593716
35.900000	1288.810000	0.568145
36.000000	1296.000000	0.544621
36.100000	1303.210000	0.523479
36.200000	1310.440000	0.505012
36.300000	1317.690000	0.489468
36.400000	1324.960000	0.477041
36.500000	1332.250000	0.467870
36.600000	1339.560000	0.462038
36.700000	1346.890000	0.459567
36.800000	1354.240000	0.460421
36.900000	1361.610000	0.464505
37.000000	1369.000000	0.471666
37.100000	1376.410000	0.481700
37.200000	1383.840000	0.494350
37.300000	1391.290000	0.509313
37.400000	1398.760000	0.526248
37.500000	1406.250000	0.544779
37.600000	1413.760000	0.564502
37.700000	1421.290000	0.584995
37.800000	1428.840000	0.605821
37.900000	1436.410000	0.626542
38.000000	1444.000000	0.646721
38.100000	1451.610000	0.665934
38.200000	1459.240000	0.683775
38.300000	1466.890000	0.699865
38.400000	1474.560000	0.713858
38.500000	1482.250000	0.725446
38.600000	1489.960000	0.734368
38.700000	1497.690000	0.740413
38.800000	1505.440000	0.743419
38.900000	1513.210000	0.743286
39.000000	1521.000000	0.739966
39.100000	1528.810000	0.733475
39.200000	1536.640000	0.723884
39.300000	1544.490000	0.711321
39.400000	1552.360000	0.695971
39.500000	1560.250000	0.678068
39.600000	1568.160000	0.657894
39.700000	1576.090000	0.635771
39.800000	1584.040000	0.612060
39.900000	1592.010000	0.587148
40.000000	1600.000000	0.561448
40.100000	1608.010000	0.535383
40.200000	1616.040000	0.509389
40.300000	1624.090000	0.483895
40.400000	1632.160000	0.459327
40.500000	1640.250000	0.436091
40.600000	1648.360000	0.414571
40.700000	1656.490000	0.395120
40.800000	1664.640000	0.378055
40.900000	1672.810000	0.363648
41.000000	1681.000000	0.352125
41.100000	1689.210000	0.343660
41.200000	1697.440000	0.338373
41.300000	1705.690000	0.336325
41.400000	1713.960000	0.337520
41.500000	1722.250000	0.341904
41.600000	1730.560000	0.349363
41.700000	1738.890000	0.359731
41.800000	1747.240000	0.372787
41.900000	1755.610000	0.388263
42.000000	1764.000000	0.405846
42.100000	1772.410000	0.425186
42.200000	1780.840000	0.445901
42.300000	1789.290000	0.467582
42.400000	1797.760000	0.489804
42.500000	1806.250000	0.512132
42.600000	1814.760000	0.534127
42.700000	1823.290000	0.555357
42.800000	1831.840000	0.575401
42.900000	1840.410000	0.593860
43.000000	1849.000000	0.610364
43.100000	1857.610000	0.624575
43.200000	1866.240000	0.636195
43.300000	1874.890000	0.644974
43.400000	1883.560000	0.650710
43.500000	1892.250000	0.653256
43.600000	1900.960000	0.652520
43.700000	1909.690000	0.648469
43.800000	1918.440000	0.641128
43.900000	1927.210000	0.630579
44.000000	1936.000000	0.616963
44.100000	1944.810000	0.600471
44.200000	1953.640000	0.581349
44.300000	1962.490000	0.559885
44.400000	1971.360000	0.536412
44.500000	1980.250000	0.511295
44.600000	1989.160000	0.484928
44.700000	1998.090000	0.457728
44.800000	2007.040000	0.430124
44.900000	2016.010000	0.402554
45.000000	2025.000000	0.375453
45.100000	2034.010000	0.349247
45.200000	2043.040000	0.324346
45.300000	2052.090000	0.301136
45.400000	2061.160000	0.279973
45.500000	2070.250000	0.261175
45.600000	2079.360000	0.245019
45.700000	2088.490000	0.231733
45.800000	2097.640000	0.221495
45.900000	2106.810000	0.214428
46.000000	2116.000000	0.210599
46.100000	2125.210000	0.210018
46.200000	2134.440000	0.212637
46.300000	2143.690000	0.218350
46.400000	2152.960000	0.226999
46.500000	2162.250000	0.238372
46.600000	2171.560000	0.252210
46.700000	2180.890000	0.268213
46.800000	2190.240000	0.286039
46.900000	2199.610000	0.305319
47.000000	2209.000000	0.325655
47.100000	2218.410000	0.346636
47.200000	2227.840000	0.367836
47.300000	2237.290000	0.388829
47.400000	2246.760000	0.409193
47.500000	2256.250000	0.428518
47.600000	2265.760000	0.446416
47.700000	2275.290000	0.462523
47.800000	2284.840000	0.476508
47.900000	2294.410000	0.488081
48.000000	2304.000000	0.496993
48.100000	2313.610000	0.503047
48.200000	2323.240000	0.506094
48.300000	2332.890000	0.506042
48.400000	2342.560000	0.502854
48.500000	2352.250000	0.496548
48.600000	2361.960000	0.487200
48.700000	2371.690000	0.474939
48.800000	2381.440000	0.459947
48.900000	2391.210000	0.442454
49.000000	2401.000000	0.422735
49.100000	2410.810000	0.401105
49.200000	2420.640000	0.377910
49.300000	2430.490000	0.353529
49.400000	2440.360000	0.328355
49.500000	2450.250000	0.302800
49.600000	2460.160000	0.277280
49.700000	2470.090000	0.252211
49.800000	2480.040000	0.227998
49.900000	2490.010000	0.205033
50.000000	2500.000000	0.183684
50.100000	2510.010000	0.164290
50.200000	2520.040000	0.147154
50.300000	2530.090000	0.132539
50.400000	2540.160000	0.120664
50.500000	2550.250000	0.111697
50.600000	2560.360000	0.105755
50.700000	2570.490000	0.102900
50.800000	2580.640000	0.103142
50.900000	2590.810000	0.106433
51.000000	2601.000000	0.112672
51.100000	2611.210000	0.121707
51.200000	2621.440000	0.133335
51.300000	2631.690000	0.147309
51.400000	2641.960000	0.163339
51.500000	2652.250000	0.181102
51.600000	2662.560000	0.200243
51.700000	2672.890000	0.220384
51.800000	2683.240000	0.241131
51.900000	2693.610000	0.262079
52.000000	2704.000000	0.282820
52.100000	2714.410000	0.302954
52.200000	2724.840000	0.322089
52.300000	2735.290000	0.339855
52.400000	2745.760000	0.355905
52.500000	2756.250000	0.369925
52.600000	2766.760000	0.381637
52.700000	2777.290000	0.390806
52.800000	2787.840000	0.397242
52.900000	2798.410000	0.400803
53.000000	2809.000000	0.401401
53.100000	2819.610000	0.398999
53.200000	2830.240000	0.393614
53.300000	2840.890000	0.385317
53.400000	2851.560000	0.374229
53.500000	2862.250000	0.360520
53.600000	2872.960000	0.344407
53.700000	2883.690000	0.326149
53.800000	2894.440000	0.306041
53.900000	2905.210000	0.284410
54.000000	2916.000000	0.261611
54.100000	2926.810000	0.238016
54.200000	2937.640000	0.214010
54.300000	2948.490000	0.189985
54.400000	2959.360000	0.166331
54.500000	2970.250000	0.143428
54.600000	2981.160000	0.121645
54.700000	2992.090000	0.101325
54.800000	3003.040000	0.082787
54.900000	3014.010000	0.066315
55.000000	3025.000000	0.052155
55.100000	3036.010000	0.040510
55.200000	3047.040000	0.031538
55.300000	3058.090000	0.025349
55.400000	3069.160000	0.022000
55.500000	3080.250000	0.021498
55.600000	3091.360000	0.023802
55.700000	3102.490000	0.028815
55.800000	3113.640000	0.036396
55.900000	3124.810000	0.046356
56.000000	3136.000000	0.058466
56.100000	3147.210000	0.072458
56.200000	3158.440000	0.088031
56.300000	3169.690000	0.104857
56.400000	3180.960000	0.122588
56.500000	3192.250000	0.140859
56.600000	3203.560000	0.159298
56.700000	3214.890000	0.177533
56.800000	3226.240000	0.195193
56.900000	3237.610000	0.211923
57.000000	3249.000000	0.227385
57.100000	3260.410000	0.241265
57.200000	3271.840000	0.253278
57.300000	3283.290000	0.263177
57.400000	3294.760000	0.270752
57.500000	3306.250000	0.275835
57.600000	3317.760000	0.278308
57.700000	3329.290000	0.278096
57.800000	3340.840000	0.275177
57.900000	3352.410000	0.269577
58.000000	3364.000000	0.261369
58.100000	3375.610000	0.250677
58.200000	3387.240000	0.237668
58.300000	3398.890000	0.222549
58.400000	3410.560000	0.205568
58.500000	3422.250000	0.187004
58.600000	3433.960000	0.167167
58.700000	3445.690000	0.146386
58.800000	3457.440000	0.125010
58.900000	3469.210000	0.103396
59.000000	3481.000000	0.081904
59.100000	3492.810000	0.060895
59.200000	3504.640000	0.040716
59.300000	3516.490000	0.021702
59.400000	3528.360000	0.004166
59.500000	3540.250000	-0.011609
59.600000	3552.160000	-0.025368
59.700000	3564.090000	-0.036895
59.800000	3576.040000	-0.046014
59.900000	3588.010000	-0.052592
60.000000	3600.000000	-0.056542
60.100000	3612.010000	-0.057823
60.200000	3624.040000	-0.056444
60.300000	3636.090000	-0.052458
60.400000	3648.160000	-0.045968
60.500000	3660.250000	-0.037117
60.600000	3672.360000	-0.026094
60.700000	3684.490000	-0.013122
60.800000	3696.640000	0.001540
60.900000	3708.810000	0.017605
61.000000	3721.000000	0.034763
61.100000	3733.210000	0.052684
61.200000	3745.440000	0.071029
61.300000	3757.690000	0.089450
61.400000	3769.960000	0.107603
61.500000	3782.250000	0.125147
61.600000	3794.560000	0.141759
61.700000	3806.890000	0.157129
61.800000	3819.240000	0.170977
61.900000	3831.610000	0.183048
62.000000	3844.000000	0.193122
62.100000	3856.410000	0.201019
62.200000	3868.840000	0.206598
62.300000	3881.290000	0.209759
62.400000	3893.760000	0.210452
62.500000	3906.250000	0.208669
62.600000	3918.760000	0.204447
62.700000	3931.290000	0.197871
62.800000	3943.840000	0.189067
62.900000	3956.410000	0.178201
63.000000	3969.000000	0.165478
63.100000	3981.610000	0.151136
63.200000	3994.240000	0.135441
63.300000	4006.890000	0.118684
63.400000	4019.560000	0.101176
63.500000	4032.250000	0.083237
63.600000	4044.960000	0.065197
63.700000	4057.690000	0.047387
63.800000	4070.440000	0.030132
63.900000	4083.210000	0.013745
64.000000	4096.000000	-0.001477
64.100000	4108.810000	-0.015259
64.200000	4121.640000	-0.027354
64.300000	4134.490000	-0.037546
64.400000	4147.360000	-0.045655
64.500000	4160.250000	-0.051540
64.600000	4173.160000	-0.055102
64.700000	4186.090000	-0.056284
64.800000	4199.040000	-0.055073
64.900000	4212.010000	-0.051501
65.000000	4225.000000	-0.045644
65.100000	4238.010000	-0.037619
65.200000	4251.040000	-0.027583
65.300000	4264.090000	-0.015730
65.400000	4277.160000	-0.002288
65.500000	4290.250000	0.012487
65.600000	4303.360000	0.028314
65.700000	4316.490000	0.044893
65.800000	4329.640000	0.061911
65.900000	4342.810000	0.079045
66.000000	4356.000000	0.095972
66.100000	4369.210000	0.112374
66.200000	4382.440000	0.127940
66.300000	4395.690000	0.142375
66.400000	4408.960000	0.155408
66.500000	4422.250000	0.166788
66.600000	4435.560000	0.176300
66.700000	4448.890000	0.183760
66.800000	4462.240000	0.189021
66.900000	4475.610000	0.191978
67.000000	4489.000000	0.192566
67.100000	4502.410000	0.190765
67.200000	4515.840000	0.186597
67.300000	4529.290000	0.180127
67.400000	4542.760000	0.171461
67.500000	4556.250000	0.160747
67.600000	4569.760000	0.148166
67.700000	4583.290000	0.133937
67.800000	4596.840000	0.118304
67.900000	4610.410000	0.101538
68.000000	4624.000000	0.083931
68.100000	4637.610000	0.065788
68.200000	4651.240000	0.047422
68.300000	4664.890000	0.029152
68.400000	4678.560000	0.011293
68.500000	4692.250000	-0.005849
68.600000	4705.960000	-0.021981
68.700000	4719.690000	-0.036830
68.800000	4733.440000	-0.050145
68.900000	4747.210000	-0.061707
69.000000	4761.000000	-0.071326
69.100000	4774.810000	-0.078851
69.200000	4788.640000	-0.084168
69.300000	4802.490000	-0.087204
69.400000	4816.360000	-0.087929
69.500000	4830.250000	-0.086354
69.600000	4844.160000	-0.082532
69.700000	4858.090000	-0.076559
69.800000	4872.040000	-0.068567
69.900000	4886.010000	-0.058729
70.000000	4900.000000	-0.047247
70.100000	4914.010000	-0.034356
70.200000	4928.040000	-0.020315
70.300000	4942.090000	-0.005403
70.400000	4956.160000	0.010084
70.500000	4970.250000	0.025843
70.600000	4984.360000	0.041562
70.700000	4998.490000	0.056936
70.800000	5012.640000	0.071662
70.900000	5026.810000	0.085453
71.000000	5041.000000	0.098038
71.100000	5055.210000	0.109170
71.200000	5069.440000	0.118628
71.300000	5083.690000	0.126224
71.400000	5097.960000	0.131804
71.500000	5112.250000	0.135250
71.600000	5126.560000	0.136487
71.700000	5140.890000	0.135479
71.800000	5155.240000	0.132230
71.900000	5169.610000	0.126790
72.000000	5184.000000	0.119246
72.100000	5198.410000	0.109725
72.200000	5212.840000	0.098391
72.300000	5227.290000	0.085441
72.400000	5241.760000	0.071103
72.500000	5256.250000	0.055630
72.600000	5270.760000	0.039296
72.700000	5285.290000	0.022391
72.800000	5299.840000	0.005217
72.900000	5314.410000	-0.011921
73.000000	5329.000000	-0.028716
73.100000	5343.610000	-0.044868
73.200000	5358.240000	-0.060090
73.300000	5372.890000	-0.074109
73.400000	5387.560000	-0.086676
73.500000	5402.250000	-0.097568
73.600000	5416.960000	-0.106590
73.700000	5431.690000	-0.113585
73.800000	5446.440000	-0.118429
73.900000	5461.210000	-0.121040
74.000000	5476.000000	-0.121375
74.100000	5490.810000	-0.119432
74.200000	5505.640000	-0.115252
74.300000	5520.490000	-0.108915
74.400000	5535.360000	-0.100543
74.500000	5550.250000	-0.090290
74.600000	5565.160000	-0.078349
74.700000	5580.090000	-0.064940
74.800000	5595.040000	-0.050313
74.900000	5610.010000	-0.034737
75.000000	5625.000000	-0.018500
75.100000	5640.010000	-0.001900
75.200000	5655.040000	0.014757
75.300000	5670.090000	0.031164
75.400000	5685.160000	0.047021
75.500000	5700.250000	0.062036
75.600000	5715.360000	0.075934
75.700000	5730.490000	0.088458
75.800000	5745.640000	0.099381
75.900000	5760.810000	0.108501
76.000000	5776.000000	0.115652
76.100000	5791.210000	0.120702
76.200000	5806.440000	0.123558
76.300000	5821.690000	0.124169
76.400000	5836.960000	0.122524
76.500000	5852.250000	0.118651
76.600000	5867.560000	0.112623
76.700000	5882.890000	0.104549
76.800000	5898.240000	0.094577
76.900000	5913.610000	0.082890
77.000000	5929.000000	0.069702
77.100000	5944.410000	0.055253
77.200000	5959.840000	0.039809
77.300000	5975.290000	0.023651
77.400000	5990.760000	0.007076
77.500000	6006.250000	-0.009613
77.600000	6021.760000	-0.026110
77.700000	6037.290000	-0.042114
77.800000	6052.840000	-0.057332
77.900000	6068.410000	-0.071484
78.000000	6084.000000	-0.084311
78.100000	6099.610000	-0.095579
78.200000	6115.240000	-0.105080
78.300000	6130.890000	-0.112640
78.400000	6146.560000	-0.118120
78.500000	6162.250000	-0.121418
78.600000	6177.960000	-0.122473
78.700000	6193.690000	-0.121265
78.800000	6209.440000	-0.117815
78.900000	6225.210000	-0.112185
79.000000	6241.000000	-0.104476
79.100000	6256.810000	-0.094828
79.200000	6272.640000	-0.083416
79.300000	6288.490000	-0.070447
79.400000	6304.360000	-0.056158
79.500000	6320.250000	-0.040809
79.600000	6336.160000	-0.024679
79.700000	6352.090000	-0.008062
79.800000	6368.040000	0.008738
79.900000	6384.010000	0.025415
80.000000	6400.000000	0.041665
80.100000	6416.010000	0.057189
80.200000	6432.040000	0.071705
80.300000	6448.090000	0.084947
80.400000	6464.160000	0.096671
80.500000	6480.250000	0.106662
80.600000	6496.360000	0.114737
80.700000	6512.490000	0.120746
80.800000	6528.640000	0.124577
80.900000	6544.810000	0.126158
81.000000	6561.000000	0.125459
81.100000	6577.210000	0.122487
81.200000	6593.440000	0.117297
81.300000	6609.690000	0.109978
81.400000	6625.960000	0.100662
81.500000	6642.250000	0.089515
81.600000	6658.560000	0.076738
81.700000	6674.890000	0.062561
81.800000	6691.240000	0.047239
81.900000	6707.610000	0.031049
82.000000	6724.000000	0.014284
82.100000	6740.410000	-0.002753
82.200000	6756.840000	-0.019754
82.300000	6773.290000	-0.036410
82.400000	6789.760000	-0.052419
82.500000	6806.250000	-0.067491
82.600000	6822.760000	-0.081352
82.700000	6839.290000	-0.093750
82.800000	6855.840000	-0.104459
82.900000	6872.410000	-0.113284
83.000000	6889.000000	-0.120063
83.100000	6905.610000	-0.124672
83.200000	6922.240000	-0.127025
83.300000	6938.890000	-0.127078
83.400000	6955.560000	-0.124829
83.500000	6972.250000	-0.120314
83.600000	6988.960000	-0.113616
83.700000	7005.690000	-0.104852
83.800000	7022.440000	-0.094179
83.900000	7039.210000	-0.081789
84.000000	7056.000000	-0.067905
84.100000	7072.810000	-0.052776
84.200000	7089.640000	-0.036674
84.300000	7106.490000	-0.019891
84.400000	7123.360000	-0.002728
84.500000	7140.250000	0.014505
84.600000	7157.160000	0.031496
84.700000	7174.090000	0.047938
84.800000	7191.040000	0.063534
84.900000	7208.010000	0.078001
85.000000	7225.000000	0.091077
85.100000	7242.010000	0.102525
85.200000	7259.040000	0.112136
85.300000	7276.090000	0.119735
85.400000	7293.160000	0.125184
85.500000	7310.250000	0.128382
85.600000	7327.360000	0.129269
85.700000	7344.490000	0.127827
85.800000	7361.640000	0.124081
85.900000	7378.810000	0.118095
86.000000	7396.000000	0.109975
86.100000	7413.210000	0.099866
86.200000	7430.440000	0.087948
86.300000	7447.690000	0.074433
86.400000	7464.960000	0.059564
86.500000	7482.250000	0.043607
86.600000	7499.560000	0.026848
86.700000	7516.890000	0.009588
86.800000	7534.240000	-0.007864
86.900000	7551.610000	-0.025194
87.000000	7569.000000	-0.042089
87.100000	7586.410000	-0.058248
87.200000	7603.840000	-0.073377
87.300000	7621.290000	-0.087206
87.400000	7638.760000	-0.099485
87.500000	7656.250000	-0.109992
87.600000	7673.760000	-0.118537
87.700000	7691.290000	-0.124966
87.800000	7708.840000	-0.129162
87.900000	7726.410000	-0.131049
88.000000	7744.000000	-0.130590
88.100000	7761.610000	-0.127793
88.200000	7779.240000	-0.122706
88.300000	7796.890000	-0.115420
88.400000	7814.560000	-0.106063
88.500000	7832.250000	-0.094802
88.600000	7849.960000	-0.081837
88.700000	7867.690000	-0.067401
88.800000	7885.440000	-0.051750
88.900000	7903.210000	-0.035164
89.000000	7921.000000	-0.017940
89.100000	7938.810000	-0.000385
89.200000	7956.640000	0.017187
89.300000	7974.490000	0.034461
89.400000	7992.360000	0.051129
89.500000	8010.250000	0.066893
89.600000	8028.160000	0.081471
89.700000	8046.090000	0.094601
89.800000	8064.040000	0.106050
89.900000	8082.010000	0.115612
90.000000	8100.000000	0.123116
90.100000	8118.010000	0.128429
90.200000	8136.040000	0.131455
90.300000	8154.090000	0.132140
90.400000	8172.160000	0.130473
90.500000	8190.250000	0.126482
90.600000	8208.360000	0.120239
90.700000	8226.490000	0.111857
90.800000	8244.640000	0.101484
90.900000	8262.810000	0.089306
91.000000	8281.000000	0.075541
91.100000	8299.210000	0.060435
91.200000	8317.440000	0.044257
91.300000	8335.690000	0.027295
91.400000	8353.960000	0.009854
91.500000	8372.250000	-0.007757
91.600000	8390.560000	-0.025222
91.700000	8408.890000	-0.042232
91.800000	8427.240000	-0.058483
91.900000	8445.610000	-0.073686
92.000000	8464.000000	-0.087571
92.100000	8482.410000	-0.099890
92.200000	8500.840000	-0.110426
92.300000	8519.290000	-0.118992
92.400000	8537.760000	-0.125437
92.500000	8556.250000	-0.129648
92.600000	8574.760000	-0.131551
92.700000	8593.290000	-0.131114
92.800000	8611.840000	-0.128348
92.900000	8630.410000	-0.123303
93.000000	8649.000000	-0.116072
93.100000	8667.610000	-0.106785
93.200000	8686.240000	-0.095609
93.300000	8704.890000	-0.082747
93.400000	8723.560000	-0.068429
93.500000	8742.250000	-0.052911
93.600000	8760.960000	-0.036470
93.700000	8779.690000	-0.019403
93.800000	8798.440000	-0.002011
93.900000	8817.210000	0.015393
94.000000	8836.000000	0.032500
94.100000	8854.810000	0.049007
94.200000	8873.640000	0.064618
94.300000	8892.490000	0.079059
94.400000	8911.360000	0.092074
94.500000	8930.250000	0.103431
94.600000	8949.160000	0.112933
94.700000	8968.090000	0.120413
94.800000	8987.040000	0.125740
94.900000	9006.010000	0.128823
95.000000	9025.000000	0.129612
95.100000	9044.010000	0.128095
95.200000	9063.040000	0.124304
95.300000	9082.090000	0.118312
95.400000	9101.160000	0.110228
95.500000	9120.250000	0.100200
95.600000	9139.360000	0.088412
95.700000	9158.490000	0.075077
95.800000	9177.640000	0.060435
95.900000	9196.810000	0.044750
96.000000	9216.000000	0.028305
96.100000	9235.210000	0.011394
96.200000	9254.440000	-0.005680
96.300000	9273.690000	-0.022612
96.400000	9292.960000	-0.039100
96.500000	9312.250000	-0.054852
96.600000	9331.560000	-0.069586
96.700000	9350.890000	-0.083044
96.800000	9370.240000	-0.094987
96.900000	9389.610000	-0.105205
97.000000	9409.000000	-0.113521
97.100000	9428.410000	-0.119791
97.200000	9447.840000	-0.123907
97.300000	9467.290000	-0.125802
97.400000	9486.760000	-0.125446
97.500000	9506.250000	-0.122854
97.600000	9525.760000	-0.118075
97.700000	9545.290000	-0.111203
97.800000	9564.840000	-0.102365
97.900000	9584.410000	-0.091725
98.000000	9604.000000	-0.079479
98.100000	9623.610000	-0.065849
98.200000	9643.240000	-0.051085
98.300000	9662.890000	-0.035454
98.400000	9682.560000	-0.019238
98.500000	9702.250000	-0.002730
98.600000	9721.960000	0.013774
98.700000	9741.690000	0.029976
98.800000	9761.440000	0.045589
98.900000	9781.210000	0.060333
99.000000	9801.000000	0.073946
99.100000	9820.810000	0.086187
99.200000	9840.640000	0.096840
99.300000	9860.490000	0.105720
99.400000	9880.360000	0.112671
99.500000	9900.250000	0.117576
99.600000	9920.160000	0.120351
99.700000	9940.090000	0.120954
99.800000	9960.040000	0.119382
99.900000	9980.010000	0.115668
100.000000	10000.000000	0.109888
100.100000	10020.010000	0.102150
100.200000	10040.040000	0.092603
100.300000	10060.090000	0.081422
100.400000	10080.160000	0.068816
100.500000	10100.250000	0.055017
100.600000	10120.360000	0.040276
100.700000	10140.490000	0.024864
100.800000	10160.640000	0.009060
100.900000	10180.810000	-0.006847
101.000000	10201.000000	-0.022572
101.100000	10221.210000	-0.037829
101.200000	10241.440000	-0.052345
101.300000	10261.690000	-0.065859
101.400000	10281.960000	-0.078131
101.500000	10302.250000	-0.088941
101.600000	10322.560000	-0.098100
101.700000	10342.890000	-0.105447
101.800000	10363.240000	-0.110854
101.900000	10383.610000	-0.114231
102.000000	10404.000000	-0.115522
102.100000	10424.410000	-0.114711
102.200000	10444.840000	-0.111820
102.300000	10465.290000	-0.106908
102.400000	10485.760000	-0.100071
102.500000	10506.250000	-0.091440
102.600000	10526.760000	-0.081177
102.700000	10547.290000	-0.069475
102.800000	10567.840000	-0.056550
102.900000	10588.410000	-0.042644
103.000000	10609.000000	-0.028011
103.100000	10629.610000	-0.012920
103.200000	10650.240000	0.002351
103.300000	10670.890000	0.017524
103.400000	10691.560000	0.032323
103.500000	10712.250000	0.046478
103.600000	10732.960000	0.059734
103.700000	10753.690000	0.071850
103.800000	10774.440000	0.082610
103.900000	10795.210000	0.091820
104.000000	10816.000000	0.099317
104.100000	10836.810000	0.104969
104.200000	10857.640000	0.108679
104.300000	10878.490000	0.110383
104.400000	10899.360000	0.110056
104.500000	10920.250000	0.107711
104.600000	10941.160000	0.103396
104.700000	10962.090000	0.097196
104.800000	10983.040000	0.089229
104.900000	11004.010000	0.079646
105.000000	11025.000000	0.068628
105.100000	11046.010000	0.056381
105.200000	11067.040000	0.043132
105.300000	11088.090000	0.029128
105.400000	11109.160000	0.014627
105.500000	11130.250000	-0.000102
105.600000	11151.360000	-0.014789
105.700000	11172.490000	-0.029163
105.800000	11193.640000	-0.042960
105.900000	11214.810000	-0.055929
106.000000	11236.000000	-0.067833
106.100000	11257.210000	-0.078454
106.200000	11278.440000	-0.087601
106.300000	11299.690000	-0.095107
106.400000	11320.960000	-0.100838
106.500000	11342.250000	-0.104691
106.600000	11363.560000	-0.106601
106.700000	11384.890000	-0.106534
106.800000	11406.240000	-0.104496
106.900000	11427.610000	-0.100529
107.000000	11449.000000	-0.094708
107.100000	11470.410000	-0.087144
107.200000	11491.840000	-0.077981
107.300000	11513.290000	-0.067388
107.400000	11534.760000	-0.055565
107.500000	11556.250000	-0.042731
107.600000	11577.760000	-0.029125
107.700000	11599.290000	-0.014999
107.800000	11620.840000	-0.000614
107.900000	11642.410000	0.013763
108.000000	11664.000000	0.027867
108.100000	11685.610000	0.041437
108.200000	11707.240000	0.054223
108.300000	11728.890000	0.065991
108.400000	11750.560000	0.076523
108.500000	11772.250000	0.085625
108.600000	11793.960000	0.093131
108.700000	11815.690000	0.098904
108.800000	11837.440000	0.102837
108.900000	11859.210000	0.104860
109.000000	11881.000000	0.104935
109.100000	11902.810000	0.103063
109.200000	11924.640000	0.099280
109.300000	11946.490000	0.093656
109.400000	11968.360000	0.086295
109.500000	11990.250000	0.077334
109.600000	12012.160000	0.066939
109.700000	12034.090000	0.055303
109.800000	12056.040000	0.042641
109.900000	12078.010000	0.029187
110.000000	12100.000000	0.015189
110.100000	12122.010000	0.000906
110.200000	12144.040000	-0.013398
110.300000	12166.090000	-0.027459
110.400000	12188.160000	-0.041017
110.500000	12210.250000	-0.053821
110.600000	12232.360000	-0.065636
110.700000	12254.490000	-0.076242
110.800000	12276.640000	-0.085443
110.900000	12298.810000	-0.093069
111.000000	12321.000000	-0.098978
111.100000	12343.210000	-0.103059
111.200000	12365.440000	-0.105238
111.300000	12387.690000	-0.105472
111.400000	12409.960000	-0.103755
111.500000	12432.250000	-0.100117
111.600000	12454.560000	-0.094625
111.700000	12476.890000	-0.087377
111.800000	12499.240000	-0.078506
111.900000	12521.610000	-0.068173
112.000000	12544.000000	-0.056567
112.100000	12566.410000	-0.043901
112.200000	12588.840000	-0.030406
112.300000	12611.290000	-0.016330
112.400000	12633.760000	-0.001931
112.500000	12656.250000	0.012527
112.600000	12678.760000	0.026777
112.700000	12701.290000	0.040559
112.800000	12723.840000	0.053617
112.900000	12746.410000	0.065711
113.000000	12769.000000	0.076618
113.100000	12791.610000	0.086136
113.200000	12814.240000	0.094088
113.300000	12836.890000	0.100325
113.400000	12859.560000	0.104732
113.500000	12882.250000	0.107224
113.600000	12904.960000	0.107753
113.700000	12927.690000	0.106305
113.800000	12950.440000	0.102905
113.900000	12973.210000	0.097611
114.000000	12996.000000	0.090517
114.100000	13018.810000	0.081750
114.200000	13041.640000	0.071467
114.300000	13064.490000	0.059854
114.400000	13087.360000	0.047120
114.500000	13110.250000	0.033497
114.600000	13133.160000	0.019231
114.700000	13156.090000	0.004582
114.800000	13179.040000	-0.010184
114.900000	13202.010000	-0.024798
115.000000	13225.000000	-0.038992
115.100000	13248.010000	-0.052507
115.200000	13271.040000	-0.065096
115.300000	13294.090000	-0.076527
115.400000	13317.160000	-0.086591
115.500000	13340.250000	-0.095101
115.600000	13363.360000	-0.101900
115.700000	13386.490000	-0.106861
115.800000	13409.640000	-0.109890
115.900000	13432.810000	-0.110929
116.000000	13456.000000	-0.109954
116.100000	13479.210000	-0.106981
116.200000	13502.440000	-0.102058
116.300000	13525.690000	-0.095272
116.400000	13548.960000	-0.086742
116.500000	13572.250000	-0.076620
116.600000	13595.560000	-0.065087
116.700000	13618.890000	-0.052348
116.800000	13642.240000	-0.038632
116.900000	13665.610000	-0.024186
117.000000	13689.000000	-0.009270
117.100000	13712.410000	0.005847
117.200000	13735.840000	0.020892
117.300000	13759.290000	0.035593
117.400000	13782.760000	0.049682
117.500000	13806.250000	0.062905
117.600000	13829.760000	0.075021
117.700000	13853.290000	0.085810
117.800000	13876.840000	0.095073
117.900000	13900.410000	0.102642
118.000000	13924.000000	0.108376
118.100000	13947.610000	0.112170
118.200000	13971.240000	0.113951
118.300000	13994.890000	0.113684
118.400000	14018.560000	0.111371
118.500000	14042.250000	0.107050
118.600000	14065.960000	0.100795
118.700000	14089.690000	0.092715
118.800000	14113.440000	0.082955
118.900000	14137.210000	0.071686
119.000000	14161.000000	0.059109
119.100000	14184.810000	0.045447
119.200000	14208.640000	0.030946
119.300000	14232.490000	0.015865
119.400000	14256.360000	0.000473
119.500000	14280.250000	-0.014953
119.600000	14304.160000	-0.030137
119.700000	14328.090000	-0.044805
119.800000	14352.040000	-0.058693
119.900000	14376.010000	-0.071552
120.000000	14400.000000	-0.083148
120.100000	14424.010000	-0.093274
120.200000	14448.040000	-0.101745
120.300000	14472.090000	-0.108408
120.400000	14496.160000	-0.113140
120.500000	14520.250000	-0.115856
120.600000	14544.360000	-0.116503
120.700000	14568.490000	-0.115070
120.800000	14592.640000	-0.111578
120.900000	14616.810000	-0.106088
121.000000	14641.000000	-0.098698
121.100000	14665.210000	-0.089536
121.200000	14689.440000	-0.078766
121.300000	14713.690000	-0.066579
121.400000	14737.960000	-0.053191
121.500000	14762.250000	-0.038841
121.600000	14786.560000	-0.023785
121.700000	14810.890000	-0.008292
121.800000	14835.240000	0.007362
121.900000	14859.610000	0.022898
122.000000	14884.000000	0.038038
122.100000	14908.410000	0.052510
122.200000	14932.840000	0.066057
122.300000	14957.290000	0.078436
122.400000	14981.760000	0.089424
122.500000	15006.250000	0.098826
122.600000	15030.760000	0.106472
122.700000	15055.290000	0.112226
122.800000	15079.840000	0.115985
122.900000	15104.410000	0.117680
123.000000	15129.000000	0.117280
123.100000	15153.610000	0.114793
123.200000	15178.240000	0.110262
123.300000	15202.890000	0.103767
123.400000	15227.560000	0.095425
123.500000	15252.250000	0.085384
123.600000	15276.960000	0.073823
123.700000	15301.690000	0.060947
123.800000	15326.440000	0.046987
123.900000	15351.210000	0.032192
124.000000	15376.000000	0.016824
124.100000	15400.810000	0.001159
124.200000	15425.640000	-0.014524
124.300000	15450.490000	-0.029946
124.400000	15475.360000	-0.044832
124.500000	15500.250000	-0.058917
124.600000	15525.160000	-0.071950
124.700000	15550.090000	-0.083699
124.800000	15575.040000	-0.093956
124.900000	15600.010000	-0.102537
125.000000	15625.000000	-0.109291
125.100000	15650.010000	-0.114098
125.200000	15675.040000	-0.116874
125.300000	15700.090000	-0.117570
125.400000	15725.160000	-0.116176
125.500000	15750.250000	-0.112717
125.600000	15775.360000	-0.107256
125.700000	15800.490000	-0.099892
125.800000	15825.640000	-0.090757
125.900000	15850.810000	-0.080017
126.000000	15876.000000	-0.067863
126.100000	15901.210000	-0.054513
126.200000	15926.440000	-0.040206
126.300000	15951.690000	-0.025199
126.400000	15976.960000	-0.009759
126.500000	16002.250000	0.005839
126.600000	16027.560000	0.021315
126.700000	16052.890000	0.036394
126.800000	16078.240000	0.050808
126.900000	16103.610000	0.064300
127.000000	16129.000000	0.076631
127.100000	16154.410000	0.087582
127.200000	16179.840000	0.096960
127.300000	16205.290000	0.104600
127.400000	16230.760000	0.110366
127.500000	16256.250000	0.114160
127.600000	16281.760000	0.115916
127.700000	16307.290000	0.115604
127.800000	16332.840000	0.113235
127.900000	16358.410000	0.108852
128.000000	16384.000000	0.102538
128.100000	16409.610000	0.094407
128.200000	16435.240000	0.084608
128.300000	16460.890000	0.073318
128.400000	16486.560000	0.060741
128.500000	16512.250000	0.047104
128.600000	16537.960000	0.032652
128.700000	16563.690000	0.017644
128.800000	16589.440000	0.002350
128.900000	16615.210000	-0.012957
129.000000	16641.000000	-0.028003
129.100000	16666.810000	-0.042519
129.200000	16692.640000	-0.056248
129.300000	16718.490000	-0.068945
129.400000	16744.360000	-0.080385
129.500000	16770.250000	-0.090366
129.600000	16796.160000	-0.098712
129.700000	16822.090000	-0.105277
129.800000	16848.040000	-0.109948
129.900000	16874.010000	-0.112643
130.000000	16900.000000	-0.113319
130.100000	16926.010000	-0.111967
130.200000	16952.040000	-0.108617
130.300000	16978.090000	-0.103333
130.400000	17004.160000	-0.096212
130.500000	17030.250000	-0.087387
130.600000	17056.360000	-0.077018
130.700000	17082.490000	-0.065297
130.800000	17108.640000	-0.052434
130.900000	17134.810000	-0.038664
131.000000	17161.000000	-0.024236
131.100000	17187.210000	-0.009409
131.200000	17213.440000	0.005549
131.300000	17239.690000	0.020370
131.400000	17265.960000	0.034788
131.500000	17292.250000	0.048546
131.600000	17318.560000	0.061396
131.700000	17344.890000	0.073112
131.800000	17371.240000	0.083486
131.900000	17397.610000	0.092333
132.000000	17424.000000	0.099499
132.100000	17450.410000	0.104858
132.200000	17476.840000	0.108320
132.300000	17503.290000	0.109826
132.400000	17529.760000	0.109353
132.500000	17556.250000	0.106916
132.600000	17582.760000	0.102563
132.700000	17609.290000	0.096377
132.800000	17635.840000	0.088473
132.900000	17662.410000	0.078999
133.000000	17689.000000	0.068130
133.100000	17715.610000	0.056063
133.200000	17742.240000	0.043020
133.300000	17768.890000	0.029239
133.400000	17795.560000	0.014970
133.500000	17822.250000	0.000471
133.600000	17848.960000	-0.013996
133.700000	17875.690000	-0.028169
133.800000	17902.440000	-0.041793
133.900000	17929.210000	-0.054625
134.000000	17956.000000	-0.066433
134.100000	17982.810000	-0.077008
134.200000	18009.640000	-0.086162
134.300000	18036.490000	-0.093732
134.400000	18063.360000	-0.099586
134.500000	18090.250000	-0.103623
134.600000	18117.160000	-0.105773
134.700000	18144.090000	-0.106004
134.800000	18171.040000	-0.104316
134.900000	18198.010000	-0.100744
135.000000	18225.000000	-0.095357
135.100000	18252.010000	-0.088259
135.200000	18279.040000	-0.079581
135.300000	18306.090000	-0.069485
135.400000	18333.160000	-0.058158
135.500000	18360.250000	-0.045808
135.600000	18387.360000	-0.032662
135.700000	18414.490000	-0.018960
135.800000	18441.640000	-0.004952
135.900000	18468.810000	0.009107
136.000000	18496.000000	0.022961
136.100000	18523.210000	0.036360
136.200000	18550.440000	0.049061
136.300000	18577.690000	0.060835
136.400000	18604.960000	0.071471
136.500000	18632.250000	0.080778
136.600000	18659.560000	0.088590
136.700000	18686.890000	0.094768
136.800000	18714.240000	0.099204
136.900000	18741.610000	0.101822
137.000000	18769.000000	0.102578
137.100000	18796.410000	0.101463
137.200000	18823.840000	0.098501
137.300000	18851.290000	0.093751
137.400000	18878.760000	0.087303
137.500000	18906.250000	0.079278
137.600000	18933.760000	0.069827
137.700000	18961.290000	0.059125
137.800000	18988.840000	0.047370
137.900000	19016.410000	0.034779
138.000000	19044.000000	0.021583
138.100000	19071.610000	0.008023
138.200000	19099.240000	-0.005650
138.300000	19126.890000	-0.019189
138.400000	19154.560000	-0.032345
138.500000	19182.250000	-0.044879
138.600000	19209.960000	-0.056564
138.700000	19237.690000	-0.067187
138.800000	19265.440000	-0.076557
138.900000	19293.210000	-0.084506
139.000000	19321.000000	-0.090889
139.100000	19348.810000	-0.095594
139.200000	19376.640000	-0.098538
139.300000	19404.490000	-0.099670
139.400000	19432.360000	-0.098972
139.500000	19460.250000	-0.096461
139.600000	19488.160000	-0.092187
139.700000	19516.090000	-0.086229
139.800000	19544.040000	-0.078701
139.900000	19572.010000	-0.069742
140.000000	19600.000000	-0.059520
140.100000	19628.010000	-0.048222
140.200000	19656.040000	-0.036059
140.300000	19684.090000	-0.023255
140.400000	19712.160000	-0.010044
140.500000	19740.250000	0.003330
140.600000	19768.360000	0.016621
140.700000	19796.490000	0.029587
140.800000	19824.640000	0.041990
140.900000	19852.810000	0.053603
141.000000	19881.000000	0.064214
141.100000	19909.210000	0.073629
141.200000	19937.440000	0.081679
141.300000	19965.690000	0.088215
141.400000	19993.960000	0.093121
141.500000	20022.250000	0.096308
141.600000	20050.560000	0.097720
141.700000	20078.890000	0.097332
141.800000	20107.240000	0.095153
141.900000	20135.610000	0.091225
142.000000	20164.000000	0.085622
142.100000	20192.410000	0.078448
142.200000	20220.840000	0.069837
142.300000	20249.290000	0.059947
142.400000	20277.760000	0.048962
142.500000	20306.250000	0.037083
142.600000	20334.760000	0.024530
142.700000	20363.290000	0.011534
142.800000	20391.840000	-0.001666
142.900000	20420.410000	-0.014828
143.000000	20449.000000	-0.027710
143.100000	20477.610000	-0.040075
143.200000	20506.240000	-0.051697
143.300000	20534.890000	-0.062362
143.400000	20563.560000	-0.071874
143.500000	20592.250000	-0.080060
143.600000	20620.960000	-0.086770
143.700000	20649.690000	-0.091880
143.800000	20678.440000	-0.095297
143.900000	20707.210000	-0.096959
144.000000	20736.000000	-0.096835
144.100000	20764.810000	-0.094929
144.200000	20793.640000	-0.091274
144.300000	20822.490000	-0.085939
144.400000	20851.360000	-0.079021
144.500000	20880.250000	-0.070647
144.600000	20909.160000	-0.060971
144.700000	20938.090000	-0.050171
144.800000	20967.040000	-0.038444
144.900000	20996.010000	-0.026007
145.000000	21025.000000	-0.013086
145.100000	21054.010000	0.000081
145.200000	21083.040000	0.013252
145.300000	21112.090000	0.026185
145.400000	21141.160000	0.038644
145.500000	21170.250000	0.050400
145.600000	21199.360000	0.061235
145.700000	21228.490000	0.070952
145.800000	21257.640000	0.079371
145.900000	21286.810000	0.086337
146.000000	21316.000000	0.091723
146.100000	21345.210000	0.095427
146.200000	21374.440000	0.097381
146.300000	21403.690000	0.097548
146.400000	21432.960000	0.095923
146.500000	21462.250000	0.092536
146.600000	21491.560000	0.087447
146.700000	21520.890000	0.080747
146.800000	21550.240000	0.072558
146.900000	21579.610000	0.063029
147.000000	21609.000000	0.052333
147.100000	21638.410000	0.040664
147.200000	21667.840000	0.028236
147.300000	21697.290000	0.015274
147.400000	21726.760000	0.002017
147.500000	21756.250000	-0.011295
147.600000	21785.760000	-0.024418
147.700000	21815.290000	-0.037112
147.800000	21844.840000	-0.049144
147.900000	21874.410000	-0.060293
148.000000	21904.000000	-0.070355
148.100000	21933.610000	-0.079145
148.200000	21963.240000	-0.086501
148.300000	21992.890000	-0.092286
148.400000	22022.560000	-0.096392
148.500000	22052.250000	-0.098744
148.600000	22081.960000	-0.099295
148.700000	22111.690000	-0.098033
148.800000	22141.440000	-0.094979
148.900000	22171.210000	-0.090186
149.000000	22201.000000	-0.083738
149.100000	22230.810000	-0.075751
149.200000	22260.640000	-0.066369
149.300000	22290.490000	-0.055760
149.400000	22320.360000	-0.044115
149.500000	22350.250000	-0.031645
149.600000	22380.160000	-0.018576
149.700000	22410.090000	-0.005144
149.800000	22440.040000	0.008407
149.900000	22470.010000	0.021829
150.000000	22500.000000	0.034881
150.100000	22530.010000	0.047322
150.200000	22560.040000	0.058927
150.300000	22590.090000	0.069483
150.400000	22620.160000	0.078798
150.500000	22650.250000	0.086698
150.600000	22680.360000	0.093040
150.700000	22710.490000	0.097706
150.800000	22740.640000	0.100608
150.900000	22770.810000	0.101690
151.000000	22801.000000	0.100930
151.100000	22831.210000	0.098338
151.200000	22861.440000	0.093959
151.300000	22891.690000	0.087869
151.400000	22921.960000	0.080174
151.500000	22952.250000	0.071013
151.600000	22982.560000	0.060547
151.700000	23012.890000	0.048965
151.800000	23043.240000	0.036473
151.900000	23073.610000	0.023295
152.000000	23104.000000	0.009670
152.100000	23134.410000	-0.004158
152.200000	23164.840000	-0.017939
152.300000	23195.290000	-0.031425
152.400000	23225.760000	-0.044372
152.500000	23256.250000	-0.056544
152.600000	23286.760000	-0.067721
152.700000	23317.290000	-0.077701
152.800000	23347.840000	-0.086300
152.900000	23378.410000	-0.093362
153.000000	23409.000000	-0.098756
153.100000	23439.610000	-0.102383
153.200000	23470.240000	-0.104175
153.300000	23500.890000	-0.104096
153.400000	23531.560000	-0.102145
153.500000	23562.250000	-0.098353
153.600000	23592.960000	-0.092785
153.700000	23623.690000	-0.085540
153.800000	23654.440000	-0.076744
153.900000	23685.210000	-0.066553
154.000000	23716.000000	-0.055147
154.100000	23746.810000	-0.042730
154.200000	23777.640000	-0.029522
154.300000	23808.490000	-0.015760
154.400000	23839.360000	-0.001690
154.500000	23870.250000	0.012437
154.600000	23901.160000	0.026368
154.700000	23932.090000	0.039852
154.800000	23963.040000	0.052648
154.900000	23994.010000	0.064525
155.000000	24025.000000	0.075269
155.100000	24056.010000	0.084686
155.200000	24087.040000	0.092606
155.300000	24118.090000	0.098885
155.400000	24149.160000	0.103408
155.500000	24180.250000	0.106093
155.600000	24211.360000	0.106888
155.700000	24242.490000	0.105777
155.800000	24273.640000	0.102778
155.900000	24304.810000	0.097940
156.000000	24336.000000	0.091349
156.100000	24367.210000	0.083120
156.200000	24398.440000	0.073398
156.300000	24429.690000	0.062353
156.400000	24460.960000	0.050182
156.500000	24492.250000	0.037100
156.600000	24523.560000	0.023339
156.700000	24554.890000	0.009144
156.800000	24586.240000	-0.005233
156.900000	24617.610000	-0.019537
157.000000	24649.000000	-0.033513
157.100000	24680.410000	-0.046912
157.200000	24711.840000	-0.059494
157.300000	24743.290000	-0.071036
157.400000	24774.760000	-0.081331
157.500000	24806.250000	-0.090195
157.600000	24837.760000	-0.097470
157.700000	24869.290000	-0.103025
157.800000	24900.840000	-0.106759
157.900000	24932.410000	-0.108606
158.000000	24964.000000	-0.108531
158.100000	24995.610000	-0.106533
158.200000	25027.240000	-0.102648
158.300000	25058.890000	-0.096942
158.400000	25090.560000	-0.089517
158.500000	25122.250000	-0.080501
158.600000	25153.960000	-0.070055
158.700000	25185.690000	-0.058363
158.800000	25217.440000	-0.045631
158.900000	25249.210000	-0.032084
159.000000	25281.000000	-0.017961
159.100000	25312.810000	-0.003512
159.200000	25344.640000	0.011007
159.300000	25376.490000	0.025339
159.400000	25408.360000	0.039232
159.500000	25440.250000	0.052438
159.600000	25472.160000	0.064726
159.700000	25504.090000	0.075877
159.800000	25536.040000	0.085695
159.900000	25568.010000	0.094006
160.000000	25600.000000	0.100663
160.100000	25632.010000	0.105549
160.200000	25664.040000	0.108578
160.300000	25696.090000	0.109696
160.400000	25728.160000	0.108884
160.500000	25760.250000	0.106156
160.600000	25792.360000	0.101562
160.700000	25824.490000	0.095183
160.800000	25856.640000	0.087131
160.900000	25888.810000	0.077550
161.000000	25921.000000	0.066608
161.100000	25953.210000	0.054499
161.200000	25985.440000	0.041437
161.300000	26017.690000	0.027652
161.400000	26049.960000	0.013387
161.500000	26082.250000	-0.001106
161.600000	26114.560000	-0.015573
161.700000	26146.890000	-0.029759
161.800000	26179.240000	-0.043414
161.900000	26211.610000	-0.056300
162.000000	26244.000000	-0.068190
162.100000	26276.410000	-0.078876
162.200000	26308.840000	-0.088171
162.300000	26341.290000	-0.095915
162.400000	26373.760000	-0.101971
162.500000	26406.250000	-0.106237
162.600000	26438.760000	-0.108640
162.700000	26471.290000	-0.109138
162.800000	26503.840000	-0.107727
162.900000	26536.410000	-0.104434
163.000000	26569.000000	-0.099318
163.100000	26601.610000	-0.092472
163.200000	26634.240000	-0.084020
163.300000	26666.890000	-0.074111
163.400000	26699.560000	-0.062922
163.500000	26732.250000	-0.050651
163.600000	26764.960000	-0.037515
163.700000	26797.690000	-0.023746
163.800000	26830.440000	-0.009586
163.900000	26863.210000	0.004716
164.000000	26896.000000	0.018909
164.100000	26928.810000	0.032745
164.200000	26961.640000	0.045983
164.300000	26994.490000	0.058392
164.400000	27027.360000	0.069757
164.500000	27060.250000	0.079881
164.600000	27093.160000	0.088590
164.700000	27126.090000	0.095735
164.800000	27159.040000	0.101195
164.900000	27192.010000	0.104879
165.000000	27225.000000	0.106726
165.100000	27258.010000	0.106711
165.200000	27291.040000	0.104837
165.300000	27324.090000	0.101143
165.400000	27357.160000	0.095699
165.500000	27390.250000	0.088605
165.600000	27423.360000	0.079989
165.700000	27456.490000	0.070008
165.800000	27489.640000	0.058840
165.900000	27522.810000	0.046684
166.000000	27556.000000	0.033754
166.100000	27589.210000	0.020281
166.200000	27622.440000	0.006500
166.300000	27655.690000	-0.007346
166.400000	27688.960000	-0.021016
166.500000	27722.250000	-0.034271
166.600000	27755.560000	-0.046882
166.700000	27788.890000	-0.058631
166.800000	27822.240000	-0.069316
166.900000	27855.610000	-0.078756
167.000000	27889.000000	-0.086791
167.100000	27922.410000	-0.093285
167.200000	27955.840000	-0.098133
167.300000	27989.290000	-0.101257
167.400000	28022.760000	-0.102611
167.500000	28056.250000	-0.102177
167.600000	28089.760000	-0.099973
167.700000	28123.290000	-0.096044
167.800000	28156.840000	-0.090469
167.900000	28190.410000	-0.083350
168.000000	28224.000000	-0.074822
168.100000	28257.610000	-0.065038
168.200000	28291.240000	-0.054177
168.300000	28324.890000	-0.042433
168.400000	28358.560000	-0.030015
168.500000	28392.250000	-0.017144
168.600000	28425.960000	-0.004047
168.700000	28459.690000	0.009047
168.800000	28493.440000	0.021910
168.900000	28527.210000	0.034319
169.000000	28561.000000	0.046060
169.100000	28594.810000	0.056932
169.200000	28628.640000	0.066751
169.300000	28662.490000	0.075354
169.400000	28696.360000	0.082596
169.500000	28730.250000	0.088361
169.600000	28764.160000	0.092559
169.700000	28798.090000	0.095125
169.800000	28832.040000	0.096027
169.900000	28866.010000	0.095261
170.000000	28900.000000	0.092850
170.100000	28934.010000	0.088850
170.200000	28968.040000	0.083341
170.300000	29002.090000	0.076431
170.400000	29036.160000	0.068250
170.500000	29070.250000	0.058950
170.600000	29104.360000	0.048704
170.700000	29138.490000	0.037696
170.800000	29172.640000	0.026126
170.900000	29206.810000	0.014199
171.000000	29241.000000	0.002127
171.100000	29275.210000	-0.009879
171.200000	29309.440000	-0.021609
171.300000	29343.690000	-0.032862
171.400000	29377.960000	-0.043444
171.500000	29412.250000	-0.053177
171.600000	29446.560000	-0.061899
171.700000	29480.890000	-0.069467
171.800000	29515.240000	-0.075759
171.900000	29549.610000	-0.080678
172.000000	29584.000000	-0.084152
172.100000	29618.410000	-0.086134
172.200000	29652.840000	-0.086604
172.300000	29687.290000	-0.085571
172.400000	29721.760000	-0.083067
172.500000	29756.250000	-0.079152
172.600000	29790.760000	-0.073911
172.700000	29825.290000	-0.067450
172.800000	29859.840000	-0.059895
172.900000	29894.410000	-0.051392
173.000000	29929.000000	-0.042102
173.100000	29963.610000	-0.032195
173.200000	29998.240000	-0.021855
173.300000	30032.890000	-0.011267
173.400000	30067.560000	-0.000622
173.500000	30102.250000	0.009894
173.600000	30136.960000	0.020097
173.700000	30171.690000	0.029811
173.800000	30206.440000	0.038872
173.900000	30241.210000	0.047128
174.000000	30276.000000	0.054447
174.100000	30310.810000	0.060711
174.200000	30345.640000	0.065826
174.300000	30380.490000	0.069717
174.400000	30415.360000	0.072336
174.500000	30450.250000	0.073654
174.600000	30485.160000	0.073670
174.700000	30520.090000	0.072403
174.800000	30555.040000	0.069897
174.900000	30590.010000	0.066218
175.000000	30625.000000	0.061451
175.100000	30660.010000	0.055699
175.200000	30695.040000	0.049084
175.300000	30730.090000	0.041740
175.400000	30765.160000	0.033811
175.500000	30800.250000	0.025450
175.600000	30835.360000	0.016818
175.700000	30870.490000	0.008075
175.800000	30905.640000	-0.000620
175.900000	30940.810000	-0.009109
176.000000	30976.000000	-0.017243
176.100000	31011.210000	-0.024881
176.200000	31046.440000	-0.031895
176.300000	31081.690000	-0.038171
176.400000	31116.960000	-0.043611
176.500000	31152.250000	-0.048134
176.600000	31187.560000	-0.051678
176.700000	31222.890000	-0.054204
176.800000	31258.240000	-0.055689
176.900000	31293.610000	-0.056133
177.000000	31329.000000	-0.055556
177.100000	31364.410000	-0.053997
177.200000	31399.840000	-0.051514
177.300000	31435.290000	-0.048182
177.400000	31470.760000	-0.044091
177.500000	31506.250000	-0.039343
177.600000	31541.760000	-0.034054
177.700000	31577.290000	-0.028347
177.800000	31612.840000	-0.022350
177.900000	31648.410000	-0.016195
178.000000	31684.000000	-0.010016
178.100000	31719.610000	-0.003942
178.200000	31755.240000	0.001899
178.300000	31790.890000	0.007390
178.400000	31826.560000	0.012420
178.500000	31862.250000	0.016894
178.600000	31897.960000	0.020727
178.700000	31933.690000	0.023852
178.800000	31969.440000	0.026215
178.900000	32005.210000	0.027783
179.000000	32041.000000	0.028540
179.100000	32076.810000	0.028487
179.200000	32112.640000	0.027643
179.300000	32148.490000	0.026046
179.400000	32184.360000	0.023750
179.500000	32220.250000	0.020823
179.600000	32256.160000	0.017349
179.700000	32292.090000	0.013421
179.800000	32328.040000	0.009145
179.900000	32364.010000	0.004632
180.000000	32400.000000	0.000000
#Sums: 162090.000000	19456203.000000	919.254953
