# alpha	alpha^2	B*sin(alpha)
0.000000	0.000000	0.000000
0.100000	0.010000	0.803760
0.200000	0.040000	1.606194
0.300000	0.090000	2.405977
0.400000	0.160000	3.201792
0.500000	0.250000	3.992330
0.600000	0.360000	4.776296
0.700000	0.490000	5.552409
0.800000	0.640000	6.319405
0.900000	0.810000	7.076043
1.000000	1.000000	7.821105
1.100000	1.210000	8.553400
1.200000	1.440000	9.271767
1.300000	1.690000	9.975076
1.400000	1.960000	10.662231
1.500000	2.250000	11.332176
1.600000	2.560000	11.983893
1.700000	2.890000	12.616404
1.800000	3.240000	13.228779
1.900000	3.610000	13.820129
2.000000	4.000000	14.389619
2.100000	4.410000	14.936458
2.200000	4.840000	15.459911
2.300000	5.290000	15.959293
2.400000	5.760000	16.433976
2.500000	6.250000	16.883387
2.600000	6.760000	17.307010
2.700000	7.290000	17.704387
2.800000	7.840000	18.075118
2.900000	8.410000	18.418864
3.000000	9.000000	18.735347
3.100000	9.610000	19.024347
3.200000	10.240000	19.285708
3.300000	10.890000	19.519332
3.400000	11.560000	19.725185
3.500000	12.250000	19.903291
3.600000	12.960000	20.053737
3.700000	13.690000	20.176669
3.800000	14.440000	20.272291
3.900000	15.210000	20.340868
4.000000	16.000000	20.382721
4.100000	16.810000	20.398229
4.200000	17.640000	20.387825
4.300000	18.490000	20.351996
4.400000	19.360000	20.291284
4.500000	20.250000	20.206279
4.600000	21.160000	20.097621
4.700000	22.090000	19.966000
4.800000	23.040000	19.812149
4.900000	24.010000	19.636844
5.000000	25.000000	19.440904
5.100000	26.010000	19.225186
5.200000	27.040000	18.990585
5.300000	28.090000	18.738028
5.400000	29.160000	18.468477
5.500000	30.250000	18.182920
5.600000	31.360000	17.882374
5.700000	32.490000	17.567877
5.800000	33.640000	17.240492
5.900000	34.810000	16.901298
6.000000	36.000000	16.551389
6.100000	37.210000	16.191874
6.200000	38.440000	15.823870
6.300000	39.690000	15.448501
6.400000	40.960000	15.066896
6.500000	42.250000	14.680185
6.600000	43.560000	14.289496
6.700000	44.890000	13.895953
6.800000	46.240000	13.500673
6.900000	47.610000	13.104763
7.000000	49.000000	12.709315
7.100000	50.410000	12.315408
7.200000	51.840000	11.924103
7.300000	53.290000	11.536438
7.400000	54.760000	11.153430
7.500000	56.250000	10.776070
7.600000	57.760000	10.405319
7.700000	59.290000	10.042111
7.800000	60.840000	9.687345
7.900000	62.410000	9.341887
8.000000	64.000000	9.006565
8.100000	65.610000	8.682170
8.200000	67.240000	8.369451
8.300000	68.890000	8.069119
8.400000	70.560000	7.781837
8.500000	72.250000	7.508227
8.600000	73.960000	7.248863
8.700000	75.690000	7.004273
8.800000	77.440000	6.774935
8.900000	79.210000	6.561282
9.000000	81.000000	6.363692
9.100000	82.810000	6.182497
9.200000	84.640000	6.017976
9.300000	86.490000	5.870358
9.400000	88.360000	5.739820
9.500000	90.250000	5.626487
9.600000	92.160000	5.530435
9.700000	94.090000	5.451687
9.800000	96.040000	5.390216
9.900000	98.010000	5.345945
10.000000	100.000000	5.318747
10.100000	102.010000	5.308447
10.200000	104.040000	5.314821
10.300000	106.090000	5.337600
10.400000	108.160000	5.376468
10.500000	110.250000	5.431064
10.600000	112.360000	5.500986
10.700000	114.490000	5.585788
10.800000	116.640000	5.684987
10.900000	118.810000	5.798058
11.000000	121.000000	5.924442
11.100000	123.210000	6.063546
11.200000	125.440000	6.214742
11.300000	127.690000	6.377373
11.400000	129.960000	6.550753
11.500000	132.250000	6.734169
11.600000	134.560000	6.926886
11.700000	136.890000	7.128144
11.800000	139.240000	7.337166
11.900000	141.610000	7.553157
12.000000	144.000000	7.775308
12.100000	146.410000	8.002795
12.200000	148.840000	8.234789
12.300000	151.290000	8.470449
12.400000	153.760000	8.708932
12.500000	156.250000	8.949392
12.600000	158.760000	9.190981
12.700000	161.290000	9.432856
12.800000	163.840000	9.674179
12.900000	166.410000	9.914118
13.000000	169.000000	10.151851
13.100000	171.610000	10.386569
13.200000	174.240000	10.617475
13.300000	176.890000	10.843791
13.400000	179.560000	11.064758
13.500000	182.250000	11.279635
13.600000	184.960000	11.487706
13.700000	187.690000	11.688279
13.800000	190.440000	11.880689
13.900000	193.210000	12.064301
14.000000	196.000000	12.238506
14.100000	198.810000	12.402731
14.200000	201.640000	12.556434
14.300000	204.490000	12.699108
14.400000	207.360000	12.830282
14.500000	210.250000	12.949523
14.600000	213.160000	13.056434
14.700000	216.090000	13.150660
14.800000	219.040000	13.231883
14.900000	222.010000	13.299828
15.000000	225.000000	13.354260
15.100000	228.010000	13.394987
15.200000	231.040000	13.421857
15.300000	234.090000	13.434762
15.400000	237.160000	13.433636
15.500000	240.250000	13.418456
15.600000	243.360000	13.389239
15.700000	246.490000	13.346048
15.800000	249.640000	13.288983
15.900000	252.810000	13.218188
16.000000	256.000000	13.133848
16.100000	259.210000	13.036185
16.200000	262.440000	12.925463
16.300000	265.690000	12.801981
16.400000	268.960000	12.666078
16.500000	272.250000	12.518126
16.600000	275.560000	12.358532
16.700000	278.890000	12.187738
16.800000	282.240000	12.006217
16.900000	285.610000	11.814469
17.000000	289.000000	11.613028
17.100000	292.410000	11.402450
17.200000	295.840000	11.183320
17.300000	299.290000	10.956242
17.400000	302.760000	10.721845
17.500000	306.250000	10.480776
17.600000	309.760000	10.233700
17.700000	313.290000	9.981297
17.800000	316.840000	9.724260
17.900000	320.410000	9.463294
18.000000	324.000000	9.199112
18.100000	327.610000	8.932437
18.200000	331.240000	8.663994
18.300000	334.890000	8.394510
18.400000	338.560000	8.124716
18.500000	342.250000	7.855338
18.600000	345.960000	7.587101
18.700000	349.690000	7.320722
18.800000	353.440000	7.056912
18.900000	357.210000	6.796370
19.000000	361.000000	6.539784
19.100000	364.810000	6.287829
19.200000	368.640000	6.041162
19.300000	372.490000	5.800424
19.400000	376.360000	5.566236
19.500000	380.250000	5.339196
19.600000	384.160000	5.119882
19.700000	388.090000	4.908844
19.800000	392.040000	4.706608
19.900000	396.010000	4.513672
20.000000	400.000000	4.330504
20.100000	404.010000	4.157544
20.200000	408.040000	3.995197
20.300000	412.090000	3.843839
20.400000	416.160000	3.703810
20.500000	420.250000	3.575417
20.600000	424.360000	3.458930
20.700000	428.490000	3.354586
20.800000	432.640000	3.262583
20.900000	436.810000	3.183083
21.000000	441.000000	3.116211
21.100000	445.210000	3.062054
21.200000	449.440000	3.020661
21.300000	453.690000	2.992045
21.400000	457.960000	2.976179
21.500000	462.250000	2.973001
21.600000	466.560000	2.982411
21.700000	470.890000	3.004271
21.800000	475.240000	3.038409
21.900000	479.610000	3.084617
22.000000	484.000000	3.142652
22.100000	488.410000	3.212236
22.200000	492.840000	3.293059
22.300000	497.290000	3.384780
22.400000	501.760000	3.487026
22.500000	506.250000	3.599394
22.600000	510.760000	3.721453
22.700000	515.290000	3.852745
22.800000	519.840000	3.992787
22.900000	524.410000	4.141071
23.000000	529.000000	4.297066
23.100000	533.610000	4.460223
23.200000	538.240000	4.629970
23.300000	542.890000	4.805720
23.400000	547.560000	4.986869
23.500000	552.250000	5.172800
23.600000	556.960000	5.362885
23.700000	561.690000	5.556483
23.800000	566.440000	5.752946
23.900000	571.210000	5.951623
24.000000	576.000000	6.151853
24.100000	580.810000	6.352978
24.200000	585.640000	6.554335
24.300000	590.490000	6.755266
24.400000	595.360000	6.955115
24.500000	600.250000	7.153232
24.600000	605.160000	7.348974
24.700000	610.090000	7.541706
24.800000	615.040000	7.730807
24.900000	620.010000	7.915665
25.000000	625.000000	8.095687
25.100000	630.010000	8.270292
25.200000	635.040000	8.438920
25.300000	640.090000	8.601029
25.400000	645.160000	8.756099
25.500000	650.250000	8.903632
25.600000	655.360000	9.043154
25.700000	660.490000	9.174218
25.800000	665.640000	9.296401
25.900000	670.810000	9.409309
26.000000	676.000000	9.512577
26.100000	681.210000	9.605869
26.200000	686.440000	9.688882
26.300000	691.690000	9.761341
26.400000	696.960000	9.823007
26.500000	702.250000	9.873671
26.600000	707.560000	9.913158
26.700000	712.890000	9.941329
26.800000	718.240000	9.958077
26.900000	723.610000	9.963330
27.000000	729.000000	9.957050
27.100000	734.410000	9.939234
27.200000	739.840000	9.909914
27.300000	745.290000	9.869156
27.400000	750.760000	9.817060
27.500000	756.250000	9.753758
27.600000	761.760000	9.679418
27.700000	767.290000	9.594238
27.800000	772.840000	9.498449
27.900000	778.410000	9.392314
28.000000	784.000000	9.276125
28.100000	789.610000	9.150202
28.200000	795.240000	9.014897
28.300000	800.890000	8.870585
28.400000	806.560000	8.717671
28.500000	812.250000	8.556582
28.600000	817.960000	8.387769
28.700000	823.690000	8.211705
28.800000	829.440000	8.028884
28.900000	835.210000	7.839819
29.000000	841.000000	7.645040
29.100000	846.810000	7.445094
29.200000	852.640000	7.240540
29.300000	858.490000	7.031952
29.400000	864.360000	6.819914
29.500000	870.250000	6.605017
29.600000	876.160000	6.387863
29.700000	882.090000	6.169057
29.800000	888.040000	5.949208
29.900000	894.010000	5.728927
30.000000	900.000000	5.508825
30.100000	906.010000	5.289512
30.200000	912.040000	5.071594
30.300000	918.090000	4.855670
30.400000	924.160000	4.642335
30.500000	930.250000	4.432172
30.600000	936.360000	4.225757
30.700000	942.490000	4.023650
30.800000	948.640000	3.826399
30.900000	954.810000	3.634537
31.000000	961.000000	3.448580
31.100000	967.210000	3.269024
31.200000	973.440000	3.096346
31.300000	979.690000	2.931002
31.400000	985.960000	2.773425
31.500000	992.250000	2.624025
31.600000	998.560000	2.483185
31.700000	1004.890000	2.351264
31.800000	1011.240000	2.228594
31.900000	1017.610000	2.115476
32.000000	1024.000000	2.012187
32.100000	1030.410000	1.918970
32.200000	1036.840000	1.836040
32.300000	1043.290000	1.763580
32.400000	1049.760000	1.701744
32.500000	1056.250000	1.650651
32.600000	1062.760000	1.610391
32.700000	1069.290000	1.581020
32.800000	1075.840000	1.562562
32.900000	1082.410000	1.555010
33.000000	1089.000000	1.558323
33.100000	1095.610000	1.572429
33.200000	1102.240000	1.597225
33.300000	1108.890000	1.632574
33.400000	1115.560000	1.678310
33.500000	1122.250000	1.734238
33.600000	1128.960000	1.800131
33.700000	1135.690000	1.875733
33.800000	1142.440000	1.960761
33.900000	1149.210000	2.054906
34.000000	1156.000000	2.157829
34.100000	1162.810000	2.269168
34.200000	1169.640000	2.388538
34.300000	1176.490000	2.515529
34.400000	1183.360000	2.649710
34.500000	1190.250000	2.790630
34.600000	1197.160000	2.937818
34.700000	1204.090000	3.090787
34.800000	1211.040000	3.249033
34.900000	1218.010000	3.412036
35.000000	1225.000000	3.579267
35.100000	1232.010000	3.750181
35.200000	1239.040000	3.924227
35.300000	1246.090000	4.100843
35.400000	1253.160000	4.279461
35.500000	1260.250000	4.459511
35.600000	1267.360000	4.640417
35.700000	1274.490000	4.821602
35.800000	1281.640000	5.002490
35.900000	1288.810000	5.182507
36.000000	1296.000000	5.361083
36.100000	1303.210000	5.537654
36.200000	1310.440000	5.711660
36.300000	1317.690000	5.882554
36.400000	1324.960000	6.049797
36.500000	1332.250000	6.212861
36.600000	1339.560000	6.371233
36.700000	1346.890000	6.524415
36.800000	1354.240000	6.671925
36.900000	1361.610000	6.813299
37.000000	1369.000000	6.948092
37.100000	1376.410000	7.075878
37.200000	1383.840000	7.196255
37.300000	1391.290000	7.308843
37.400000	1398.760000	7.413284
37.500000	1406.250000	7.509248
37.600000	1413.760000	7.596429
37.700000	1421.290000	7.674548
37.800000	1428.840000	7.743353
37.900000	1436.410000	7.802621
38.000000	1444.000000	7.852157
38.100000	1451.610000	7.891796
38.200000	1459.240000	7.921402
38.300000	1466.890000	7.940870
38.400000	1474.560000	7.950124
38.500000	1482.250000	7.949120
38.600000	1489.960000	7.937843
38.700000	1497.690000	7.916310
38.800000	1505.440000	7.884568
38.900000	1513.210000	7.842694
39.000000	1521.000000	7.790796
39.100000	1528.810000	7.729010
39.200000	1536.640000	7.657503
39.300000	1544.490000	7.576469
39.400000	1552.360000	7.486130
39.500000	1560.250000	7.386737
39.600000	1568.160000	7.278567
39.700000	1576.090000	7.161922
39.800000	1584.040000	7.037128
39.900000	1592.010000	6.904537
40.000000	1600.000000	6.764521
40.100000	1608.010000	6.617476
40.200000	1616.040000	6.463817
40.300000	1624.090000	6.303977
40.400000	1632.160000	6.138410
40.500000	1640.250000	5.967582
40.600000	1648.360000	5.791978
40.700000	1656.490000	5.612094
40.800000	1664.640000	5.428438
40.900000	1672.810000	5.241531
41.000000	1681.000000	5.051899
41.100000	1689.210000	4.860079
41.200000	1697.440000	4.666611
41.300000	1705.690000	4.472040
41.400000	1713.960000	4.276916
41.500000	1722.250000	4.081785
41.600000	1730.560000	3.887197
41.700000	1738.890000	3.693697
41.800000	1747.240000	3.501826
41.900000	1755.610000	3.312120
42.000000	1764.000000	3.125108
42.100000	1772.410000	2.941311
42.200000	1780.840000	2.761239
42.300000	1789.290000	2.585389
42.400000	1797.760000	2.414246
42.500000	1806.250000	2.248282
42.600000	1814.760000	2.087950
42.700000	1823.290000	1.933688
42.800000	1831.840000	1.785914
42.900000	1840.410000	1.645027
43.000000	1849.000000	1.511405
43.100000	1857.610000	1.385404
43.200000	1866.240000	1.267357
43.300000	1874.890000	1.157572
43.400000	1883.560000	1.056334
43.500000	1892.250000	0.963901
43.600000	1900.960000	0.880504
43.700000	1909.690000	0.806349
43.800000	1918.440000	0.741613
43.900000	1927.210000	0.686445
44.000000	1936.000000	0.640966
44.100000	1944.810000	0.605267
44.200000	1953.640000	0.579412
44.300000	1962.490000	0.563433
44.400000	1971.360000	0.557336
44.500000	1980.250000	0.561094
44.600000	1989.160000	0.574655
44.700000	1998.090000	0.597935
44.800000	2007.040000	0.630823
44.900000	2016.010000	0.673179
45.000000	2025.000000	0.724835
45.100000	2034.010000	0.785596
45.200000	2043.040000	0.855242
45.300000	2052.090000	0.933523
45.400000	2061.160000	1.020168
45.500000	2070.250000	1.114880
45.600000	2079.360000	1.217338
45.700000	2088.490000	1.327199
45.800000	2097.640000	1.444098
45.900000	2106.810000	1.567652
46.000000	2116.000000	1.697456
46.100000	2125.210000	1.833089
46.200000	2134.440000	1.974111
46.300000	2143.690000	2.120070
46.400000	2152.960000	2.270498
46.500000	2162.250000	2.424914
46.600000	2171.560000	2.582828
46.700000	2180.890000	2.743737
46.800000	2190.240000	2.907134
46.900000	2199.610000	3.072502
47.000000	2209.000000	3.239320
47.100000	2218.410000	3.407063
47.200000	2227.840000	3.575206
47.300000	2237.290000	3.743222
47.400000	2246.760000	3.910584
47.500000	2256.250000	4.076770
47.600000	2265.760000	4.241260
47.700000	2275.290000	4.403542
47.800000	2284.840000	4.563110
47.900000	2294.410000	4.719466
48.000000	2304.000000	4.872124
48.100000	2313.610000	5.020608
48.200000	2323.240000	5.164456
48.300000	2332.890000	5.303221
48.400000	2342.560000	5.436470
48.500000	2352.250000	5.563789
48.600000	2361.960000	5.684779
48.700000	2371.690000	5.799063
48.800000	2381.440000	5.906285
48.900000	2391.210000	6.006108
49.000000	2401.000000	6.098219
49.100000	2410.810000	6.182327
49.200000	2420.640000	6.258167
49.300000	2430.490000	6.325497
49.400000	2440.360000	6.384103
49.500000	2450.250000	6.433794
49.600000	2460.160000	6.474408
49.700000	2470.090000	6.505810
49.800000	2480.040000	6.527892
49.900000	2490.010000	6.540573
50.000000	2500.000000	6.543802
50.100000	2510.010000	6.537555
50.200000	2520.040000	6.521835
50.300000	2530.090000	6.496676
50.400000	2540.160000	6.462137
50.500000	2550.250000	6.418308
50.600000	2560.360000	6.365303
50.700000	2570.490000	6.303265
50.800000	2580.640000	6.232365
50.900000	2590.810000	6.152797
51.000000	2601.000000	6.064782
51.100000	2611.210000	5.968568
51.200000	2621.440000	5.864423
51.300000	2631.690000	5.752642
51.400000	2641.960000	5.633539
51.500000	2652.250000	5.507453
51.600000	2662.560000	5.374740
51.700000	2672.890000	5.235778
51.800000	2683.240000	5.090961
51.900000	2693.610000	4.940701
52.000000	2704.000000	4.785427
52.100000	2714.410000	4.625580
52.200000	2724.840000	4.461616
52.300000	2735.290000	4.294001
52.400000	2745.760000	4.123213
52.500000	2756.250000	3.949738
52.600000	2766.760000	3.774071
52.700000	2777.290000	3.596711
52.800000	2787.840000	3.418162
52.900000	2798.410000	3.238933
53.000000	2809.000000	3.059531
53.100000	2819.610000	2.880466
53.200000	2830.240000	2.702246
53.300000	2840.890000	2.525376
53.400000	2851.560000	2.350354
53.500000	2862.250000	2.177676
53.600000	2872.960000	2.007828
53.700000	2883.690000	1.841288
53.800000	2894.440000	1.678524
53.900000	2905.210000	1.519992
54.000000	2916.000000	1.366135
54.100000	2926.810000	1.217382
54.200000	2937.640000	1.074146
54.300000	2948.490000	0.936824
54.400000	2959.360000	0.805794
54.500000	2970.250000	0.681417
54.600000	2981.160000	0.564033
54.700000	2992.090000	0.453959
54.800000	3003.040000	0.351494
54.900000	3014.010000	0.256911
55.000000	3025.000000	0.170461
55.100000	3036.010000	0.092369
55.200000	3047.040000	0.022838
55.300000	3058.090000	-0.037956
55.400000	3069.160000	-0.089865
55.500000	3080.250000	-0.132763
55.600000	3091.360000	-0.166556
55.700000	3102.490000	-0.191172
55.800000	3113.640000	-0.206569
55.900000	3124.810000	-0.212733
56.000000	3136.000000	-0.209675
56.100000	3147.210000	-0.197434
56.200000	3158.440000	-0.176077
56.300000	3169.690000	-0.145697
56.400000	3180.960000	-0.106414
56.500000	3192.250000	-0.058373
56.600000	3203.560000	-0.001747
56.700000	3214.890000	0.063268
56.800000	3226.240000	0.136450
56.900000	3237.610000	0.217554
57.000000	3249.000000	0.306311
57.100000	3260.410000	0.402430
57.200000	3271.840000	0.505599
57.300000	3283.290000	0.615486
57.400000	3294.760000	0.731737
57.500000	3306.250000	0.853982
57.600000	3317.760000	0.981833
57.700000	3329.290000	1.114885
57.800000	3340.840000	1.252720
57.900000	3352.410000	1.394904
58.000000	3364.000000	1.540992
58.100000	3375.610000	1.690528
58.200000	3387.240000	1.843045
58.300000	3398.890000	1.998069
58.400000	3410.560000	2.155118
58.500000	3422.250000	2.313706
58.600000	3433.960000	2.473341
58.700000	3445.690000	2.633531
58.800000	3457.440000	2.793781
58.900000	3469.210000	2.953596
59.000000	3481.000000	3.112483
59.100000	3492.810000	3.269954
59.200000	3504.640000	3.425525
59.300000	3516.490000	3.578716
59.400000	3528.360000	3.729057
59.500000	3540.250000	3.876086
59.600000	3552.160000	4.019352
59.700000	3564.090000	4.158414
59.800000	3576.040000	4.292845
59.900000	3588.010000	4.422233
60.000000	3600.000000	4.546179
60.100000	3612.010000	4.664304
60.200000	3624.040000	4.776243
60.300000	3636.090000	4.881651
60.400000	3648.160000	4.980204
60.500000	3660.250000	5.071598
60.600000	3672.360000	5.155548
60.700000	3684.490000	5.231796
60.800000	3696.640000	5.300103
60.900000	3708.810000	5.360256
61.000000	3721.000000	5.412066
61.100000	3733.210000	5.455368
61.200000	3745.440000	5.490023
61.300000	3757.690000	5.515918
61.400000	3769.960000	5.532966
61.500000	3782.250000	5.541106
61.600000	3794.560000	5.540305
61.700000	3806.890000	5.530553
61.800000	3819.240000	5.511871
61.900000	3831.610000	5.484302
62.000000	3844.000000	5.447919
62.100000	3856.410000	5.402820
62.200000	3868.840000	5.349127
62.300000	3881.290000	5.286991
62.400000	3893.760000	5.216583
62.500000	3906.250000	5.138103
62.600000	3918.760000	5.051773
62.700000	3931.290000	4.957836
62.800000	3943.840000	4.856562
62.900000	3956.410000	4.748238
63.000000	3969.000000	4.633174
63.100000	3981.610000	4.511699
63.200000	3994.240000	4.384162
63.300000	4006.890000	4.250928
63.400000	4019.560000	4.112379
63.500000	4032.250000	3.968913
63.600000	4044.960000	3.820943
63.700000	4057.690000	3.668893
63.800000	4070.440000	3.513200
63.900000	4083.210000	3.354312
64.000000	4096.000000	3.192684
64.100000	4108.810000	3.028782
64.200000	4121.640000	2.863075
64.300000	4134.490000	2.696040
64.400000	4147.360000	2.528155
64.500000	4160.250000	2.359902
64.600000	4173.160000	2.191764
64.700000	4186.090000	2.024220
64.800000	4199.040000	1.857751
64.900000	4212.010000	1.692833
65.000000	4225.000000	1.529935
65.100000	4238.010000	1.369524
65.200000	4251.040000	1.212055
65.300000	4264.090000	1.057976
65.400000	4277.160000	0.907726
65.500000	4290.250000	0.761729
65.600000	4303.360000	0.620398
65.700000	4316.490000	0.484133
65.800000	4329.640000	0.353316
65.900000	4342.810000	0.228316
66.000000	4356.000000	0.109481
66.100000	4369.210000	-0.002858
66.200000	4382.440000	-0.108387
66.300000	4395.690000	-0.206817
66.400000	4408.960000	-0.297876
66.500000	4422.250000	-0.381317
66.600000	4435.560000	-0.456915
66.700000	4448.890000	-0.524466
66.800000	4462.240000	-0.583793
66.900000	4475.610000	-0.634742
67.000000	4489.000000	-0.677185
67.100000	4502.410000	-0.711017
67.200000	4515.840000	-0.736160
67.300000	4529.290000	-0.752562
67.400000	4542.760000	-0.760197
67.500000	4556.250000	-0.759064
67.600000	4569.760000	-0.749188
67.700000	4583.290000	-0.730620
67.800000	4596.840000	-0.703437
67.900000	4610.410000	-0.667742
68.000000	4624.000000	-0.623661
68.100000	4637.610000	-0.571347
68.200000	4651.240000	-0.510976
68.300000	4664.890000	-0.442747
68.400000	4678.560000	-0.366884
68.500000	4692.250000	-0.283631
68.600000	4705.960000	-0.193257
68.700000	4719.690000	-0.096047
68.800000	4733.440000	0.007688
68.900000	4747.210000	0.117624
69.000000	4761.000000	0.233415
69.100000	4774.810000	0.354698
69.200000	4788.640000	0.481097
69.300000	4802.490000	0.612218
69.400000	4816.360000	0.747655
69.500000	4830.250000	0.886989
69.600000	4844.160000	1.029790
69.700000	4858.090000	1.175619
69.800000	4872.040000	1.324026
69.900000	4886.010000	1.474556
70.000000	4900.000000	1.626748
70.100000	4914.010000	1.780134
70.200000	4928.040000	1.934246
70.300000	4942.090000	2.088612
70.400000	4956.160000	2.242761
70.500000	4970.250000	2.396222
70.600000	4984.360000	2.548527
70.700000	4998.490000	2.699211
70.800000	5012.640000	2.847815
70.900000	5026.810000	2.993888
71.000000	5041.000000	3.136982
71.100000	5055.210000	3.276664
71.200000	5069.440000	3.412508
71.300000	5083.690000	3.544099
71.400000	5097.960000	3.671038
71.500000	5112.250000	3.792938
71.600000	5126.560000	3.909427
71.700000	5140.890000	4.020150
71.800000	5155.240000	4.124770
71.900000	5169.610000	4.222967
72.000000	5184.000000	4.314441
72.100000	5198.410000	4.398912
72.200000	5212.840000	4.476121
72.300000	5227.290000	4.545830
72.400000	5241.760000	4.607825
72.500000	5256.250000	4.661913
72.600000	5270.760000	4.707926
72.700000	5285.290000	4.745720
72.800000	5299.840000	4.775175
72.900000	5314.410000	4.796195
73.000000	5329.000000	4.808711
73.100000	5343.610000	4.812678
73.200000	5358.240000	4.808076
73.300000	5372.890000	4.794912
73.400000	5387.560000	4.773216
73.500000	5402.250000	4.743045
73.600000	5416.960000	4.704481
73.700000	5431.690000	4.657630
73.800000	5446.440000	4.602624
73.900000	5461.210000	4.539617
74.000000	5476.000000	4.468788
74.100000	5490.810000	4.390339
74.200000	5505.640000	4.304493
74.300000	5520.490000	4.211498
74.400000	5535.360000	4.111620
74.500000	5550.250000	4.005146
74.600000	5565.160000	3.892383
74.700000	5580.090000	3.773656
74.800000	5595.040000	3.649308
74.900000	5610.010000	3.519697
75.000000	5625.000000	3.385198
75.100000	5640.010000	3.246200
75.200000	5655.040000	3.103104
75.300000	5670.090000	2.956325
75.400000	5685.160000	2.806287
75.500000	5700.250000	2.653423
75.600000	5715.360000	2.498176
75.700000	5730.490000	2.340994
75.800000	5745.640000	2.182332
75.900000	5760.810000	2.022648
76.000000	5776.000000	1.862403
76.100000	5791.210000	1.702060
76.200000	5806.440000	1.542083
76.300000	5821.690000	1.382931
76.400000	5836.960000	1.225065
76.500000	5852.250000	1.068938
76.600000	5867.560000	0.915000
76.700000	5882.890000	0.763694
76.800000	5898.240000	0.615455
76.900000	5913.610000	0.470707
77.000000	5929.000000	0.329866
77.100000	5944.410000	0.193335
77.200000	5959.840000	0.061504
77.300000	5975.290000	-0.065251
77.400000	5990.760000	-0.186569
77.500000	6006.250000	-0.302106
77.600000	6021.760000	-0.411533
77.700000	6037.290000	-0.514542
77.800000	6052.840000	-0.610843
77.900000	6068.410000	-0.700164
78.000000	6084.000000	-0.782258
78.100000	6099.610000	-0.856896
78.200000	6115.240000	-0.923872
78.300000	6130.890000	-0.983003
78.400000	6146.560000	-1.034130
78.500000	6162.250000	-1.077115
78.600000	6177.960000	-1.111848
78.700000	6193.690000	-1.138240
78.800000	6209.440000	-1.156229
78.900000	6225.210000	-1.165776
79.000000	6241.000000	-1.166868
79.100000	6256.810000	-1.159518
79.200000	6272.640000	-1.143761
79.300000	6288.490000	-1.119659
79.400000	6304.360000	-1.087298
79.500000	6320.250000	-1.046789
79.600000	6336.160000	-0.998267
79.700000	6352.090000	-0.941887
79.800000	6368.040000	-0.877833
79.900000	6384.010000	-0.806308
80.000000	6400.000000	-0.727536
80.100000	6416.010000	-0.641766
80.200000	6432.040000	-0.549263
80.300000	6448.090000	-0.450316
80.400000	6464.160000	-0.345229
80.500000	6480.250000	-0.234328
80.600000	6496.360000	-0.117952
80.700000	6512.490000	0.003542
80.800000	6528.640000	0.129782
80.900000	6544.810000	0.260383
81.000000	6561.000000	0.394947
81.100000	6577.210000	0.533063
81.200000	6593.440000	0.674313
81.300000	6609.690000	0.818268
81.400000	6625.960000	0.964491
81.500000	6642.250000	1.112539
81.600000	6658.560000	1.261964
81.700000	6674.890000	1.412314
81.800000	6691.240000	1.563136
81.900000	6707.610000	1.713972
82.000000	6724.000000	1.864369
82.100000	6740.410000	2.013873
82.200000	6756.840000	2.162032
82.300000	6773.290000	2.308401
82.400000	6789.760000	2.452538
82.500000	6806.250000	2.594010
82.600000	6822.760000	2.732390
82.700000	6839.290000	2.867261
82.800000	6855.840000	2.998218
82.900000	6872.410000	3.124867
83.000000	6889.000000	3.246825
83.100000	6905.610000	3.363727
83.200000	6922.240000	3.475220
83.300000	6938.890000	3.580968
83.400000	6955.560000	3.680653
83.500000	6972.250000	3.773974
83.600000	6988.960000	3.860649
83.700000	7005.690000	3.940417
83.800000	7022.440000	4.013036
83.900000	7039.210000	4.078287
84.000000	7056.000000	4.135971
84.100000	7072.810000	4.185913
84.200000	7089.640000	4.227960
84.300000	7106.490000	4.261982
84.400000	7123.360000	4.287876
84.500000	7140.250000	4.305558
84.600000	7157.160000	4.314972
84.700000	7174.090000	4.316086
84.800000	7191.040000	4.308891
84.900000	7208.010000	4.293404
85.000000	7225.000000	4.269666
85.100000	7242.010000	4.237743
85.200000	7259.040000	4.197723
85.300000	7276.090000	4.149721
85.400000	7293.160000	4.093872
85.500000	7310.250000	4.030338
85.600000	7327.360000	3.959302
85.700000	7344.490000	3.880967
85.800000	7361.640000	3.795559
85.900000	7378.810000	3.703327
86.000000	7396.000000	3.604537
86.100000	7413.210000	3.499476
86.200000	7430.440000	3.388447
86.300000	7447.690000	3.271774
86.400000	7464.960000	3.149794
86.500000	7482.250000	3.022863
86.600000	7499.560000	2.891348
86.700000	7516.890000	2.755632
86.800000	7534.240000	2.616109
86.900000	7551.610000	2.473184
87.000000	7569.000000	2.327273
87.100000	7586.410000	2.178799
87.200000	7603.840000	2.028193
87.300000	7621.290000	1.875893
87.400000	7638.760000	1.722340
87.500000	7656.250000	1.567980
87.600000	7673.760000	1.413261
87.700000	7691.290000	1.258632
87.800000	7708.840000	1.104539
87.900000	7726.410000	0.951431
88.000000	7744.000000	0.799748
88.100000	7761.610000	0.649932
88.200000	7779.240000	0.502414
88.300000	7796.890000	0.357620
88.400000	7814.560000	0.215968
88.500000	7832.250000	0.077867
88.600000	7849.960000	-0.056285
88.700000	7867.690000	-0.186104
88.800000	7885.440000	-0.311216
88.900000	7903.210000	-0.431263
89.000000	7921.000000	-0.545900
89.100000	7938.810000	-0.654800
89.200000	7956.640000	-0.757654
89.300000	7974.490000	-0.854168
89.400000	7992.360000	-0.944069
89.500000	8010.250000	-1.027102
89.600000	8028.160000	-1.103035
89.700000	8046.090000	-1.171655
89.800000	8064.040000	-1.232771
89.900000	8082.010000	-1.286215
90.000000	8100.000000	-1.331840
90.100000	8118.010000	-1.369524
90.200000	8136.040000	-1.399167
90.300000	8154.090000	-1.420695
90.400000	8172.160000	-1.434055
90.500000	8190.250000	-1.439220
90.600000	8208.360000	-1.436188
90.700000	8226.490000	-1.424978
90.800000	8244.640000	-1.405637
90.900000	8262.810000	-1.378233
91.000000	8281.000000	-1.342859
91.100000	8299.210000	-1.299631
91.200000	8317.440000	-1.248689
91.300000	8335.690000	-1.190195
91.400000	8353.960000	-1.124333
91.500000	8372.250000	-1.051308
91.600000	8390.560000	-0.971349
91.700000	8408.890000	-0.884702
91.800000	8427.240000	-0.791633
91.900000	8445.610000	-0.692430
92.000000	8464.000000	-0.587394
92.100000	8482.410000	-0.476848
92.200000	8500.840000	-0.361127
92.300000	8519.290000	-0.240584
92.400000	8537.760000	-0.115585
92.500000	8556.250000	0.013493
92.600000	8574.760000	0.146257
92.700000	8593.290000	0.282307
92.800000	8611.840000	0.421232
92.900000	8630.410000	0.562613
93.000000	8649.000000	0.706023
93.100000	8667.610000	0.851031
93.200000	8686.240000	0.997201
93.300000	8704.890000	1.144093
93.400000	8723.560000	1.291265
93.500000	8742.250000	1.438276
93.600000	8760.960000	1.584684
93.700000	8779.690000	1.730051
93.800000	8798.440000	1.873939
93.900000	8817.210000	2.015918
94.000000	8836.000000	2.155562
94.100000	8854.810000	2.292453
94.200000	8873.640000	2.426181
94.300000	8892.490000	2.556345
94.400000	8911.360000	2.682557
94.500000	8930.250000	2.804437
94.600000	8949.160000	2.921621
94.700000	8968.090000	3.033760
94.800000	8987.040000	3.140516
94.900000	9006.010000	3.241570
95.000000	9025.000000	3.336620
95.100000	9044.010000	3.425382
95.200000	9063.040000	3.507589
95.300000	9082.090000	3.582995
95.400000	9101.160000	3.651374
95.500000	9120.250000	3.712521
95.600000	9139.360000	3.766252
95.700000	9158.490000	3.812405
95.800000	9177.640000	3.850841
95.900000	9196.810000	3.881443
96.000000	9216.000000	3.904120
96.100000	9235.210000	3.918800
96.200000	9254.440000	3.925438
96.300000	9273.690000	3.924012
96.400000	9292.960000	3.914523
96.500000	9312.250000	3.896997
96.600000	9331.560000	3.871484
96.700000	9350.890000	3.838056
96.800000	9370.240000	3.796809
96.900000	9389.610000	3.747864
97.000000	9409.000000	3.691361
97.100000	9428.410000	3.627466
97.200000	9447.840000	3.556364
97.300000	9467.290000	3.478263
97.400000	9486.760000	3.393390
97.500000	9506.250000	3.301995
97.600000	9525.760000	3.204344
97.700000	9545.290000	3.100722
97.800000	9564.840000	2.991432
97.900000	9584.410000	2.876795
98.000000	9604.000000	2.757145
98.100000	9623.610000	2.632833
98.200000	9643.240000	2.504222
98.300000	9662.890000	2.371689
98.400000	9682.560000	2.235621
98.500000	9702.250000	2.096417
98.600000	9721.960000	1.954483
98.700000	9741.690000	1.810234
98.800000	9761.440000	1.664093
98.900000	9781.210000	1.516487
99.000000	9801.000000	1.367846
99.100000	9820.810000	1.218606
99.200000	9840.640000	1.069201
99.300000	9860.490000	0.920069
99.400000	9880.360000	0.771645
99.500000	9900.250000	0.624361
99.600000	9920.160000	0.478646
99.700000	9940.090000	0.334927
99.800000	9960.040000	0.193621
99.900000	9980.010000	0.055139
100.000000	10000.000000	-0.080115
100.100000	10020.010000	-0.211748
100.200000	10040.040000	-0.339378
100.300000	10060.090000	-0.462635
100.400000	10080.160000	-0.581161
100.500000	10100.250000	-0.694613
100.600000	10120.360000	-0.802663
100.700000	10140.490000	-0.904998
100.800000	10160.640000	-1.001324
100.900000	10180.810000	-1.091363
101.000000	10201.000000	-1.174857
101.100000	10221.210000	-1.251566
101.200000	10241.440000	-1.321272
101.300000	10261.690000	-1.383776
101.400000	10281.960000	-1.438901
101.500000	10302.250000	-1.486492
101.600000	10322.560000	-1.526417
101.700000	10342.890000	-1.558564
101.800000	10363.240000	-1.582848
101.900000	10383.610000	-1.599203
102.000000	10404.000000	-1.607590
102.100000	10424.410000	-1.607991
102.200000	10444.840000	-1.600414
102.300000	10465.290000	-1.584887
102.400000	10485.760000	-1.561466
102.500000	10506.250000	-1.530227
102.600000	10526.760000	-1.491269
102.700000	10547.290000	-1.444715
102.800000	10567.840000	-1.390711
102.900000	10588.410000	-1.329424
103.000000	10609.000000	-1.261041
103.100000	10629.610000	-1.185773
103.200000	10650.240000	-1.103848
103.300000	10670.890000	-1.015516
103.400000	10691.560000	-0.921045
103.500000	10712.250000	-0.820721
103.600000	10732.960000	-0.714847
103.700000	10753.690000	-0.603741
103.800000	10774.440000	-0.487740
103.900000	10795.210000	-0.367191
104.000000	10816.000000	-0.242458
104.100000	10836.810000	-0.113915
104.200000	10857.640000	0.018053
104.300000	10878.490000	0.153051
104.400000	10899.360000	0.290672
104.500000	10920.250000	0.430507
104.600000	10941.160000	0.572135
104.700000	10962.090000	0.715135
104.800000	10983.040000	0.859078
104.900000	11004.010000	1.003534
105.000000	11025.000000	1.148072
105.100000	11046.010000	1.292261
105.200000	11067.040000	1.435670
105.300000	11088.090000	1.577872
105.400000	11109.160000	1.718441
105.500000	11130.250000	1.856961
105.600000	11151.360000	1.993016
105.700000	11172.490000	2.126203
105.800000	11193.640000	2.256124
105.900000	11214.810000	2.382392
106.000000	11236.000000	2.504631
106.100000	11257.210000	2.622476
106.200000	11278.440000	2.735578
106.300000	11299.690000	2.843599
106.400000	11320.960000	2.946217
106.500000	11342.250000	3.043126
106.600000	11363.560000	3.134038
106.700000	11384.890000	3.218683
106.800000	11406.240000	3.296807
106.900000	11427.610000	3.368178
107.000000	11449.000000	3.432583
107.100000	11470.410000	3.489830
107.200000	11491.840000	3.539747
107.300000	11513.290000	3.582185
107.400000	11534.760000	3.617017
107.500000	11556.250000	3.644139
107.600000	11577.760000	3.663468
107.700000	11599.290000	3.674945
107.800000	11620.840000	3.678535
107.900000	11642.410000	3.674226
108.000000	11664.000000	3.662028
108.100000	11685.610000	3.641976
108.200000	11707.240000	3.614127
108.300000	11728.890000	3.578561
108.400000	11750.560000	3.535383
108.500000	11772.250000	3.484716
108.600000	11793.960000	3.426710
108.700000	11815.690000	3.361534
108.800000	11837.440000	3.289378
108.900000	11859.210000	3.210452
109.000000	11881.000000	3.124989
109.100000	11902.810000	3.033238
109.200000	11924.640000	2.935468
109.300000	11946.490000	2.831966
109.400000	11968.360000	2.723033
109.500000	11990.250000	2.608991
109.600000	12012.160000	2.490173
109.700000	12034.090000	2.366926
109.800000	12056.040000	2.239613
109.900000	12078.010000	2.108606
110.000000	12100.000000	1.974289
110.100000	12122.010000	1.837056
110.200000	12144.040000	1.697308
110.300000	12166.090000	1.555456
110.400000	12188.160000	1.411913
110.500000	12210.250000	1.267101
110.600000	12232.360000	1.121444
110.700000	12254.490000	0.975367
110.800000	12276.640000	0.829299
110.900000	12298.810000	0.683666
111.000000	12321.000000	0.538895
111.100000	12343.210000	0.395408
111.200000	12365.440000	0.253625
111.300000	12387.690000	0.113960
111.400000	12409.960000	-0.023179
111.500000	12432.250000	-0.157391
111.600000	12454.560000	-0.288286
111.700000	12476.890000	-0.415482
111.800000	12499.240000	-0.538607
111.900000	12521.610000	-0.657304
112.000000	12544.000000	-0.771228
112.100000	12566.410000	-0.880046
112.200000	12588.840000	-0.983443
112.300000	12611.290000	-1.081119
112.400000	12633.760000	-1.172791
112.500000	12656.250000	-1.258193
112.600000	12678.760000	-1.337080
112.700000	12701.290000	-1.409223
112.800000	12723.840000	-1.474415
112.900000	12746.410000	-1.532470
113.000000	12769.000000	-1.583221
113.100000	12791.610000	-1.626524
113.200000	12814.240000	-1.662257
113.300000	12836.890000	-1.690320
113.400000	12859.560000	-1.710637
113.500000	12882.250000	-1.723151
113.600000	12904.960000	-1.727833
113.700000	12927.690000	-1.724674
113.800000	12950.440000	-1.713688
113.900000	12973.210000	-1.694914
114.000000	12996.000000	-1.668412
114.100000	13018.810000	-1.634267
114.200000	13041.640000	-1.592584
114.300000	13064.490000	-1.543492
114.400000	13087.360000	-1.487140
114.500000	13110.250000	-1.423701
114.600000	13133.160000	-1.353366
114.700000	13156.090000	-1.276349
114.800000	13179.040000	-1.192881
114.900000	13202.010000	-1.103213
115.000000	13225.000000	-1.007616
115.100000	13248.010000	-0.906376
115.200000	13271.040000	-0.799796
115.300000	13294.090000	-0.688195
115.400000	13317.160000	-0.571907
115.500000	13340.250000	-0.451280
115.600000	13363.360000	-0.326673
115.700000	13386.490000	-0.198459
115.800000	13409.640000	-0.067019
115.900000	13432.810000	0.067255
116.000000	13456.000000	0.203962
116.100000	13479.210000	0.342696
116.200000	13502.440000	0.483044
116.300000	13525.690000	0.624589
116.400000	13548.960000	0.766909
116.500000	13572.250000	0.909581
116.600000	13595.560000	1.052183
116.700000	13618.890000	1.194289
116.800000	13642.240000	1.335478
116.900000	13665.610000	1.475330
117.000000	13689.000000	1.613432
117.100000	13712.410000	1.749371
117.200000	13735.840000	1.882746
117.300000	13759.290000	2.013160
117.400000	13782.760000	2.140227
117.500000	13806.250000	2.263570
117.600000	13829.760000	2.382822
117.700000	13853.290000	2.497631
117.800000	13876.840000	2.607655
117.900000	13900.410000	2.712569
118.000000	13924.000000	2.812061
118.100000	13947.610000	2.905836
118.200000	13971.240000	2.993616
118.300000	13994.890000	3.075142
118.400000	14018.560000	3.150170
118.500000	14042.250000	3.218479
118.600000	14065.960000	3.279865
118.700000	14089.690000	3.334146
118.800000	14113.440000	3.381162
118.900000	14137.210000	3.420772
119.000000	14161.000000	3.452858
119.100000	14184.810000	3.477324
119.200000	14208.640000	3.494098
119.300000	14232.490000	3.503128
119.400000	14256.360000	3.504388
119.500000	14280.250000	3.497871
119.600000	14304.160000	3.483596
119.700000	14328.090000	3.461605
119.800000	14352.040000	3.431960
119.900000	14376.010000	3.394749
120.000000	14400.000000	3.350079
120.100000	14424.010000	3.298082
120.200000	14448.040000	3.238908
120.300000	14472.090000	3.172732
120.400000	14496.160000	3.099746
120.500000	14520.250000	3.020166
120.600000	14544.360000	2.934224
120.700000	14568.490000	2.842171
120.800000	14592.640000	2.744278
120.900000	14616.810000	2.640832
121.000000	14641.000000	2.532135
121.100000	14665.210000	2.418507
121.200000	14689.440000	2.300280
121.300000	14713.690000	2.177801
121.400000	14737.960000	2.051430
121.500000	14762.250000	1.921535
121.600000	14786.560000	1.788499
121.700000	14810.890000	1.652711
121.800000	14835.240000	1.514568
121.900000	14859.610000	1.374476
122.000000	14884.000000	1.232845
122.100000	14908.410000	1.090089
122.200000	14932.840000	0.946626
122.300000	14957.290000	0.802877
122.400000	14981.760000	0.659262
122.500000	15006.250000	0.516202
122.600000	15030.760000	0.374114
122.700000	15055.290000	0.233415
122.800000	15079.840000	0.094515
122.900000	15104.410000	-0.042179
123.000000	15129.000000	-0.176268
123.100000	15153.610000	-0.307361
123.200000	15178.240000	-0.435074
123.300000	15202.890000	-0.559036
123.400000	15227.560000	-0.678885
123.500000	15252.250000	-0.794272
123.600000	15276.960000	-0.904860
123.700000	15301.690000	-1.010327
123.800000	15326.440000	-1.110368
123.900000	15351.210000	-1.204691
124.000000	15376.000000	-1.293023
124.100000	15400.810000	-1.375108
124.200000	15425.640000	-1.450708
124.300000	15450.490000	-1.519604
124.400000	15475.360000	-1.581599
124.500000	15500.250000	-1.636514
124.600000	15525.160000	-1.684191
124.700000	15550.090000	-1.724494
124.800000	15575.040000	-1.757310
124.900000	15600.010000	-1.782546
125.000000	15625.000000	-1.800132
125.100000	15650.010000	-1.810021
125.200000	15675.040000	-1.812189
125.300000	15700.090000	-1.806632
125.400000	15725.160000	-1.793372
125.500000	15750.250000	-1.772453
125.600000	15775.360000	-1.743940
125.700000	15800.490000	-1.707922
125.800000	15825.640000	-1.664509
125.900000	15850.810000	-1.613834
126.000000	15876.000000	-1.556049
126.100000	15901.210000	-1.491330
126.200000	15926.440000	-1.419870
126.300000	15951.690000	-1.341884
126.400000	15976.960000	-1.257607
126.500000	16002.250000	-1.167289
126.600000	16027.560000	-1.071202
126.700000	16052.890000	-0.969630
126.800000	16078.240000	-0.862878
126.900000	16103.610000	-0.751264
127.000000	16129.000000	-0.635118
127.100000	16154.410000	-0.514788
127.200000	16179.840000	-0.390630
127.300000	16205.290000	-0.263012
127.400000	16230.760000	-0.132315
127.500000	16256.250000	0.001075
127.600000	16281.760000	0.136761
127.700000	16307.290000	0.274341
127.800000	16332.840000	0.413408
127.900000	16358.410000	0.553550
128.000000	16384.000000	0.694352
128.100000	16409.610000	0.835397
128.200000	16435.240000	0.976266
128.300000	16460.890000	1.116545
128.400000	16486.560000	1.255817
128.500000	16512.250000	1.393671
128.600000	16537.960000	1.529700
128.700000	16563.690000	1.663500
128.800000	16589.440000	1.794678
128.900000	16615.210000	1.922844
129.000000	16641.000000	2.047622
129.100000	16666.810000	2.168641
129.200000	16692.640000	2.285546
129.300000	16718.490000	2.397990
129.400000	16744.360000	2.505642
129.500000	16770.250000	2.608185
129.600000	16796.160000	2.705315
129.700000	16822.090000	2.796747
129.800000	16848.040000	2.882210
129.900000	16874.010000	2.961453
130.000000	16900.000000	3.034242
130.100000	16926.010000	3.100362
130.200000	16952.040000	3.159619
130.300000	16978.090000	3.211838
130.400000	17004.160000	3.256865
130.500000	17030.250000	3.294568
130.600000	17056.360000	3.324836
130.700000	17082.490000	3.347579
130.800000	17108.640000	3.362731
130.900000	17134.810000	3.370247
131.000000	17161.000000	3.370105
131.100000	17187.210000	3.362306
131.200000	17213.440000	3.346873
131.300000	17239.690000	3.323851
131.400000	17265.960000	3.293308
131.500000	17292.250000	3.255335
131.600000	17318.560000	3.210043
131.700000	17344.890000	3.157565
131.800000	17371.240000	3.098056
131.900000	17397.610000	3.031692
132.000000	17424.000000	2.958667
132.100000	17450.410000	2.879196
132.200000	17476.840000	2.793514
132.300000	17503.290000	2.701871
132.400000	17529.760000	2.604539
132.500000	17556.250000	2.501802
132.600000	17582.760000	2.393963
132.700000	17609.290000	2.281339
132.800000	17635.840000	2.164261
132.900000	17662.410000	2.043072
133.000000	17689.000000	1.918130
133.100000	17715.610000	1.789800
133.200000	17742.240000	1.658460
133.300000	17768.890000	1.524495
133.400000	17795.560000	1.388299
133.500000	17822.250000	1.250270
133.600000	17848.960000	1.110816
133.700000	17875.690000	0.970343
133.800000	17902.440000	0.829265
133.900000	17929.210000	0.687996
134.000000	17956.000000	0.546948
134.100000	17982.810000	0.406536
134.200000	18009.640000	0.267172
134.300000	18036.490000	0.129262
134.400000	18063.360000	-0.006787
134.500000	18090.250000	-0.140580
134.600000	18117.160000	-0.271723
134.700000	18144.090000	-0.399833
134.800000	18171.040000	-0.524535
134.900000	18198.010000	-0.645466
135.000000	18225.000000	-0.762271
135.100000	18252.010000	-0.874609
135.200000	18279.040000	-0.982152
135.300000	18306.090000	-1.084587
135.400000	18333.160000	-1.181615
135.500000	18360.250000	-1.272954
135.600000	18387.360000	-1.358336
135.700000	18414.490000	-1.437515
135.800000	18441.640000	-1.510260
135.900000	18468.810000	-1.576360
136.000000	18496.000000	-1.635623
136.100000	18523.210000	-1.687879
136.200000	18550.440000	-1.732976
136.300000	18577.690000	-1.770786
136.400000	18604.960000	-1.801200
136.500000	18632.250000	-1.824131
136.600000	18659.560000	-1.839516
136.700000	18686.890000	-1.847313
136.800000	18714.240000	-1.847501
136.900000	18741.610000	-1.840083
137.000000	18769.000000	-1.825085
137.100000	18796.410000	-1.802553
137.200000	18823.840000	-1.772557
137.300000	18851.290000	-1.735188
137.400000	18878.760000	-1.690560
137.500000	18906.250000	-1.638806
137.600000	18933.760000	-1.580081
137.700000	18961.290000	-1.514562
137.800000	18988.840000	-1.442444
137.900000	19016.410000	-1.363941
138.000000	19044.000000	-1.279288
138.100000	19071.610000	-1.188737
138.200000	19099.240000	-1.092555
138.300000	19126.890000	-0.991029
138.400000	19154.560000	-0.884459
138.500000	19182.250000	-0.773162
138.600000	19209.960000	-0.657466
138.700000	19237.690000	-0.537715
138.800000	19265.440000	-0.414263
138.900000	19293.210000	-0.287475
139.000000	19321.000000	-0.157725
139.100000	19348.810000	-0.025397
139.200000	19376.640000	0.109118
139.300000	19404.490000	0.245423
139.400000	19432.360000	0.383116
139.500000	19460.250000	0.521789
139.600000	19488.160000	0.661035
139.700000	19516.090000	0.800442
139.800000	19544.040000	0.939600
139.900000	19572.010000	1.078098
140.000000	19600.000000	1.215528
140.100000	19628.010000	1.351484
140.200000	19656.040000	1.485567
140.300000	19684.090000	1.617382
140.400000	19712.160000	1.746540
140.500000	19740.250000	1.872662
140.600000	19768.360000	1.995375
140.700000	19796.490000	2.114320
140.800000	19824.640000	2.229145
140.900000	19852.810000	2.339513
141.000000	19881.000000	2.445101
141.100000	19909.210000	2.545596
141.200000	19937.440000	2.640704
141.300000	19965.690000	2.730145
141.400000	19993.960000	2.813657
141.500000	20022.250000	2.890993
141.600000	20050.560000	2.961928
141.700000	20078.890000	3.026252
141.800000	20107.240000	3.083778
141.900000	20135.610000	3.134335
142.000000	20164.000000	3.177776
142.100000	20192.410000	3.213974
142.200000	20220.840000	3.242821
142.300000	20249.290000	3.264235
142.400000	20277.760000	3.278153
142.500000	20306.250000	3.284533
142.600000	20334.760000	3.283357
142.700000	20363.290000	3.274629
142.800000	20391.840000	3.258375
142.900000	20420.410000	3.234643
143.000000	20449.000000	3.203503
143.100000	20477.610000	3.165046
143.200000	20506.240000	3.119386
143.300000	20534.890000	3.066657
143.400000	20563.560000	3.007013
143.500000	20592.250000	2.940629
143.600000	20620.960000	2.867702
143.700000	20649.690000	2.788444
143.800000	20678.440000	2.703088
143.900000	20707.210000	2.611884
144.000000	20736.000000	2.515101
144.100000	20764.810000	2.413021
144.200000	20793.640000	2.305944
144.300000	20822.490000	2.194183
144.400000	20851.360000	2.078066
144.500000	20880.250000	1.957933
144.600000	20909.160000	1.834136
144.700000	20938.090000	1.707037
144.800000	20967.040000	1.577008
144.900000	20996.010000	1.444430
145.000000	21025.000000	1.309690
145.100000	21054.010000	1.173182
145.200000	21083.040000	1.035306
145.300000	21112.090000	0.896464
145.400000	21141.160000	0.757062
145.500000	21170.250000	0.617507
145.600000	21199.360000	0.478207
145.700000	21228.490000	0.339568
145.800000	21257.640000	0.201996
145.900000	21286.810000	0.065890
146.000000	21316.000000	-0.068351
146.100000	21345.210000	-0.200337
146.200000	21374.440000	-0.329682
146.300000	21403.690000	-0.456011
146.400000	21432.960000	-0.578956
146.500000	21462.250000	-0.698159
146.600000	21491.560000	-0.813273
146.700000	21520.890000	-0.923964
146.800000	21550.240000	-1.029910
146.900000	21579.610000	-1.130805
147.000000	21609.000000	-1.226355
147.100000	21638.410000	-1.316284
147.200000	21667.840000	-1.400332
147.300000	21697.290000	-1.478256
147.400000	21726.760000	-1.549831
147.500000	21756.250000	-1.614850
147.600000	21785.760000	-1.673128
147.700000	21815.290000	-1.724498
147.800000	21844.840000	-1.768811
147.900000	21874.410000	-1.805943
148.000000	21904.000000	-1.835789
148.100000	21933.610000	-1.858264
148.200000	21963.240000	-1.873308
148.300000	21992.890000	-1.880879
148.400000	22022.560000	-1.880960
148.500000	22052.250000	-1.873555
148.600000	22081.960000	-1.858689
148.700000	22111.690000	-1.836409
148.800000	22141.440000	-1.806786
148.900000	22171.210000	-1.769908
149.000000	22201.000000	-1.725889
149.100000	22230.810000	-1.674861
149.200000	22260.640000	-1.616977
149.300000	22290.490000	-1.552411
149.400000	22320.360000	-1.481355
149.500000	22350.250000	-1.404020
149.600000	22380.160000	-1.320638
149.700000	22410.090000	-1.231454
149.800000	22440.040000	-1.136735
149.900000	22470.010000	-1.036759
150.000000	22500.000000	-0.931823
150.100000	22530.010000	-0.822238
150.200000	22560.040000	-0.708326
150.300000	22590.090000	-0.590424
150.400000	22620.160000	-0.468879
150.500000	22650.250000	-0.344051
150.600000	22680.360000	-0.216306
150.700000	22710.490000	-0.086020
150.800000	22740.640000	0.046423
150.900000	22770.810000	0.180633
151.000000	22801.000000	0.316218
151.100000	22831.210000	0.452777
151.200000	22861.440000	0.589910
151.300000	22891.690000	0.727215
151.400000	22921.960000	0.864289
151.500000	22952.250000	1.000731
151.600000	22982.560000	1.136140
151.700000	23012.890000	1.270119
151.800000	23043.240000	1.402277
151.900000	23073.610000	1.532227
152.000000	23104.000000	1.659588
152.100000	23134.410000	1.783989
152.200000	23164.840000	1.905066
152.300000	23195.290000	2.022465
152.400000	23225.760000	2.135844
152.500000	23256.250000	2.244872
152.600000	23286.760000	2.349231
152.700000	23317.290000	2.448618
152.800000	23347.840000	2.542743
152.900000	23378.410000	2.631332
153.000000	23409.000000	2.714128
153.100000	23439.610000	2.790890
153.200000	23470.240000	2.861397
153.300000	23500.890000	2.925443
153.400000	23531.560000	2.982845
153.500000	23562.250000	3.033435
153.600000	23592.960000	3.077069
153.700000	23623.690000	3.113621
153.800000	23654.440000	3.142988
153.900000	23685.210000	3.165084
154.000000	23716.000000	3.179850
154.100000	23746.810000	3.187243
154.200000	23777.640000	3.187246
154.300000	23808.490000	3.179859
154.400000	23839.360000	3.165109
154.500000	23870.250000	3.143040
154.600000	23901.160000	3.113720
154.700000	23932.090000	3.077236
154.800000	23963.040000	3.033698
154.900000	23994.010000	2.983236
155.000000	24025.000000	2.925999
155.100000	24056.010000	2.862156
155.200000	24087.040000	2.791897
155.300000	24118.090000	2.715429
155.400000	24149.160000	2.632977
155.500000	24180.250000	2.544783
155.600000	24211.360000	2.451108
155.700000	24242.490000	2.352225
155.800000	24273.640000	2.248426
155.900000	24304.810000	2.140014
156.000000	24336.000000	2.027308
156.100000	24367.210000	1.910636
156.200000	24398.440000	1.790341
156.300000	24429.690000	1.666773
156.400000	24460.960000	1.540295
156.500000	24492.250000	1.411274
156.600000	24523.560000	1.280088
156.700000	24554.890000	1.147118
156.800000	24586.240000	1.012753
156.900000	24617.610000	0.877382
157.000000	24649.000000	0.741400
157.100000	24680.410000	0.605202
157.200000	24711.840000	0.469184
157.300000	24743.290000	0.333741
157.400000	24774.760000	0.199264
157.500000	24806.250000	0.066144
157.600000	24837.760000	-0.065233
157.700000	24869.290000	-0.194489
157.800000	24900.840000	-0.321249
157.900000	24932.410000	-0.445147
158.000000	24964.000000	-0.565827
158.100000	24995.610000	-0.682940
158.200000	25027.240000	-0.796150
158.300000	25058.890000	-0.905131
158.400000	25090.560000	-1.009571
158.500000	25122.250000	-1.109171
158.600000	25153.960000	-1.203647
158.700000	25185.690000	-1.292728
158.800000	25217.440000	-1.376161
158.900000	25249.210000	-1.453709
159.000000	25281.000000	-1.525153
159.100000	25312.810000	-1.590292
159.200000	25344.640000	-1.648942
159.300000	25376.490000	-1.700941
159.400000	25408.360000	-1.746142
159.500000	25440.250000	-1.784424
159.600000	25472.160000	-1.815680
159.700000	25504.090000	-1.839829
159.800000	25536.040000	-1.856808
159.900000	25568.010000	-1.866574
160.000000	25600.000000	-1.869109
160.100000	25632.010000	-1.864411
160.200000	25664.040000	-1.852504
160.300000	25696.090000	-1.833429
160.400000	25728.160000	-1.807251
160.500000	25760.250000	-1.774053
160.600000	25792.360000	-1.733941
160.700000	25824.490000	-1.687038
160.800000	25856.640000	-1.633490
160.900000	25888.810000	-1.573460
161.000000	25921.000000	-1.507131
161.100000	25953.210000	-1.434702
161.200000	25985.440000	-1.356392
161.300000	26017.690000	-1.272435
161.400000	26049.960000	-1.183084
161.500000	26082.250000	-1.088604
161.600000	26114.560000	-0.989277
161.700000	26146.890000	-0.885397
161.800000	26179.240000	-0.777274
161.900000	26211.610000	-0.665226
162.000000	26244.000000	-0.549585
162.100000	26276.410000	-0.430691
162.200000	26308.840000	-0.308896
162.300000	26341.290000	-0.184556
162.400000	26373.760000	-0.058038
162.500000	26406.250000	0.070288
162.600000	26438.760000	0.200046
162.700000	26471.290000	0.330857
162.800000	26503.840000	0.462338
162.900000	26536.410000	0.594107
163.000000	26569.000000	0.725778
163.100000	26601.610000	0.856971
163.200000	26634.240000	0.987303
163.300000	26666.890000	1.116396
163.400000	26699.560000	1.243877
163.500000	26732.250000	1.369378
163.600000	26764.960000	1.492536
163.700000	26797.690000	1.612996
163.800000	26830.440000	1.730412
163.900000	26863.210000	1.844447
164.000000	26896.000000	1.954774
164.100000	26928.810000	2.061079
164.200000	26961.640000	2.163057
164.300000	26994.490000	2.260420
164.400000	27027.360000	2.352892
164.500000	27060.250000	2.440211
164.600000	27093.160000	2.522131
164.700000	27126.090000	2.598424
164.800000	27159.040000	2.668876
164.900000	27192.010000	2.733292
165.000000	27225.000000	2.791495
165.100000	27258.010000	2.843327
165.200000	27291.040000	2.888648
165.300000	27324.090000	2.927336
165.400000	27357.160000	2.959291
165.500000	27390.250000	2.984433
165.600000	27423.360000	3.002700
165.700000	27456.490000	3.014052
165.800000	27489.640000	3.018468
165.900000	27522.810000	3.015948
166.000000	27556.000000	3.006513
166.100000	27589.210000	2.990202
166.200000	27622.440000	2.967078
166.300000	27655.690000	2.937220
166.400000	27688.960000	2.900729
166.500000	27722.250000	2.857723
166.600000	27755.560000	2.808341
166.700000	27788.890000	2.752739
166.800000	27822.240000	2.691092
166.900000	27855.610000	2.623593
167.000000	27889.000000	2.550449
167.100000	27922.410000	2.471885
167.200000	27955.840000	2.388142
167.300000	27989.290000	2.299475
167.400000	28022.760000	2.206153
167.500000	28056.250000	2.108456
167.600000	28089.760000	2.006681
167.700000	28123.290000	1.901132
167.800000	28156.840000	1.792124
167.900000	28190.410000	1.679984
168.000000	28224.000000	1.565046
168.100000	28257.610000	1.447650
168.200000	28291.240000	1.328144
168.300000	28324.890000	1.206881
168.400000	28358.560000	1.084219
168.500000	28392.250000	0.960518
168.600000	28425.960000	0.836141
168.700000	28459.690000	0.711451
168.800000	28493.440000	0.586813
168.900000	28527.210000	0.462589
169.000000	28561.000000	0.339139
169.100000	28594.810000	0.216821
169.200000	28628.640000	0.095988
169.300000	28662.490000	-0.023012
169.400000	28696.360000	-0.139840
169.500000	28730.250000	-0.254161
169.600000	28764.160000	-0.365649
169.700000	28798.090000	-0.473989
169.800000	28832.040000	-0.578875
169.900000	28866.010000	-0.680013
170.000000	28900.000000	-0.777120
170.100000	28934.010000	-0.869927
170.200000	28968.040000	-0.958177
170.300000	29002.090000	-1.041631
170.400000	29036.160000	-1.120060
170.500000	29070.250000	-1.193254
170.600000	29104.360000	-1.261020
170.700000	29138.490000	-1.323180
170.800000	29172.640000	-1.379574
170.900000	29206.810000	-1.430060
171.000000	29241.000000	-1.474515
171.100000	29275.210000	-1.512833
171.200000	29309.440000	-1.544928
171.300000	29343.690000	-1.570732
171.400000	29377.960000	-1.590200
171.500000	29412.250000	-1.603301
171.600000	29446.560000	-1.610027
171.700000	29480.890000	-1.610388
171.800000	29515.240000	-1.604416
171.900000	29549.610000	-1.592157
172.000000	29584.000000	-1.573682
172.100000	29618.410000	-1.549078
172.200000	29652.840000	-1.518449
172.300000	29687.290000	-1.481920
172.400000	29721.760000	-1.439632
172.500000	29756.250000	-1.391746
172.600000	29790.760000	-1.338436
172.700000	29825.290000	-1.279894
172.800000	29859.840000	-1.216330
172.900000	29894.410000	-1.147965
173.000000	29929.000000	-1.075036
173.100000	29963.610000	-0.997796
173.200000	29998.240000	-0.916506
173.300000	30032.890000	-0.831443
173.400000	30067.560000	-0.742892
173.500000	30102.250000	-0.651152
173.600000	30136.960000	-0.556529
173.700000	30171.690000	-0.459336
173.800000	30206.440000	-0.359895
173.900000	30241.210000	-0.258536
174.000000	30276.000000	-0.155591
174.100000	30310.810000	-0.051399
174.200000	30345.640000	0.053698
174.300000	30380.490000	0.159358
174.400000	30415.360000	0.265235
174.500000	30450.250000	0.370983
174.600000	30485.160000	0.476260
174.700000	30520.090000	0.580721
174.800000	30555.040000	0.684029
174.900000	30590.010000	0.785847
175.000000	30625.000000	0.885846
175.100000	30660.010000	0.983700
175.200000	30695.040000	1.079093
175.300000	30730.090000	1.171715
175.400000	30765.160000	1.261266
175.500000	30800.250000	1.347455
175.600000	30835.360000	1.430002
175.700000	30870.490000	1.508639
175.800000	30905.640000	1.583109
175.900000	30940.810000	1.653171
176.000000	30976.000000	1.718595
176.100000	31011.210000	1.779166
176.200000	31046.440000	1.834685
176.300000	31081.690000	1.884968
176.400000	31116.960000	1.929849
176.500000	31152.250000	1.969177
176.600000	31187.560000	2.002820
176.700000	31222.890000	2.030661
176.800000	31258.240000	2.052603
176.900000	31293.610000	2.068568
177.000000	31329.000000	2.078495
177.100000	31364.410000	2.082342
177.200000	31399.840000	2.080086
177.300000	31435.290000	2.071723
177.400000	31470.760000	2.057269
177.500000	31506.250000	2.036756
177.600000	31541.760000	2.010237
177.700000	31577.290000	1.977783
177.800000	31612.840000	1.939484
177.900000	31648.410000	1.895446
178.000000	31684.000000	1.845795
178.100000	31719.610000	1.790672
178.200000	31755.240000	1.730238
178.300000	31790.890000	1.664667
178.400000	31826.560000	1.594151
178.500000	31862.250000	1.518897
178.600000	31897.960000	1.439125
178.700000	31933.690000	1.355071
178.800000	31969.440000	1.266983
178.900000	32005.210000	1.175122
179.000000	32041.000000	1.079759
179.100000	32076.810000	0.981179
179.200000	32112.640000	0.879673
179.300000	32148.490000	0.775544
179.400000	32184.360000	0.669101
179.500000	32220.250000	0.560663
179.600000	32256.160000	0.450552
179.700000	32292.090000	0.339096
179.800000	32328.040000	0.226628
179.900000	32364.010000	0.113483
180.000000	32400.000000	0.000000
#Sums: 162090.000000	19456203.000000	5301.790543
