# alpha	alpha^2	B*sin(alpha)
0.000000	0.000000	0.000000
0.100000	0.010000	2.462312
0.200000	0.040000	4.917031
0.300000	0.090000	7.356597
0.400000	0.160000	9.773509
0.500000	0.250000	12.160356
0.600000	0.360000	14.509850
0.700000	0.490000	16.814851
0.800000	0.640000	19.068396
0.900000	0.810000	21.263732
1.000000	1.000000	23.394335
1.100000	1.210000	25.453941
1.200000	1.440000	27.436568
1.300000	1.690000	29.336543
1.400000	1.960000	31.148520
1.500000	2.250000	32.867501
1.600000	2.560000	34.488859
1.700000	2.890000	36.008352
1.800000	3.240000	37.422139
1.900000	3.610000	38.726797
2.000000	4.000000	39.919328
2.100000	4.410000	40.997175
2.200000	4.840000	41.958228
2.300000	5.290000	42.800829
2.400000	5.760000	43.523781
2.500000	6.250000	44.126345
2.600000	6.760000	44.608247
2.700000	7.290000	44.969671
2.800000	7.840000	45.211258
2.900000	8.410000	45.334104
3.000000	9.000000	45.339747
3.100000	9.610000	45.230161
3.200000	10.240000	45.007747
3.300000	10.890000	44.675316
3.400000	11.560000	44.236080
3.500000	12.250000	43.693631
3.600000	12.960000	43.051925
3.700000	13.690000	42.315267
3.800000	14.440000	41.488282
3.900000	15.210000	40.575902
4.000000	16.000000	39.583340
4.100000	16.810000	38.516062
4.200000	17.640000	37.379767
4.300000	18.490000	36.180360
4.400000	19.360000	34.923924
4.500000	20.250000	33.616695
4.600000	21.160000	32.265029
4.700000	22.090000	30.875382
4.800000	23.040000	29.454273
4.900000	24.010000	28.008264
5.000000	25.000000	26.543924
5.100000	26.010000	25.067804
5.200000	27.040000	23.586410
5.300000	28.090000	22.106174
5.400000	29.160000	20.633426
5.500000	30.250000	19.174368
5.600000	31.360000	17.735049
5.700000	32.490000	16.321340
5.800000	33.640000	14.938908
5.900000	34.810000	13.593198
6.000000	36.000000	12.289405
6.100000	37.210000	11.032456
6.200000	38.440000	9.826995
6.300000	39.690000	8.677359
6.400000	40.960000	7.587565
6.500000	42.250000	6.561297
6.600000	43.560000	5.601889
6.700000	44.890000	4.712317
6.800000	46.240000	3.895188
6.900000	47.610000	3.152734
7.000000	49.000000	2.486803
7.100000	50.410000	1.898857
7.200000	51.840000	1.389969
7.300000	53.290000	0.960823
7.400000	54.760000	0.611714
7.500000	56.250000	0.342551
7.600000	57.760000	0.152865
7.700000	59.290000	0.041809
7.800000	60.840000	0.008174
7.900000	62.410000	0.050391
8.000000	64.000000	0.166550
8.100000	65.610000	0.354404
8.200000	67.240000	0.611394
8.300000	68.890000	0.934654
8.400000	70.560000	1.321036
8.500000	72.250000	1.767125
8.600000	73.960000	2.269255
8.700000	75.690000	2.823537
8.800000	77.440000	3.425873
8.900000	79.210000	4.071981
9.000000	81.000000	4.757419
9.100000	82.810000	5.477604
9.200000	84.640000	6.227841
9.300000	86.490000	7.003342
9.400000	88.360000	7.799255
9.500000	90.250000	8.610682
9.600000	92.160000	9.432712
9.700000	94.090000	10.260438
9.800000	96.040000	11.088983
9.900000	98.010000	11.913526
10.000000	100.000000	12.729322
10.100000	102.010000	13.531727
10.200000	104.040000	14.316220
10.300000	106.090000	15.078420
10.400000	108.160000	15.814112
10.500000	110.250000	16.519265
10.600000	112.360000	17.190047
10.700000	114.490000	17.822844
10.800000	116.640000	18.414278
10.900000	118.810000	18.961221
11.000000	121.000000	19.460804
11.100000	123.210000	19.910435
11.200000	125.440000	20.307807
11.300000	127.690000	20.650905
11.400000	129.960000	20.938017
11.500000	132.250000	21.167739
11.600000	134.560000	21.338976
11.700000	136.890000	21.450952
11.800000	139.240000	21.503202
11.900000	141.610000	21.495580
12.000000	144.000000	21.428254
12.100000	146.410000	21.301699
12.200000	148.840000	21.116698
12.300000	151.290000	20.874333
12.400000	153.760000	20.575976
12.500000	156.250000	20.223281
12.600000	158.760000	19.818174
12.700000	161.290000	19.362838
12.800000	163.840000	18.859706
12.900000	166.410000	18.311440
13.000000	169.000000	17.720920
13.100000	171.610000	17.091225
13.200000	174.240000	16.425621
13.300000	176.890000	15.727535
13.400000	179.560000	15.000543
13.500000	182.250000	14.248348
13.600000	184.960000	13.474761
13.700000	187.690000	12.683681
13.800000	190.440000	11.879072
13.900000	193.210000	11.064945
14.000000	196.000000	10.245339
14.100000	198.810000	9.424293
14.200000	201.640000	8.605835
14.300000	204.490000	7.793952
14.400000	207.360000	6.992578
14.500000	210.250000	6.205568
14.600000	213.160000	5.436683
14.700000	216.090000	4.689569
14.800000	219.040000	3.967739
14.900000	222.010000	3.274558
15.000000	225.000000	2.613225
15.100000	228.010000	1.986758
15.200000	231.040000	1.397978
15.300000	234.090000	0.849499
15.400000	237.160000	0.343714
15.500000	240.250000	-0.117217
15.600000	243.360000	-0.531374
15.700000	246.490000	-0.897089
15.800000	249.640000	-1.212950
15.900000	252.810000	-1.477808
16.000000	256.000000	-1.690781
16.100000	259.210000	-1.851258
16.200000	262.440000	-1.958902
16.300000	265.690000	-2.013644
16.400000	268.960000	-2.015689
16.500000	272.250000	-1.965511
16.600000	275.560000	-1.863848
16.700000	278.890000	-1.711698
16.800000	282.240000	-1.510311
16.900000	285.610000	-1.261185
17.000000	289.000000	-0.966052
17.100000	292.410000	-0.626871
17.200000	295.840000	-0.245818
17.300000	299.290000	0.174731
17.400000	302.760000	0.632207
17.500000	306.250000	1.123867
17.600000	309.760000	1.646808
17.700000	313.290000	2.197980
17.800000	316.840000	2.774206
17.900000	320.410000	3.372196
18.000000	324.000000	3.988566
18.100000	327.610000	4.619856
18.200000	331.240000	5.262546
18.300000	334.890000	5.913077
18.400000	338.560000	6.567867
18.500000	342.250000	7.223334
18.600000	345.960000	7.875906
18.700000	349.690000	8.522047
18.800000	353.440000	9.158275
18.900000	357.210000	9.781171
19.000000	361.000000	10.387407
19.100000	364.810000	10.973756
19.200000	368.640000	11.537109
19.300000	372.490000	12.074492
19.400000	376.360000	12.583081
19.500000	380.250000	13.060214
19.600000	384.160000	13.503403
19.700000	388.090000	13.910349
19.800000	392.040000	14.278953
19.900000	396.010000	14.607322
20.000000	400.000000	14.893781
20.100000	404.010000	15.136880
20.200000	408.040000	15.335402
20.300000	412.090000	15.488363
20.400000	416.160000	15.595022
20.500000	420.250000	15.654882
20.600000	424.360000	15.667689
20.700000	428.490000	15.633435
20.800000	432.640000	15.552356
20.900000	436.810000	15.424930
21.000000	441.000000	15.251873
21.100000	445.210000	15.034135
21.200000	449.440000	14.772895
21.300000	453.690000	14.469550
21.400000	457.960000	14.125712
21.500000	462.250000	13.743196
21.600000	466.560000	13.324010
21.700000	470.890000	12.870345
21.800000	475.240000	12.384561
21.900000	479.610000	11.869177
22.000000	484.000000	11.326855
22.100000	488.410000	10.760386
22.200000	492.840000	10.172677
22.300000	497.290000	9.566733
22.400000	501.760000	8.945644
22.500000	506.250000	8.312565
22.600000	510.760000	7.670703
22.700000	515.290000	7.023299
22.800000	519.840000	6.373612
22.900000	524.410000	5.724898
23.000000	529.000000	5.080401
23.100000	533.610000	4.443328
23.200000	538.240000	3.816839
23.300000	542.890000	3.204027
23.400000	547.560000	2.607905
23.500000	552.250000	2.031388
23.600000	556.960000	1.477280
23.700000	561.690000	0.948260
23.800000	566.440000	0.446870
23.900000	571.210000	-0.024502
24.000000	576.000000	-0.463628
24.100000	580.810000	-0.868457
24.200000	585.640000	-1.237120
24.300000	590.490000	-1.567940
24.400000	595.360000	-1.859443
24.500000	600.250000	-2.110361
24.600000	605.160000	-2.319639
24.700000	610.090000	-2.486444
24.800000	615.040000	-2.610159
24.900000	620.010000	-2.690396
25.000000	625.000000	-2.726989
25.100000	630.010000	-2.720001
25.200000	635.040000	-2.669716
25.300000	640.090000	-2.576642
25.400000	645.160000	-2.441506
25.500000	650.250000	-2.265249
25.600000	655.360000	-2.049021
25.700000	660.490000	-1.794174
25.800000	665.640000	-1.502254
25.900000	670.810000	-1.174995
26.000000	676.000000	-0.814306
26.100000	681.210000	-0.422262
26.200000	686.440000	-0.001094
26.300000	691.690000	0.446826
26.400000	696.960000	0.918993
26.500000	702.250000	1.412788
26.600000	707.560000	1.925488
26.700000	712.890000	2.454279
26.800000	718.240000	2.996277
26.900000	723.610000	3.548536
27.000000	729.000000	4.108069
27.100000	734.410000	4.671859
27.200000	739.840000	5.236877
27.300000	745.290000	5.800099
27.400000	750.760000	6.358518
27.500000	756.250000	6.909162
27.600000	761.760000	7.449110
27.700000	767.290000	7.975503
27.800000	772.840000	8.485562
27.900000	778.410000	8.976602
28.000000	784.000000	9.446044
28.100000	789.610000	9.891427
28.200000	795.240000	10.310425
28.300000	800.890000	10.700854
28.400000	806.560000	11.060683
28.500000	812.250000	11.388047
28.600000	817.960000	11.681256
28.700000	823.690000	11.938798
28.800000	829.440000	12.159353
28.900000	835.210000	12.341796
29.000000	841.000000	12.485200
29.100000	846.810000	12.588846
29.200000	852.640000	12.652221
29.300000	858.490000	12.675022
29.400000	864.360000	12.657157
29.500000	870.250000	12.598744
29.600000	876.160000	12.500113
29.700000	882.090000	12.361799
29.800000	888.040000	12.184542
29.900000	894.010000	11.969280
30.000000	900.000000	11.717146
30.100000	906.010000	11.429463
30.200000	912.040000	11.107730
30.300000	918.090000	10.753622
30.400000	924.160000	10.368976
30.500000	930.250000	9.955781
30.600000	936.360000	9.516170
30.700000	942.490000	9.052406
30.800000	948.640000	8.566873
30.900000	954.810000	8.062059
31.000000	961.000000	7.540548
31.100000	967.210000	7.005001
31.200000	973.440000	6.458147
31.300000	979.690000	5.902765
31.400000	985.960000	5.341675
31.500000	992.250000	4.777713
31.600000	998.560000	4.213730
31.700000	1004.890000	3.652564
31.800000	1011.240000	3.097036
31.900000	1017.610000	2.549928
32.000000	1024.000000	2.013974
32.100000	1030.410000	1.491842
32.200000	1036.840000	0.986123
32.300000	1043.290000	0.499317
32.400000	1049.760000	0.033820
32.500000	1056.250000	-0.408088
32.600000	1062.760000	-0.824252
32.700000	1069.290000	-1.212659
32.800000	1075.840000	-1.571440
32.900000	1082.410000	-1.898886
33.000000	1089.000000	-2.193454
33.100000	1095.610000	-2.453772
33.200000	1102.240000	-2.678649
33.300000	1108.890000	-2.867082
33.400000	1115.560000	-3.018255
33.500000	1122.250000	-3.131549
33.600000	1128.960000	-3.206539
33.700000	1135.690000	-3.243001
33.800000	1142.440000	-3.240909
33.900000	1149.210000	-3.200438
34.000000	1156.000000	-3.121958
34.100000	1162.810000	-3.006036
34.200000	1169.640000	-2.853429
34.300000	1176.490000	-2.665084
34.400000	1183.360000	-2.442129
34.500000	1190.250000	-2.185868
34.600000	1197.160000	-1.897772
34.700000	1204.090000	-1.579477
34.800000	1211.040000	-1.232766
34.900000	1218.010000	-0.859569
35.000000	1225.000000	-0.461945
35.100000	1232.010000	-0.042077
35.200000	1239.040000	0.397745
35.300000	1246.090000	0.855132
35.400000	1253.160000	1.327609
35.500000	1260.250000	1.812630
35.600000	1267.360000	2.307591
35.700000	1274.490000	2.809840
35.800000	1281.640000	3.316696
35.900000	1288.810000	3.825458
36.000000	1296.000000	4.333424
36.100000	1303.210000	4.837899
36.200000	1310.440000	5.336216
36.300000	1317.690000	5.825743
36.400000	1324.960000	6.303899
36.500000	1332.250000	6.768171
36.600000	1339.560000	7.216119
36.700000	1346.890000	7.645396
36.800000	1354.240000	8.053755
36.900000	1361.610000	8.439062
37.000000	1369.000000	8.799309
37.100000	1376.410000	9.132619
37.200000	1383.840000	9.437260
37.300000	1391.290000	9.711652
37.400000	1398.760000	9.954374
37.500000	1406.250000	10.164172
37.600000	1413.760000	10.339965
37.700000	1421.290000	10.480851
37.800000	1428.840000	10.586108
37.900000	1436.410000	10.655203
38.000000	1444.000000	10.687789
38.100000	1451.610000	10.683708
38.200000	1459.240000	10.642993
38.300000	1466.890000	10.565866
38.400000	1474.560000	10.452738
38.500000	1482.250000	10.304204
38.600000	1489.960000	10.121041
38.700000	1497.690000	9.904203
38.800000	1505.440000	9.654818
38.900000	1513.210000	9.374178
39.000000	1521.000000	9.063737
39.100000	1528.810000	8.725096
39.200000	1536.640000	8.360002
39.300000	1544.490000	7.970334
39.400000	1552.360000	7.558095
39.500000	1560.250000	7.125401
39.600000	1568.160000	6.674470
39.700000	1576.090000	6.207608
39.800000	1584.040000	5.727200
39.900000	1592.010000	5.235699
40.000000	1600.000000	4.735608
40.100000	1608.010000	4.229470
40.200000	1616.040000	3.719855
40.300000	1624.090000	3.209347
40.400000	1632.160000	2.700529
40.500000	1640.250000	2.195970
40.600000	1648.360000	1.698214
40.700000	1656.490000	1.209764
40.800000	1664.640000	0.733071
40.900000	1672.810000	0.270521
41.000000	1681.000000	-0.175579
41.100000	1689.210000	-0.603008
41.200000	1697.440000	-1.009648
41.300000	1705.690000	-1.393491
41.400000	1713.960000	-1.752650
41.500000	1722.250000	-2.085369
41.600000	1730.560000	-2.390032
41.700000	1738.890000	-2.665170
41.800000	1747.240000	-2.909470
41.900000	1755.610000	-3.121778
42.000000	1764.000000	-3.301110
42.100000	1772.410000	-3.446652
42.200000	1780.840000	-3.557766
42.300000	1789.290000	-3.633994
42.400000	1797.760000	-3.675057
42.500000	1806.250000	-3.680860
42.600000	1814.760000	-3.651486
42.700000	1823.290000	-3.587205
42.800000	1831.840000	-3.488461
42.900000	1840.410000	-3.355879
43.000000	1849.000000	-3.190255
43.100000	1857.610000	-2.992555
43.200000	1866.240000	-2.763909
43.300000	1874.890000	-2.505603
43.400000	1883.560000	-2.219077
43.500000	1892.250000	-1.905909
43.600000	1900.960000	-1.567816
43.700000	1909.690000	-1.206639
43.800000	1918.440000	-0.824334
43.900000	1927.210000	-0.422964
44.000000	1936.000000	-0.004685
44.100000	1944.810000	0.428262
44.200000	1953.640000	0.873566
44.300000	1962.490000	1.328855
44.400000	1971.360000	1.791709
44.500000	1980.250000	2.259677
44.600000	1989.160000	2.730281
44.700000	1998.090000	3.201036
44.800000	2007.040000	3.669463
44.900000	2016.010000	4.133094
45.000000	2025.000000	4.589496
45.100000	2034.010000	5.036274
45.200000	2043.040000	5.471086
45.300000	2052.090000	5.891659
45.400000	2061.160000	6.295797
45.500000	2070.250000	6.681389
45.600000	2079.360000	7.046428
45.700000	2088.490000	7.389014
45.800000	2097.640000	7.707367
45.900000	2106.810000	7.999836
46.000000	2116.000000	8.264904
46.100000	2125.210000	8.501200
46.200000	2134.440000	8.707504
46.300000	2143.690000	8.882753
46.400000	2152.960000	9.026046
46.500000	2162.250000	9.136647
46.600000	2171.560000	9.213993
46.700000	2180.890000	9.257691
46.800000	2190.240000	9.267524
46.900000	2199.610000	9.243451
47.000000	2209.000000	9.185605
47.100000	2218.410000	9.094292
47.200000	2227.840000	8.969995
47.300000	2237.290000	8.813361
47.400000	2246.760000	8.625207
47.500000	2256.250000	8.406510
47.600000	2265.760000	8.158404
47.700000	2275.290000	7.882173
47.800000	2284.840000	7.579243
47.900000	2294.410000	7.251177
48.000000	2304.000000	6.899667
48.100000	2313.610000	6.526519
48.200000	2323.240000	6.133654
48.300000	2332.890000	5.723086
48.400000	2342.560000	5.296922
48.500000	2352.250000	4.857345
48.600000	2361.960000	4.406602
48.700000	2371.690000	3.946996
48.800000	2381.440000	3.480874
48.900000	2391.210000	3.010611
49.000000	2401.000000	2.538600
49.100000	2410.810000	2.067240
49.200000	2420.640000	1.598923
49.300000	2430.490000	1.136023
49.400000	2440.360000	0.680880
49.500000	2450.250000	0.235793
49.600000	2460.160000	-0.196995
49.700000	2470.090000	-0.615309
49.800000	2480.040000	-1.017049
49.900000	2490.010000	-1.400206
50.000000	2500.000000	-1.762868
50.100000	2510.010000	-2.103235
50.200000	2520.040000	-2.419619
50.300000	2530.090000	-2.710463
50.400000	2540.160000	-2.974342
50.500000	2550.250000	-3.209972
50.600000	2560.360000	-3.416217
50.700000	2570.490000	-3.592094
50.800000	2580.640000	-3.736779
50.900000	2590.810000	-3.849608
51.000000	2601.000000	-3.930085
51.100000	2611.210000	-3.977878
51.200000	2621.440000	-3.992828
51.300000	2631.690000	-3.974943
51.400000	2641.960000	-3.924402
51.500000	2652.250000	-3.841550
51.600000	2662.560000	-3.726900
51.700000	2672.890000	-3.581127
51.800000	2683.240000	-3.405068
51.900000	2693.610000	-3.199713
52.000000	2704.000000	-2.966200
52.100000	2714.410000	-2.705815
52.200000	2724.840000	-2.419977
52.300000	2735.290000	-2.110236
52.400000	2745.760000	-1.778262
52.500000	2756.250000	-1.425840
52.600000	2766.760000	-1.054854
52.700000	2777.290000	-0.667284
52.800000	2787.840000	-0.265191
52.900000	2798.410000	0.149290
53.000000	2809.000000	0.573965
53.100000	2819.610000	1.006591
53.200000	2830.240000	1.444884
53.300000	2840.890000	1.886537
53.400000	2851.560000	2.329229
53.500000	2862.250000	2.770634
53.600000	2872.960000	3.208439
53.700000	2883.690000	3.640352
53.800000	2894.440000	4.064113
53.900000	2905.210000	4.477509
54.000000	2916.000000	4.878384
54.100000	2926.810000	5.264648
54.200000	2937.640000	5.634290
54.300000	2948.490000	5.985388
54.400000	2959.360000	6.316117
54.500000	2970.250000	6.624762
54.600000	2981.160000	6.909723
54.700000	2992.090000	7.169524
54.800000	3003.040000	7.402822
54.900000	3014.010000	7.608412
55.000000	3025.000000	7.785233
55.100000	3036.010000	7.932376
55.200000	3047.040000	8.049084
55.300000	3058.090000	8.134762
55.400000	3069.160000	8.188970
55.500000	3080.250000	8.211438
55.600000	3091.360000	8.202054
55.700000	3102.490000	8.160876
55.800000	3113.640000	8.088122
55.900000	3124.810000	7.984175
56.000000	3136.000000	7.849578
56.100000	3147.210000	7.685032
56.200000	3158.440000	7.491391
56.300000	3169.690000	7.269658
56.400000	3180.960000	7.020982
56.500000	3192.250000	6.746647
56.600000	3203.560000	6.448070
56.700000	3214.890000	6.126789
56.800000	3226.240000	5.784460
56.900000	3237.610000	5.422844
57.000000	3249.000000	5.043800
57.100000	3260.410000	4.649275
57.200000	3271.840000	4.241293
57.300000	3283.290000	3.821945
57.400000	3294.760000	3.393379
57.500000	3306.250000	2.957787
57.600000	3317.760000	2.517396
57.700000	3329.290000	2.074453
57.800000	3340.840000	1.631219
57.900000	3352.410000	1.189949
58.000000	3364.000000	0.752890
58.100000	3375.610000	0.322262
58.200000	3387.240000	-0.099750
58.300000	3398.890000	-0.511008
58.400000	3410.560000	-0.909434
58.500000	3422.250000	-1.293014
58.600000	3433.960000	-1.659817
58.700000	3445.690000	-2.007999
58.800000	3457.440000	-2.335815
58.900000	3469.210000	-2.641625
59.000000	3481.000000	-2.923909
59.100000	3492.810000	-3.181264
59.200000	3504.640000	-3.412422
59.300000	3516.490000	-3.616249
59.400000	3528.360000	-3.791754
59.500000	3540.250000	-3.938093
59.600000	3552.160000	-4.054574
59.700000	3564.090000	-4.140658
59.800000	3576.040000	-4.195966
59.900000	3588.010000	-4.220277
60.000000	3600.000000	-4.213528
60.100000	3612.010000	-4.175818
60.200000	3624.040000	-4.107407
60.300000	3636.090000	-4.008710
60.400000	3648.160000	-3.880299
60.500000	3660.250000	-3.722898
60.600000	3672.360000	-3.537382
60.700000	3684.490000	-3.324766
60.800000	3696.640000	-3.086206
60.900000	3708.810000	-2.822990
61.000000	3721.000000	-2.536532
61.100000	3733.210000	-2.228363
61.200000	3745.440000	-1.900124
61.300000	3757.690000	-1.553559
61.400000	3769.960000	-1.190504
61.500000	3782.250000	-0.812877
61.600000	3794.560000	-0.422670
61.700000	3806.890000	-0.021936
61.800000	3819.240000	0.387219
61.900000	3831.610000	0.802648
62.000000	3844.000000	1.222175
62.100000	3856.410000	1.643604
62.200000	3868.840000	2.064733
62.300000	3881.290000	2.483363
62.400000	3893.760000	2.897313
62.500000	3906.250000	3.304426
62.600000	3918.760000	3.702584
62.700000	3931.290000	4.089717
62.800000	3943.840000	4.463815
62.900000	3956.410000	4.822937
63.000000	3969.000000	5.165222
63.100000	3981.610000	5.488897
63.200000	3994.240000	5.792289
63.300000	4006.890000	6.073829
63.400000	4019.560000	6.332066
63.500000	4032.250000	6.565666
63.600000	4044.960000	6.773429
63.700000	4057.690000	6.954286
63.800000	4070.440000	7.107309
63.900000	4083.210000	7.231715
64.000000	4096.000000	7.326870
64.100000	4108.810000	7.392290
64.200000	4121.640000	7.427647
64.300000	4134.490000	7.432767
64.400000	4147.360000	7.407633
64.500000	4160.250000	7.352384
64.600000	4173.160000	7.267314
64.700000	4186.090000	7.152871
64.800000	4199.040000	7.009653
64.900000	4212.010000	6.838409
65.000000	4225.000000	6.640027
65.100000	4238.010000	6.415538
65.200000	4251.040000	6.166105
65.300000	4264.090000	5.893019
65.400000	4277.160000	5.597692
65.500000	4290.250000	5.281648
65.600000	4303.360000	4.946518
65.700000	4316.490000	4.594028
65.800000	4329.640000	4.225994
65.900000	4342.810000	3.844307
66.000000	4356.000000	3.450931
66.100000	4369.210000	3.047884
66.200000	4382.440000	2.637235
66.300000	4395.690000	2.221088
66.400000	4408.960000	1.801574
66.500000	4422.250000	1.380841
66.600000	4435.560000	0.961037
66.700000	4448.890000	0.544307
66.800000	4462.240000	0.132775
66.900000	4475.610000	-0.271460
67.000000	4489.000000	-0.666344
67.100000	4502.410000	-1.049869
67.200000	4515.840000	-1.420089
67.300000	4529.290000	-1.775129
67.400000	4542.760000	-2.113194
67.500000	4556.250000	-2.432579
67.600000	4569.760000	-2.731674
67.700000	4583.290000	-3.008979
67.800000	4596.840000	-3.263106
67.900000	4610.410000	-3.492787
68.000000	4624.000000	-3.696885
68.100000	4637.610000	-3.874391
68.200000	4651.240000	-4.024438
68.300000	4664.890000	-4.146299
68.400000	4678.560000	-4.239396
68.500000	4692.250000	-4.303296
68.600000	4705.960000	-4.337721
68.700000	4719.690000	-4.342541
68.800000	4733.440000	-4.317783
68.900000	4747.210000	-4.263623
69.000000	4761.000000	-4.180391
69.100000	4774.810000	-4.068565
69.200000	4788.640000	-3.928771
69.300000	4802.490000	-3.761778
69.400000	4816.360000	-3.568493
69.500000	4830.250000	-3.349962
69.600000	4844.160000	-3.107355
69.700000	4858.090000	-2.841968
69.800000	4872.040000	-2.555214
69.900000	4886.010000	-2.248611
70.000000	4900.000000	-1.923782
70.100000	4914.010000	-1.582439
70.200000	4928.040000	-1.226381
70.300000	4942.090000	-0.857478
70.400000	4956.160000	-0.477665
70.500000	4970.250000	-0.088934
70.600000	4984.360000	0.306683
70.700000	4998.490000	0.707118
70.800000	5012.640000	1.110279
70.900000	5026.810000	1.514066
71.000000	5041.000000	1.916374
71.100000	5055.210000	2.315109
71.200000	5069.440000	2.708199
71.300000	5083.690000	3.093599
71.400000	5097.960000	3.469311
71.500000	5112.250000	3.833384
71.600000	5126.560000	4.183932
71.700000	5140.890000	4.519140
71.800000	5155.240000	4.837273
71.900000	5169.610000	5.136687
72.000000	5184.000000	5.415834
72.100000	5198.410000	5.673274
72.200000	5212.840000	5.907679
72.300000	5227.290000	6.117844
72.400000	5241.760000	6.302685
72.500000	5256.250000	6.461255
72.600000	5270.760000	6.592740
72.700000	5285.290000	6.696467
72.800000	5299.840000	6.771908
72.900000	5314.410000	6.818681
73.000000	5329.000000	6.836553
73.100000	5343.610000	6.825437
73.200000	5358.240000	6.785399
73.300000	5372.890000	6.716655
73.400000	5387.560000	6.619565
73.500000	5402.250000	6.494637
73.600000	5416.960000	6.342524
73.700000	5431.690000	6.164016
73.800000	5446.440000	5.960040
73.900000	5461.210000	5.731652
74.000000	5476.000000	5.480036
74.100000	5490.810000	5.206491
74.200000	5505.640000	4.912431
74.300000	5520.490000	4.599374
74.400000	5535.360000	4.268934
74.500000	5550.250000	3.922814
74.600000	5565.160000	3.562796
74.700000	5580.090000	3.190733
74.800000	5595.040000	2.808537
74.900000	5610.010000	2.418173
75.000000	5625.000000	2.021645
75.100000	5640.010000	1.620987
75.200000	5655.040000	1.218254
75.300000	5670.090000	0.815509
75.400000	5685.160000	0.414813
75.500000	5700.250000	0.018216
75.600000	5715.360000	-0.372255
75.700000	5730.490000	-0.754606
75.800000	5745.640000	-1.126889
75.900000	5760.810000	-1.487205
76.000000	5776.000000	-1.833721
76.100000	5791.210000	-2.164677
76.200000	5806.440000	-2.478393
76.300000	5821.690000	-2.773279
76.400000	5836.960000	-3.047845
76.500000	5852.250000	-3.300706
76.600000	5867.560000	-3.530589
76.700000	5882.890000	-3.736342
76.800000	5898.240000	-3.916937
76.900000	5913.610000	-4.071478
77.000000	5929.000000	-4.199200
77.100000	5944.410000	-4.299482
77.200000	5959.840000	-4.371842
77.300000	5975.290000	-4.415941
77.400000	5990.760000	-4.431590
77.500000	6006.250000	-4.418741
77.600000	6021.760000	-4.377498
77.700000	6037.290000	-4.308109
77.800000	6052.840000	-4.210966
77.900000	6068.410000	-4.086604
78.000000	6084.000000	-3.935699
78.100000	6099.610000	-3.759063
78.200000	6115.240000	-3.557637
78.300000	6130.890000	-3.332493
78.400000	6146.560000	-3.084822
78.500000	6162.250000	-2.815930
78.600000	6177.960000	-2.527231
78.700000	6193.690000	-2.220242
78.800000	6209.440000	-1.896570
78.900000	6225.210000	-1.557908
79.000000	6241.000000	-1.206027
79.100000	6256.810000	-0.842760
79.200000	6272.640000	-0.470001
79.300000	6288.490000	-0.089689
79.400000	6304.360000	0.296198
79.500000	6320.250000	0.685655
79.600000	6336.160000	1.076663
79.700000	6352.090000	1.467192
79.800000	6368.040000	1.855220
79.900000	6384.010000	2.238739
80.000000	6400.000000	2.615763
80.100000	6416.010000	2.984345
80.200000	6432.040000	3.342580
80.300000	6448.090000	3.688619
80.400000	6464.160000	4.020678
80.500000	6480.250000	4.337046
80.600000	6496.360000	4.636093
80.700000	6512.490000	4.916281
80.800000	6528.640000	5.176170
80.900000	6544.810000	5.414426
81.000000	6561.000000	5.629826
81.100000	6577.210000	5.821268
81.200000	6593.440000	5.987773
81.300000	6609.690000	6.128491
81.400000	6625.960000	6.242706
81.500000	6642.250000	6.329839
81.600000	6658.560000	6.389451
81.700000	6674.890000	6.421245
81.800000	6691.240000	6.425068
81.900000	6707.610000	6.400910
82.000000	6724.000000	6.348906
82.100000	6740.410000	6.269335
82.200000	6756.840000	6.162616
82.300000	6773.290000	6.029309
82.400000	6789.760000	5.870111
82.500000	6806.250000	5.685849
82.600000	6822.760000	5.477482
82.700000	6839.290000	5.246090
82.800000	6855.840000	4.992871
82.900000	6872.410000	4.719136
83.000000	6889.000000	4.426299
83.100000	6905.610000	4.115872
83.200000	6922.240000	3.789457
83.300000	6938.890000	3.448735
83.400000	6955.560000	3.095462
83.500000	6972.250000	2.731456
83.600000	6988.960000	2.358589
83.700000	7005.690000	1.978777
83.800000	7022.440000	1.593971
83.900000	7039.210000	1.206145
84.000000	7056.000000	0.817289
84.100000	7072.810000	0.429394
84.200000	7089.640000	0.044448
84.300000	7106.490000	-0.335581
84.400000	7123.360000	-0.708750
84.500000	7140.250000	-1.073154
84.600000	7157.160000	-1.426932
84.700000	7174.090000	-1.768282
84.800000	7191.040000	-2.095466
84.900000	7208.010000	-2.406821
85.000000	7225.000000	-2.700766
85.100000	7242.010000	-2.975811
85.200000	7259.040000	-3.230564
85.300000	7276.090000	-3.463741
85.400000	7293.160000	-3.674166
85.500000	7310.250000	-3.860785
85.600000	7327.360000	-4.022664
85.700000	7344.490000	-4.159000
85.800000	7361.640000	-4.269121
85.900000	7378.810000	-4.352489
86.000000	7396.000000	-4.408706
86.100000	7413.210000	-4.437513
86.200000	7430.440000	-4.438794
86.300000	7447.690000	-4.412574
86.400000	7464.960000	-4.359017
86.500000	7482.250000	-4.278432
86.600000	7499.560000	-4.171263
86.700000	7516.890000	-4.038094
86.800000	7534.240000	-3.879639
86.900000	7551.610000	-3.696745
87.000000	7569.000000	-3.490381
87.100000	7586.410000	-3.261638
87.200000	7603.840000	-3.011721
87.300000	7621.290000	-2.741944
87.400000	7638.760000	-2.453720
87.500000	7656.250000	-2.148558
87.600000	7673.760000	-1.828051
87.700000	7691.290000	-1.493873
87.800000	7708.840000	-1.147763
87.900000	7726.410000	-0.791524
88.000000	7744.000000	-0.427007
88.100000	7761.610000	-0.056105
88.200000	7779.240000	0.319256
88.300000	7796.890000	0.697132
88.400000	7814.560000	1.075564
88.500000	7832.250000	1.452593
88.600000	7849.960000	1.826270
88.700000	7867.690000	2.194663
88.800000	7885.440000	2.555869
88.900000	7903.210000	2.908024
89.000000	7921.000000	3.249312
89.100000	7938.810000	3.577973
89.200000	7956.640000	3.892317
89.300000	7974.490000	4.190724
89.400000	7992.360000	4.471661
89.500000	8010.250000	4.733684
89.600000	8028.160000	4.975451
89.700000	8046.090000	5.195720
89.800000	8064.040000	5.393365
89.900000	8082.010000	5.567376
90.000000	8100.000000	5.716865
90.100000	8118.010000	5.841071
90.200000	8136.040000	5.939365
90.300000	8154.090000	6.011251
90.400000	8172.160000	6.056370
90.500000	8190.250000	6.074499
90.600000	8208.360000	6.065558
90.700000	8226.490000	6.029602
90.800000	8244.640000	5.966830
90.900000	8262.810000	5.877575
91.000000	8281.000000	5.762309
91.100000	8299.210000	5.621635
91.200000	8317.440000	5.456288
91.300000	8335.690000	5.267131
91.400000	8353.960000	5.055145
91.500000	8372.250000	4.821432
91.600000	8390.560000	4.567204
91.700000	8408.890000	4.293776
91.800000	8427.240000	4.002562
91.900000	8445.610000	3.695069
92.000000	8464.000000	3.372883
92.100000	8482.410000	3.037666
92.200000	8500.840000	2.691148
92.300000	8519.290000	2.335112
92.400000	8537.760000	1.971393
92.500000	8556.250000	1.601862
92.600000	8574.760000	1.228419
92.700000	8593.290000	0.852982
92.800000	8611.840000	0.477479
92.900000	8630.410000	0.103837
93.000000	8649.000000	-0.266027
93.100000	8667.610000	-0.630220
93.200000	8686.240000	-0.986875
93.300000	8704.890000	-1.334169
93.400000	8723.560000	-1.670327
93.500000	8742.250000	-1.993631
93.600000	8760.960000	-2.302434
93.700000	8779.690000	-2.595161
93.800000	8798.440000	-2.870322
93.900000	8817.210000	-3.126521
94.000000	8836.000000	-3.362457
94.100000	8854.810000	-3.576935
94.200000	8873.640000	-3.768874
94.300000	8892.490000	-3.937307
94.400000	8911.360000	-4.081389
94.500000	8930.250000	-4.200403
94.600000	8949.160000	-4.293758
94.700000	8968.090000	-4.360998
94.800000	8987.040000	-4.401803
94.900000	9006.010000	-4.415986
95.000000	9025.000000	-4.403499
95.100000	9044.010000	-4.364431
95.200000	9063.040000	-4.299009
95.300000	9082.090000	-4.207595
95.400000	9101.160000	-4.090682
95.500000	9120.250000	-3.948897
95.600000	9139.360000	-3.782994
95.700000	9158.490000	-3.593851
95.800000	9177.640000	-3.382463
95.900000	9196.810000	-3.149941
96.000000	9216.000000	-2.897503
96.100000	9235.210000	-2.626469
96.200000	9254.440000	-2.338255
96.300000	9273.690000	-2.034363
96.400000	9292.960000	-1.716374
96.500000	9312.250000	-1.385943
96.600000	9331.560000	-1.044786
96.700000	9350.890000	-0.694673
96.800000	9370.240000	-0.337421
96.900000	9389.610000	0.025119
97.000000	9409.000000	0.391071
97.100000	9428.410000	0.758541
97.200000	9447.840000	1.125629
97.300000	9467.290000	1.490437
97.400000	9486.760000	1.851083
97.500000	9506.250000	2.205706
97.600000	9525.760000	2.552476
97.700000	9545.290000	2.889606
97.800000	9564.840000	3.215360
97.900000	9584.410000	3.528061
98.000000	9604.000000	3.826101
98.100000	9623.610000	4.107948
98.200000	9643.240000	4.372155
98.300000	9662.890000	4.617366
98.400000	9682.560000	4.842324
98.500000	9702.250000	5.045878
98.600000	9721.960000	5.226985
98.700000	9741.690000	5.384723
98.800000	9761.440000	5.518287
98.900000	9781.210000	5.626998
99.000000	9801.000000	5.710307
99.100000	9820.810000	5.767794
99.200000	9840.640000	5.799173
99.300000	9860.490000	5.804293
99.400000	9880.360000	5.783138
99.500000	9900.250000	5.735827
99.600000	9920.160000	5.662614
99.700000	9940.090000	5.563887
99.800000	9960.040000	5.440163
99.900000	9980.010000	5.292090
100.000000	10000.000000	5.120438
100.100000	10020.010000	4.926101
100.200000	10040.040000	4.710086
100.300000	10060.090000	4.473515
100.400000	10080.160000	4.217611
100.500000	10100.250000	3.943698
100.600000	10120.360000	3.653192
100.700000	10140.490000	3.347593
100.800000	10160.640000	3.028478
100.900000	10180.810000	2.697492
101.000000	10201.000000	2.356340
101.100000	10221.210000	2.006780
101.200000	10241.440000	1.650611
101.300000	10261.690000	1.289664
101.400000	10281.960000	0.925795
101.500000	10302.250000	0.560873
101.600000	10322.560000	0.196772
101.700000	10342.890000	-0.164640
101.800000	10363.240000	-0.521509
101.900000	10383.610000	-0.872007
102.000000	10404.000000	-1.214340
102.100000	10424.410000	-1.546754
102.200000	10444.840000	-1.867552
102.300000	10465.290000	-2.175093
102.400000	10485.760000	-2.467809
102.500000	10506.250000	-2.744207
102.600000	10526.760000	-3.002880
102.700000	10547.290000	-3.242513
102.800000	10567.840000	-3.461888
102.900000	10588.410000	-3.659894
103.000000	10609.000000	-3.835532
103.100000	10629.610000	-3.987914
103.200000	10650.240000	-4.116277
103.300000	10670.890000	-4.219980
103.400000	10691.560000	-4.298508
103.500000	10712.250000	-4.351479
103.600000	10732.960000	-4.378641
103.700000	10753.690000	-4.379874
103.800000	10774.440000	-4.355193
103.900000	10795.210000	-4.304746
104.000000	10816.000000	-4.228814
104.100000	10836.810000	-4.127807
104.200000	10857.640000	-4.002266
104.300000	10878.490000	-3.852858
104.400000	10899.360000	-3.680370
104.500000	10920.250000	-3.485710
104.600000	10941.160000	-3.269898
104.700000	10962.090000	-3.034063
104.800000	10983.040000	-2.779435
104.900000	11004.010000	-2.507342
105.000000	11025.000000	-2.219200
105.100000	11046.010000	-1.916507
105.200000	11067.040000	-1.600835
105.300000	11088.090000	-1.273820
105.400000	11109.160000	-0.937159
105.500000	11130.250000	-0.592595
105.600000	11151.360000	-0.241912
105.700000	11172.490000	0.113077
105.800000	11193.640000	0.470537
105.900000	11214.810000	0.828621
106.000000	11236.000000	1.185481
106.100000	11257.210000	1.539274
106.200000	11278.440000	1.888178
106.300000	11299.690000	2.230393
106.400000	11320.960000	2.564156
106.500000	11342.250000	2.887750
106.600000	11363.560000	3.199510
106.700000	11384.890000	3.497831
106.800000	11406.240000	3.781182
106.900000	11427.610000	4.048107
107.000000	11449.000000	4.297236
107.100000	11470.410000	4.527292
107.200000	11491.840000	4.737096
107.300000	11513.290000	4.925575
107.400000	11534.760000	5.091764
107.500000	11556.250000	5.234816
107.600000	11577.760000	5.354002
107.700000	11599.290000	5.448717
107.800000	11620.840000	5.518480
107.900000	11642.410000	5.562942
108.000000	11664.000000	5.581883
108.100000	11685.610000	5.575212
108.200000	11707.240000	5.542973
108.300000	11728.890000	5.485341
108.400000	11750.560000	5.402619
108.500000	11772.250000	5.295243
108.600000	11793.960000	5.163771
108.700000	11815.690000	5.008889
108.800000	11837.440000	4.831399
108.900000	11859.210000	4.632221
109.000000	11881.000000	4.412387
109.100000	11902.810000	4.173032
109.200000	11924.640000	3.915393
109.300000	11946.490000	3.640799
109.400000	11968.360000	3.350665
109.500000	11990.250000	3.046487
109.600000	12012.160000	2.729832
109.700000	12034.090000	2.402328
109.800000	12056.040000	2.065660
109.900000	12078.010000	1.721558
110.000000	12100.000000	1.371792
110.100000	12122.010000	1.018156
110.200000	12144.040000	0.662465
110.300000	12166.090000	0.306544
110.400000	12188.160000	-0.047782
110.500000	12210.250000	-0.398699
110.600000	12232.360000	-0.744409
110.700000	12254.490000	-1.083144
110.800000	12276.640000	-1.413172
110.900000	12298.810000	-1.732806
111.000000	12321.000000	-2.040414
111.100000	12343.210000	-2.334427
111.200000	12365.440000	-2.613347
111.300000	12387.690000	-2.875754
111.400000	12409.960000	-3.120313
111.500000	12432.250000	-3.345782
111.600000	12454.560000	-3.551020
111.700000	12476.890000	-3.734987
111.800000	12499.240000	-3.896755
111.900000	12521.610000	-4.035511
112.000000	12544.000000	-4.150559
112.100000	12566.410000	-4.241327
112.200000	12588.840000	-4.307368
112.300000	12611.290000	-4.348360
112.400000	12633.760000	-4.364114
112.500000	12656.250000	-4.354567
112.600000	12678.760000	-4.319787
112.700000	12701.290000	-4.259974
112.800000	12723.840000	-4.175454
112.900000	12746.410000	-4.066680
113.000000	12769.000000	-3.934231
113.100000	12791.610000	-3.778806
113.200000	12814.240000	-3.601222
113.300000	12836.890000	-3.402409
113.400000	12859.560000	-3.183406
113.500000	12882.250000	-2.945355
113.600000	12904.960000	-2.689496
113.700000	12927.690000	-2.417158
113.800000	12950.440000	-2.129755
113.900000	12973.210000	-1.828779
114.000000	12996.000000	-1.515787
114.100000	13018.810000	-1.192402
114.200000	13041.640000	-0.860294
114.300000	13064.490000	-0.521181
114.400000	13087.360000	-0.176814
114.500000	13110.250000	0.171030
114.600000	13133.160000	0.520556
114.700000	13156.090000	0.869963
114.800000	13179.040000	1.217451
114.900000	13202.010000	1.561230
115.000000	13225.000000	1.899532
115.100000	13248.010000	2.230617
115.200000	13271.040000	2.552784
115.300000	13294.090000	2.864377
115.400000	13317.160000	3.163798
115.500000	13340.250000	3.449511
115.600000	13363.360000	3.720052
115.700000	13386.490000	3.974034
115.800000	13409.640000	4.210158
115.900000	13432.810000	4.427218
116.000000	13456.000000	4.624105
116.100000	13479.210000	4.799815
116.200000	13502.440000	4.953454
116.300000	13525.690000	5.084242
116.400000	13548.960000	5.191515
116.500000	13572.250000	5.274733
116.600000	13595.560000	5.333478
116.700000	13618.890000	5.367459
116.800000	13642.240000	5.376513
116.900000	13665.610000	5.360604
117.000000	13689.000000	5.319824
117.100000	13712.410000	5.254395
117.200000	13735.840000	5.164664
117.300000	13759.290000	5.051102
117.400000	13782.760000	4.914303
117.500000	13806.250000	4.754982
117.600000	13829.760000	4.573966
117.700000	13853.290000	4.372195
117.800000	13876.840000	4.150714
117.900000	13900.410000	3.910671
118.000000	13924.000000	3.653306
118.100000	13947.610000	3.379949
118.200000	13971.240000	3.092011
118.300000	13994.890000	2.790976
118.400000	14018.560000	2.478396
118.500000	14042.250000	2.155882
118.600000	14065.960000	1.825092
118.700000	14089.690000	1.487728
118.800000	14113.440000	1.145525
118.900000	14137.210000	0.800241
119.000000	14161.000000	0.453649
119.100000	14184.810000	0.107527
119.200000	14208.640000	-0.236348
119.300000	14232.490000	-0.576216
119.400000	14256.360000	-0.910334
119.500000	14280.250000	-1.236992
119.600000	14304.160000	-1.554519
119.700000	14328.090000	-1.861292
119.800000	14352.040000	-2.155744
119.900000	14376.010000	-2.436372
120.000000	14400.000000	-2.701745
120.100000	14424.010000	-2.950511
120.200000	14448.040000	-3.181406
120.300000	14472.090000	-3.393255
120.400000	14496.160000	-3.584986
120.500000	14520.250000	-3.755626
120.600000	14544.360000	-3.904316
120.700000	14568.490000	-4.030306
120.800000	14592.640000	-4.132966
120.900000	14616.810000	-4.211784
121.000000	14641.000000	-4.266373
121.100000	14665.210000	-4.296470
121.200000	14689.440000	-4.301936
121.300000	14713.690000	-4.282762
121.400000	14737.960000	-4.239063
121.500000	14762.250000	-4.171081
121.600000	14786.560000	-4.079182
121.700000	14810.890000	-3.963856
121.800000	14835.240000	-3.825711
121.900000	14859.610000	-3.665474
122.000000	14884.000000	-3.483984
122.100000	14908.410000	-3.282189
122.200000	14932.840000	-3.061139
122.300000	14957.290000	-2.821986
122.400000	14981.760000	-2.565971
122.500000	15006.250000	-2.294422
122.600000	15030.760000	-2.008746
122.700000	15055.290000	-1.710423
122.800000	15079.840000	-1.400994
122.900000	15104.410000	-1.082060
123.000000	15129.000000	-0.755266
123.100000	15153.610000	-0.422301
123.200000	15178.240000	-0.084879
123.300000	15202.890000	0.255259
123.400000	15227.560000	0.596362
123.500000	15252.250000	0.936673
123.600000	15276.960000	1.274443
123.700000	15301.690000	1.607935
123.800000	15326.440000	1.935435
123.900000	15351.210000	2.255262
124.000000	15376.000000	2.565773
124.100000	15400.810000	2.865377
124.200000	15425.640000	3.152538
124.300000	15450.490000	3.425785
124.400000	15475.360000	3.683720
124.500000	15500.250000	3.925024
124.600000	15525.160000	4.148464
124.700000	15550.090000	4.352900
124.800000	15575.040000	4.537289
124.900000	15600.010000	4.700695
125.000000	15625.000000	4.842285
125.100000	15650.010000	4.961344
125.200000	15675.040000	5.057270
125.300000	15700.090000	5.129580
125.400000	15725.160000	5.177913
125.500000	15750.250000	5.202034
125.600000	15775.360000	5.201828
125.700000	15800.490000	5.177308
125.800000	15825.640000	5.128612
125.900000	15850.810000	5.056000
126.000000	15876.000000	4.959856
126.100000	15901.210000	4.840685
126.200000	15926.440000	4.699109
126.300000	15951.690000	4.535865
126.400000	15976.960000	4.351802
126.500000	16002.250000	4.147872
126.600000	16027.560000	3.925134
126.700000	16052.890000	3.684737
126.800000	16078.240000	3.427925
126.900000	16103.610000	3.156021
127.000000	16129.000000	2.870429
127.100000	16154.410000	2.572620
127.200000	16179.840000	2.264127
127.300000	16205.290000	1.946538
127.400000	16230.760000	1.621485
127.500000	16256.250000	1.290639
127.600000	16281.760000	0.955699
127.700000	16307.290000	0.618384
127.800000	16332.840000	0.280425
127.900000	16358.410000	-0.056445
128.000000	16384.000000	-0.390501
128.100000	16409.610000	-0.720032
128.200000	16435.240000	-1.043351
128.300000	16460.890000	-1.358806
128.400000	16486.560000	-1.664783
128.500000	16512.250000	-1.959721
128.600000	16537.960000	-2.242115
128.700000	16563.690000	-2.510525
128.800000	16589.440000	-2.763584
128.900000	16615.210000	-3.000004
129.000000	16641.000000	-3.218585
129.100000	16666.810000	-3.418217
129.200000	16692.640000	-3.597890
129.300000	16718.490000	-3.756694
129.400000	16744.360000	-3.893831
129.500000	16770.250000	-4.008612
129.600000	16796.160000	-4.100462
129.700000	16822.090000	-4.168926
129.800000	16848.040000	-4.213669
129.900000	16874.010000	-4.234478
130.000000	16900.000000	-4.231262
130.100000	16926.010000	-4.204054
130.200000	16952.040000	-4.153010
130.300000	16978.090000	-4.078409
130.400000	17004.160000	-3.980649
130.500000	17030.250000	-3.860248
130.600000	17056.360000	-3.717839
130.700000	17082.490000	-3.554168
130.800000	17108.640000	-3.370090
130.900000	17134.810000	-3.166562
131.000000	17161.000000	-2.944644
131.100000	17187.210000	-2.705486
131.200000	17213.440000	-2.450327
131.300000	17239.690000	-2.180489
131.400000	17265.960000	-1.897366
131.500000	17292.250000	-1.602421
131.600000	17318.560000	-1.297175
131.700000	17344.890000	-0.983203
131.800000	17371.240000	-0.662121
131.900000	17397.610000	-0.335584
132.000000	17424.000000	-0.005272
132.100000	17450.410000	0.327119
132.200000	17476.840000	0.659878
132.300000	17503.290000	0.991299
132.400000	17529.760000	1.319680
132.500000	17556.250000	1.643336
132.600000	17582.760000	1.960610
132.700000	17609.290000	2.269876
132.800000	17635.840000	2.569551
132.900000	17662.410000	2.858104
133.000000	17689.000000	3.134058
133.100000	17715.610000	3.396006
133.200000	17742.240000	3.642610
133.300000	17768.890000	3.872615
133.400000	17795.560000	4.084850
133.500000	17822.250000	4.278235
133.600000	17848.960000	4.451789
133.700000	17875.690000	4.604633
133.800000	17902.440000	4.735995
133.900000	17929.210000	4.845212
134.000000	17956.000000	4.931738
134.100000	17982.810000	4.995141
134.200000	18009.640000	5.035110
134.300000	18036.490000	5.051452
134.400000	18063.360000	5.044096
134.500000	18090.250000	5.013095
134.600000	18117.160000	4.958621
134.700000	18144.090000	4.880965
134.800000	18171.040000	4.780539
134.900000	18198.010000	4.657871
135.000000	18225.000000	4.513603
135.100000	18252.010000	4.348485
135.200000	18279.040000	4.163377
135.300000	18306.090000	3.959238
135.400000	18333.160000	3.737124
135.500000	18360.250000	3.498185
135.600000	18387.360000	3.243654
135.700000	18414.490000	2.974845
135.800000	18441.640000	2.693142
135.900000	18468.810000	2.399995
136.000000	18496.000000	2.096914
136.100000	18523.210000	1.785455
136.200000	18550.440000	1.467220
136.300000	18577.690000	1.143840
136.400000	18604.960000	0.816976
136.500000	18632.250000	0.488302
136.600000	18659.560000	0.159502
136.700000	18686.890000	-0.167741
136.800000	18714.240000	-0.491753
136.900000	18741.610000	-0.810878
137.000000	18769.000000	-1.123486
137.100000	18796.410000	-1.427981
137.200000	18823.840000	-1.722811
137.300000	18851.290000	-2.006473
137.400000	18878.760000	-2.277525
137.500000	18906.250000	-2.534586
137.600000	18933.760000	-2.776353
137.700000	18961.290000	-3.001599
137.800000	18988.840000	-3.209183
137.900000	19016.410000	-3.398056
138.000000	19044.000000	-3.567266
138.100000	19071.610000	-3.715960
138.200000	19099.240000	-3.843394
138.300000	19126.890000	-3.948931
138.400000	19154.560000	-4.032048
138.500000	19182.250000	-4.092337
138.600000	19209.960000	-4.129508
138.700000	19237.690000	-4.143387
138.800000	19265.440000	-4.133922
138.900000	19293.210000	-4.101181
139.000000	19321.000000	-4.045348
139.100000	19348.810000	-3.966730
139.200000	19376.640000	-3.865745
139.300000	19404.490000	-3.742930
139.400000	19432.360000	-3.598932
139.500000	19460.250000	-3.434503
139.600000	19488.160000	-3.250505
139.700000	19516.090000	-3.047894
139.800000	19544.040000	-2.827723
139.900000	19572.010000	-2.591136
140.000000	19600.000000	-2.339356
140.100000	19628.010000	-2.073688
140.200000	19656.040000	-1.795502
140.300000	19684.090000	-1.506234
140.400000	19712.160000	-1.207377
140.500000	19740.250000	-0.900468
140.600000	19768.360000	-0.587087
140.700000	19796.490000	-0.268846
140.800000	19824.640000	0.052621
140.900000	19852.810000	0.375663
141.000000	19881.000000	0.698623
141.100000	19909.210000	1.019847
141.200000	19937.440000	1.337689
141.300000	19965.690000	1.650522
141.400000	19993.960000	1.956747
141.500000	20022.250000	2.254798
141.600000	20050.560000	2.543156
141.700000	20078.890000	2.820349
141.800000	20107.240000	3.084964
141.900000	20135.610000	3.335655
142.000000	20164.000000	3.571147
142.100000	20192.410000	3.790245
142.200000	20220.840000	3.991837
142.300000	20249.290000	4.174903
142.400000	20277.760000	4.338520
142.500000	20306.250000	4.481861
142.600000	20334.760000	4.604208
142.700000	20363.290000	4.704949
142.800000	20391.840000	4.783583
142.900000	20420.410000	4.839722
143.000000	20449.000000	4.873095
143.100000	20477.610000	4.883547
143.200000	20506.240000	4.871040
143.300000	20534.890000	4.835655
143.400000	20563.560000	4.777589
143.500000	20592.250000	4.697154
143.600000	20620.960000	4.594778
143.700000	20649.690000	4.470999
143.800000	20678.440000	4.326467
143.900000	20707.210000	4.161935
144.000000	20736.000000	3.978259
144.100000	20764.810000	3.776391
144.200000	20793.640000	3.557377
144.300000	20822.490000	3.322349
144.400000	20851.360000	3.072520
144.500000	20880.250000	2.809178
144.600000	20909.160000	2.533678
144.700000	20938.090000	2.247438
144.800000	20967.040000	1.951928
144.900000	20996.010000	1.648665
145.000000	21025.000000	1.339205
145.100000	21054.010000	1.025132
145.200000	21083.040000	0.708054
145.300000	21112.090000	0.389594
145.400000	21141.160000	0.071379
145.500000	21170.250000	-0.244967
145.600000	21199.360000	-0.557829
145.700000	21228.490000	-0.865613
145.800000	21257.640000	-1.166752
145.900000	21286.810000	-1.459713
146.000000	21316.000000	-1.743008
146.100000	21345.210000	-2.015199
146.200000	21374.440000	-2.274907
146.300000	21403.690000	-2.520815
146.400000	21432.960000	-2.751681
146.500000	21462.250000	-2.966340
146.600000	21491.560000	-3.163710
146.700000	21520.890000	-3.342800
146.800000	21550.240000	-3.502712
146.900000	21579.610000	-3.642648
147.000000	21609.000000	-3.761910
147.100000	21638.410000	-3.859911
147.200000	21667.840000	-3.936169
147.300000	21697.290000	-3.990316
147.400000	21726.760000	-4.022095
147.500000	21756.250000	-4.031367
147.600000	21785.760000	-4.018106
147.700000	21815.290000	-3.982400
147.800000	21844.840000	-3.924454
147.900000	21874.410000	-3.844585
148.000000	21904.000000	-3.743222
148.100000	21933.610000	-3.620904
148.200000	21963.240000	-3.478275
148.300000	21992.890000	-3.316084
148.400000	22022.560000	-3.135178
148.500000	22052.250000	-2.936499
148.600000	22081.960000	-2.721078
148.700000	22111.690000	-2.490033
148.800000	22141.440000	-2.244558
148.900000	22171.210000	-1.985920
149.000000	22201.000000	-1.715453
149.100000	22230.810000	-1.434550
149.200000	22260.640000	-1.144654
149.300000	22290.490000	-0.847254
149.400000	22320.360000	-0.543876
149.500000	22350.250000	-0.236075
149.600000	22380.160000	0.074575
149.700000	22410.090000	0.386485
149.800000	22440.040000	0.698063
149.900000	22470.010000	1.007719
150.000000	22500.000000	1.313874
150.100000	22530.010000	1.614971
150.200000	22560.040000	1.909478
150.300000	22590.090000	2.195900
150.400000	22620.160000	2.472784
150.500000	22650.250000	2.738729
150.600000	22680.360000	2.992388
150.700000	22710.490000	3.232481
150.800000	22740.640000	3.457799
150.900000	22770.810000	3.667207
151.000000	22801.000000	3.859655
151.100000	22831.210000	4.034180
151.200000	22861.440000	4.189911
151.300000	22891.690000	4.326075
151.400000	22921.960000	4.441998
151.500000	22952.250000	4.537113
151.600000	22982.560000	4.610956
151.700000	23012.890000	4.663176
151.800000	23043.240000	4.693529
151.900000	23073.610000	4.701886
152.000000	23104.000000	4.688228
152.100000	23134.410000	4.652651
152.200000	23164.840000	4.595359
152.300000	23195.290000	4.516669
152.400000	23225.760000	4.417007
152.500000	23256.250000	4.296904
152.600000	23286.760000	4.156996
152.700000	23317.290000	3.998018
152.800000	23347.840000	3.820801
152.900000	23378.410000	3.626270
153.000000	23409.000000	3.415435
153.100000	23439.610000	3.189389
153.200000	23470.240000	2.949300
153.300000	23500.890000	2.696408
153.400000	23531.560000	2.432014
153.500000	23562.250000	2.157479
153.600000	23592.960000	1.874211
153.700000	23623.690000	1.583661
153.800000	23654.440000	1.287318
153.900000	23685.210000	0.986696
154.000000	23716.000000	0.683328
154.100000	23746.810000	0.378760
154.200000	23777.640000	0.074544
154.300000	23808.490000	-0.227776
154.400000	23839.360000	-0.526665
154.500000	23870.250000	-0.820608
154.600000	23901.160000	-1.108119
154.700000	23932.090000	-1.387745
154.800000	23963.040000	-1.658076
154.900000	23994.010000	-1.917753
155.000000	24025.000000	-2.165470
155.100000	24056.010000	-2.399986
155.200000	24087.040000	-2.620131
155.300000	24118.090000	-2.824805
155.400000	24149.160000	-3.012993
155.500000	24180.250000	-3.183764
155.600000	24211.360000	-3.336276
155.700000	24242.490000	-3.469784
155.800000	24273.640000	-3.583638
155.900000	24304.810000	-3.677291
156.000000	24336.000000	-3.750300
156.100000	24367.210000	-3.802327
156.200000	24398.440000	-3.833142
156.300000	24429.690000	-3.842622
156.400000	24460.960000	-3.830755
156.500000	24492.250000	-3.797637
156.600000	24523.560000	-3.743472
156.700000	24554.890000	-3.668570
156.800000	24586.240000	-3.573348
156.900000	24617.610000	-3.458325
157.000000	24649.000000	-3.324118
157.100000	24680.410000	-3.171445
157.200000	24711.840000	-3.001112
157.300000	24743.290000	-2.814018
157.400000	24774.760000	-2.611142
157.500000	24806.250000	-2.393544
157.600000	24837.760000	-2.162357
157.700000	24869.290000	-1.918781
157.800000	24900.840000	-1.664076
157.900000	24932.410000	-1.399557
158.000000	24964.000000	-1.126588
158.100000	24995.610000	-0.846571
158.200000	25027.240000	-0.560943
158.300000	25058.890000	-0.271167
158.400000	25090.560000	0.021277
158.500000	25122.250000	0.314896
158.600000	25153.960000	0.608195
158.700000	25185.690000	0.899684
158.800000	25217.440000	1.187885
158.900000	25249.210000	1.471338
159.000000	25281.000000	1.748612
159.100000	25312.810000	2.018310
159.200000	25344.640000	2.279075
159.300000	25376.490000	2.529599
159.400000	25408.360000	2.768629
159.500000	25440.250000	2.994972
159.600000	25472.160000	3.207505
159.700000	25504.090000	3.405173
159.800000	25536.040000	3.587004
159.900000	25568.010000	3.752104
160.000000	25600.000000	3.899669
160.100000	25632.010000	4.028985
160.200000	25664.040000	4.139434
160.300000	25696.090000	4.230492
160.400000	25728.160000	4.301739
160.500000	25760.250000	4.352853
160.600000	25792.360000	4.383619
160.700000	25824.490000	4.393923
160.800000	25856.640000	4.383756
160.900000	25888.810000	4.353216
161.000000	25921.000000	4.302502
161.100000	25953.210000	4.231916
161.200000	25985.440000	4.141859
161.300000	26017.690000	4.032834
161.400000	26049.960000	3.905436
161.500000	26082.250000	3.760354
161.600000	26114.560000	3.598364
161.700000	26146.890000	3.420328
161.800000	26179.240000	3.227187
161.900000	26211.610000	3.019957
162.000000	26244.000000	2.799723
162.100000	26276.410000	2.567633
162.200000	26308.840000	2.324893
162.300000	26341.290000	2.072761
162.400000	26373.760000	1.812539
162.500000	26406.250000	1.545568
162.600000	26438.760000	1.273218
162.700000	26471.290000	0.996885
162.800000	26503.840000	0.717980
162.900000	26536.410000	0.437925
163.000000	26569.000000	0.158143
163.100000	26601.610000	-0.119948
163.200000	26634.240000	-0.394942
163.300000	26666.890000	-0.665453
163.400000	26699.560000	-0.930121
163.500000	26732.250000	-1.187620
163.600000	26764.960000	-1.436664
163.700000	26797.690000	-1.676014
163.800000	26830.440000	-1.904483
163.900000	26863.210000	-2.120944
164.000000	26896.000000	-2.324333
164.100000	26928.810000	-2.513658
164.200000	26961.640000	-2.687999
164.300000	26994.490000	-2.846517
164.400000	27027.360000	-2.988454
164.500000	27060.250000	-3.113143
164.600000	27093.160000	-3.220001
164.700000	27126.090000	-3.308544
164.800000	27159.040000	-3.378378
164.900000	27192.010000	-3.429208
165.000000	27225.000000	-3.460837
165.100000	27258.010000	-3.473166
165.200000	27291.040000	-3.466194
165.300000	27324.090000	-3.440020
165.400000	27357.160000	-3.394841
165.500000	27390.250000	-3.330948
165.600000	27423.360000	-3.248729
165.700000	27456.490000	-3.148664
165.800000	27489.640000	-3.031321
165.900000	27522.810000	-2.897355
166.000000	27556.000000	-2.747505
166.100000	27589.210000	-2.582587
166.200000	27622.440000	-2.403493
166.300000	27655.690000	-2.211181
166.400000	27688.960000	-2.006678
166.500000	27722.250000	-1.791065
166.600000	27755.560000	-1.565478
166.700000	27788.890000	-1.331101
166.800000	27822.240000	-1.089157
166.900000	27855.610000	-0.840904
167.000000	27889.000000	-0.587627
167.100000	27922.410000	-0.330632
167.200000	27955.840000	-0.071239
167.300000	27989.290000	0.189224
167.400000	28022.760000	0.449429
167.500000	28056.250000	0.708056
167.600000	28089.760000	0.963795
167.700000	28123.290000	1.215360
167.800000	28156.840000	1.461488
167.900000	28190.410000	1.700951
168.000000	28224.000000	1.932560
168.100000	28257.610000	2.155171
168.200000	28291.240000	2.367691
168.300000	28324.890000	2.569083
168.400000	28358.560000	2.758373
168.500000	28392.250000	2.934650
168.600000	28425.960000	3.097078
168.700000	28459.690000	3.244894
168.800000	28493.440000	3.377412
168.900000	28527.210000	3.494029
169.000000	28561.000000	3.594228
169.100000	28594.810000	3.677578
169.200000	28628.640000	3.743734
169.300000	28662.490000	3.792444
169.400000	28696.360000	3.823548
169.500000	28730.250000	3.836974
169.600000	28764.160000	3.832745
169.700000	28798.090000	3.810972
169.800000	28832.040000	3.771859
169.900000	28866.010000	3.715695
170.000000	28900.000000	3.642859
170.100000	28934.010000	3.553813
170.200000	28968.040000	3.449098
170.300000	29002.090000	3.329338
170.400000	29036.160000	3.195228
170.500000	29070.250000	3.047535
170.600000	29104.360000	2.887092
170.700000	29138.490000	2.714793
170.800000	29172.640000	2.531591
170.900000	29206.810000	2.338486
171.000000	29241.000000	2.136529
171.100000	29275.210000	1.926807
171.200000	29309.440000	1.710444
171.300000	29343.690000	1.488590
171.400000	29377.960000	1.262417
171.500000	29412.250000	1.033114
171.600000	29446.560000	0.801879
171.700000	29480.890000	0.569912
171.800000	29515.240000	0.338409
171.900000	29549.610000	0.108558
172.000000	29584.000000	-0.118471
172.100000	29618.410000	-0.341530
172.200000	29652.840000	-0.559498
172.300000	29687.290000	-0.771289
172.400000	29721.760000	-0.975856
172.500000	29756.250000	-1.172199
172.600000	29790.760000	-1.359367
172.700000	29825.290000	-1.536462
172.800000	29859.840000	-1.702650
172.900000	29894.410000	-1.857156
173.000000	29929.000000	-1.999277
173.100000	29963.610000	-2.128378
173.200000	29998.240000	-2.243898
173.300000	30032.890000	-2.345356
173.400000	30067.560000	-2.432345
173.500000	30102.250000	-2.504544
173.600000	30136.960000	-2.561709
173.700000	30171.690000	-2.603684
173.800000	30206.440000	-2.630392
173.900000	30241.210000	-2.641841
174.000000	30276.000000	-2.638124
174.100000	30310.810000	-2.619413
174.200000	30345.640000	-2.585962
174.300000	30380.490000	-2.538104
174.400000	30415.360000	-2.476249
174.500000	30450.250000	-2.400881
174.600000	30485.160000	-2.312553
174.700000	30520.090000	-2.211889
174.800000	30555.040000	-2.099575
174.900000	30590.010000	-1.976358
175.000000	30625.000000	-1.843040
175.100000	30660.010000	-1.700473
175.200000	30695.040000	-1.549556
175.300000	30730.090000	-1.391229
175.400000	30765.160000	-1.226468
175.500000	30800.250000	-1.056275
175.600000	30835.360000	-0.881682
175.700000	30870.490000	-0.703734
175.800000	30905.640000	-0.523492
175.900000	30940.810000	-0.342022
176.000000	30976.000000	-0.160391
176.100000	31011.210000	0.020340
176.200000	31046.440000	0.199120
176.300000	31081.690000	0.374916
176.400000	31116.960000	0.546718
176.500000	31152.250000	0.713544
176.600000	31187.560000	0.874445
176.700000	31222.890000	1.028513
176.800000	31258.240000	1.174882
176.900000	31293.610000	1.312735
177.000000	31329.000000	1.441308
177.100000	31364.410000	1.559895
177.200000	31399.840000	1.667850
177.300000	31435.290000	1.764591
177.400000	31470.760000	1.849605
177.500000	31506.250000	1.922447
177.600000	31541.760000	1.982747
177.700000	31577.290000	2.030207
177.800000	31612.840000	2.064607
177.900000	31648.410000	2.085801
178.000000	31684.000000	2.093723
178.100000	31719.610000	2.088384
178.200000	31755.240000	2.069872
178.300000	31790.890000	2.038352
178.400000	31826.560000	1.994064
178.500000	31862.250000	1.937324
178.600000	31897.960000	1.868518
178.700000	31933.690000	1.788102
178.800000	31969.440000	1.696601
178.900000	32005.210000	1.594601
179.000000	32041.000000	1.482753
179.100000	32076.810000	1.361760
179.200000	32112.640000	1.232380
179.300000	32148.490000	1.095419
179.400000	32184.360000	0.951727
179.500000	32220.250000	0.802192
179.600000	32256.160000	0.647735
179.700000	32292.090000	0.489306
179.800000	32328.040000	0.327879
179.900000	32364.010000	0.164443
180.000000	32400.000000	0.000000
#Sums: 162090.000000	19456203.000000	5318.036846
