# alpha	alpha^2	B*sin(alpha)
0.000000	0.000000	0.000000
0.100000	0.010000	0.040837
0.200000	0.040000	0.081603
0.300000	0.090000	0.122226
0.400000	0.160000	0.162635
0.500000	0.250000	0.202761
0.600000	0.360000	0.242532
0.700000	0.490000	0.281882
0.800000	0.640000	0.320742
0.900000	0.810000	0.359045
1.000000	1.000000	0.396728
1.100000	1.210000	0.433727
1.200000	1.440000	0.469981
1.300000	1.690000	0.505430
1.400000	1.960000	0.540017
1.500000	2.250000	0.573687
1.600000	2.560000	0.606388
1.700000	2.890000	0.638069
1.800000	3.240000	0.668683
1.900000	3.610000	0.698186
2.000000	4.000000	0.726535
2.100000	4.410000	0.753692
2.200000	4.840000	0.779622
2.300000	5.290000	0.804291
2.400000	5.760000	0.827671
2.500000	6.250000	0.849736
2.600000	6.760000	0.870463
2.700000	7.290000	0.889833
2.800000	7.840000	0.907830
2.900000	8.410000	0.924442
3.000000	9.000000	0.939661
3.100000	9.610000	0.953480
3.200000	10.240000	0.965899
3.300000	10.890000	0.976918
3.400000	11.560000	0.986544
3.500000	12.250000	0.994784
3.600000	12.960000	1.001650
3.700000	13.690000	1.007158
3.800000	14.440000	1.011327
3.900000	15.210000	1.014177
4.000000	16.000000	1.015734
4.100000	16.810000	1.016025
4.200000	17.640000	1.015082
4.300000	18.490000	1.012937
4.400000	19.360000	1.009626
4.500000	20.250000	1.005189
4.600000	21.160000	0.999667
4.700000	22.090000	0.993103
4.800000	23.040000	0.985543
4.900000	24.010000	0.977035
5.000000	25.000000	0.967627
5.100000	26.010000	0.957373
5.200000	27.040000	0.946323
5.300000	28.090000	0.934533
5.400000	29.160000	0.922058
5.500000	30.250000	0.908954
5.600000	31.360000	0.895279
5.700000	32.490000	0.881091
5.800000	33.640000	0.866449
5.900000	34.810000	0.851412
6.000000	36.000000	0.836039
6.100000	37.210000	0.820389
6.200000	38.440000	0.804521
6.300000	39.690000	0.788495
6.400000	40.960000	0.772368
6.500000	42.250000	0.756198
6.600000	43.560000	0.740041
6.700000	44.890000	0.723955
6.800000	46.240000	0.707992
6.900000	47.610000	0.692208
7.000000	49.000000	0.676653
7.100000	50.410000	0.661378
7.200000	51.840000	0.646433
7.300000	53.290000	0.631862
7.400000	54.760000	0.617713
7.500000	56.250000	0.604027
7.600000	57.760000	0.590845
7.700000	59.290000	0.578205
7.800000	60.840000	0.566144
7.900000	62.410000	0.554695
8.000000	64.000000	0.543889
8.100000	65.610000	0.533755
8.200000	67.240000	0.524318
8.300000	68.890000	0.515602
8.400000	70.560000	0.507626
8.500000	72.250000	0.500408
8.600000	73.960000	0.493964
8.700000	75.690000	0.488305
8.800000	77.440000	0.483440
8.900000	79.210000	0.479375
9.000000	81.000000	0.476114
9.100000	82.810000	0.473658
9.200000	84.640000	0.472005
9.300000	86.490000	0.471150
9.400000	88.360000	0.471085
9.500000	90.250000	0.471801
9.600000	92.160000	0.473284
9.700000	94.090000	0.475521
9.800000	96.040000	0.478492
9.900000	98.010000	0.482180
10.000000	100.000000	0.486560
10.100000	102.010000	0.491611
10.200000	104.040000	0.497304
10.300000	106.090000	0.503613
10.400000	108.160000	0.510506
10.500000	110.250000	0.517953
10.600000	112.360000	0.525921
10.700000	114.490000	0.534374
10.800000	116.640000	0.543278
10.900000	118.810000	0.552594
11.000000	121.000000	0.562284
11.100000	123.210000	0.572311
11.200000	125.440000	0.582633
11.300000	127.690000	0.593210
11.400000	129.960000	0.604002
11.500000	132.250000	0.614968
11.600000	134.560000	0.626065
11.700000	136.890000	0.637254
11.800000	139.240000	0.648491
11.900000	141.610000	0.659737
12.000000	144.000000	0.670950
12.100000	146.410000	0.682090
12.200000	148.840000	0.693118
12.300000	151.290000	0.703994
12.400000	153.760000	0.714682
12.500000	156.250000	0.725143
12.600000	158.760000	0.735343
12.700000	161.290000	0.745246
12.800000	163.840000	0.754820
12.900000	166.410000	0.764032
13.000000	169.000000	0.772854
13.100000	171.610000	0.781255
13.200000	174.240000	0.789209
13.300000	176.890000	0.796691
13.400000	179.560000	0.803678
13.500000	182.250000	0.810149
13.600000	184.960000	0.816084
13.700000	187.690000	0.821467
13.800000	190.440000	0.826281
13.900000	193.210000	0.830514
14.000000	196.000000	0.834154
14.100000	198.810000	0.837194
14.200000	201.640000	0.839627
14.300000	204.490000	0.841447
14.400000	207.360000	0.842653
14.500000	210.250000	0.843245
14.600000	213.160000	0.843224
14.700000	216.090000	0.842595
14.800000	219.040000	0.841364
14.900000	222.010000	0.839539
15.000000	225.000000	0.837130
15.100000	228.010000	0.834149
15.200000	231.040000	0.830611
15.300000	234.090000	0.826531
15.400000	237.160000	0.821928
15.500000	240.250000	0.816819
15.600000	243.360000	0.811226
15.700000	246.490000	0.805172
15.800000	249.640000	0.798680
15.900000	252.810000	0.791776
16.000000	256.000000	0.784485
16.100000	259.210000	0.776835
16.200000	262.440000	0.768855
16.300000	265.690000	0.760574
16.400000	268.960000	0.752022
16.500000	272.250000	0.743230
16.600000	275.560000	0.734230
16.700000	278.890000	0.725053
16.800000	282.240000	0.715732
16.900000	285.610000	0.706299
17.000000	289.000000	0.696787
17.100000	292.410000	0.687229
17.200000	295.840000	0.677656
17.300000	299.290000	0.668102
17.400000	302.760000	0.658598
17.500000	306.250000	0.649176
17.600000	309.760000	0.639867
17.700000	313.290000	0.630700
17.800000	316.840000	0.621706
17.900000	320.410000	0.612913
18.000000	324.000000	0.604349
18.100000	327.610000	0.596041
18.200000	331.240000	0.588014
18.300000	334.890000	0.580292
18.400000	338.560000	0.572899
18.500000	342.250000	0.565857
18.600000	345.960000	0.559185
18.700000	349.690000	0.552903
18.800000	353.440000	0.547027
18.900000	357.210000	0.541575
19.000000	361.000000	0.536559
19.100000	364.810000	0.531992
19.200000	368.640000	0.527885
19.300000	372.490000	0.524247
19.400000	376.360000	0.521085
19.500000	380.250000	0.518405
19.600000	384.160000	0.516211
19.700000	388.090000	0.514504
19.800000	392.040000	0.513285
19.900000	396.010000	0.512553
20.000000	400.000000	0.512303
20.100000	404.010000	0.512533
20.200000	408.040000	0.513234
20.300000	412.090000	0.514398
20.400000	416.160000	0.516017
20.500000	420.250000	0.518078
20.600000	424.360000	0.520569
20.700000	428.490000	0.523476
20.800000	432.640000	0.526783
20.900000	436.810000	0.530473
21.000000	441.000000	0.534527
21.100000	445.210000	0.538928
21.200000	449.440000	0.543654
21.300000	453.690000	0.548683
21.400000	457.960000	0.553994
21.500000	462.250000	0.559564
21.600000	466.560000	0.565368
21.700000	470.890000	0.571382
21.800000	475.240000	0.577580
21.900000	479.610000	0.583938
22.000000	484.000000	0.590429
22.100000	488.410000	0.597027
22.200000	492.840000	0.603705
22.300000	497.290000	0.610437
22.400000	501.760000	0.617196
22.500000	506.250000	0.623956
22.600000	510.760000	0.630690
22.700000	515.290000	0.637374
22.800000	519.840000	0.643980
22.900000	524.410000	0.650484
23.000000	529.000000	0.656861
23.100000	533.610000	0.663087
23.200000	538.240000	0.669139
23.300000	542.890000	0.674995
23.400000	547.560000	0.680633
23.500000	552.250000	0.686032
23.600000	556.960000	0.691173
23.700000	561.690000	0.696036
23.800000	566.440000	0.700606
23.900000	571.210000	0.704865
24.000000	576.000000	0.708798
24.100000	580.810000	0.712391
24.200000	585.640000	0.715633
24.300000	590.490000	0.718511
24.400000	595.360000	0.721017
24.500000	600.250000	0.723142
24.600000	605.160000	0.724879
24.700000	610.090000	0.726223
24.800000	615.040000	0.727169
24.900000	620.010000	0.727716
25.000000	625.000000	0.727861
25.100000	630.010000	0.727606
25.200000	635.040000	0.726953
25.300000	640.090000	0.725903
25.400000	645.160000	0.724464
25.500000	650.250000	0.722639
25.600000	655.360000	0.720437
25.700000	660.490000	0.717866
25.800000	665.640000	0.714936
25.900000	670.810000	0.711658
26.000000	676.000000	0.708045
26.100000	681.210000	0.704110
26.200000	686.440000	0.699868
26.300000	691.690000	0.695333
26.400000	696.960000	0.690523
26.500000	702.250000	0.685455
26.600000	707.560000	0.680147
26.700000	712.890000	0.674617
26.800000	718.240000	0.668886
26.900000	723.610000	0.662973
27.000000	729.000000	0.656899
27.100000	734.410000	0.650686
27.200000	739.840000	0.644354
27.300000	745.290000	0.637925
27.400000	750.760000	0.631421
27.500000	756.250000	0.624864
27.600000	761.760000	0.618277
27.700000	767.290000	0.611680
27.800000	772.840000	0.605097
27.900000	778.410000	0.598548
28.000000	784.000000	0.592055
28.100000	789.610000	0.585638
28.200000	795.240000	0.579320
28.300000	800.890000	0.573118
28.400000	806.560000	0.567054
28.500000	812.250000	0.561146
28.600000	817.960000	0.555412
28.700000	823.690000	0.549869
28.800000	829.440000	0.544533
28.900000	835.210000	0.539422
29.000000	841.000000	0.534549
29.100000	846.810000	0.529927
29.200000	852.640000	0.525571
29.300000	858.490000	0.521491
29.400000	864.360000	0.517698
29.500000	870.250000	0.514201
29.600000	876.160000	0.511009
29.700000	882.090000	0.508129
29.800000	888.040000	0.505567
29.900000	894.010000	0.503327
30.000000	900.000000	0.501412
30.100000	906.010000	0.499826
30.200000	912.040000	0.498569
30.300000	918.090000	0.497641
30.400000	924.160000	0.497040
30.500000	930.250000	0.496763
30.600000	936.360000	0.496808
30.700000	942.490000	0.497169
30.800000	948.640000	0.497839
30.900000	954.810000	0.498813
31.000000	961.000000	0.500080
31.100000	967.210000	0.501633
31.200000	973.440000	0.503460
31.300000	979.690000	0.505550
31.400000	985.960000	0.507892
31.500000	992.250000	0.510471
31.600000	998.560000	0.513275
31.700000	1004.890000	0.516288
31.800000	1011.240000	0.519496
31.900000	1017.610000	0.522882
32.000000	1024.000000	0.526430
32.100000	1030.410000	0.530123
32.200000	1036.840000	0.533943
32.300000	1043.290000	0.537873
32.400000	1049.760000	0.541894
32.500000	1056.250000	0.545988
32.600000	1062.760000	0.550138
32.700000	1069.290000	0.554323
32.800000	1075.840000	0.558526
32.900000	1082.410000	0.562727
33.000000	1089.000000	0.566909
33.100000	1095.610000	0.571053
33.200000	1102.240000	0.575141
33.300000	1108.890000	0.579155
33.400000	1115.560000	0.583078
33.500000	1122.250000	0.586892
33.600000	1128.960000	0.590582
33.700000	1135.690000	0.594131
33.800000	1142.440000	0.597525
33.900000	1149.210000	0.600747
34.000000	1156.000000	0.603786
34.100000	1162.810000	0.606626
34.200000	1169.640000	0.609256
34.300000	1176.490000	0.611665
34.400000	1183.360000	0.613841
34.500000	1190.250000	0.615775
34.600000	1197.160000	0.617457
34.700000	1204.090000	0.618881
34.800000	1211.040000	0.620038
34.900000	1218.010000	0.620924
35.000000	1225.000000	0.621534
35.100000	1232.010000	0.621862
35.200000	1239.040000	0.621908
35.300000	1246.090000	0.621668
35.400000	1253.160000	0.621143
35.500000	1260.250000	0.620333
35.600000	1267.360000	0.619238
35.700000	1274.490000	0.617863
35.800000	1281.640000	0.616209
35.900000	1288.810000	0.614281
36.000000	1296.000000	0.612085
36.100000	1303.210000	0.609628
36.200000	1310.440000	0.606915
36.300000	1317.690000	0.603956
36.400000	1324.960000	0.600760
36.500000	1332.250000	0.597335
36.600000	1339.560000	0.593694
36.700000	1346.890000	0.589847
36.800000	1354.240000	0.585805
36.900000	1361.610000	0.581582
37.000000	1369.000000	0.577191
37.100000	1376.410000	0.572645
37.200000	1383.840000	0.567959
37.300000	1391.290000	0.563147
37.400000	1398.760000	0.558224
37.500000	1406.250000	0.553205
37.600000	1413.760000	0.548106
37.700000	1421.290000	0.542943
37.800000	1428.840000	0.537730
37.900000	1436.410000	0.532485
38.000000	1444.000000	0.527222
38.100000	1451.610000	0.521958
38.200000	1459.240000	0.516708
38.300000	1466.890000	0.511488
38.400000	1474.560000	0.506313
38.500000	1482.250000	0.501198
38.600000	1489.960000	0.496158
38.700000	1497.690000	0.491207
38.800000	1505.440000	0.486359
38.900000	1513.210000	0.481626
39.000000	1521.000000	0.477023
39.100000	1528.810000	0.472560
39.200000	1536.640000	0.468250
39.300000	1544.490000	0.464104
39.400000	1552.360000	0.460131
39.500000	1560.250000	0.456342
39.600000	1568.160000	0.452744
39.700000	1576.090000	0.449346
39.800000	1584.040000	0.446155
39.900000	1592.010000	0.443177
40.000000	1600.000000	0.440418
40.100000	1608.010000	0.437881
40.200000	1616.040000	0.435570
40.300000	1624.090000	0.433489
40.400000	1632.160000	0.431639
40.500000	1640.250000	0.430020
40.600000	1648.360000	0.428633
40.700000	1656.490000	0.427476
40.800000	1664.640000	0.426549
40.900000	1672.810000	0.425847
41.000000	1681.000000	0.425368
41.100000	1689.210000	0.425107
41.200000	1697.440000	0.425059
41.300000	1705.690000	0.425218
41.400000	1713.960000	0.425576
41.500000	1722.250000	0.426127
41.600000	1730.560000	0.426861
41.700000	1738.890000	0.427770
41.800000	1747.240000	0.428844
41.900000	1755.610000	0.430074
42.000000	1764.000000	0.431447
42.100000	1772.410000	0.432953
42.200000	1780.840000	0.434580
42.300000	1789.290000	0.436316
42.400000	1797.760000	0.438147
42.500000	1806.250000	0.440062
42.600000	1814.760000	0.442046
42.700000	1823.290000	0.444087
42.800000	1831.840000	0.446170
42.900000	1840.410000	0.448282
43.000000	1849.000000	0.450409
43.100000	1857.610000	0.452538
43.200000	1866.240000	0.454653
43.300000	1874.890000	0.456743
43.400000	1883.560000	0.458792
43.500000	1892.250000	0.460788
43.600000	1900.960000	0.462716
43.700000	1909.690000	0.464566
43.800000	1918.440000	0.466323
43.900000	1927.210000	0.467976
44.000000	1936.000000	0.469512
44.100000	1944.810000	0.470921
44.200000	1953.640000	0.472192
44.300000	1962.490000	0.473315
44.400000	1971.360000	0.474279
44.500000	1980.250000	0.475075
44.600000	1989.160000	0.475696
44.700000	1998.090000	0.476134
44.800000	2007.040000	0.476381
44.900000	2016.010000	0.476431
45.000000	2025.000000	0.476279
45.100000	2034.010000	0.475919
45.200000	2043.040000	0.475349
45.300000	2052.090000	0.474563
45.400000	2061.160000	0.473561
45.500000	2070.250000	0.472340
45.600000	2079.360000	0.470900
45.700000	2088.490000	0.469241
45.800000	2097.640000	0.467362
45.900000	2106.810000	0.465267
46.000000	2116.000000	0.462957
46.100000	2125.210000	0.460435
46.200000	2134.440000	0.457706
46.300000	2143.690000	0.454773
46.400000	2152.960000	0.451643
46.500000	2162.250000	0.448322
46.600000	2171.560000	0.444816
46.700000	2180.890000	0.441132
46.800000	2190.240000	0.437279
46.900000	2199.610000	0.433265
47.000000	2209.000000	0.429100
47.100000	2218.410000	0.424793
47.200000	2227.840000	0.420354
47.300000	2237.290000	0.415794
47.400000	2246.760000	0.411123
47.500000	2256.250000	0.406354
47.600000	2265.760000	0.401498
47.700000	2275.290000	0.396566
47.800000	2284.840000	0.391571
47.900000	2294.410000	0.386525
48.000000	2304.000000	0.381440
48.100000	2313.610000	0.376330
48.200000	2323.240000	0.371206
48.300000	2332.890000	0.366081
48.400000	2342.560000	0.360968
48.500000	2352.250000	0.355879
48.600000	2361.960000	0.350825
48.700000	2371.690000	0.345820
48.800000	2381.440000	0.340874
48.900000	2391.210000	0.336000
49.000000	2401.000000	0.331207
49.100000	2410.810000	0.326508
49.200000	2420.640000	0.321913
49.300000	2430.490000	0.317431
49.400000	2440.360000	0.313072
49.500000	2450.250000	0.308844
49.600000	2460.160000	0.304757
49.700000	2470.090000	0.300818
49.800000	2480.040000	0.297033
49.900000	2490.010000	0.293411
50.000000	2500.000000	0.289956
50.100000	2510.010000	0.286675
50.200000	2520.040000	0.283571
50.300000	2530.090000	0.280649
50.400000	2540.160000	0.277911
50.500000	2550.250000	0.275361
50.600000	2560.360000	0.273000
50.700000	2570.490000	0.270828
50.800000	2580.640000	0.268848
50.900000	2590.810000	0.267057
51.000000	2601.000000	0.265455
51.100000	2611.210000	0.264040
51.200000	2621.440000	0.262810
51.300000	2631.690000	0.261761
51.400000	2641.960000	0.260890
51.500000	2652.250000	0.260191
51.600000	2662.560000	0.259661
51.700000	2672.890000	0.259292
51.800000	2683.240000	0.259079
51.900000	2693.610000	0.259014
52.000000	2704.000000	0.259091
52.100000	2714.410000	0.259301
52.200000	2724.840000	0.259636
52.300000	2735.290000	0.260087
52.400000	2745.760000	0.260644
52.500000	2756.250000	0.261298
52.600000	2766.760000	0.262040
52.700000	2777.290000	0.262858
52.800000	2787.840000	0.263743
52.900000	2798.410000	0.264684
53.000000	2809.000000	0.265669
53.100000	2819.610000	0.266689
53.200000	2830.240000	0.267731
53.300000	2840.890000	0.268785
53.400000	2851.560000	0.269840
53.500000	2862.250000	0.270885
53.600000	2872.960000	0.271908
53.700000	2883.690000	0.272900
53.800000	2894.440000	0.273849
53.900000	2905.210000	0.274745
54.000000	2916.000000	0.275577
54.100000	2926.810000	0.276337
54.200000	2937.640000	0.277015
54.300000	2948.490000	0.277600
54.400000	2959.360000	0.278085
54.500000	2970.250000	0.278462
54.600000	2981.160000	0.278721
54.700000	2992.090000	0.278857
54.800000	3003.040000	0.278862
54.900000	3014.010000	0.278729
55.000000	3025.000000	0.278454
55.100000	3036.010000	0.278030
55.200000	3047.040000	0.277453
55.300000	3058.090000	0.276719
55.400000	3069.160000	0.275825
55.500000	3080.250000	0.274768
55.600000	3091.360000	0.273546
55.700000	3102.490000	0.272157
55.800000	3113.640000	0.270601
55.900000	3124.810000	0.268878
56.000000	3136.000000	0.266988
56.100000	3147.210000	0.264933
56.200000	3158.440000	0.262713
56.300000	3169.690000	0.260333
56.400000	3180.960000	0.257794
56.500000	3192.250000	0.255101
56.600000	3203.560000	0.252257
56.700000	3214.890000	0.249268
56.800000	3226.240000	0.246140
56.900000	3237.610000	0.242877
57.000000	3249.000000	0.239487
57.100000	3260.410000	0.235977
57.200000	3271.840000	0.232354
57.300000	3283.290000	0.228625
57.400000	3294.760000	0.224800
57.500000	3306.250000	0.220887
57.600000	3317.760000	0.216894
57.700000	3329.290000	0.212831
57.800000	3340.840000	0.208708
57.900000	3352.410000	0.204534
58.000000	3364.000000	0.200318
58.100000	3375.610000	0.196073
58.200000	3387.240000	0.191806
58.300000	3398.890000	0.187529
58.400000	3410.560000	0.183252
58.500000	3422.250000	0.178985
58.600000	3433.960000	0.174739
58.700000	3445.690000	0.170523
58.800000	3457.440000	0.166347
58.900000	3469.210000	0.162223
59.000000	3481.000000	0.158158
59.100000	3492.810000	0.154162
59.200000	3504.640000	0.150246
59.300000	3516.490000	0.146417
59.400000	3528.360000	0.142684
59.500000	3540.250000	0.139055
59.600000	3552.160000	0.135539
59.700000	3564.090000	0.132142
59.800000	3576.040000	0.128871
59.900000	3588.010000	0.125733
60.000000	3600.000000	0.122735
60.100000	3612.010000	0.119880
60.200000	3624.040000	0.117174
60.300000	3636.090000	0.114622
60.400000	3648.160000	0.112228
60.500000	3660.250000	0.109994
60.600000	3672.360000	0.107923
60.700000	3684.490000	0.106017
60.800000	3696.640000	0.104278
60.900000	3708.810000	0.102706
61.000000	3721.000000	0.101302
61.100000	3733.210000	0.100065
61.200000	3745.440000	0.098995
61.300000	3757.690000	0.098089
61.400000	3769.960000	0.097346
61.500000	3782.250000	0.096763
61.600000	3794.560000	0.096336
61.700000	3806.890000	0.096062
61.800000	3819.240000	0.095936
61.900000	3831.610000	0.095953
62.000000	3844.000000	0.096108
62.100000	3856.410000	0.096395
62.200000	3868.840000	0.096808
62.300000	3881.290000	0.097340
62.400000	3893.760000	0.097984
62.500000	3906.250000	0.098731
62.600000	3918.760000	0.099576
62.700000	3931.290000	0.100508
62.800000	3943.840000	0.101520
62.900000	3956.410000	0.102604
63.000000	3969.000000	0.103749
63.100000	3981.610000	0.104947
63.200000	3994.240000	0.106190
63.300000	4006.890000	0.107467
63.400000	4019.560000	0.108768
63.500000	4032.250000	0.110086
63.600000	4044.960000	0.111410
63.700000	4057.690000	0.112730
63.800000	4070.440000	0.114038
63.900000	4083.210000	0.115325
64.000000	4096.000000	0.116580
64.100000	4108.810000	0.117796
64.200000	4121.640000	0.118963
64.300000	4134.490000	0.120074
64.400000	4147.360000	0.121119
64.500000	4160.250000	0.122092
64.600000	4173.160000	0.122984
64.700000	4186.090000	0.123788
64.800000	4199.040000	0.124498
64.900000	4212.010000	0.125107
65.000000	4225.000000	0.125609
65.100000	4238.010000	0.125999
65.200000	4251.040000	0.126272
65.300000	4264.090000	0.126422
65.400000	4277.160000	0.126447
65.500000	4290.250000	0.126342
65.600000	4303.360000	0.126104
65.700000	4316.490000	0.125732
65.800000	4329.640000	0.125223
65.900000	4342.810000	0.124576
66.000000	4356.000000	0.123790
66.100000	4369.210000	0.122864
66.200000	4382.440000	0.121800
66.300000	4395.690000	0.120598
66.400000	4408.960000	0.119259
66.500000	4422.250000	0.117786
66.600000	4435.560000	0.116180
66.700000	4448.890000	0.114446
66.800000	4462.240000	0.112586
66.900000	4475.610000	0.110605
67.000000	4489.000000	0.108507
67.100000	4502.410000	0.106298
67.200000	4515.840000	0.103981
67.300000	4529.290000	0.101564
67.400000	4542.760000	0.099053
67.500000	4556.250000	0.096454
67.600000	4569.760000	0.093774
67.700000	4583.290000	0.091021
67.800000	4596.840000	0.088201
67.900000	4610.410000	0.085324
68.000000	4624.000000	0.082396
68.100000	4637.610000	0.079426
68.200000	4651.240000	0.076423
68.300000	4664.890000	0.073395
68.400000	4678.560000	0.070350
68.500000	4692.250000	0.067298
68.600000	4705.960000	0.064247
68.700000	4719.690000	0.061206
68.800000	4733.440000	0.058183
68.900000	4747.210000	0.055188
69.000000	4761.000000	0.052228
69.100000	4774.810000	0.049312
69.200000	4788.640000	0.046449
69.300000	4802.490000	0.043646
69.400000	4816.360000	0.040911
69.500000	4830.250000	0.038252
69.600000	4844.160000	0.035677
69.700000	4858.090000	0.033191
69.800000	4872.040000	0.030803
69.900000	4886.010000	0.028517
70.000000	4900.000000	0.026341
70.100000	4914.010000	0.024279
70.200000	4928.040000	0.022337
70.300000	4942.090000	0.020520
70.400000	4956.160000	0.018831
70.500000	4970.250000	0.017274
70.600000	4984.360000	0.015853
70.700000	4998.490000	0.014570
70.800000	5012.640000	0.013428
70.900000	5026.810000	0.012429
71.000000	5041.000000	0.011573
71.100000	5055.210000	0.010861
71.200000	5069.440000	0.010294
71.300000	5083.690000	0.009871
71.400000	5097.960000	0.009592
71.500000	5112.250000	0.009455
71.600000	5126.560000	0.009458
71.700000	5140.890000	0.009599
71.800000	5155.240000	0.009874
71.900000	5169.610000	0.010282
72.000000	5184.000000	0.010818
72.100000	5198.410000	0.011477
72.200000	5212.840000	0.012255
72.300000	5227.290000	0.013147
72.400000	5241.760000	0.014147
72.500000	5256.250000	0.015251
72.600000	5270.760000	0.016450
72.700000	5285.290000	0.017740
72.800000	5299.840000	0.019113
72.900000	5314.410000	0.020562
73.000000	5329.000000	0.022079
73.100000	5343.610000	0.023658
73.200000	5358.240000	0.025291
73.300000	5372.890000	0.026969
73.400000	5387.560000	0.028685
73.500000	5402.250000	0.030430
73.600000	5416.960000	0.032197
73.700000	5431.690000	0.033977
73.800000	5446.440000	0.035762
73.900000	5461.210000	0.037543
74.000000	5476.000000	0.039314
74.100000	5490.810000	0.041065
74.200000	5505.640000	0.042789
74.300000	5520.490000	0.044478
74.400000	5535.360000	0.046124
74.500000	5550.250000	0.047721
74.600000	5565.160000	0.049260
74.700000	5580.090000	0.050735
74.800000	5595.040000	0.052140
74.900000	5610.010000	0.053467
75.000000	5625.000000	0.054712
75.100000	5640.010000	0.055868
75.200000	5655.040000	0.056930
75.300000	5670.090000	0.057894
75.400000	5685.160000	0.058754
75.500000	5700.250000	0.059507
75.600000	5715.360000	0.060149
75.700000	5730.490000	0.060678
75.800000	5745.640000	0.061089
75.900000	5760.810000	0.061382
76.000000	5776.000000	0.061554
76.100000	5791.210000	0.061604
76.200000	5806.440000	0.061532
76.300000	5821.690000	0.061336
76.400000	5836.960000	0.061017
76.500000	5852.250000	0.060577
76.600000	5867.560000	0.060015
76.700000	5882.890000	0.059333
76.800000	5898.240000	0.058534
76.900000	5913.610000	0.057621
77.000000	5929.000000	0.056595
77.100000	5944.410000	0.055461
77.200000	5959.840000	0.054222
77.300000	5975.290000	0.052882
77.400000	5990.760000	0.051447
77.500000	6006.250000	0.049920
77.600000	6021.760000	0.048308
77.700000	6037.290000	0.046616
77.800000	6052.840000	0.044850
77.900000	6068.410000	0.043016
78.000000	6084.000000	0.041120
78.100000	6099.610000	0.039170
78.200000	6115.240000	0.037171
78.300000	6130.890000	0.035132
78.400000	6146.560000	0.033060
78.500000	6162.250000	0.030961
78.600000	6177.960000	0.028843
78.700000	6193.690000	0.026714
78.800000	6209.440000	0.024582
78.900000	6225.210000	0.022452
79.000000	6241.000000	0.020335
79.100000	6256.810000	0.018235
79.200000	6272.640000	0.016162
79.300000	6288.490000	0.014122
79.400000	6304.360000	0.012122
79.500000	6320.250000	0.010170
79.600000	6336.160000	0.008272
79.700000	6352.090000	0.006434
79.800000	6368.040000	0.004664
79.900000	6384.010000	0.002966
80.000000	6400.000000	0.001347
80.100000	6416.010000	-0.000187
80.200000	6432.040000	-0.001632
80.300000	6448.090000	-0.002983
80.400000	6464.160000	-0.004236
80.500000	6480.250000	-0.005386
80.600000	6496.360000	-0.006429
80.700000	6512.490000	-0.007363
80.800000	6528.640000	-0.008185
80.900000	6544.810000	-0.008892
81.000000	6561.000000	-0.009482
81.100000	6577.210000	-0.009954
81.200000	6593.440000	-0.010307
81.300000	6609.690000	-0.010540
81.400000	6625.960000	-0.010652
81.500000	6642.250000	-0.010645
81.600000	6658.560000	-0.010519
81.700000	6674.890000	-0.010275
81.800000	6691.240000	-0.009915
81.900000	6707.610000	-0.009440
82.000000	6724.000000	-0.008854
82.100000	6740.410000	-0.008159
82.200000	6756.840000	-0.007358
82.300000	6773.290000	-0.006456
82.400000	6789.760000	-0.005455
82.500000	6806.250000	-0.004361
82.600000	6822.760000	-0.003179
82.700000	6839.290000	-0.001912
82.800000	6855.840000	-0.000568
82.900000	6872.410000	0.000849
83.000000	6889.000000	0.002333
83.100000	6905.610000	0.003877
83.200000	6922.240000	0.005476
83.300000	6938.890000	0.007122
83.400000	6955.560000	0.008809
83.500000	6972.250000	0.010530
83.600000	6988.960000	0.012278
83.700000	7005.690000	0.014046
83.800000	7022.440000	0.015827
83.900000	7039.210000	0.017614
84.000000	7056.000000	0.019400
84.100000	7072.810000	0.021177
84.200000	7089.640000	0.022939
84.300000	7106.490000	0.024678
84.400000	7123.360000	0.026388
84.500000	7140.250000	0.028063
84.600000	7157.160000	0.029694
84.700000	7174.090000	0.031276
84.800000	7191.040000	0.032803
84.900000	7208.010000	0.034269
85.000000	7225.000000	0.035668
85.100000	7242.010000	0.036994
85.200000	7259.040000	0.038243
85.300000	7276.090000	0.039409
85.400000	7293.160000	0.040489
85.500000	7310.250000	0.041477
85.600000	7327.360000	0.042369
85.700000	7344.490000	0.043164
85.800000	7361.640000	0.043856
85.900000	7378.810000	0.044444
86.000000	7396.000000	0.044926
86.100000	7413.210000	0.045299
86.200000	7430.440000	0.045562
86.300000	7447.690000	0.045714
86.400000	7464.960000	0.045754
86.500000	7482.250000	0.045682
86.600000	7499.560000	0.045498
86.700000	7516.890000	0.045203
86.800000	7534.240000	0.044799
86.900000	7551.610000	0.044286
87.000000	7569.000000	0.043666
87.100000	7586.410000	0.042941
87.200000	7603.840000	0.042115
87.300000	7621.290000	0.041191
87.400000	7638.760000	0.040171
87.500000	7656.250000	0.039059
87.600000	7673.760000	0.037861
87.700000	7691.290000	0.036579
87.800000	7708.840000	0.035219
87.900000	7726.410000	0.033786
88.000000	7744.000000	0.032284
88.100000	7761.610000	0.030721
88.200000	7779.240000	0.029100
88.300000	7796.890000	0.027429
88.400000	7814.560000	0.025713
88.500000	7832.250000	0.023959
88.600000	7849.960000	0.022173
88.700000	7867.690000	0.020361
88.800000	7885.440000	0.018530
88.900000	7903.210000	0.016687
89.000000	7921.000000	0.014838
89.100000	7938.810000	0.012990
89.200000	7956.640000	0.011150
89.300000	7974.490000	0.009324
89.400000	7992.360000	0.007519
89.500000	8010.250000	0.005740
89.600000	8028.160000	0.003996
89.700000	8046.090000	0.002291
89.800000	8064.040000	0.000631
89.900000	8082.010000	-0.000977
90.000000	8100.000000	-0.002528
90.100000	8118.010000	-0.004017
90.200000	8136.040000	-0.005438
90.300000	8154.090000	-0.006788
90.400000	8172.160000	-0.008060
90.500000	8190.250000	-0.009252
90.600000	8208.360000	-0.010358
90.700000	8226.490000	-0.011376
90.800000	8244.640000	-0.012302
90.900000	8262.810000	-0.013134
91.000000	8281.000000	-0.013868
91.100000	8299.210000	-0.014503
91.200000	8317.440000	-0.015037
91.300000	8335.690000	-0.015469
91.400000	8353.960000	-0.015797
91.500000	8372.250000	-0.016022
91.600000	8390.560000	-0.016142
91.700000	8408.890000	-0.016159
91.800000	8427.240000	-0.016072
91.900000	8445.610000	-0.015883
92.000000	8464.000000	-0.015594
92.100000	8482.410000	-0.015205
92.200000	8500.840000	-0.014719
92.300000	8519.290000	-0.014139
92.400000	8537.760000	-0.013468
92.500000	8556.250000	-0.012708
92.600000	8574.760000	-0.011864
92.700000	8593.290000	-0.010938
92.800000	8611.840000	-0.009936
92.900000	8630.410000	-0.008862
93.000000	8649.000000	-0.007720
93.100000	8667.610000	-0.006515
93.200000	8686.240000	-0.005253
93.300000	8704.890000	-0.003939
93.400000	8723.560000	-0.002578
93.500000	8742.250000	-0.001177
93.600000	8760.960000	0.000259
93.700000	8779.690000	0.001725
93.800000	8798.440000	0.003213
93.900000	8817.210000	0.004718
94.000000	8836.000000	0.006234
94.100000	8854.810000	0.007754
94.200000	8873.640000	0.009272
94.300000	8892.490000	0.010781
94.400000	8911.360000	0.012277
94.500000	8930.250000	0.013752
94.600000	8949.160000	0.015202
94.700000	8968.090000	0.016619
94.800000	8987.040000	0.017998
94.900000	9006.010000	0.019333
95.000000	9025.000000	0.020620
95.100000	9044.010000	0.021853
95.200000	9063.040000	0.023027
95.300000	9082.090000	0.024137
95.400000	9101.160000	0.025179
95.500000	9120.250000	0.026148
95.600000	9139.360000	0.027041
95.700000	9158.490000	0.027855
95.800000	9177.640000	0.028585
95.900000	9196.810000	0.029230
96.000000	9216.000000	0.029785
96.100000	9235.210000	0.030250
96.200000	9254.440000	0.030621
96.300000	9273.690000	0.030898
96.400000	9292.960000	0.031080
96.500000	9312.250000	0.031165
96.600000	9331.560000	0.031153
96.700000	9350.890000	0.031044
96.800000	9370.240000	0.030839
96.900000	9389.610000	0.030538
97.000000	9409.000000	0.030141
97.100000	9428.410000	0.029651
97.200000	9447.840000	0.029070
97.300000	9467.290000	0.028399
97.400000	9486.760000	0.027640
97.500000	9506.250000	0.026797
97.600000	9525.760000	0.025873
97.700000	9545.290000	0.024871
97.800000	9564.840000	0.023795
97.900000	9584.410000	0.022649
98.000000	9604.000000	0.021437
98.100000	9623.610000	0.020163
98.200000	9643.240000	0.018832
98.300000	9662.890000	0.017450
98.400000	9682.560000	0.016021
98.500000	9702.250000	0.014551
98.600000	9721.960000	0.013045
98.700000	9741.690000	0.011508
98.800000	9761.440000	0.009947
98.900000	9781.210000	0.008367
99.000000	9801.000000	0.006773
99.100000	9820.810000	0.005173
99.200000	9840.640000	0.003571
99.300000	9860.490000	0.001973
99.400000	9880.360000	0.000386
99.500000	9900.250000	-0.001185
99.600000	9920.160000	-0.002734
99.700000	9940.090000	-0.004256
99.800000	9960.040000	-0.005745
99.900000	9980.010000	-0.007195
100.000000	10000.000000	-0.008602
100.100000	10020.010000	-0.009960
100.200000	10040.040000	-0.011265
100.300000	10060.090000	-0.012511
100.400000	10080.160000	-0.013695
100.500000	10100.250000	-0.014812
100.600000	10120.360000	-0.015859
100.700000	10140.490000	-0.016831
100.800000	10160.640000	-0.017726
100.900000	10180.810000	-0.018540
101.000000	10201.000000	-0.019271
101.100000	10221.210000	-0.019916
101.200000	10241.440000	-0.020473
101.300000	10261.690000	-0.020941
101.400000	10281.960000	-0.021318
101.500000	10302.250000	-0.021602
101.600000	10322.560000	-0.021794
101.700000	10342.890000	-0.021893
101.800000	10363.240000	-0.021899
101.900000	10383.610000	-0.021813
102.000000	10404.000000	-0.021634
102.100000	10424.410000	-0.021365
102.200000	10444.840000	-0.021006
102.300000	10465.290000	-0.020560
102.400000	10485.760000	-0.020028
102.500000	10506.250000	-0.019413
102.600000	10526.760000	-0.018718
102.700000	10547.290000	-0.017945
102.800000	10567.840000	-0.017098
102.900000	10588.410000	-0.016180
103.000000	10609.000000	-0.015196
103.100000	10629.610000	-0.014149
103.200000	10650.240000	-0.013044
103.300000	10670.890000	-0.011885
103.400000	10691.560000	-0.010677
103.500000	10712.250000	-0.009424
103.600000	10732.960000	-0.008133
103.700000	10753.690000	-0.006807
103.800000	10774.440000	-0.005453
103.900000	10795.210000	-0.004076
104.000000	10816.000000	-0.002681
104.100000	10836.810000	-0.001273
104.200000	10857.640000	0.000141
104.300000	10878.490000	0.001556
104.400000	10899.360000	0.002966
104.500000	10920.250000	0.004367
104.600000	10941.160000	0.005752
104.700000	10962.090000	0.007117
104.800000	10983.040000	0.008455
104.900000	11004.010000	0.009762
105.000000	11025.000000	0.011032
105.100000	11046.010000	0.012261
105.200000	11067.040000	0.013444
105.300000	11088.090000	0.014576
105.400000	11109.160000	0.015653
105.500000	11130.250000	0.016671
105.600000	11151.360000	0.017625
105.700000	11172.490000	0.018514
105.800000	11193.640000	0.019332
105.900000	11214.810000	0.020077
106.000000	11236.000000	0.020746
106.100000	11257.210000	0.021336
106.200000	11278.440000	0.021846
106.300000	11299.690000	0.022273
106.400000	11320.960000	0.022616
106.500000	11342.250000	0.022874
106.600000	11363.560000	0.023046
106.700000	11384.890000	0.023131
106.800000	11406.240000	0.023129
106.900000	11427.610000	0.023040
107.000000	11449.000000	0.022864
107.100000	11470.410000	0.022603
107.200000	11491.840000	0.022257
107.300000	11513.290000	0.021828
107.400000	11534.760000	0.021318
107.500000	11556.250000	0.020728
107.600000	11577.760000	0.020061
107.700000	11599.290000	0.019320
107.800000	11620.840000	0.018508
107.900000	11642.410000	0.017628
108.000000	11664.000000	0.016682
108.100000	11685.610000	0.015676
108.200000	11707.240000	0.014613
108.300000	11728.890000	0.013497
108.400000	11750.560000	0.012333
108.500000	11772.250000	0.011124
108.600000	11793.960000	0.009877
108.700000	11815.690000	0.008594
108.800000	11837.440000	0.007282
108.900000	11859.210000	0.005946
109.000000	11881.000000	0.004591
109.100000	11902.810000	0.003222
109.200000	11924.640000	0.001843
109.300000	11946.490000	0.000462
109.400000	11968.360000	-0.000918
109.500000	11990.250000	-0.002291
109.600000	12012.160000	-0.003652
109.700000	12034.090000	-0.004995
109.800000	12056.040000	-0.006315
109.900000	12078.010000	-0.007607
110.000000	12100.000000	-0.008867
110.100000	12122.010000	-0.010090
110.200000	12144.040000	-0.011271
110.300000	12166.090000	-0.012405
110.400000	12188.160000	-0.013489
110.500000	12210.250000	-0.014517
110.600000	12232.360000	-0.015488
110.700000	12254.490000	-0.016396
110.800000	12276.640000	-0.017238
110.900000	12298.810000	-0.018011
111.000000	12321.000000	-0.018714
111.100000	12343.210000	-0.019341
111.200000	12365.440000	-0.019893
111.300000	12387.690000	-0.020366
111.400000	12409.960000	-0.020759
111.500000	12432.250000	-0.021071
111.600000	12454.560000	-0.021300
111.700000	12476.890000	-0.021445
111.800000	12499.240000	-0.021508
111.900000	12521.610000	-0.021486
112.000000	12544.000000	-0.021381
112.100000	12566.410000	-0.021193
112.200000	12588.840000	-0.020923
112.300000	12611.290000	-0.020572
112.400000	12633.760000	-0.020142
112.500000	12656.250000	-0.019634
112.600000	12678.760000	-0.019050
112.700000	12701.290000	-0.018394
112.800000	12723.840000	-0.017667
112.900000	12746.410000	-0.016872
113.000000	12769.000000	-0.016013
113.100000	12791.610000	-0.015093
113.200000	12814.240000	-0.014116
113.300000	12836.890000	-0.013085
113.400000	12859.560000	-0.012005
113.500000	12882.250000	-0.010880
113.600000	12904.960000	-0.009714
113.700000	12927.690000	-0.008512
113.800000	12950.440000	-0.007279
113.900000	12973.210000	-0.006018
114.000000	12996.000000	-0.004737
114.100000	13018.810000	-0.003438
114.200000	13041.640000	-0.002128
114.300000	13064.490000	-0.000811
114.400000	13087.360000	0.000508
114.500000	13110.250000	0.001823
114.600000	13133.160000	0.003129
114.700000	13156.090000	0.004421
114.800000	13179.040000	0.005695
114.900000	13202.010000	0.006946
115.000000	13225.000000	0.008168
115.100000	13248.010000	0.009357
115.200000	13271.040000	0.010508
115.300000	13294.090000	0.011618
115.400000	13317.160000	0.012681
115.500000	13340.250000	0.013694
115.600000	13363.360000	0.014654
115.700000	13386.490000	0.015555
115.800000	13409.640000	0.016395
115.900000	13432.810000	0.017171
116.000000	13456.000000	0.017880
116.100000	13479.210000	0.018519
116.200000	13502.440000	0.019086
116.300000	13525.690000	0.019579
116.400000	13548.960000	0.019995
116.500000	13572.250000	0.020334
116.600000	13595.560000	0.020594
116.700000	13618.890000	0.020774
116.800000	13642.240000	0.020874
116.900000	13665.610000	0.020894
117.000000	13689.000000	0.020832
117.100000	13712.410000	0.020691
117.200000	13735.840000	0.020470
117.300000	13759.290000	0.020170
117.400000	13782.760000	0.019793
117.500000	13806.250000	0.019339
117.600000	13829.760000	0.018812
117.700000	13853.290000	0.018213
117.800000	13876.840000	0.017544
117.900000	13900.410000	0.016809
118.000000	13924.000000	0.016009
118.100000	13947.610000	0.015149
118.200000	13971.240000	0.014231
118.300000	13994.890000	0.013260
118.400000	14018.560000	0.012238
118.500000	14042.250000	0.011170
118.600000	14065.960000	0.010061
118.700000	14089.690000	0.008914
118.800000	14113.440000	0.007733
118.900000	14137.210000	0.006525
119.000000	14161.000000	0.005292
119.100000	14184.810000	0.004041
119.200000	14208.640000	0.002775
119.300000	14232.490000	0.001500
119.400000	14256.360000	0.000220
119.500000	14280.250000	-0.001059
119.600000	14304.160000	-0.002332
119.700000	14328.090000	-0.003595
119.800000	14352.040000	-0.004843
119.900000	14376.010000	-0.006071
120.000000	14400.000000	-0.007274
120.100000	14424.010000	-0.008448
120.200000	14448.040000	-0.009588
120.300000	14472.090000	-0.010690
120.400000	14496.160000	-0.011749
120.500000	14520.250000	-0.012762
120.600000	14544.360000	-0.013725
120.700000	14568.490000	-0.014634
120.800000	14592.640000	-0.015485
120.900000	14616.810000	-0.016276
121.000000	14641.000000	-0.017003
121.100000	14665.210000	-0.017664
121.200000	14689.440000	-0.018256
121.300000	14713.690000	-0.018778
121.400000	14737.960000	-0.019226
121.500000	14762.250000	-0.019599
121.600000	14786.560000	-0.019897
121.700000	14810.890000	-0.020117
121.800000	14835.240000	-0.020260
121.900000	14859.610000	-0.020324
122.000000	14884.000000	-0.020310
122.100000	14908.410000	-0.020217
122.200000	14932.840000	-0.020046
122.300000	14957.290000	-0.019799
122.400000	14981.760000	-0.019475
122.500000	15006.250000	-0.019076
122.600000	15030.760000	-0.018603
122.700000	15055.290000	-0.018060
122.800000	15079.840000	-0.017447
122.900000	15104.410000	-0.016767
123.000000	15129.000000	-0.016022
123.100000	15153.610000	-0.015217
123.200000	15178.240000	-0.014354
123.300000	15202.890000	-0.013435
123.400000	15227.560000	-0.012466
123.500000	15252.250000	-0.011449
123.600000	15276.960000	-0.010388
123.700000	15301.690000	-0.009288
123.800000	15326.440000	-0.008153
123.900000	15351.210000	-0.006987
124.000000	15376.000000	-0.005795
124.100000	15400.810000	-0.004581
124.200000	15425.640000	-0.003350
124.300000	15450.490000	-0.002107
124.400000	15475.360000	-0.000857
124.500000	15500.250000	0.000397
124.600000	15525.160000	0.001648
124.700000	15550.090000	0.002892
124.800000	15575.040000	0.004124
124.900000	15600.010000	0.005340
125.000000	15625.000000	0.006535
125.100000	15650.010000	0.007704
125.200000	15675.040000	0.008843
125.300000	15700.090000	0.009948
125.400000	15725.160000	0.011014
125.500000	15750.250000	0.012037
125.600000	15775.360000	0.013014
125.700000	15800.490000	0.013940
125.800000	15825.640000	0.014812
125.900000	15850.810000	0.015627
126.000000	15876.000000	0.016382
126.100000	15901.210000	0.017073
126.200000	15926.440000	0.017699
126.300000	15951.690000	0.018257
126.400000	15976.960000	0.018745
126.500000	16002.250000	0.019160
126.600000	16027.560000	0.019502
126.700000	16052.890000	0.019770
126.800000	16078.240000	0.019961
126.900000	16103.610000	0.020076
127.000000	16129.000000	0.020114
127.100000	16154.410000	0.020075
127.200000	16179.840000	0.019959
127.300000	16205.290000	0.019767
127.400000	16230.760000	0.019499
127.500000	16256.250000	0.019157
127.600000	16281.760000	0.018742
127.700000	16307.290000	0.018255
127.800000	16332.840000	0.017699
127.900000	16358.410000	0.017075
128.000000	16384.000000	0.016386
128.100000	16409.610000	0.015635
128.200000	16435.240000	0.014824
128.300000	16460.890000	0.013957
128.400000	16486.560000	0.013038
128.500000	16512.250000	0.012068
128.600000	16537.960000	0.011053
128.700000	16563.690000	0.009997
128.800000	16589.440000	0.008902
128.900000	16615.210000	0.007774
129.000000	16641.000000	0.006617
129.100000	16666.810000	0.005435
129.200000	16692.640000	0.004233
129.300000	16718.490000	0.003015
129.400000	16744.360000	0.001786
129.500000	16770.250000	0.000551
129.600000	16796.160000	-0.000686
129.700000	16822.090000	-0.001919
129.800000	16848.040000	-0.003145
129.900000	16874.010000	-0.004359
130.000000	16900.000000	-0.005555
130.100000	16926.010000	-0.006729
130.200000	16952.040000	-0.007877
130.300000	16978.090000	-0.008995
130.400000	17004.160000	-0.010078
130.500000	17030.250000	-0.011122
130.600000	17056.360000	-0.012124
130.700000	17082.490000	-0.013078
130.800000	17108.640000	-0.013983
130.900000	17134.810000	-0.014834
131.000000	17161.000000	-0.015628
131.100000	17187.210000	-0.016362
131.200000	17213.440000	-0.017033
131.300000	17239.690000	-0.017639
131.400000	17265.960000	-0.018178
131.500000	17292.250000	-0.018647
131.600000	17318.560000	-0.019045
131.700000	17344.890000	-0.019371
131.800000	17371.240000	-0.019622
131.900000	17397.610000	-0.019799
132.000000	17424.000000	-0.019900
132.100000	17450.410000	-0.019926
132.200000	17476.840000	-0.019875
132.300000	17503.290000	-0.019749
132.400000	17529.760000	-0.019548
132.500000	17556.250000	-0.019273
132.600000	17582.760000	-0.018924
132.700000	17609.290000	-0.018503
132.800000	17635.840000	-0.018012
132.900000	17662.410000	-0.017453
133.000000	17689.000000	-0.016827
133.100000	17715.610000	-0.016138
133.200000	17742.240000	-0.015388
133.300000	17768.890000	-0.014579
133.400000	17795.560000	-0.013715
133.500000	17822.250000	-0.012799
133.600000	17848.960000	-0.011835
133.700000	17875.690000	-0.010826
133.800000	17902.440000	-0.009776
133.900000	17929.210000	-0.008690
134.000000	17956.000000	-0.007571
134.100000	17982.810000	-0.006423
134.200000	18009.640000	-0.005251
134.300000	18036.490000	-0.004060
134.400000	18063.360000	-0.002853
134.500000	18090.250000	-0.001636
134.600000	18117.160000	-0.000413
134.700000	18144.090000	0.000811
134.800000	18171.040000	0.002032
134.900000	18198.010000	0.003245
135.000000	18225.000000	0.004445
135.100000	18252.010000	0.005629
135.200000	18279.040000	0.006790
135.300000	18306.090000	0.007926
135.400000	18333.160000	0.009031
135.500000	18360.250000	0.010102
135.600000	18387.360000	0.011135
135.700000	18414.490000	0.012125
135.800000	18441.640000	0.013069
135.900000	18468.810000	0.013964
136.000000	18496.000000	0.014805
136.100000	18523.210000	0.015590
136.200000	18550.440000	0.016317
136.300000	18577.690000	0.016981
136.400000	18604.960000	0.017581
136.500000	18632.250000	0.018115
136.600000	18659.560000	0.018580
136.700000	18686.890000	0.018975
136.800000	18714.240000	0.019299
136.900000	18741.610000	0.019549
137.000000	18769.000000	0.019726
137.100000	18796.410000	0.019828
137.200000	18823.840000	0.019856
137.300000	18851.290000	0.019808
137.400000	18878.760000	0.019686
137.500000	18906.250000	0.019490
137.600000	18933.760000	0.019221
137.700000	18961.290000	0.018880
137.800000	18988.840000	0.018467
137.900000	19016.410000	0.017986
138.000000	19044.000000	0.017436
138.100000	19071.610000	0.016822
138.200000	19099.240000	0.016144
138.300000	19126.890000	0.015406
138.400000	19154.560000	0.014610
138.500000	19182.250000	0.013760
138.600000	19209.960000	0.012858
138.700000	19237.690000	0.011909
138.800000	19265.440000	0.010915
138.900000	19293.210000	0.009880
139.000000	19321.000000	0.008809
139.100000	19348.810000	0.007705
139.200000	19376.640000	0.006573
139.300000	19404.490000	0.005417
139.400000	19432.360000	0.004241
139.500000	19460.250000	0.003050
139.600000	19488.160000	0.001847
139.700000	19516.090000	0.000639
139.800000	19544.040000	-0.000572
139.900000	19572.010000	-0.001779
140.000000	19600.000000	-0.002979
140.100000	19628.010000	-0.004168
140.200000	19656.040000	-0.005340
140.300000	19684.090000	-0.006491
140.400000	19712.160000	-0.007618
140.500000	19740.250000	-0.008715
140.600000	19768.360000	-0.009779
140.700000	19796.490000	-0.010806
140.800000	19824.640000	-0.011792
140.900000	19852.810000	-0.012733
141.000000	19881.000000	-0.013625
141.100000	19909.210000	-0.014466
141.200000	19937.440000	-0.015253
141.300000	19965.690000	-0.015981
141.400000	19993.960000	-0.016650
141.500000	20022.250000	-0.017255
141.600000	20050.560000	-0.017796
141.700000	20078.890000	-0.018270
141.800000	20107.240000	-0.018675
141.900000	20135.610000	-0.019010
142.000000	20164.000000	-0.019273
142.100000	20192.410000	-0.019464
142.200000	20220.840000	-0.019583
142.300000	20249.290000	-0.019628
142.400000	20277.760000	-0.019599
142.500000	20306.250000	-0.019497
142.600000	20334.760000	-0.019322
142.700000	20363.290000	-0.019076
142.800000	20391.840000	-0.018758
142.900000	20420.410000	-0.018370
143.000000	20449.000000	-0.017914
143.100000	20477.610000	-0.017391
143.200000	20506.240000	-0.016804
143.300000	20534.890000	-0.016154
143.400000	20563.560000	-0.015444
143.500000	20592.250000	-0.014677
143.600000	20620.960000	-0.013856
143.700000	20649.690000	-0.012984
143.800000	20678.440000	-0.012064
143.900000	20707.210000	-0.011100
144.000000	20736.000000	-0.010095
144.100000	20764.810000	-0.009053
144.200000	20793.640000	-0.007978
144.300000	20822.490000	-0.006875
144.400000	20851.360000	-0.005746
144.500000	20880.250000	-0.004597
144.600000	20909.160000	-0.003432
144.700000	20938.090000	-0.002255
144.800000	20967.040000	-0.001070
144.900000	20996.010000	0.000117
145.000000	21025.000000	0.001303
145.100000	21054.010000	0.002483
145.200000	21083.040000	0.003653
145.300000	21112.090000	0.004809
145.400000	21141.160000	0.005945
145.500000	21170.250000	0.007058
145.600000	21199.360000	0.008144
145.700000	21228.490000	0.009199
145.800000	21257.640000	0.010219
145.900000	21286.810000	0.011199
146.000000	21316.000000	0.012138
146.100000	21345.210000	0.013030
146.200000	21374.440000	0.013873
146.300000	21403.690000	0.014663
146.400000	21432.960000	0.015398
146.500000	21462.250000	0.016076
146.600000	21491.560000	0.016693
146.700000	21520.890000	0.017247
146.800000	21550.240000	0.017737
146.900000	21579.610000	0.018160
147.000000	21609.000000	0.018516
147.100000	21638.410000	0.018802
147.200000	21667.840000	0.019019
147.300000	21697.290000	0.019165
147.400000	21726.760000	0.019239
147.500000	21756.250000	0.019242
147.600000	21785.760000	0.019174
147.700000	21815.290000	0.019035
147.800000	21844.840000	0.018826
147.900000	21874.410000	0.018547
148.000000	21904.000000	0.018199
148.100000	21933.610000	0.017785
148.200000	21963.240000	0.017305
148.300000	21992.890000	0.016762
148.400000	22022.560000	0.016158
148.500000	22052.250000	0.015494
148.600000	22081.960000	0.014774
148.700000	22111.690000	0.014000
148.800000	22141.440000	0.013176
148.900000	22171.210000	0.012304
149.000000	22201.000000	0.011387
149.100000	22230.810000	0.010430
149.200000	22260.640000	0.009435
149.300000	22290.490000	0.008407
149.400000	22320.360000	0.007350
149.500000	22350.250000	0.006267
149.600000	22380.160000	0.005162
149.700000	22410.090000	0.004040
149.800000	22440.040000	0.002904
149.900000	22470.010000	0.001760
150.000000	22500.000000	0.000610
150.100000	22530.010000	-0.000539
150.200000	22560.040000	-0.001685
150.300000	22590.090000	-0.002823
150.400000	22620.160000	-0.003949
150.500000	22650.250000	-0.005058
150.600000	22680.360000	-0.006146
150.700000	22710.490000	-0.007211
150.800000	22740.640000	-0.008246
150.900000	22770.810000	-0.009250
151.000000	22801.000000	-0.010218
151.100000	22831.210000	-0.011146
151.200000	22861.440000	-0.012031
151.300000	22891.690000	-0.012871
151.400000	22921.960000	-0.013662
151.500000	22952.250000	-0.014400
151.600000	22982.560000	-0.015085
151.700000	23012.890000	-0.015712
151.800000	23043.240000	-0.016280
151.900000	23073.610000	-0.016788
152.000000	23104.000000	-0.017232
152.100000	23134.410000	-0.017612
152.200000	23164.840000	-0.017926
152.300000	23195.290000	-0.018173
152.400000	23225.760000	-0.018353
152.500000	23256.250000	-0.018465
152.600000	23286.760000	-0.018508
152.700000	23317.290000	-0.018484
152.800000	23347.840000	-0.018391
152.900000	23378.410000	-0.018230
153.000000	23409.000000	-0.018003
153.100000	23439.610000	-0.017710
153.200000	23470.240000	-0.017352
153.300000	23500.890000	-0.016930
153.400000	23531.560000	-0.016448
153.500000	23562.250000	-0.015905
153.600000	23592.960000	-0.015305
153.700000	23623.690000	-0.014651
153.800000	23654.440000	-0.013943
153.900000	23685.210000	-0.013186
154.000000	23716.000000	-0.012382
154.100000	23746.810000	-0.011534
154.200000	23777.640000	-0.010645
154.300000	23808.490000	-0.009719
154.400000	23839.360000	-0.008760
154.500000	23870.250000	-0.007770
154.600000	23901.160000	-0.006754
154.700000	23932.090000	-0.005715
154.800000	23963.040000	-0.004658
154.900000	23994.010000	-0.003587
155.000000	24025.000000	-0.002504
155.100000	24056.010000	-0.001415
155.200000	24087.040000	-0.000324
155.300000	24118.090000	0.000766
155.400000	24149.160000	0.001851
155.500000	24180.250000	0.002926
155.600000	24211.360000	0.003988
155.700000	24242.490000	0.005032
155.800000	24273.640000	0.006056
155.900000	24304.810000	0.007054
156.000000	24336.000000	0.008024
156.100000	24367.210000	0.008962
156.200000	24398.440000	0.009864
156.300000	24429.690000	0.010728
156.400000	24460.960000	0.011550
156.500000	24492.250000	0.012328
156.600000	24523.560000	0.013058
156.700000	24554.890000	0.013738
156.800000	24586.240000	0.014366
156.900000	24617.610000	0.014940
157.000000	24649.000000	0.015456
157.100000	24680.410000	0.015915
157.200000	24711.840000	0.016314
157.300000	24743.290000	0.016652
157.400000	24774.760000	0.016928
157.500000	24806.250000	0.017141
157.600000	24837.760000	0.017290
157.700000	24869.290000	0.017375
157.800000	24900.840000	0.017397
157.900000	24932.410000	0.017354
158.000000	24964.000000	0.017248
158.100000	24995.610000	0.017080
158.200000	25027.240000	0.016849
158.300000	25058.890000	0.016556
158.400000	25090.560000	0.016205
158.500000	25122.250000	0.015794
158.600000	25153.960000	0.015328
158.700000	25185.690000	0.014806
158.800000	25217.440000	0.014232
158.900000	25249.210000	0.013608
159.000000	25281.000000	0.012936
159.100000	25312.810000	0.012219
159.200000	25344.640000	0.011459
159.300000	25376.490000	0.010660
159.400000	25408.360000	0.009825
159.500000	25440.250000	0.008956
159.600000	25472.160000	0.008058
159.700000	25504.090000	0.007134
159.800000	25536.040000	0.006187
159.900000	25568.010000	0.005220
160.000000	25600.000000	0.004238
160.100000	25632.010000	0.003244
160.200000	25664.040000	0.002242
160.300000	25696.090000	0.001236
160.400000	25728.160000	0.000228
160.500000	25760.250000	-0.000776
160.600000	25792.360000	-0.001773
160.700000	25824.490000	-0.002761
160.800000	25856.640000	-0.003734
160.900000	25888.810000	-0.004689
161.000000	25921.000000	-0.005624
161.100000	25953.210000	-0.006534
161.200000	25985.440000	-0.007417
161.300000	26017.690000	-0.008269
161.400000	26049.960000	-0.009086
161.500000	26082.250000	-0.009868
161.600000	26114.560000	-0.010609
161.700000	26146.890000	-0.011309
161.800000	26179.240000	-0.011964
161.900000	26211.610000	-0.012573
162.000000	26244.000000	-0.013133
162.100000	26276.410000	-0.013642
162.200000	26308.840000	-0.014099
162.300000	26341.290000	-0.014502
162.400000	26373.760000	-0.014851
162.500000	26406.250000	-0.015143
162.600000	26438.760000	-0.015378
162.700000	26471.290000	-0.015556
162.800000	26503.840000	-0.015676
162.900000	26536.410000	-0.015738
163.000000	26569.000000	-0.015742
163.100000	26601.610000	-0.015689
163.200000	26634.240000	-0.015578
163.300000	26666.890000	-0.015410
163.400000	26699.560000	-0.015187
163.500000	26732.250000	-0.014909
163.600000	26764.960000	-0.014578
163.700000	26797.690000	-0.014195
163.800000	26830.440000	-0.013761
163.900000	26863.210000	-0.013280
164.000000	26896.000000	-0.012752
164.100000	26928.810000	-0.012180
164.200000	26961.640000	-0.011567
164.300000	26994.490000	-0.010914
164.400000	27027.360000	-0.010225
164.500000	27060.250000	-0.009502
164.600000	27093.160000	-0.008747
164.700000	27126.090000	-0.007965
164.800000	27159.040000	-0.007158
164.900000	27192.010000	-0.006329
165.000000	27225.000000	-0.005482
165.100000	27258.010000	-0.004619
165.200000	27291.040000	-0.003744
165.300000	27324.090000	-0.002860
165.400000	27357.160000	-0.001971
165.500000	27390.250000	-0.001080
165.600000	27423.360000	-0.000190
165.700000	27456.490000	0.000695
165.800000	27489.640000	0.001572
165.900000	27522.810000	0.002439
166.000000	27556.000000	0.003291
166.100000	27589.210000	0.004126
166.200000	27622.440000	0.004940
166.300000	27655.690000	0.005731
166.400000	27688.960000	0.006497
166.500000	27722.250000	0.007233
166.600000	27755.560000	0.007938
166.700000	27788.890000	0.008609
166.800000	27822.240000	0.009245
166.900000	27855.610000	0.009842
167.000000	27889.000000	0.010399
167.100000	27922.410000	0.010914
167.200000	27955.840000	0.011385
167.300000	27989.290000	0.011811
167.400000	28022.760000	0.012191
167.500000	28056.250000	0.012523
167.600000	28089.760000	0.012807
167.700000	28123.290000	0.013041
167.800000	28156.840000	0.013226
167.900000	28190.410000	0.013361
168.000000	28224.000000	0.013446
168.100000	28257.610000	0.013480
168.200000	28291.240000	0.013465
168.300000	28324.890000	0.013400
168.400000	28358.560000	0.013286
168.500000	28392.250000	0.013124
168.600000	28425.960000	0.012915
168.700000	28459.690000	0.012660
168.800000	28493.440000	0.012360
168.900000	28527.210000	0.012017
169.000000	28561.000000	0.011632
169.100000	28594.810000	0.011208
169.200000	28628.640000	0.010746
169.300000	28662.490000	0.010248
169.400000	28696.360000	0.009717
169.500000	28730.250000	0.009154
169.600000	28764.160000	0.008562
169.700000	28798.090000	0.007944
169.800000	28832.040000	0.007302
169.900000	28866.010000	0.006638
170.000000	28900.000000	0.005956
170.100000	28934.010000	0.005259
170.200000	28968.040000	0.004548
170.300000	29002.090000	0.003827
170.400000	29036.160000	0.003099
170.500000	29070.250000	0.002367
170.600000	29104.360000	0.001633
170.700000	29138.490000	0.000900
170.800000	29172.640000	0.000171
170.900000	29206.810000	-0.000551
171.000000	29241.000000	-0.001264
171.100000	29275.210000	-0.001964
171.200000	29309.440000	-0.002650
171.300000	29343.690000	-0.003319
171.400000	29377.960000	-0.003967
171.500000	29412.250000	-0.004594
171.600000	29446.560000	-0.005197
171.700000	29480.890000	-0.005774
171.800000	29515.240000	-0.006322
171.900000	29549.610000	-0.006840
172.000000	29584.000000	-0.007327
172.100000	29618.410000	-0.007780
172.200000	29652.840000	-0.008199
172.300000	29687.290000	-0.008581
172.400000	29721.760000	-0.008927
172.500000	29756.250000	-0.009234
172.600000	29790.760000	-0.009503
172.700000	29825.290000	-0.009732
172.800000	29859.840000	-0.009922
172.900000	29894.410000	-0.010071
173.000000	29929.000000	-0.010180
173.100000	29963.610000	-0.010249
173.200000	29998.240000	-0.010278
173.300000	30032.890000	-0.010267
173.400000	30067.560000	-0.010218
173.500000	30102.250000	-0.010130
173.600000	30136.960000	-0.010004
173.700000	30171.690000	-0.009842
173.800000	30206.440000	-0.009645
173.900000	30241.210000	-0.009413
174.000000	30276.000000	-0.009149
174.100000	30310.810000	-0.008854
174.200000	30345.640000	-0.008529
174.300000	30380.490000	-0.008177
174.400000	30415.360000	-0.007799
174.500000	30450.250000	-0.007396
174.600000	30485.160000	-0.006972
174.700000	30520.090000	-0.006528
174.800000	30555.040000	-0.006067
174.900000	30590.010000	-0.005590
175.000000	30625.000000	-0.005100
175.100000	30660.010000	-0.004599
175.200000	30695.040000	-0.004089
175.300000	30730.090000	-0.003574
175.400000	30765.160000	-0.003055
175.500000	30800.250000	-0.002534
175.600000	30835.360000	-0.002015
175.700000	30870.490000	-0.001498
175.800000	30905.640000	-0.000987
175.900000	30940.810000	-0.000484
176.000000	30976.000000	0.000009
176.100000	31011.210000	0.000490
176.200000	31046.440000	0.000957
176.300000	31081.690000	0.001408
176.400000	31116.960000	0.001841
176.500000	31152.250000	0.002255
176.600000	31187.560000	0.002647
176.700000	31222.890000	0.003016
176.800000	31258.240000	0.003361
176.900000	31293.610000	0.003680
177.000000	31329.000000	0.003972
177.100000	31364.410000	0.004236
177.200000	31399.840000	0.004472
177.300000	31435.290000	0.004677
177.400000	31470.760000	0.004853
177.500000	31506.250000	0.004997
177.600000	31541.760000	0.005111
177.700000	31577.290000	0.005193
177.800000	31612.840000	0.005243
177.900000	31648.410000	0.005263
178.000000	31684.000000	0.005251
178.100000	31719.610000	0.005208
178.200000	31755.240000	0.005136
178.300000	31790.890000	0.005033
178.400000	31826.560000	0.004902
178.500000	31862.250000	0.004744
178.600000	31897.960000	0.004558
178.700000	31933.690000	0.004347
178.800000	31969.440000	0.004112
178.900000	32005.210000	0.003853
179.000000	32041.000000	0.003574
179.100000	32076.810000	0.003275
179.200000	32112.640000	0.002958
179.300000	32148.490000	0.002624
179.400000	32184.360000	0.002276
179.500000	32220.250000	0.001916
179.600000	32256.160000	0.001546
179.700000	32292.090000	0.001167
179.800000	32328.040000	0.000781
179.900000	32364.010000	0.000392
180.000000	32400.000000	0.000000
#Sums: 162090.000000	19456203.000000	335.353401
