# alpha	alpha^2	B*sin(alpha)
0.000000	0.000000	0.000000
0.100000	0.010000	0.304512
0.200000	0.040000	0.608311
0.300000	0.090000	0.910686
0.400000	0.160000	1.210933
0.500000	0.250000	1.508354
0.600000	0.360000	1.802260
0.700000	0.490000	2.091976
0.800000	0.640000	2.376841
0.900000	0.810000	2.656211
1.000000	1.000000	2.929462
1.100000	1.210000	3.195991
1.200000	1.440000	3.455217
1.300000	1.690000	3.706587
1.400000	1.960000	3.949573
1.500000	2.250000	4.183679
1.600000	2.560000	4.408437
1.700000	2.890000	4.623412
1.800000	3.240000	4.828205
1.900000	3.610000	5.022450
2.000000	4.000000	5.205816
2.100000	4.410000	5.378012
2.200000	4.840000	5.538785
2.300000	5.290000	5.687918
2.400000	5.760000	5.825236
2.500000	6.250000	5.950603
2.600000	6.760000	6.063924
2.700000	7.290000	6.165142
2.800000	7.840000	6.254241
2.900000	8.410000	6.331248
3.000000	9.000000	6.396224
3.100000	9.610000	6.449274
3.200000	10.240000	6.490539
3.300000	10.890000	6.520199
3.400000	11.560000	6.538469
3.500000	12.250000	6.545602
3.600000	12.960000	6.541883
3.700000	13.690000	6.527633
3.800000	14.440000	6.503201
3.900000	15.210000	6.468970
4.000000	16.000000	6.425349
4.100000	16.810000	6.372775
4.200000	17.640000	6.311709
4.300000	18.490000	6.242635
4.400000	19.360000	6.166058
4.500000	20.250000	6.082503
4.600000	21.160000	5.992509
4.700000	22.090000	5.896633
4.800000	23.040000	5.795440
4.900000	24.010000	5.689508
5.000000	25.000000	5.579421
5.100000	26.010000	5.465770
5.200000	27.040000	5.349147
5.300000	28.090000	5.230145
5.400000	29.160000	5.109356
5.500000	30.250000	4.987368
5.600000	31.360000	4.864763
5.700000	32.490000	4.742112
5.800000	33.640000	4.619980
5.900000	34.810000	4.498915
6.000000	36.000000	4.379452
6.100000	37.210000	4.262111
6.200000	38.440000	4.147391
6.300000	39.690000	4.035771
6.400000	40.960000	3.927708
6.500000	42.250000	3.823638
6.600000	43.560000	3.723968
6.700000	44.890000	3.629081
6.800000	46.240000	3.539332
6.900000	47.610000	3.455046
7.000000	49.000000	3.376520
7.100000	50.410000	3.304019
7.200000	51.840000	3.237776
7.300000	53.290000	3.177996
7.400000	54.760000	3.124846
7.500000	56.250000	3.078464
7.600000	57.760000	3.038954
7.700000	59.290000	3.006387
7.800000	60.840000	2.980802
7.900000	62.410000	2.962203
8.000000	64.000000	2.950566
8.100000	65.610000	2.945831
8.200000	67.240000	2.947908
8.300000	68.890000	2.956679
8.400000	70.560000	2.971995
8.500000	72.250000	2.993676
8.600000	73.960000	3.021520
8.700000	75.690000	3.055295
8.800000	77.440000	3.094744
8.900000	79.210000	3.139589
9.000000	81.000000	3.189528
9.100000	82.810000	3.244241
9.200000	84.640000	3.303387
9.300000	86.490000	3.366609
9.400000	88.360000	3.433535
9.500000	90.250000	3.503779
9.600000	92.160000	3.576944
9.700000	94.090000	3.652625
9.800000	96.040000	3.730406
9.900000	98.010000	3.809867
10.000000	100.000000	3.890586
10.100000	102.010000	3.972137
10.200000	104.040000	4.054094
10.300000	106.090000	4.136034
10.400000	108.160000	4.217538
10.500000	110.250000	4.298193
10.600000	112.360000	4.377593
10.700000	114.490000	4.455341
10.800000	116.640000	4.531053
10.900000	118.810000	4.604356
11.000000	121.000000	4.674892
11.100000	123.210000	4.742319
11.200000	125.440000	4.806313
11.300000	127.690000	4.866566
11.400000	129.960000	4.922794
11.500000	132.250000	4.974730
11.600000	134.560000	5.022132
11.700000	136.890000	5.064780
11.800000	139.240000	5.102476
11.900000	141.610000	5.135050
12.000000	144.000000	5.162355
12.100000	146.410000	5.184270
12.200000	148.840000	5.200698
12.300000	151.290000	5.211572
12.400000	153.760000	5.216849
12.500000	156.250000	5.216512
12.600000	158.760000	5.210572
12.700000	161.290000	5.199062
12.800000	163.840000	5.182046
12.900000	166.410000	5.159609
13.000000	169.000000	5.131861
13.100000	171.610000	5.098939
13.200000	174.240000	5.060998
13.300000	176.890000	5.018220
13.400000	179.560000	4.970804
13.500000	182.250000	4.918973
13.600000	184.960000	4.862965
13.700000	187.690000	4.803039
13.800000	190.440000	4.739468
13.900000	193.210000	4.672542
14.000000	196.000000	4.602563
14.100000	198.810000	4.529846
14.200000	201.640000	4.454715
14.300000	204.490000	4.377506
14.400000	207.360000	4.298559
14.500000	210.250000	4.218222
14.600000	213.160000	4.136846
14.700000	216.090000	4.054785
14.800000	219.040000	3.972394
14.900000	222.010000	3.890027
15.000000	225.000000	3.808034
15.100000	228.010000	3.726763
15.200000	231.040000	3.646556
15.300000	234.090000	3.567747
15.400000	237.160000	3.490661
15.500000	240.250000	3.415615
15.600000	243.360000	3.342911
15.700000	246.490000	3.272842
15.800000	249.640000	3.205684
15.900000	252.810000	3.141699
16.000000	256.000000	3.081131
16.100000	259.210000	3.024208
16.200000	262.440000	2.971139
16.300000	265.690000	2.922115
16.400000	268.960000	2.877304
16.500000	272.250000	2.836855
16.600000	275.560000	2.800896
16.700000	278.890000	2.769532
16.800000	282.240000	2.742848
16.900000	285.610000	2.720903
17.000000	289.000000	2.703737
17.100000	292.410000	2.691365
17.200000	295.840000	2.683781
17.300000	299.290000	2.680956
17.400000	302.760000	2.682837
17.500000	306.250000	2.689352
17.600000	309.760000	2.700406
17.700000	313.290000	2.715884
17.800000	316.840000	2.735650
17.900000	320.410000	2.759550
18.000000	324.000000	2.787409
18.100000	327.610000	2.819037
18.200000	331.240000	2.854225
18.300000	334.890000	2.892750
18.400000	338.560000	2.934374
18.500000	342.250000	2.978846
18.600000	345.960000	3.025902
18.700000	349.690000	3.075267
18.800000	353.440000	3.126658
18.900000	357.210000	3.179783
19.000000	361.000000	3.234343
19.100000	364.810000	3.290034
19.200000	368.640000	3.346550
19.300000	372.490000	3.403578
19.400000	376.360000	3.460810
19.500000	380.250000	3.517933
19.600000	384.160000	3.574640
19.700000	388.090000	3.630625
19.800000	392.040000	3.685589
19.900000	396.010000	3.739238
20.000000	400.000000	3.791284
20.100000	404.010000	3.841451
20.200000	408.040000	3.889470
20.300000	412.090000	3.935086
20.400000	416.160000	3.978055
20.500000	420.250000	4.018147
20.600000	424.360000	4.055146
20.700000	428.490000	4.088852
20.800000	432.640000	4.119082
20.900000	436.810000	4.145669
21.000000	441.000000	4.168463
21.100000	445.210000	4.187336
21.200000	449.440000	4.202175
21.300000	453.690000	4.212890
21.400000	457.960000	4.219407
21.500000	462.250000	4.221676
21.600000	466.560000	4.219664
21.700000	470.890000	4.213359
21.800000	475.240000	4.202772
21.900000	479.610000	4.187930
22.000000	484.000000	4.168882
22.100000	488.410000	4.145697
22.200000	492.840000	4.118462
22.300000	497.290000	4.087283
22.400000	501.760000	4.052285
22.500000	506.250000	4.013610
22.600000	510.760000	3.971416
22.700000	515.290000	3.925877
22.800000	519.840000	3.877183
22.900000	524.410000	3.825538
23.000000	529.000000	3.771158
23.100000	533.610000	3.714272
23.200000	538.240000	3.655119
23.300000	542.890000	3.593950
23.400000	547.560000	3.531021
23.500000	552.250000	3.466598
23.600000	556.960000	3.400952
23.700000	561.690000	3.334360
23.800000	566.440000	3.267099
23.900000	571.210000	3.199453
24.000000	576.000000	3.131703
24.100000	580.810000	3.064130
24.200000	585.640000	2.997015
24.300000	590.490000	2.930634
24.400000	595.360000	2.865259
24.500000	600.250000	2.801158
24.600000	605.160000	2.738588
24.700000	610.090000	2.677803
24.800000	615.040000	2.619043
24.900000	620.010000	2.562541
25.000000	625.000000	2.508517
25.100000	630.010000	2.457179
25.200000	635.040000	2.408721
25.300000	640.090000	2.363323
25.400000	645.160000	2.321152
25.500000	650.250000	2.282356
25.600000	655.360000	2.247069
25.700000	660.490000	2.215407
25.800000	665.640000	2.187469
25.900000	670.810000	2.163335
26.000000	676.000000	2.143069
26.100000	681.210000	2.126715
26.200000	686.440000	2.114299
26.300000	691.690000	2.105827
26.400000	696.960000	2.101290
26.500000	702.250000	2.100657
26.600000	707.560000	2.103880
26.700000	712.890000	2.110894
26.800000	718.240000	2.121613
26.900000	723.610000	2.135939
27.000000	729.000000	2.153754
27.100000	734.410000	2.174924
27.200000	739.840000	2.199300
27.300000	745.290000	2.226720
27.400000	750.760000	2.257007
27.500000	756.250000	2.289969
27.600000	761.760000	2.325407
27.700000	767.290000	2.363105
27.800000	772.840000	2.402843
27.900000	778.410000	2.444387
28.000000	784.000000	2.487499
28.100000	789.610000	2.531932
28.200000	795.240000	2.577435
28.300000	800.890000	2.623752
28.400000	806.560000	2.670624
28.500000	812.250000	2.717791
28.600000	817.960000	2.764991
28.700000	823.690000	2.811964
28.800000	829.440000	2.858450
28.900000	835.210000	2.904196
29.000000	841.000000	2.948948
29.100000	846.810000	2.992462
29.200000	852.640000	3.034498
29.300000	858.490000	3.074824
29.400000	864.360000	3.113217
29.500000	870.250000	3.149466
29.600000	876.160000	3.183366
29.700000	882.090000	3.214728
29.800000	888.040000	3.243373
29.900000	894.010000	3.269136
30.000000	900.000000	3.291868
30.100000	906.010000	3.311431
30.200000	912.040000	3.327705
30.300000	918.090000	3.340586
30.400000	924.160000	3.349984
30.500000	930.250000	3.355829
30.600000	936.360000	3.358064
30.700000	942.490000	3.356653
30.800000	948.640000	3.351575
30.900000	954.810000	3.342828
31.000000	961.000000	3.330425
31.100000	967.210000	3.314398
31.200000	973.440000	3.294795
31.300000	979.690000	3.271683
31.400000	985.960000	3.245143
31.500000	992.250000	3.215272
31.600000	998.560000	3.182184
31.700000	1004.890000	3.146008
31.800000	1011.240000	3.106884
31.900000	1017.610000	3.064970
32.000000	1024.000000	3.020435
32.100000	1030.410000	2.973458
32.200000	1036.840000	2.924232
32.300000	1043.290000	2.872960
32.400000	1049.760000	2.819851
32.500000	1056.250000	2.765126
32.600000	1062.760000	2.709011
32.700000	1069.290000	2.651739
32.800000	1075.840000	2.593547
32.900000	1082.410000	2.534677
33.000000	1089.000000	2.475373
33.100000	1095.610000	2.415880
33.200000	1102.240000	2.356445
33.300000	1108.890000	2.297312
33.400000	1115.560000	2.238725
33.500000	1122.250000	2.180924
33.600000	1128.960000	2.124145
33.700000	1135.690000	2.068618
33.800000	1142.440000	2.014569
33.900000	1149.210000	1.962214
34.000000	1156.000000	1.911761
34.100000	1162.810000	1.863411
34.200000	1169.640000	1.817351
34.300000	1176.490000	1.773760
34.400000	1183.360000	1.732804
34.500000	1190.250000	1.694635
34.600000	1197.160000	1.659394
34.700000	1204.090000	1.627207
34.800000	1211.040000	1.598185
34.900000	1218.010000	1.572423
35.000000	1225.000000	1.550004
35.100000	1232.010000	1.530992
35.200000	1239.040000	1.515435
35.300000	1246.090000	1.503366
35.400000	1253.160000	1.494803
35.500000	1260.250000	1.489743
35.600000	1267.360000	1.488172
35.700000	1274.490000	1.490055
35.800000	1281.640000	1.495344
35.900000	1288.810000	1.503974
36.000000	1296.000000	1.515866
36.100000	1303.210000	1.530923
36.200000	1310.440000	1.549035
36.300000	1317.690000	1.570079
36.400000	1324.960000	1.593917
36.500000	1332.250000	1.620399
36.600000	1339.560000	1.649363
36.700000	1346.890000	1.680636
36.800000	1354.240000	1.714032
36.900000	1361.610000	1.749360
37.000000	1369.000000	1.786417
37.100000	1376.410000	1.824993
37.200000	1383.840000	1.864873
37.300000	1391.290000	1.905833
37.400000	1398.760000	1.947649
37.500000	1406.250000	1.990090
37.600000	1413.760000	2.032923
37.700000	1421.290000	2.075916
37.800000	1428.840000	2.118834
37.900000	1436.410000	2.161445
38.000000	1444.000000	2.203517
38.100000	1451.610000	2.244824
38.200000	1459.240000	2.285140
38.300000	1466.890000	2.324248
38.400000	1474.560000	2.361936
38.500000	1482.250000	2.397998
38.600000	1489.960000	2.432237
38.700000	1497.690000	2.464465
38.800000	1505.440000	2.494504
38.900000	1513.210000	2.522187
39.000000	1521.000000	2.547357
39.100000	1528.810000	2.569872
39.200000	1536.640000	2.589599
39.300000	1544.490000	2.606422
39.400000	1552.360000	2.620237
39.500000	1560.250000	2.630955
39.600000	1568.160000	2.638502
39.700000	1576.090000	2.642818
39.800000	1584.040000	2.643859
39.900000	1592.010000	2.641597
40.000000	1600.000000	2.636020
40.100000	1608.010000	2.627131
40.200000	1616.040000	2.614947
40.300000	1624.090000	2.599504
40.400000	1632.160000	2.580851
40.500000	1640.250000	2.559052
40.600000	1648.360000	2.534187
40.700000	1656.490000	2.506349
40.800000	1664.640000	2.475646
40.900000	1672.810000	2.442199
41.000000	1681.000000	2.406142
41.100000	1689.210000	2.367620
41.200000	1697.440000	2.326789
41.300000	1705.690000	2.283819
41.400000	1713.960000	2.238887
41.500000	1722.250000	2.192179
41.600000	1730.560000	2.143890
41.700000	1738.890000	2.094221
41.800000	1747.240000	2.043382
41.900000	1755.610000	1.991584
42.000000	1764.000000	1.939046
42.100000	1772.410000	1.885989
42.200000	1780.840000	1.832634
42.300000	1789.290000	1.779207
42.400000	1797.760000	1.725930
42.500000	1806.250000	1.673027
42.600000	1814.760000	1.620719
42.700000	1823.290000	1.569224
42.800000	1831.840000	1.518754
42.900000	1840.410000	1.469520
43.000000	1849.000000	1.421722
43.100000	1857.610000	1.375557
43.200000	1866.240000	1.331213
43.300000	1874.890000	1.288868
43.400000	1883.560000	1.248691
43.500000	1892.250000	1.210841
43.600000	1900.960000	1.175466
43.700000	1909.690000	1.142701
43.800000	1918.440000	1.112671
43.900000	1927.210000	1.085485
44.000000	1936.000000	1.061241
44.100000	1944.810000	1.040022
44.200000	1953.640000	1.021897
44.300000	1962.490000	1.006919
44.400000	1971.360000	0.995130
44.500000	1980.250000	0.986552
44.600000	1989.160000	0.981196
44.700000	1998.090000	0.979056
44.800000	2007.040000	0.980111
44.900000	2016.010000	0.984327
45.000000	2025.000000	0.991652
45.100000	2034.010000	1.002022
45.200000	2043.040000	1.015358
45.300000	2052.090000	1.031567
45.400000	2061.160000	1.050545
45.500000	2070.250000	1.072171
45.600000	2079.360000	1.096316
45.700000	2088.490000	1.122837
45.800000	2097.640000	1.151580
45.900000	2106.810000	1.182382
46.000000	2116.000000	1.215070
46.100000	2125.210000	1.249464
46.200000	2134.440000	1.285373
46.300000	2143.690000	1.322602
46.400000	2152.960000	1.360950
46.500000	2162.250000	1.400210
46.600000	2171.560000	1.440171
46.700000	2180.890000	1.480620
46.800000	2190.240000	1.521341
46.900000	2199.610000	1.562119
47.000000	2209.000000	1.602737
47.100000	2218.410000	1.642981
47.200000	2227.840000	1.682636
47.300000	2237.290000	1.721493
47.400000	2246.760000	1.759347
47.500000	2256.250000	1.795997
47.600000	2265.760000	1.831249
47.700000	2275.290000	1.864913
47.800000	2284.840000	1.896811
47.900000	2294.410000	1.926770
48.000000	2304.000000	1.954629
48.100000	2313.610000	1.980236
48.200000	2323.240000	2.003450
48.300000	2332.890000	2.024140
48.400000	2342.560000	2.042190
48.500000	2352.250000	2.057494
48.600000	2361.960000	2.069961
48.700000	2371.690000	2.079512
48.800000	2381.440000	2.086083
48.900000	2391.210000	2.089623
49.000000	2401.000000	2.090096
49.100000	2410.810000	2.087480
49.200000	2420.640000	2.081769
49.300000	2430.490000	2.072970
49.400000	2440.360000	2.061106
49.500000	2450.250000	2.046212
49.600000	2460.160000	2.028339
49.700000	2470.090000	2.007554
49.800000	2480.040000	1.983933
49.900000	2490.010000	1.957568
50.000000	2500.000000	1.928564
50.100000	2510.010000	1.897039
50.200000	2520.040000	1.863119
50.300000	2530.090000	1.826946
50.400000	2540.160000	1.788670
50.500000	2550.250000	1.748449
50.600000	2560.360000	1.706455
50.700000	2570.490000	1.662862
50.800000	2580.640000	1.617857
50.900000	2590.810000	1.571630
51.000000	2601.000000	1.524378
51.100000	2611.210000	1.476302
51.200000	2621.440000	1.427607
51.300000	2631.690000	1.378501
51.400000	2641.960000	1.329194
51.500000	2652.250000	1.279895
51.600000	2662.560000	1.230815
51.700000	2672.890000	1.182164
51.800000	2683.240000	1.134147
51.900000	2693.610000	1.086969
52.000000	2704.000000	1.040829
52.100000	2714.410000	0.995922
52.200000	2724.840000	0.952438
52.300000	2735.290000	0.910557
52.400000	2745.760000	0.870455
52.500000	2756.250000	0.832297
52.600000	2766.760000	0.796241
52.700000	2777.290000	0.762434
52.800000	2787.840000	0.731011
52.900000	2798.410000	0.702099
53.000000	2809.000000	0.675811
53.100000	2819.610000	0.652247
53.200000	2830.240000	0.631497
53.300000	2840.890000	0.613636
53.400000	2851.560000	0.598726
53.500000	2862.250000	0.586814
53.600000	2872.960000	0.577935
53.700000	2883.690000	0.572110
53.800000	2894.440000	0.569343
53.900000	2905.210000	0.569628
54.000000	2916.000000	0.572940
54.100000	2926.810000	0.579245
54.200000	2937.640000	0.588492
54.300000	2948.490000	0.600616
54.400000	2959.360000	0.615542
54.500000	2970.250000	0.633179
54.600000	2981.160000	0.653424
54.700000	2992.090000	0.676165
54.800000	3003.040000	0.701274
54.900000	3014.010000	0.728616
55.000000	3025.000000	0.758043
55.100000	3036.010000	0.789400
55.200000	3047.040000	0.822523
55.300000	3058.090000	0.857237
55.400000	3069.160000	0.893364
55.500000	3080.250000	0.930718
55.600000	3091.360000	0.969106
55.700000	3102.490000	1.008333
55.800000	3113.640000	1.048200
55.900000	3124.810000	1.088503
56.000000	3136.000000	1.129040
56.100000	3147.210000	1.169606
56.200000	3158.440000	1.209996
56.300000	3169.690000	1.250007
56.400000	3180.960000	1.289438
56.500000	3192.250000	1.328090
56.600000	3203.560000	1.365771
56.700000	3214.890000	1.402289
56.800000	3226.240000	1.437463
56.900000	3237.610000	1.471115
57.000000	3249.000000	1.503076
57.100000	3260.410000	1.533184
57.200000	3271.840000	1.561287
57.300000	3283.290000	1.587242
57.400000	3294.760000	1.610917
57.500000	3306.250000	1.632191
57.600000	3317.760000	1.650952
57.700000	3329.290000	1.667104
57.800000	3340.840000	1.680560
57.900000	3352.410000	1.691247
58.000000	3364.000000	1.699106
58.100000	3375.610000	1.704089
58.200000	3387.240000	1.706164
58.300000	3398.890000	1.705311
58.400000	3410.560000	1.701525
58.500000	3422.250000	1.694814
58.600000	3433.960000	1.685200
58.700000	3445.690000	1.672718
58.800000	3457.440000	1.657417
58.900000	3469.210000	1.639360
59.000000	3481.000000	1.618620
59.100000	3492.810000	1.595286
59.200000	3504.640000	1.569456
59.300000	3516.490000	1.541242
59.400000	3528.360000	1.510765
59.500000	3540.250000	1.478159
59.600000	3552.160000	1.443565
59.700000	3564.090000	1.407135
59.800000	3576.040000	1.369028
59.900000	3588.010000	1.329412
60.000000	3600.000000	1.288462
60.100000	3612.010000	1.246358
60.200000	3624.040000	1.203284
60.300000	3636.090000	1.159432
60.400000	3648.160000	1.114995
60.500000	3660.250000	1.070168
60.600000	3672.360000	1.025148
60.700000	3684.490000	0.980135
60.800000	3696.640000	0.935325
60.900000	3708.810000	0.890915
61.000000	3721.000000	0.847100
61.100000	3733.210000	0.804071
61.200000	3745.440000	0.762016
61.300000	3757.690000	0.721117
61.400000	3769.960000	0.681553
61.500000	3782.250000	0.643493
61.600000	3794.560000	0.607101
61.700000	3806.890000	0.572532
61.800000	3819.240000	0.539934
61.900000	3831.610000	0.509443
62.000000	3844.000000	0.481188
62.100000	3856.410000	0.455284
62.200000	3868.840000	0.431838
62.300000	3881.290000	0.410943
62.400000	3893.760000	0.392681
62.500000	3906.250000	0.377122
62.600000	3918.760000	0.364323
62.700000	3931.290000	0.354328
62.800000	3943.840000	0.347166
62.900000	3956.410000	0.342856
63.000000	3969.000000	0.341402
63.100000	3981.610000	0.342794
63.200000	3994.240000	0.347010
63.300000	4006.890000	0.354014
63.400000	4019.560000	0.363757
63.500000	4032.250000	0.376178
63.600000	4044.960000	0.391202
63.700000	4057.690000	0.408744
63.800000	4070.440000	0.428706
63.900000	4083.210000	0.450978
64.000000	4096.000000	0.475443
64.100000	4108.810000	0.501969
64.200000	4121.640000	0.530417
64.300000	4134.490000	0.560641
64.400000	4147.360000	0.592484
64.500000	4160.250000	0.625781
64.600000	4173.160000	0.660365
64.700000	4186.090000	0.696058
64.800000	4199.040000	0.732680
64.900000	4212.010000	0.770046
65.000000	4225.000000	0.807968
65.100000	4238.010000	0.846256
65.200000	4251.040000	0.884718
65.300000	4264.090000	0.923162
65.400000	4277.160000	0.961396
65.500000	4290.250000	0.999228
65.600000	4303.360000	1.036471
65.700000	4316.490000	1.072939
65.800000	4329.640000	1.108450
65.900000	4342.810000	1.142827
66.000000	4356.000000	1.175899
66.100000	4369.210000	1.207501
66.200000	4382.440000	1.237475
66.300000	4395.690000	1.265671
66.400000	4408.960000	1.291949
66.500000	4422.250000	1.316175
66.600000	4435.560000	1.338227
66.700000	4448.890000	1.357994
66.800000	4462.240000	1.375375
66.900000	4475.610000	1.390279
67.000000	4489.000000	1.402629
67.100000	4502.410000	1.412359
67.200000	4515.840000	1.419416
67.300000	4529.290000	1.423759
67.400000	4542.760000	1.425361
67.500000	4556.250000	1.424205
67.600000	4569.760000	1.420292
67.700000	4583.290000	1.413631
67.800000	4596.840000	1.404247
67.900000	4610.410000	1.392176
68.000000	4624.000000	1.377469
68.100000	4637.610000	1.360187
68.200000	4651.240000	1.340404
68.300000	4664.890000	1.318206
68.400000	4678.560000	1.293690
68.500000	4692.250000	1.266964
68.600000	4705.960000	1.238146
68.700000	4719.690000	1.207364
68.800000	4733.440000	1.174755
68.900000	4747.210000	1.140464
69.000000	4761.000000	1.104646
69.100000	4774.810000	1.067459
69.200000	4788.640000	1.029073
69.300000	4802.490000	0.989658
69.400000	4816.360000	0.949391
69.500000	4830.250000	0.908454
69.600000	4844.160000	0.867031
69.700000	4858.090000	0.825307
69.800000	4872.040000	0.783471
69.900000	4886.010000	0.741709
70.000000	4900.000000	0.700209
70.100000	4914.010000	0.659157
70.200000	4928.040000	0.618737
70.300000	4942.090000	0.579129
70.400000	4956.160000	0.540510
70.500000	4970.250000	0.503052
70.600000	4984.360000	0.466922
70.700000	4998.490000	0.432278
70.800000	5012.640000	0.399275
70.900000	5026.810000	0.368058
71.000000	5041.000000	0.338762
71.100000	5055.210000	0.311516
71.200000	5069.440000	0.286438
71.300000	5083.690000	0.263634
71.400000	5097.960000	0.243203
71.500000	5112.250000	0.225229
71.600000	5126.560000	0.209787
71.700000	5140.890000	0.196940
71.800000	5155.240000	0.186736
71.900000	5169.610000	0.179214
72.000000	5184.000000	0.174398
72.100000	5198.410000	0.172301
72.200000	5212.840000	0.172923
72.300000	5227.290000	0.176250
72.400000	5241.760000	0.182257
72.500000	5256.250000	0.190904
72.600000	5270.760000	0.202142
72.700000	5285.290000	0.215908
72.800000	5299.840000	0.232127
72.900000	5314.410000	0.250712
73.000000	5329.000000	0.271568
73.100000	5343.610000	0.294587
73.200000	5358.240000	0.319650
73.300000	5372.890000	0.346631
73.400000	5387.560000	0.375393
73.500000	5402.250000	0.405794
73.600000	5416.960000	0.437680
73.700000	5431.690000	0.470893
73.800000	5446.440000	0.505269
73.900000	5461.210000	0.540637
74.000000	5476.000000	0.576824
74.100000	5490.810000	0.613651
74.200000	5505.640000	0.650936
74.300000	5520.490000	0.688498
74.400000	5535.360000	0.726151
74.500000	5550.250000	0.763711
74.600000	5565.160000	0.800995
74.700000	5580.090000	0.837820
74.800000	5595.040000	0.874006
74.900000	5610.010000	0.909376
75.000000	5625.000000	0.943757
75.100000	5640.010000	0.976981
75.200000	5655.040000	1.008885
75.300000	5670.090000	1.039313
75.400000	5685.160000	1.068115
75.500000	5700.250000	1.095151
75.600000	5715.360000	1.120287
75.700000	5730.490000	1.143399
75.800000	5745.640000	1.164373
75.900000	5760.810000	1.183103
76.000000	5776.000000	1.199497
76.100000	5791.210000	1.213472
76.200000	5806.440000	1.224956
76.300000	5821.690000	1.233890
76.400000	5836.960000	1.240226
76.500000	5852.250000	1.243929
76.600000	5867.560000	1.244975
76.700000	5882.890000	1.243356
76.800000	5898.240000	1.239072
76.900000	5913.610000	1.232138
77.000000	5929.000000	1.222581
77.100000	5944.410000	1.210441
77.200000	5959.840000	1.195768
77.300000	5975.290000	1.178626
77.400000	5990.760000	1.159090
77.500000	6006.250000	1.137245
77.600000	6021.760000	1.113189
77.700000	6037.290000	1.087028
77.800000	6052.840000	1.058880
77.900000	6068.410000	1.028869
78.000000	6084.000000	0.997131
78.100000	6099.610000	0.963809
78.200000	6115.240000	0.929053
78.300000	6130.890000	0.893019
78.400000	6146.560000	0.855870
78.500000	6162.250000	0.817774
78.600000	6177.960000	0.778902
78.700000	6193.690000	0.739431
78.800000	6209.440000	0.699538
78.900000	6225.210000	0.659404
79.000000	6241.000000	0.619209
79.100000	6256.810000	0.579136
79.200000	6272.640000	0.539364
79.300000	6288.490000	0.500073
79.400000	6304.360000	0.461440
79.500000	6320.250000	0.423637
79.600000	6336.160000	0.386835
79.700000	6352.090000	0.351199
79.800000	6368.040000	0.316886
79.900000	6384.010000	0.284051
80.000000	6400.000000	0.252839
80.100000	6416.010000	0.223389
80.200000	6432.040000	0.195829
80.300000	6448.090000	0.170281
80.400000	6464.160000	0.146856
80.500000	6480.250000	0.125656
80.600000	6496.360000	0.106771
80.700000	6512.490000	0.090281
80.800000	6528.640000	0.076256
80.900000	6544.810000	0.064751
81.000000	6561.000000	0.055812
81.100000	6577.210000	0.049473
81.200000	6593.440000	0.045754
81.300000	6609.690000	0.044664
81.400000	6625.960000	0.046199
81.500000	6642.250000	0.050343
81.600000	6658.560000	0.057069
81.700000	6674.890000	0.066336
81.800000	6691.240000	0.078091
81.900000	6707.610000	0.092271
82.000000	6724.000000	0.108801
82.100000	6740.410000	0.127595
82.200000	6756.840000	0.148557
82.300000	6773.290000	0.171579
82.400000	6789.760000	0.196545
82.500000	6806.250000	0.223331
82.600000	6822.760000	0.251801
82.700000	6839.290000	0.281816
82.800000	6855.840000	0.313225
82.900000	6872.410000	0.345874
83.000000	6889.000000	0.379602
83.100000	6905.610000	0.414244
83.200000	6922.240000	0.449629
83.300000	6938.890000	0.485583
83.400000	6955.560000	0.521931
83.500000	6972.250000	0.558496
83.600000	6988.960000	0.595099
83.700000	7005.690000	0.631561
83.800000	7022.440000	0.667704
83.900000	7039.210000	0.703352
84.000000	7056.000000	0.738332
84.100000	7072.810000	0.772472
84.200000	7089.640000	0.805607
84.300000	7106.490000	0.837574
84.400000	7123.360000	0.868219
84.500000	7140.250000	0.897390
84.600000	7157.160000	0.924945
84.700000	7174.090000	0.950750
84.800000	7191.040000	0.974676
84.900000	7208.010000	0.996608
85.000000	7225.000000	1.016435
85.100000	7242.010000	1.034059
85.200000	7259.040000	1.049393
85.300000	7276.090000	1.062359
85.400000	7293.160000	1.072891
85.500000	7310.250000	1.080935
85.600000	7327.360000	1.086447
85.700000	7344.490000	1.089396
85.800000	7361.640000	1.089764
85.900000	7378.810000	1.087544
86.000000	7396.000000	1.082740
86.100000	7413.210000	1.075371
86.200000	7430.440000	1.065466
86.300000	7447.690000	1.053067
86.400000	7464.960000	1.038226
86.500000	7482.250000	1.021009
86.600000	7499.560000	1.001490
86.700000	7516.890000	0.979758
86.800000	7534.240000	0.955907
86.900000	7551.610000	0.930046
87.000000	7569.000000	0.902291
87.100000	7586.410000	0.872765
87.200000	7603.840000	0.841604
87.300000	7621.290000	0.808948
87.400000	7638.760000	0.774945
87.500000	7656.250000	0.739749
87.600000	7673.760000	0.703520
87.700000	7691.290000	0.666422
87.800000	7708.840000	0.628625
87.900000	7726.410000	0.590300
88.000000	7744.000000	0.551622
88.100000	7761.610000	0.512766
88.200000	7779.240000	0.473910
88.300000	7796.890000	0.435229
88.400000	7814.560000	0.396901
88.500000	7832.250000	0.359099
88.600000	7849.960000	0.321994
88.700000	7867.690000	0.285756
88.800000	7885.440000	0.250548
88.900000	7903.210000	0.216531
89.000000	7921.000000	0.183857
89.100000	7938.810000	0.152675
89.200000	7956.640000	0.123125
89.300000	7974.490000	0.095340
89.400000	7992.360000	0.069444
89.500000	8010.250000	0.045553
89.600000	8028.160000	0.023774
89.700000	8046.090000	0.004204
89.800000	8064.040000	-0.013073
89.900000	8082.010000	-0.027980
90.000000	8100.000000	-0.040453
90.100000	8118.010000	-0.050439
90.200000	8136.040000	-0.057897
90.300000	8154.090000	-0.062797
90.400000	8172.160000	-0.065122
90.500000	8190.250000	-0.064866
90.600000	8208.360000	-0.062035
90.700000	8226.490000	-0.056649
90.800000	8244.640000	-0.048738
90.900000	8262.810000	-0.038343
91.000000	8281.000000	-0.025520
91.100000	8299.210000	-0.010332
91.200000	8317.440000	0.007145
91.300000	8335.690000	0.026822
91.400000	8353.960000	0.048604
91.500000	8372.250000	0.072384
91.600000	8390.560000	0.098045
91.700000	8408.890000	0.125463
91.800000	8427.240000	0.154505
91.900000	8445.610000	0.185031
92.000000	8464.000000	0.216892
92.100000	8482.410000	0.249937
92.200000	8500.840000	0.284005
92.300000	8519.290000	0.318933
92.400000	8537.760000	0.354554
92.500000	8556.250000	0.390697
92.600000	8574.760000	0.427189
92.700000	8593.290000	0.463855
92.800000	8611.840000	0.500520
92.900000	8630.410000	0.537008
93.000000	8649.000000	0.573146
93.100000	8667.610000	0.608760
93.200000	8686.240000	0.643681
93.300000	8704.890000	0.677742
93.400000	8723.560000	0.710780
93.500000	8742.250000	0.742637
93.600000	8760.960000	0.773161
93.700000	8779.690000	0.802205
93.800000	8798.440000	0.829633
93.900000	8817.210000	0.855310
94.000000	8836.000000	0.879116
94.100000	8854.810000	0.900935
94.200000	8873.640000	0.920662
94.300000	8892.490000	0.938202
94.400000	8911.360000	0.953471
94.500000	8930.250000	0.966395
94.600000	8949.160000	0.976909
94.700000	8968.090000	0.984962
94.800000	8987.040000	0.990514
94.900000	9006.010000	0.993536
95.000000	9025.000000	0.994011
95.100000	9044.010000	0.991934
95.200000	9063.040000	0.987312
95.300000	9082.090000	0.980165
95.400000	9101.160000	0.970522
95.500000	9120.250000	0.958426
95.600000	9139.360000	0.943931
95.700000	9158.490000	0.927102
95.800000	9177.640000	0.908015
95.900000	9196.810000	0.886756
96.000000	9216.000000	0.863421
96.100000	9235.210000	0.838117
96.200000	9254.440000	0.810959
96.300000	9273.690000	0.782071
96.400000	9292.960000	0.751585
96.500000	9312.250000	0.719640
96.600000	9331.560000	0.686383
96.700000	9350.890000	0.651965
96.800000	9370.240000	0.616545
96.900000	9389.610000	0.580284
97.000000	9409.000000	0.543349
97.100000	9428.410000	0.505909
97.200000	9447.840000	0.468135
97.300000	9467.290000	0.430200
97.400000	9486.760000	0.392278
97.500000	9506.250000	0.354542
97.600000	9525.760000	0.317166
97.700000	9545.290000	0.280319
97.800000	9564.840000	0.244170
97.900000	9584.410000	0.208885
98.000000	9604.000000	0.174623
98.100000	9623.610000	0.141542
98.200000	9643.240000	0.109791
98.300000	9662.890000	0.079514
98.400000	9682.560000	0.050850
98.500000	9702.250000	0.023928
98.600000	9721.960000	-0.001131
98.700000	9741.690000	-0.024214
98.800000	9761.440000	-0.045218
98.900000	9781.210000	-0.064048
99.000000	9801.000000	-0.080621
99.100000	9820.810000	-0.094864
99.200000	9840.640000	-0.106715
99.300000	9860.490000	-0.116124
99.400000	9880.360000	-0.123049
99.500000	9900.250000	-0.127465
99.600000	9920.160000	-0.129353
99.700000	9940.090000	-0.128711
99.800000	9960.040000	-0.125545
99.900000	9980.010000	-0.119875
100.000000	10000.000000	-0.111731
100.100000	10020.010000	-0.101156
100.200000	10040.040000	-0.088204
100.300000	10060.090000	-0.072939
100.400000	10080.160000	-0.055436
100.500000	10100.250000	-0.035783
100.600000	10120.360000	-0.014075
100.700000	10140.490000	0.009583
100.800000	10160.640000	0.035077
100.900000	10180.810000	0.062282
101.000000	10201.000000	0.091069
101.100000	10221.210000	0.121298
101.200000	10241.440000	0.152825
101.300000	10261.690000	0.185499
101.400000	10281.960000	0.219164
101.500000	10302.250000	0.253659
101.600000	10322.560000	0.288819
101.700000	10342.890000	0.324477
101.800000	10363.240000	0.360462
101.900000	10383.610000	0.396604
102.000000	10404.000000	0.432731
102.100000	10424.410000	0.468671
102.200000	10444.840000	0.504252
102.300000	10465.290000	0.539307
102.400000	10485.760000	0.573668
102.500000	10506.250000	0.607172
102.600000	10526.760000	0.639660
102.700000	10547.290000	0.670978
102.800000	10567.840000	0.700977
102.900000	10588.410000	0.729515
103.000000	10609.000000	0.756455
103.100000	10629.610000	0.781670
103.200000	10650.240000	0.805040
103.300000	10670.890000	0.826453
103.400000	10691.560000	0.845807
103.500000	10712.250000	0.863010
103.600000	10732.960000	0.877979
103.700000	10753.690000	0.890643
103.800000	10774.440000	0.900941
103.900000	10795.210000	0.908822
104.000000	10816.000000	0.914247
104.100000	10836.810000	0.917190
104.200000	10857.640000	0.917635
104.300000	10878.490000	0.915578
104.400000	10899.360000	0.911026
104.500000	10920.250000	0.904000
104.600000	10941.160000	0.894529
104.700000	10962.090000	0.882658
104.800000	10983.040000	0.868438
104.900000	11004.010000	0.851934
105.000000	11025.000000	0.833223
105.100000	11046.010000	0.812388
105.200000	11067.040000	0.789526
105.300000	11088.090000	0.764740
105.400000	11109.160000	0.738146
105.500000	11130.250000	0.709864
105.600000	11151.360000	0.680025
105.700000	11172.490000	0.648766
105.800000	11193.640000	0.616231
105.900000	11214.810000	0.582568
106.000000	11236.000000	0.547933
106.100000	11257.210000	0.512485
106.200000	11278.440000	0.476388
106.300000	11299.690000	0.439806
106.400000	11320.960000	0.402908
106.500000	11342.250000	0.365864
106.600000	11363.560000	0.328843
106.700000	11384.890000	0.292016
106.800000	11406.240000	0.255551
106.900000	11427.610000	0.219616
107.000000	11449.000000	0.184375
107.100000	11470.410000	0.149990
107.200000	11491.840000	0.116617
107.300000	11513.290000	0.084410
107.400000	11534.760000	0.053515
107.500000	11556.250000	0.024072
107.600000	11577.760000	-0.003784
107.700000	11599.290000	-0.029927
107.800000	11620.840000	-0.054239
107.900000	11642.410000	-0.076610
108.000000	11664.000000	-0.096939
108.100000	11685.610000	-0.115136
108.200000	11707.240000	-0.131119
108.300000	11728.890000	-0.144819
108.400000	11750.560000	-0.156174
108.500000	11772.250000	-0.165137
108.600000	11793.960000	-0.171669
108.700000	11815.690000	-0.175744
108.800000	11837.440000	-0.177348
108.900000	11859.210000	-0.176476
109.000000	11881.000000	-0.173138
109.100000	11902.810000	-0.167354
109.200000	11924.640000	-0.159153
109.300000	11946.490000	-0.148580
109.400000	11968.360000	-0.135688
109.500000	11990.250000	-0.120540
109.600000	12012.160000	-0.103213
109.700000	12034.090000	-0.083791
109.800000	12056.040000	-0.062368
109.900000	12078.010000	-0.039050
110.000000	12100.000000	-0.013949
110.100000	12122.010000	0.012813
110.200000	12144.040000	0.041108
110.300000	12166.090000	0.070800
110.400000	12188.160000	0.101745
110.500000	12210.250000	0.133796
110.600000	12232.360000	0.166799
110.700000	12254.490000	0.200596
110.800000	12276.640000	0.235026
110.900000	12298.810000	0.269925
111.000000	12321.000000	0.305125
111.100000	12343.210000	0.340459
111.200000	12365.440000	0.375758
111.300000	12387.690000	0.410855
111.400000	12409.960000	0.445582
111.500000	12432.250000	0.479774
111.600000	12454.560000	0.513269
111.700000	12476.890000	0.545905
111.800000	12499.240000	0.577529
111.900000	12521.610000	0.607990
112.000000	12544.000000	0.637142
112.100000	12566.410000	0.664847
112.200000	12588.840000	0.690972
112.300000	12611.290000	0.715393
112.400000	12633.760000	0.737994
112.500000	12656.250000	0.758666
112.600000	12678.760000	0.777310
112.700000	12701.290000	0.793837
112.800000	12723.840000	0.808167
112.900000	12746.410000	0.820232
113.000000	12769.000000	0.829971
113.100000	12791.610000	0.837339
113.200000	12814.240000	0.842297
113.300000	12836.890000	0.844821
113.400000	12859.560000	0.844897
113.500000	12882.250000	0.842522
113.600000	12904.960000	0.837706
113.700000	12927.690000	0.830468
113.800000	12950.440000	0.820841
113.900000	12973.210000	0.808866
114.000000	12996.000000	0.794599
114.100000	13018.810000	0.778104
114.200000	13041.640000	0.759454
114.300000	13064.490000	0.738737
114.400000	13087.360000	0.716045
114.500000	13110.250000	0.691483
114.600000	13133.160000	0.665163
114.700000	13156.090000	0.637206
114.800000	13179.040000	0.607740
114.900000	13202.010000	0.576900
115.000000	13225.000000	0.544829
115.100000	13248.010000	0.511672
115.200000	13271.040000	0.477584
115.300000	13294.090000	0.442719
115.400000	13317.160000	0.407239
115.500000	13340.250000	0.371307
115.600000	13363.360000	0.335087
115.700000	13386.490000	0.298745
115.800000	13409.640000	0.262450
115.900000	13432.810000	0.226366
116.000000	13456.000000	0.190660
116.100000	13479.210000	0.155496
116.200000	13502.440000	0.121034
116.300000	13525.690000	0.087431
116.400000	13548.960000	0.054843
116.500000	13572.250000	0.023416
116.600000	13595.560000	-0.006704
116.700000	13618.890000	-0.035383
116.800000	13642.240000	-0.062488
116.900000	13665.610000	-0.087897
117.000000	13689.000000	-0.111495
117.100000	13712.410000	-0.133176
117.200000	13735.840000	-0.152843
117.300000	13759.290000	-0.170407
117.400000	13782.760000	-0.185792
117.500000	13806.250000	-0.198928
117.600000	13829.760000	-0.209758
117.700000	13853.290000	-0.218237
117.800000	13876.840000	-0.224330
117.900000	13900.410000	-0.228011
118.000000	13924.000000	-0.229268
118.100000	13947.610000	-0.228099
118.200000	13971.240000	-0.224515
118.300000	13994.890000	-0.218537
118.400000	14018.560000	-0.210197
118.500000	14042.250000	-0.199538
118.600000	14065.960000	-0.186615
118.700000	14089.690000	-0.171493
118.800000	14113.440000	-0.154247
118.900000	14137.210000	-0.134961
119.000000	14161.000000	-0.113732
119.100000	14184.810000	-0.090661
119.200000	14208.640000	-0.065863
119.300000	14232.490000	-0.039456
119.400000	14256.360000	-0.011569
119.500000	14280.250000	0.017662
119.600000	14304.160000	0.048099
119.700000	14328.090000	0.079592
119.800000	14352.040000	0.111992
119.900000	14376.010000	0.145142
120.000000	14400.000000	0.178883
120.100000	14424.010000	0.213053
120.200000	14448.040000	0.247488
120.300000	14472.090000	0.282023
120.400000	14496.160000	0.316492
120.500000	14520.250000	0.350730
120.600000	14544.360000	0.384574
120.700000	14568.490000	0.417860
120.800000	14592.640000	0.450429
120.900000	14616.810000	0.482125
121.000000	14641.000000	0.512796
121.100000	14665.210000	0.542295
121.200000	14689.440000	0.570480
121.300000	14713.690000	0.597216
121.400000	14737.960000	0.622373
121.500000	14762.250000	0.645830
121.600000	14786.560000	0.667475
121.700000	14810.890000	0.687202
121.800000	14835.240000	0.704916
121.900000	14859.610000	0.720530
122.000000	14884.000000	0.733967
122.100000	14908.410000	0.745162
122.200000	14932.840000	0.754058
122.300000	14957.290000	0.760611
122.400000	14981.760000	0.764786
122.500000	15006.250000	0.766561
122.600000	15030.760000	0.765924
122.700000	15055.290000	0.762874
122.800000	15079.840000	0.757423
122.900000	15104.410000	0.749592
123.000000	15129.000000	0.739415
123.100000	15153.610000	0.726936
123.200000	15178.240000	0.712210
123.300000	15202.890000	0.695303
123.400000	15227.560000	0.676291
123.500000	15252.250000	0.655258
123.600000	15276.960000	0.632300
123.700000	15301.690000	0.607522
123.800000	15326.440000	0.581034
123.900000	15351.210000	0.552959
124.000000	15376.000000	0.523423
124.100000	15400.810000	0.492563
124.200000	15425.640000	0.460517
124.300000	15450.490000	0.427434
124.400000	15475.360000	0.393463
124.500000	15500.250000	0.358761
124.600000	15525.160000	0.323486
124.700000	15550.090000	0.287800
124.800000	15575.040000	0.251866
124.900000	15600.010000	0.215848
125.000000	15625.000000	0.179911
125.100000	15650.010000	0.144220
125.200000	15675.040000	0.108938
125.300000	15700.090000	0.074227
125.400000	15725.160000	0.040244
125.500000	15750.250000	0.007145
125.600000	15775.360000	-0.024918
125.700000	15800.490000	-0.055801
125.800000	15825.640000	-0.085361
125.900000	15850.810000	-0.113465
126.000000	15876.000000	-0.139986
126.100000	15901.210000	-0.164802
126.200000	15926.440000	-0.187802
126.300000	15951.690000	-0.208881
126.400000	15976.960000	-0.227947
126.500000	16002.250000	-0.244912
126.600000	16027.560000	-0.259702
126.700000	16052.890000	-0.272252
126.800000	16078.240000	-0.282506
126.900000	16103.610000	-0.290421
127.000000	16129.000000	-0.295964
127.100000	16154.410000	-0.299112
127.200000	16179.840000	-0.299856
127.300000	16205.290000	-0.298194
127.400000	16230.760000	-0.294140
127.500000	16256.250000	-0.287716
127.600000	16281.760000	-0.278955
127.700000	16307.290000	-0.267904
127.800000	16332.840000	-0.254617
127.900000	16358.410000	-0.239160
128.000000	16384.000000	-0.221611
128.100000	16409.610000	-0.202054
128.200000	16435.240000	-0.180585
128.300000	16460.890000	-0.157308
128.400000	16486.560000	-0.132336
128.500000	16512.250000	-0.105790
128.600000	16537.960000	-0.077797
128.700000	16563.690000	-0.048493
128.800000	16589.440000	-0.018017
128.900000	16615.210000	0.013483
129.000000	16641.000000	0.045857
129.100000	16666.810000	0.078949
129.200000	16692.640000	0.112602
129.300000	16718.490000	0.146653
129.400000	16744.360000	0.180942
129.500000	16770.250000	0.215302
129.600000	16796.160000	0.249570
129.700000	16822.090000	0.283583
129.800000	16848.040000	0.317177
129.900000	16874.010000	0.350192
130.000000	16900.000000	0.382470
130.100000	16926.010000	0.413856
130.200000	16952.040000	0.444201
130.300000	16978.090000	0.473359
130.400000	17004.160000	0.501191
130.500000	17030.250000	0.527562
130.600000	17056.360000	0.552346
130.700000	17082.490000	0.575423
130.800000	17108.640000	0.596683
130.900000	17134.810000	0.616023
131.000000	17161.000000	0.633348
131.100000	17187.210000	0.648575
131.200000	17213.440000	0.661629
131.300000	17239.690000	0.672445
131.400000	17265.960000	0.680970
131.500000	17292.250000	0.687161
131.600000	17318.560000	0.690985
131.700000	17344.890000	0.692421
131.800000	17371.240000	0.691459
131.900000	17397.610000	0.688101
132.000000	17424.000000	0.682358
132.100000	17450.410000	0.674255
132.200000	17476.840000	0.663826
132.300000	17503.290000	0.651116
132.400000	17529.760000	0.636182
132.500000	17556.250000	0.619091
132.600000	17582.760000	0.599918
132.700000	17609.290000	0.578751
132.800000	17635.840000	0.555685
132.900000	17662.410000	0.530824
133.000000	17689.000000	0.504282
133.100000	17715.610000	0.476180
133.200000	17742.240000	0.446645
133.300000	17768.890000	0.415813
133.400000	17795.560000	0.383825
133.500000	17822.250000	0.350826
133.600000	17848.960000	0.316968
133.700000	17875.690000	0.282406
133.800000	17902.440000	0.247298
133.900000	17929.210000	0.211805
134.000000	17956.000000	0.176091
134.100000	17982.810000	0.140318
134.200000	18009.640000	0.104651
134.300000	18036.490000	0.069253
134.400000	18063.360000	0.034287
134.500000	18090.250000	-0.000087
134.600000	18117.160000	-0.033711
134.700000	18144.090000	-0.066432
134.800000	18171.040000	-0.098099
134.900000	18198.010000	-0.128568
135.000000	18225.000000	-0.157699
135.100000	18252.010000	-0.185359
135.200000	18279.040000	-0.211422
135.300000	18306.090000	-0.235768
135.400000	18333.160000	-0.258288
135.500000	18360.250000	-0.278879
135.600000	18387.360000	-0.297448
135.700000	18414.490000	-0.313910
135.800000	18441.640000	-0.328191
135.900000	18468.810000	-0.340228
136.000000	18496.000000	-0.349968
136.100000	18523.210000	-0.357367
136.200000	18550.440000	-0.362394
136.300000	18577.690000	-0.365029
136.400000	18604.960000	-0.365260
136.500000	18632.250000	-0.363091
136.600000	18659.560000	-0.358533
136.700000	18686.890000	-0.351612
136.800000	18714.240000	-0.342361
136.900000	18741.610000	-0.330827
137.000000	18769.000000	-0.317066
137.100000	18796.410000	-0.301144
137.200000	18823.840000	-0.283140
137.300000	18851.290000	-0.263139
137.400000	18878.760000	-0.241237
137.500000	18906.250000	-0.217539
137.600000	18933.760000	-0.192159
137.700000	18961.290000	-0.165216
137.800000	18988.840000	-0.136840
137.900000	19016.410000	-0.107166
138.000000	19044.000000	-0.076333
138.100000	19071.610000	-0.044489
138.200000	19099.240000	-0.011785
138.300000	19126.890000	0.021625
138.400000	19154.560000	0.055582
138.500000	19182.250000	0.089925
138.600000	19209.960000	0.124492
138.700000	19237.690000	0.159118
138.800000	19265.440000	0.193641
138.900000	19293.210000	0.227896
139.000000	19321.000000	0.261722
139.100000	19348.810000	0.294958
139.200000	19376.640000	0.327447
139.300000	19404.490000	0.359035
139.400000	19432.360000	0.389573
139.500000	19460.250000	0.418916
139.600000	19488.160000	0.446924
139.700000	19516.090000	0.473465
139.800000	19544.040000	0.498412
139.900000	19572.010000	0.521648
140.000000	19600.000000	0.543061
140.100000	19628.010000	0.562550
140.200000	19656.040000	0.580021
140.300000	19684.090000	0.595391
140.400000	19712.160000	0.608585
140.500000	19740.250000	0.619541
140.600000	19768.360000	0.628205
140.700000	19796.490000	0.634535
140.800000	19824.640000	0.638498
140.900000	19852.810000	0.640074
141.000000	19881.000000	0.639254
141.100000	19909.210000	0.636040
141.200000	19937.440000	0.630445
141.300000	19965.690000	0.622492
141.400000	19993.960000	0.612216
141.500000	20022.250000	0.599664
141.600000	20050.560000	0.584893
141.700000	20078.890000	0.567968
141.800000	20107.240000	0.548967
141.900000	20135.610000	0.527977
142.000000	20164.000000	0.505093
142.100000	20192.410000	0.480421
142.200000	20220.840000	0.454073
142.300000	20249.290000	0.426170
142.400000	20277.760000	0.396841
142.500000	20306.250000	0.366221
142.600000	20334.760000	0.334450
142.700000	20363.290000	0.301674
142.800000	20391.840000	0.268046
142.900000	20420.410000	0.233718
143.000000	20449.000000	0.198851
143.100000	20477.610000	0.163605
143.200000	20506.240000	0.128141
143.300000	20534.890000	0.092625
143.400000	20563.560000	0.057220
143.500000	20592.250000	0.022088
143.600000	20620.960000	-0.012607
143.700000	20649.690000	-0.046706
143.800000	20678.440000	-0.080052
143.900000	20707.210000	-0.112490
144.000000	20736.000000	-0.143870
144.100000	20764.810000	-0.174049
144.200000	20793.640000	-0.202888
144.300000	20822.490000	-0.230252
144.400000	20851.360000	-0.256016
144.500000	20880.250000	-0.280062
144.600000	20909.160000	-0.302279
144.700000	20938.090000	-0.322564
144.800000	20967.040000	-0.340825
144.900000	20996.010000	-0.356978
145.000000	21025.000000	-0.370948
145.100000	21054.010000	-0.382673
145.200000	21083.040000	-0.392099
145.300000	21112.090000	-0.399182
145.400000	21141.160000	-0.403892
145.500000	21170.250000	-0.406208
145.600000	21199.360000	-0.406119
145.700000	21228.490000	-0.403628
145.800000	21257.640000	-0.398747
145.900000	21286.810000	-0.391501
146.000000	21316.000000	-0.381923
146.100000	21345.210000	-0.370060
146.200000	21374.440000	-0.355969
146.300000	21403.690000	-0.339715
146.400000	21432.960000	-0.321375
146.500000	21462.250000	-0.301036
146.600000	21491.560000	-0.278794
146.700000	21520.890000	-0.254753
146.800000	21550.240000	-0.229026
146.900000	21579.610000	-0.201734
147.000000	21609.000000	-0.173005
147.100000	21638.410000	-0.142974
147.200000	21667.840000	-0.111781
147.300000	21697.290000	-0.079572
147.400000	21726.760000	-0.046499
147.500000	21756.250000	-0.012716
147.600000	21785.760000	0.021618
147.700000	21815.290000	0.056343
147.800000	21844.840000	0.091297
147.900000	21874.410000	0.126315
148.000000	21904.000000	0.161234
148.100000	21933.610000	0.195890
148.200000	21963.240000	0.230121
148.300000	21992.890000	0.263767
148.400000	22022.560000	0.296671
148.500000	22052.250000	0.328678
148.600000	22081.960000	0.359638
148.700000	22111.690000	0.389407
148.800000	22141.440000	0.417845
148.900000	22171.210000	0.444819
149.000000	22201.000000	0.470202
149.100000	22230.810000	0.493875
149.200000	22260.640000	0.515728
149.300000	22290.490000	0.535657
149.400000	22320.360000	0.553569
149.500000	22350.250000	0.569379
149.600000	22380.160000	0.583013
149.700000	22410.090000	0.594407
149.800000	22440.040000	0.603506
149.900000	22470.010000	0.610267
150.000000	22500.000000	0.614657
150.100000	22530.010000	0.616655
150.200000	22560.040000	0.616251
150.300000	22590.090000	0.613444
150.400000	22620.160000	0.608248
150.500000	22650.250000	0.600685
150.600000	22680.360000	0.590789
150.700000	22710.490000	0.578604
150.800000	22740.640000	0.564187
150.900000	22770.810000	0.547602
151.000000	22801.000000	0.528926
151.100000	22831.210000	0.508244
151.200000	22861.440000	0.485650
151.300000	22891.690000	0.461249
151.400000	22921.960000	0.435153
151.500000	22952.250000	0.407480
151.600000	22982.560000	0.378359
151.700000	23012.890000	0.347924
151.800000	23043.240000	0.316313
151.900000	23073.610000	0.283672
152.000000	23104.000000	0.250153
152.100000	23134.410000	0.215907
152.200000	23164.840000	0.181094
152.300000	23195.290000	0.145873
152.400000	23225.760000	0.110405
152.500000	23256.250000	0.074855
152.600000	23286.760000	0.039385
152.700000	23317.290000	0.004159
152.800000	23347.840000	-0.030663
152.900000	23378.410000	-0.064919
153.000000	23409.000000	-0.098453
153.100000	23439.610000	-0.131111
153.200000	23470.240000	-0.162743
153.300000	23500.890000	-0.193204
153.400000	23531.560000	-0.222355
153.500000	23562.250000	-0.250062
153.600000	23592.960000	-0.276199
153.700000	23623.690000	-0.300646
153.800000	23654.440000	-0.323293
153.900000	23685.210000	-0.344034
154.000000	23716.000000	-0.362778
154.100000	23746.810000	-0.379438
154.200000	23777.640000	-0.393939
154.300000	23808.490000	-0.406217
154.400000	23839.360000	-0.416215
154.500000	23870.250000	-0.423891
154.600000	23901.160000	-0.429210
154.700000	23932.090000	-0.432149
154.800000	23963.040000	-0.432698
154.900000	23994.010000	-0.430855
155.000000	24025.000000	-0.426631
155.100000	24056.010000	-0.420048
155.200000	24087.040000	-0.411138
155.300000	24118.090000	-0.399945
155.400000	24149.160000	-0.386521
155.500000	24180.250000	-0.370933
155.600000	24211.360000	-0.353252
155.700000	24242.490000	-0.333564
155.800000	24273.640000	-0.311962
155.900000	24304.810000	-0.288547
156.000000	24336.000000	-0.263429
156.100000	24367.210000	-0.236726
156.200000	24398.440000	-0.208565
156.300000	24429.690000	-0.179076
156.400000	24460.960000	-0.148398
156.500000	24492.250000	-0.116674
156.600000	24523.560000	-0.084053
156.700000	24554.890000	-0.050686
156.800000	24586.240000	-0.016730
156.900000	24617.610000	0.017656
157.000000	24649.000000	0.052314
157.100000	24680.410000	0.087082
157.200000	24711.840000	0.121797
157.300000	24743.290000	0.156299
157.400000	24774.760000	0.190427
157.500000	24806.250000	0.224022
157.600000	24837.760000	0.256930
157.700000	24869.290000	0.288997
157.800000	24900.840000	0.320075
157.900000	24932.410000	0.350021
158.000000	24964.000000	0.378695
158.100000	24995.610000	0.405965
158.200000	25027.240000	0.431706
158.300000	25058.890000	0.455800
158.400000	25090.560000	0.478134
158.500000	25122.250000	0.498608
158.600000	25153.960000	0.517126
158.700000	25185.690000	0.533605
158.800000	25217.440000	0.547970
158.900000	25249.210000	0.560155
159.000000	25281.000000	0.570105
159.100000	25312.810000	0.577777
159.200000	25344.640000	0.583136
159.300000	25376.490000	0.586159
159.400000	25408.360000	0.586835
159.500000	25440.250000	0.585162
159.600000	25472.160000	0.581150
159.700000	25504.090000	0.574821
159.800000	25536.040000	0.566205
159.900000	25568.010000	0.555345
160.000000	25600.000000	0.542294
160.100000	25632.010000	0.527114
160.200000	25664.040000	0.509879
160.300000	25696.090000	0.490671
160.400000	25728.160000	0.469581
160.500000	25760.250000	0.446710
160.600000	25792.360000	0.422166
160.700000	25824.490000	0.396065
160.800000	25856.640000	0.368532
160.900000	25888.810000	0.339696
161.000000	25921.000000	0.309693
161.100000	25953.210000	0.278665
161.200000	25985.440000	0.246758
161.300000	26017.690000	0.214123
161.400000	26049.960000	0.180912
161.500000	26082.250000	0.147283
161.600000	26114.560000	0.113392
161.700000	26146.890000	0.079400
161.800000	26179.240000	0.045466
161.900000	26211.610000	0.011748
162.000000	26244.000000	-0.021594
162.100000	26276.410000	-0.054405
162.200000	26308.840000	-0.086531
162.300000	26341.290000	-0.117821
162.400000	26373.760000	-0.148130
162.500000	26406.250000	-0.177315
162.600000	26438.760000	-0.205240
162.700000	26471.290000	-0.231775
162.800000	26503.840000	-0.256795
162.900000	26536.410000	-0.280185
163.000000	26569.000000	-0.301835
163.100000	26601.610000	-0.321644
163.200000	26634.240000	-0.339521
163.300000	26666.890000	-0.355382
163.400000	26699.560000	-0.369153
163.500000	26732.250000	-0.380772
163.600000	26764.960000	-0.390184
163.700000	26797.690000	-0.397346
163.800000	26830.440000	-0.402226
163.900000	26863.210000	-0.404802
164.000000	26896.000000	-0.405062
164.100000	26928.810000	-0.403007
164.200000	26961.640000	-0.398647
164.300000	26994.490000	-0.392003
164.400000	27027.360000	-0.383107
164.500000	27060.250000	-0.372003
164.600000	27093.160000	-0.358744
164.700000	27126.090000	-0.343391
164.800000	27159.040000	-0.326020
164.900000	27192.010000	-0.306711
165.000000	27225.000000	-0.285556
165.100000	27258.010000	-0.262656
165.200000	27291.040000	-0.238119
165.300000	27324.090000	-0.212060
165.400000	27357.160000	-0.184604
165.500000	27390.250000	-0.155879
165.600000	27423.360000	-0.126021
165.700000	27456.490000	-0.095171
165.800000	27489.640000	-0.063474
165.900000	27522.810000	-0.031081
166.000000	27556.000000	0.001856
166.100000	27589.210000	0.035182
166.200000	27622.440000	0.068740
166.300000	27655.690000	0.102371
166.400000	27688.960000	0.135916
166.500000	27722.250000	0.169218
166.600000	27755.560000	0.202119
166.700000	27788.890000	0.234464
166.800000	27822.240000	0.266101
166.900000	27855.610000	0.296879
167.000000	27889.000000	0.326653
167.100000	27922.410000	0.355283
167.200000	27955.840000	0.382633
167.300000	27989.290000	0.408573
167.400000	28022.760000	0.432980
167.500000	28056.250000	0.455740
167.600000	28089.760000	0.476742
167.700000	28123.290000	0.495888
167.800000	28156.840000	0.513085
167.900000	28190.410000	0.528251
168.000000	28224.000000	0.541314
168.100000	28257.610000	0.552210
168.200000	28291.240000	0.560885
168.300000	28324.890000	0.567297
168.400000	28358.560000	0.571413
168.500000	28392.250000	0.573211
168.600000	28425.960000	0.572681
168.700000	28459.690000	0.569822
168.800000	28493.440000	0.564645
168.900000	28527.210000	0.557170
169.000000	28561.000000	0.547429
169.100000	28594.810000	0.535465
169.200000	28628.640000	0.521331
169.300000	28662.490000	0.505088
169.400000	28696.360000	0.486809
169.500000	28730.250000	0.466576
169.600000	28764.160000	0.444479
169.700000	28798.090000	0.420618
169.800000	28832.040000	0.395099
169.900000	28866.010000	0.368038
170.000000	28900.000000	0.339557
170.100000	28934.010000	0.309784
170.200000	28968.040000	0.278853
170.300000	29002.090000	0.246904
170.400000	29036.160000	0.214081
170.500000	29070.250000	0.180532
170.600000	29104.360000	0.146409
170.700000	29138.490000	0.111866
170.800000	29172.640000	0.077057
170.900000	29206.810000	0.042141
171.000000	29241.000000	0.007274
171.100000	29275.210000	-0.027388
171.200000	29309.440000	-0.061688
171.300000	29343.690000	-0.095473
171.400000	29377.960000	-0.128591
171.500000	29412.250000	-0.160894
171.600000	29446.560000	-0.192239
171.700000	29480.890000	-0.222485
171.800000	29515.240000	-0.251499
171.900000	29549.610000	-0.279152
172.000000	29584.000000	-0.305322
172.100000	29618.410000	-0.329894
172.200000	29652.840000	-0.352761
172.300000	29687.290000	-0.373824
172.400000	29721.760000	-0.392991
172.500000	29756.250000	-0.410181
172.600000	29790.760000	-0.425322
172.700000	29825.290000	-0.438349
172.800000	29859.840000	-0.449211
172.900000	29894.410000	-0.457865
173.000000	29929.000000	-0.464277
173.100000	29963.610000	-0.468425
173.200000	29998.240000	-0.470299
173.300000	30032.890000	-0.469897
173.400000	30067.560000	-0.467228
173.500000	30102.250000	-0.462314
173.600000	30136.960000	-0.455185
173.700000	30171.690000	-0.445882
173.800000	30206.440000	-0.434455
173.900000	30241.210000	-0.420966
174.000000	30276.000000	-0.405486
174.100000	30310.810000	-0.388093
174.200000	30345.640000	-0.368877
174.300000	30380.490000	-0.347933
174.400000	30415.360000	-0.325368
174.500000	30450.250000	-0.301294
174.600000	30485.160000	-0.275828
174.700000	30520.090000	-0.249097
174.800000	30555.040000	-0.221233
174.900000	30590.010000	-0.192370
175.000000	30625.000000	-0.162650
175.100000	30660.010000	-0.132218
175.200000	30695.040000	-0.101222
175.300000	30730.090000	-0.069810
175.400000	30765.160000	-0.038135
175.500000	30800.250000	-0.006350
175.600000	30835.360000	0.025392
175.700000	30870.490000	0.056939
175.800000	30905.640000	0.088139
175.900000	30940.810000	0.118844
176.000000	30976.000000	0.148905
176.100000	31011.210000	0.178180
176.200000	31046.440000	0.206529
176.300000	31081.690000	0.233817
176.400000	31116.960000	0.259914
176.500000	31152.250000	0.284696
176.600000	31187.560000	0.308046
176.700000	31222.890000	0.329853
176.800000	31258.240000	0.350015
176.900000	31293.610000	0.368436
177.000000	31329.000000	0.385030
177.100000	31364.410000	0.399720
177.200000	31399.840000	0.412436
177.300000	31435.290000	0.423120
177.400000	31470.760000	0.431723
177.500000	31506.250000	0.438206
177.600000	31541.760000	0.442539
177.700000	31577.290000	0.444704
177.800000	31612.840000	0.444693
177.900000	31648.410000	0.442508
178.000000	31684.000000	0.438162
178.100000	31719.610000	0.431677
178.200000	31755.240000	0.423087
178.300000	31790.890000	0.412435
178.400000	31826.560000	0.399774
178.500000	31862.250000	0.385167
178.600000	31897.960000	0.368687
178.700000	31933.690000	0.350413
178.800000	31969.440000	0.330437
178.900000	32005.210000	0.308854
179.000000	32041.000000	0.285772
179.100000	32076.810000	0.261302
179.200000	32112.640000	0.235563
179.300000	32148.490000	0.208681
179.400000	32184.360000	0.180787
179.500000	32220.250000	0.152015
179.600000	32256.160000	0.122507
179.700000	32292.090000	0.092404
179.800000	32328.040000	0.061852
179.900000	32364.010000	0.031001
180.000000	32400.000000	0.000000
#Sums: 162090.000000	19456203.000000	2046.005465
