# alpha	alpha^2	B*sin(alpha)
0.000000	0.000000	0.000000
0.100000	0.010000	0.022873
0.200000	0.040000	0.045718
0.300000	0.090000	0.068506
0.400000	0.160000	0.091210
0.500000	0.250000	0.113801
0.600000	0.360000	0.136251
0.700000	0.490000	0.158535
0.800000	0.640000	0.180623
0.900000	0.810000	0.202490
1.000000	1.000000	0.224108
1.100000	1.210000	0.245453
1.200000	1.440000	0.266499
1.300000	1.690000	0.287221
1.400000	1.960000	0.307594
1.500000	2.250000	0.327596
1.600000	2.560000	0.347204
1.700000	2.890000	0.366395
1.800000	3.240000	0.385149
1.900000	3.610000	0.403444
2.000000	4.000000	0.421262
2.100000	4.410000	0.438583
2.200000	4.840000	0.455390
2.300000	5.290000	0.471666
2.400000	5.760000	0.487396
2.500000	6.250000	0.502564
2.600000	6.760000	0.517157
2.700000	7.290000	0.531162
2.800000	7.840000	0.544568
2.900000	8.410000	0.557364
3.000000	9.000000	0.569541
3.100000	9.610000	0.581091
3.200000	10.240000	0.592007
3.300000	10.890000	0.602283
3.400000	11.560000	0.611913
3.500000	12.250000	0.620896
3.600000	12.960000	0.629227
3.700000	13.690000	0.636907
3.800000	14.440000	0.643935
3.900000	15.210000	0.650312
4.000000	16.000000	0.656040
4.100000	16.810000	0.661123
4.200000	17.640000	0.665565
4.300000	18.490000	0.669373
4.400000	19.360000	0.672552
4.500000	20.250000	0.675111
4.600000	21.160000	0.677058
4.700000	22.090000	0.678404
4.800000	23.040000	0.679158
4.900000	24.010000	0.679334
5.000000	25.000000	0.678944
5.100000	26.010000	0.678001
5.200000	27.040000	0.676521
5.300000	28.090000	0.674518
5.400000	29.160000	0.672009
5.500000	30.250000	0.669011
5.600000	31.360000	0.665541
5.700000	32.490000	0.661618
5.800000	33.640000	0.657262
5.900000	34.810000	0.652491
6.000000	36.000000	0.647325
6.100000	37.210000	0.641787
6.200000	38.440000	0.635896
6.300000	39.690000	0.629674
6.400000	40.960000	0.623143
6.500000	42.250000	0.616326
6.600000	43.560000	0.609245
6.700000	44.890000	0.601922
6.800000	46.240000	0.594380
6.900000	47.610000	0.586644
7.000000	49.000000	0.578734
7.100000	50.410000	0.570675
7.200000	51.840000	0.562490
7.300000	53.290000	0.554202
7.400000	54.760000	0.545833
7.500000	56.250000	0.537405
7.600000	57.760000	0.528943
7.700000	59.290000	0.520467
7.800000	60.840000	0.511999
7.900000	62.410000	0.503562
8.000000	64.000000	0.495175
8.100000	65.610000	0.486861
8.200000	67.240000	0.478638
8.300000	68.890000	0.470526
8.400000	70.560000	0.462545
8.500000	72.250000	0.454712
8.600000	73.960000	0.447046
8.700000	75.690000	0.439565
8.800000	77.440000	0.432283
8.900000	79.210000	0.425217
9.000000	81.000000	0.418383
9.100000	82.810000	0.411793
9.200000	84.640000	0.405461
9.300000	86.490000	0.399401
9.400000	88.360000	0.393623
9.500000	90.250000	0.388139
9.600000	92.160000	0.382958
9.700000	94.090000	0.378089
9.800000	96.040000	0.373541
9.900000	98.010000	0.369320
10.000000	100.000000	0.365433
10.100000	102.010000	0.361885
10.200000	104.040000	0.358681
10.300000	106.090000	0.355824
10.400000	108.160000	0.353317
10.500000	110.250000	0.351161
10.600000	112.360000	0.349357
10.700000	114.490000	0.347904
10.800000	116.640000	0.346802
10.900000	118.810000	0.346048
11.000000	121.000000	0.345640
11.100000	123.210000	0.345574
11.200000	125.440000	0.345845
11.300000	127.690000	0.346448
11.400000	129.960000	0.347376
11.500000	132.250000	0.348623
11.600000	134.560000	0.350180
11.700000	136.890000	0.352040
11.800000	139.240000	0.354193
11.900000	141.610000	0.356629
12.000000	144.000000	0.359337
12.100000	146.410000	0.362308
12.200000	148.840000	0.365528
12.300000	151.290000	0.368985
12.400000	153.760000	0.372668
12.500000	156.250000	0.376562
12.600000	158.760000	0.380655
12.700000	161.290000	0.384932
12.800000	163.840000	0.389378
12.900000	166.410000	0.393980
13.000000	169.000000	0.398722
13.100000	171.610000	0.403589
13.200000	174.240000	0.408566
13.300000	176.890000	0.413637
13.400000	179.560000	0.418787
13.500000	182.250000	0.423999
13.600000	184.960000	0.429259
13.700000	187.690000	0.434551
13.800000	190.440000	0.439858
13.900000	193.210000	0.445166
14.000000	196.000000	0.450459
14.100000	198.810000	0.455722
14.200000	201.640000	0.460940
14.300000	204.490000	0.466097
14.400000	207.360000	0.471181
14.500000	210.250000	0.476175
14.600000	213.160000	0.481068
14.700000	216.090000	0.485844
14.800000	219.040000	0.490492
14.900000	222.010000	0.494998
15.000000	225.000000	0.499351
15.100000	228.010000	0.503539
15.200000	231.040000	0.507550
15.300000	234.090000	0.511375
15.400000	237.160000	0.515004
15.500000	240.250000	0.518427
15.600000	243.360000	0.521635
15.700000	246.490000	0.524621
15.800000	249.640000	0.527377
15.900000	252.810000	0.529896
16.000000	256.000000	0.532173
16.100000	259.210000	0.534201
16.200000	262.440000	0.535977
16.300000	265.690000	0.537496
16.400000	268.960000	0.538756
16.500000	272.250000	0.539753
16.600000	275.560000	0.540486
16.700000	278.890000	0.540954
16.800000	282.240000	0.541157
16.900000	285.610000	0.541095
17.000000	289.000000	0.540769
17.100000	292.410000	0.540181
17.200000	295.840000	0.539333
17.300000	299.290000	0.538229
17.400000	302.760000	0.536872
17.500000	306.250000	0.535268
17.600000	309.760000	0.533420
17.700000	313.290000	0.531336
17.800000	316.840000	0.529021
17.900000	320.410000	0.526482
18.000000	324.000000	0.523727
18.100000	327.610000	0.520765
18.200000	331.240000	0.517602
18.300000	334.890000	0.514250
18.400000	338.560000	0.510716
18.500000	342.250000	0.507012
18.600000	345.960000	0.503148
18.700000	349.690000	0.499133
18.800000	353.440000	0.494981
18.900000	357.210000	0.490701
19.000000	361.000000	0.486306
19.100000	364.810000	0.481807
19.200000	368.640000	0.477217
19.300000	372.490000	0.472548
19.400000	376.360000	0.467813
19.500000	380.250000	0.463024
19.600000	384.160000	0.458194
19.700000	388.090000	0.453336
19.800000	392.040000	0.448462
19.900000	396.010000	0.443585
20.000000	400.000000	0.438719
20.100000	404.010000	0.433874
20.200000	408.040000	0.429065
20.300000	412.090000	0.424304
20.400000	416.160000	0.419601
20.500000	420.250000	0.414970
20.600000	424.360000	0.410423
20.700000	428.490000	0.405969
20.800000	432.640000	0.401622
20.900000	436.810000	0.397390
21.000000	441.000000	0.393285
21.100000	445.210000	0.389317
21.200000	449.440000	0.385496
21.300000	453.690000	0.381829
21.400000	457.960000	0.378327
21.500000	462.250000	0.374997
21.600000	466.560000	0.371847
21.700000	470.890000	0.368884
21.800000	475.240000	0.366115
21.900000	479.610000	0.363546
22.000000	484.000000	0.361182
22.100000	488.410000	0.359029
22.200000	492.840000	0.357090
22.300000	497.290000	0.355369
22.400000	501.760000	0.353870
22.500000	506.250000	0.352594
22.600000	510.760000	0.351545
22.700000	515.290000	0.350722
22.800000	519.840000	0.350128
22.900000	524.410000	0.349760
23.000000	529.000000	0.349620
23.100000	533.610000	0.349705
23.200000	538.240000	0.350015
23.300000	542.890000	0.350546
23.400000	547.560000	0.351295
23.500000	552.250000	0.352258
23.600000	556.960000	0.353432
23.700000	561.690000	0.354812
23.800000	566.440000	0.356392
23.900000	571.210000	0.358166
24.000000	576.000000	0.360128
24.100000	580.810000	0.362270
24.200000	585.640000	0.364587
24.300000	590.490000	0.367068
24.400000	595.360000	0.369707
24.500000	600.250000	0.372495
24.600000	605.160000	0.375422
24.700000	610.090000	0.378479
24.800000	615.040000	0.381656
24.900000	620.010000	0.384943
25.000000	625.000000	0.388330
25.100000	630.010000	0.391805
25.200000	635.040000	0.395358
25.300000	640.090000	0.398978
25.400000	645.160000	0.402653
25.500000	650.250000	0.406373
25.600000	655.360000	0.410124
25.700000	660.490000	0.413897
25.800000	665.640000	0.417679
25.900000	670.810000	0.421458
26.000000	676.000000	0.425223
26.100000	681.210000	0.428963
26.200000	686.440000	0.432665
26.300000	691.690000	0.436318
26.400000	696.960000	0.439910
26.500000	702.250000	0.443432
26.600000	707.560000	0.446871
26.700000	712.890000	0.450217
26.800000	718.240000	0.453460
26.900000	723.610000	0.456588
27.000000	729.000000	0.459593
27.100000	734.410000	0.462465
27.200000	739.840000	0.465195
27.300000	745.290000	0.467772
27.400000	750.760000	0.470191
27.500000	756.250000	0.472441
27.600000	761.760000	0.474516
27.700000	767.290000	0.476408
27.800000	772.840000	0.478111
27.900000	778.410000	0.479618
28.000000	784.000000	0.480925
28.100000	789.610000	0.482025
28.200000	795.240000	0.482914
28.300000	800.890000	0.483589
28.400000	806.560000	0.484045
28.500000	812.250000	0.484281
28.600000	817.960000	0.484292
28.700000	823.690000	0.484078
28.800000	829.440000	0.483638
28.900000	835.210000	0.482971
29.000000	841.000000	0.482076
29.100000	846.810000	0.480955
29.200000	852.640000	0.479609
29.300000	858.490000	0.478038
29.400000	864.360000	0.476247
29.500000	870.250000	0.474237
29.600000	876.160000	0.472012
29.700000	882.090000	0.469576
29.800000	888.040000	0.466933
29.900000	894.010000	0.464089
30.000000	900.000000	0.461048
30.100000	906.010000	0.457818
30.200000	912.040000	0.454405
30.300000	918.090000	0.450815
30.400000	924.160000	0.447056
30.500000	930.250000	0.443136
30.600000	936.360000	0.439063
30.700000	942.490000	0.434846
30.800000	948.640000	0.430494
30.900000	954.810000	0.426016
31.000000	961.000000	0.421422
31.100000	967.210000	0.416722
31.200000	973.440000	0.411925
31.300000	979.690000	0.407043
31.400000	985.960000	0.402086
31.500000	992.250000	0.397065
31.600000	998.560000	0.391991
31.700000	1004.890000	0.386875
31.800000	1011.240000	0.381727
31.900000	1017.610000	0.376560
32.000000	1024.000000	0.371385
32.100000	1030.410000	0.366212
32.200000	1036.840000	0.361054
32.300000	1043.290000	0.355921
32.400000	1049.760000	0.350825
32.500000	1056.250000	0.345776
32.600000	1062.760000	0.340785
32.700000	1069.290000	0.335864
32.800000	1075.840000	0.331022
32.900000	1082.410000	0.326270
33.000000	1089.000000	0.321618
33.100000	1095.610000	0.317076
33.200000	1102.240000	0.312653
33.300000	1108.890000	0.308358
33.400000	1115.560000	0.304201
33.500000	1122.250000	0.300190
33.600000	1128.960000	0.296332
33.700000	1135.690000	0.292636
33.800000	1142.440000	0.289109
33.900000	1149.210000	0.285757
34.000000	1156.000000	0.282587
34.100000	1162.810000	0.279605
34.200000	1169.640000	0.276816
34.300000	1176.490000	0.274225
34.400000	1183.360000	0.271836
34.500000	1190.250000	0.269653
34.600000	1197.160000	0.267681
34.700000	1204.090000	0.265920
34.800000	1211.040000	0.264374
34.900000	1218.010000	0.263044
35.000000	1225.000000	0.261931
35.100000	1232.010000	0.261036
35.200000	1239.040000	0.260359
35.300000	1246.090000	0.259899
35.400000	1253.160000	0.259656
35.500000	1260.250000	0.259626
35.600000	1267.360000	0.259809
35.700000	1274.490000	0.260201
35.800000	1281.640000	0.260799
35.900000	1288.810000	0.261600
36.000000	1296.000000	0.262598
36.100000	1303.210000	0.263790
36.200000	1310.440000	0.265169
36.300000	1317.690000	0.266731
36.400000	1324.960000	0.268468
36.500000	1332.250000	0.270374
36.600000	1339.560000	0.272441
36.700000	1346.890000	0.274664
36.800000	1354.240000	0.277032
36.900000	1361.610000	0.279539
37.000000	1369.000000	0.282176
37.100000	1376.410000	0.284933
37.200000	1383.840000	0.287801
37.300000	1391.290000	0.290772
37.400000	1398.760000	0.293834
37.500000	1406.250000	0.296979
37.600000	1413.760000	0.300196
37.700000	1421.290000	0.303474
37.800000	1428.840000	0.306804
37.900000	1436.410000	0.310174
38.000000	1444.000000	0.313575
38.100000	1451.610000	0.316994
38.200000	1459.240000	0.320422
38.300000	1466.890000	0.323848
38.400000	1474.560000	0.327261
38.500000	1482.250000	0.330650
38.600000	1489.960000	0.334004
38.700000	1497.690000	0.337314
38.800000	1505.440000	0.340568
38.900000	1513.210000	0.343757
39.000000	1521.000000	0.346871
39.100000	1528.810000	0.349899
39.200000	1536.640000	0.352833
39.300000	1544.490000	0.355662
39.400000	1552.360000	0.358377
39.500000	1560.250000	0.360971
39.600000	1568.160000	0.363435
39.700000	1576.090000	0.365760
39.800000	1584.040000	0.367939
39.900000	1592.010000	0.369964
40.000000	1600.000000	0.371829
40.100000	1608.010000	0.373527
40.200000	1616.040000	0.375053
40.300000	1624.090000	0.376400
40.400000	1632.160000	0.377564
40.500000	1640.250000	0.378539
40.600000	1648.360000	0.379323
40.700000	1656.490000	0.379910
40.800000	1664.640000	0.380299
40.900000	1672.810000	0.380486
41.000000	1681.000000	0.380470
41.100000	1689.210000	0.380249
41.200000	1697.440000	0.379821
41.300000	1705.690000	0.379187
41.400000	1713.960000	0.378347
41.500000	1722.250000	0.377301
41.600000	1730.560000	0.376051
41.700000	1738.890000	0.374597
41.800000	1747.240000	0.372943
41.900000	1755.610000	0.371091
42.000000	1764.000000	0.369044
42.100000	1772.410000	0.366806
42.200000	1780.840000	0.364381
42.300000	1789.290000	0.361775
42.400000	1797.760000	0.358991
42.500000	1806.250000	0.356037
42.600000	1814.760000	0.352917
42.700000	1823.290000	0.349638
42.800000	1831.840000	0.346208
42.900000	1840.410000	0.342634
43.000000	1849.000000	0.338923
43.100000	1857.610000	0.335083
43.200000	1866.240000	0.331123
43.300000	1874.890000	0.327051
43.400000	1883.560000	0.322876
43.500000	1892.250000	0.318608
43.600000	1900.960000	0.314256
43.700000	1909.690000	0.309830
43.800000	1918.440000	0.305339
43.900000	1927.210000	0.300793
44.000000	1936.000000	0.296203
44.100000	1944.810000	0.291579
44.200000	1953.640000	0.286931
44.300000	1962.490000	0.282270
44.400000	1971.360000	0.277605
44.500000	1980.250000	0.272949
44.600000	1989.160000	0.268310
44.700000	1998.090000	0.263699
44.800000	2007.040000	0.259127
44.900000	2016.010000	0.254603
45.000000	2025.000000	0.250139
45.100000	2034.010000	0.245743
45.200000	2043.040000	0.241426
45.300000	2052.090000	0.237196
45.400000	2061.160000	0.233064
45.500000	2070.250000	0.229038
45.600000	2079.360000	0.225128
45.700000	2088.490000	0.221341
45.800000	2097.640000	0.217686
45.900000	2106.810000	0.214170
46.000000	2116.000000	0.210802
46.100000	2125.210000	0.207588
46.200000	2134.440000	0.204535
46.300000	2143.690000	0.201649
46.400000	2152.960000	0.198936
46.500000	2162.250000	0.196402
46.600000	2171.560000	0.194051
46.700000	2180.890000	0.191889
46.800000	2190.240000	0.189919
46.900000	2199.610000	0.188144
47.000000	2209.000000	0.186568
47.100000	2218.410000	0.185194
47.200000	2227.840000	0.184022
47.300000	2237.290000	0.183056
47.400000	2246.760000	0.182296
47.500000	2256.250000	0.181742
47.600000	2265.760000	0.181395
47.700000	2275.290000	0.181253
47.800000	2284.840000	0.181317
47.900000	2294.410000	0.181584
48.000000	2304.000000	0.182052
48.100000	2313.610000	0.182719
48.200000	2323.240000	0.183581
48.300000	2332.890000	0.184635
48.400000	2342.560000	0.185878
48.500000	2352.250000	0.187303
48.600000	2361.960000	0.188908
48.700000	2371.690000	0.190686
48.800000	2381.440000	0.192631
48.900000	2391.210000	0.194737
49.000000	2401.000000	0.196997
49.100000	2410.810000	0.199405
49.200000	2420.640000	0.201953
49.300000	2430.490000	0.204634
49.400000	2440.360000	0.207439
49.500000	2450.250000	0.210360
49.600000	2460.160000	0.213388
49.700000	2470.090000	0.216514
49.800000	2480.040000	0.219730
49.900000	2490.010000	0.223026
50.000000	2500.000000	0.226393
50.100000	2510.010000	0.229821
50.200000	2520.040000	0.233299
50.300000	2530.090000	0.236819
50.400000	2540.160000	0.240370
50.500000	2550.250000	0.243942
50.600000	2560.360000	0.247524
50.700000	2570.490000	0.251108
50.800000	2580.640000	0.254682
50.900000	2590.810000	0.258238
51.000000	2601.000000	0.261763
51.100000	2611.210000	0.265250
51.200000	2621.440000	0.268687
51.300000	2631.690000	0.272066
51.400000	2641.960000	0.275376
51.500000	2652.250000	0.278609
51.600000	2662.560000	0.281755
51.700000	2672.890000	0.284806
51.800000	2683.240000	0.287753
51.900000	2693.610000	0.290588
52.000000	2704.000000	0.293302
52.100000	2714.410000	0.295889
52.200000	2724.840000	0.298339
52.300000	2735.290000	0.300648
52.400000	2745.760000	0.302807
52.500000	2756.250000	0.304811
52.600000	2766.760000	0.306654
52.700000	2777.290000	0.308331
52.800000	2787.840000	0.309836
52.900000	2798.410000	0.311165
53.000000	2809.000000	0.312314
53.100000	2819.610000	0.313279
53.200000	2830.240000	0.314058
53.300000	2840.890000	0.314647
53.400000	2851.560000	0.315044
53.500000	2862.250000	0.315248
53.600000	2872.960000	0.315257
53.700000	2883.690000	0.315072
53.800000	2894.440000	0.314690
53.900000	2905.210000	0.314114
54.000000	2916.000000	0.313344
54.100000	2926.810000	0.312380
54.200000	2937.640000	0.311226
54.300000	2948.490000	0.309882
54.400000	2959.360000	0.308352
54.500000	2970.250000	0.306640
54.600000	2981.160000	0.304748
54.700000	2992.090000	0.302681
54.800000	3003.040000	0.300444
54.900000	3014.010000	0.298041
55.000000	3025.000000	0.295479
55.100000	3036.010000	0.292762
55.200000	3047.040000	0.289897
55.300000	3058.090000	0.286890
55.400000	3069.160000	0.283749
55.500000	3080.250000	0.280481
55.600000	3091.360000	0.277093
55.700000	3102.490000	0.273593
55.800000	3113.640000	0.269990
55.900000	3124.810000	0.266291
56.000000	3136.000000	0.262506
56.100000	3147.210000	0.258643
56.200000	3158.440000	0.254711
56.300000	3169.690000	0.250720
56.400000	3180.960000	0.246678
56.500000	3192.250000	0.242595
56.600000	3203.560000	0.238481
56.700000	3214.890000	0.234345
56.800000	3226.240000	0.230196
56.900000	3237.610000	0.226046
57.000000	3249.000000	0.221902
57.100000	3260.410000	0.217775
57.200000	3271.840000	0.213674
57.300000	3283.290000	0.209609
57.400000	3294.760000	0.205589
57.500000	3306.250000	0.201623
57.600000	3317.760000	0.197720
57.700000	3329.290000	0.193889
57.800000	3340.840000	0.190139
57.900000	3352.410000	0.186478
58.000000	3364.000000	0.182915
58.100000	3375.610000	0.179458
58.200000	3387.240000	0.176113
58.300000	3398.890000	0.172889
58.400000	3410.560000	0.169792
58.500000	3422.250000	0.166829
58.600000	3433.960000	0.164007
58.700000	3445.690000	0.161332
58.800000	3457.440000	0.158808
58.900000	3469.210000	0.156442
59.000000	3481.000000	0.154238
59.100000	3492.810000	0.152200
59.200000	3504.640000	0.150333
59.300000	3516.490000	0.148639
59.400000	3528.360000	0.147122
59.500000	3540.250000	0.145784
59.600000	3552.160000	0.144628
59.700000	3564.090000	0.143654
59.800000	3576.040000	0.142865
59.900000	3588.010000	0.142261
60.000000	3600.000000	0.141841
60.100000	3612.010000	0.141606
60.200000	3624.040000	0.141555
60.300000	3636.090000	0.141686
60.400000	3648.160000	0.141998
60.500000	3660.250000	0.142489
60.600000	3672.360000	0.143156
60.700000	3684.490000	0.143996
60.800000	3696.640000	0.145005
60.900000	3708.810000	0.146179
61.000000	3721.000000	0.147514
61.100000	3733.210000	0.149005
61.200000	3745.440000	0.150647
61.300000	3757.690000	0.152434
61.400000	3769.960000	0.154361
61.500000	3782.250000	0.156420
61.600000	3794.560000	0.158605
61.700000	3806.890000	0.160909
61.800000	3819.240000	0.163326
61.900000	3831.610000	0.165846
62.000000	3844.000000	0.168463
62.100000	3856.410000	0.171168
62.200000	3868.840000	0.173952
62.300000	3881.290000	0.176809
62.400000	3893.760000	0.179727
62.500000	3906.250000	0.182700
62.600000	3918.760000	0.185717
62.700000	3931.290000	0.188770
62.800000	3943.840000	0.191850
62.900000	3956.410000	0.194946
63.000000	3969.000000	0.198050
63.100000	3981.610000	0.201153
63.200000	3994.240000	0.204245
63.300000	4006.890000	0.207316
63.400000	4019.560000	0.210358
63.500000	4032.250000	0.213362
63.600000	4044.960000	0.216318
63.700000	4057.690000	0.219217
63.800000	4070.440000	0.222051
63.900000	4083.210000	0.224810
64.000000	4096.000000	0.227487
64.100000	4108.810000	0.230074
64.200000	4121.640000	0.232561
64.300000	4134.490000	0.234942
64.400000	4147.360000	0.237209
64.500000	4160.250000	0.239355
64.600000	4173.160000	0.241373
64.700000	4186.090000	0.243256
64.800000	4199.040000	0.244998
64.900000	4212.010000	0.246594
65.000000	4225.000000	0.248037
65.100000	4238.010000	0.249323
65.200000	4251.040000	0.250447
65.300000	4264.090000	0.251405
65.400000	4277.160000	0.252193
65.500000	4290.250000	0.252807
65.600000	4303.360000	0.253244
65.700000	4316.490000	0.253502
65.800000	4329.640000	0.253579
65.900000	4342.810000	0.253473
66.000000	4356.000000	0.253183
66.100000	4369.210000	0.252708
66.200000	4382.440000	0.252048
66.300000	4395.690000	0.251203
66.400000	4408.960000	0.250174
66.500000	4422.250000	0.248961
66.600000	4435.560000	0.247567
66.700000	4448.890000	0.245994
66.800000	4462.240000	0.244243
66.900000	4475.610000	0.242318
67.000000	4489.000000	0.240223
67.100000	4502.410000	0.237960
67.200000	4515.840000	0.235535
67.300000	4529.290000	0.232951
67.400000	4542.760000	0.230214
67.500000	4556.250000	0.227329
67.600000	4569.760000	0.224302
67.700000	4583.290000	0.221138
67.800000	4596.840000	0.217845
67.900000	4610.410000	0.214429
68.000000	4624.000000	0.210897
68.100000	4637.610000	0.207256
68.200000	4651.240000	0.203514
68.300000	4664.890000	0.199678
68.400000	4678.560000	0.195758
68.500000	4692.250000	0.191760
68.600000	4705.960000	0.187693
68.700000	4719.690000	0.183566
68.800000	4733.440000	0.179387
68.900000	4747.210000	0.175166
69.000000	4761.000000	0.170912
69.100000	4774.810000	0.166632
69.200000	4788.640000	0.162336
69.300000	4802.490000	0.158034
69.400000	4816.360000	0.153734
69.500000	4830.250000	0.149445
69.600000	4844.160000	0.145177
69.700000	4858.090000	0.140938
69.800000	4872.040000	0.136737
69.900000	4886.010000	0.132583
70.000000	4900.000000	0.128484
70.100000	4914.010000	0.124449
70.200000	4928.040000	0.120485
70.300000	4942.090000	0.116602
70.400000	4956.160000	0.112807
70.500000	4970.250000	0.109107
70.600000	4984.360000	0.105510
70.700000	4998.490000	0.102023
70.800000	5012.640000	0.098652
70.900000	5026.810000	0.095405
71.000000	5041.000000	0.092287
71.100000	5055.210000	0.089304
71.200000	5069.440000	0.086461
71.300000	5083.690000	0.083764
71.400000	5097.960000	0.081218
71.500000	5112.250000	0.078826
71.600000	5126.560000	0.076593
71.700000	5140.890000	0.074521
71.800000	5155.240000	0.072615
71.900000	5169.610000	0.070877
72.000000	5184.000000	0.069308
72.100000	5198.410000	0.067912
72.200000	5212.840000	0.066689
72.300000	5227.290000	0.065640
72.400000	5241.760000	0.064765
72.500000	5256.250000	0.064066
72.600000	5270.760000	0.063540
72.700000	5285.290000	0.063188
72.800000	5299.840000	0.063008
72.900000	5314.410000	0.062999
73.000000	5329.000000	0.063158
73.100000	5343.610000	0.063482
73.200000	5358.240000	0.063969
73.300000	5372.890000	0.064616
73.400000	5387.560000	0.065417
73.500000	5402.250000	0.066371
73.600000	5416.960000	0.067471
73.700000	5431.690000	0.068712
73.800000	5446.440000	0.070091
73.900000	5461.210000	0.071600
74.000000	5476.000000	0.073235
74.100000	5490.810000	0.074988
74.200000	5505.640000	0.076853
74.300000	5520.490000	0.078824
74.400000	5535.360000	0.080894
74.500000	5550.250000	0.083055
74.600000	5565.160000	0.085299
74.700000	5580.090000	0.087619
74.800000	5595.040000	0.090007
74.900000	5610.010000	0.092456
75.000000	5625.000000	0.094956
75.100000	5640.010000	0.097500
75.200000	5655.040000	0.100080
75.300000	5670.090000	0.102686
75.400000	5685.160000	0.105310
75.500000	5700.250000	0.107945
75.600000	5715.360000	0.110581
75.700000	5730.490000	0.113209
75.800000	5745.640000	0.115822
75.900000	5760.810000	0.118411
76.000000	5776.000000	0.120968
76.100000	5791.210000	0.123484
76.200000	5806.440000	0.125951
76.300000	5821.690000	0.128362
76.400000	5836.960000	0.130708
76.500000	5852.250000	0.132983
76.600000	5867.560000	0.135178
76.700000	5882.890000	0.137286
76.800000	5898.240000	0.139301
76.900000	5913.610000	0.141216
77.000000	5929.000000	0.143025
77.100000	5944.410000	0.144721
77.200000	5959.840000	0.146299
77.300000	5975.290000	0.147752
77.400000	5990.760000	0.149077
77.500000	6006.250000	0.150268
77.600000	6021.760000	0.151321
77.700000	6037.290000	0.152231
77.800000	6052.840000	0.152996
77.900000	6068.410000	0.153611
78.000000	6084.000000	0.154075
78.100000	6099.610000	0.154384
78.200000	6115.240000	0.154536
78.300000	6130.890000	0.154530
78.400000	6146.560000	0.154364
78.500000	6162.250000	0.154038
78.600000	6177.960000	0.153551
78.700000	6193.690000	0.152904
78.800000	6209.440000	0.152096
78.900000	6225.210000	0.151129
79.000000	6241.000000	0.150004
79.100000	6256.810000	0.148723
79.200000	6272.640000	0.147288
79.300000	6288.490000	0.145700
79.400000	6304.360000	0.143965
79.500000	6320.250000	0.142083
79.600000	6336.160000	0.140060
79.700000	6352.090000	0.137899
79.800000	6368.040000	0.135606
79.900000	6384.010000	0.133183
80.000000	6400.000000	0.130638
80.100000	6416.010000	0.127974
80.200000	6432.040000	0.125198
80.300000	6448.090000	0.122316
80.400000	6464.160000	0.119335
80.500000	6480.250000	0.116260
80.600000	6496.360000	0.113099
80.700000	6512.490000	0.109858
80.800000	6528.640000	0.106546
80.900000	6544.810000	0.103168
81.000000	6561.000000	0.099734
81.100000	6577.210000	0.096250
81.200000	6593.440000	0.092725
81.300000	6609.690000	0.089167
81.400000	6625.960000	0.085583
81.500000	6642.250000	0.081982
81.600000	6658.560000	0.078372
81.700000	6674.890000	0.074762
81.800000	6691.240000	0.071159
81.900000	6707.610000	0.067572
82.000000	6724.000000	0.064008
82.100000	6740.410000	0.060477
82.200000	6756.840000	0.056986
82.300000	6773.290000	0.053542
82.400000	6789.760000	0.050155
82.500000	6806.250000	0.046831
82.600000	6822.760000	0.043578
82.700000	6839.290000	0.040404
82.800000	6855.840000	0.037315
82.900000	6872.410000	0.034319
83.000000	6889.000000	0.031422
83.100000	6905.610000	0.028631
83.200000	6922.240000	0.025952
83.300000	6938.890000	0.023390
83.400000	6955.560000	0.020952
83.500000	6972.250000	0.018643
83.600000	6988.960000	0.016467
83.700000	7005.690000	0.014430
83.800000	7022.440000	0.012536
83.900000	7039.210000	0.010788
84.000000	7056.000000	0.009191
84.100000	7072.810000	0.007747
84.200000	7089.640000	0.006459
84.300000	7106.490000	0.005330
84.400000	7123.360000	0.004362
84.500000	7140.250000	0.003556
84.600000	7157.160000	0.002914
84.700000	7174.090000	0.002436
84.800000	7191.040000	0.002124
84.900000	7208.010000	0.001976
85.000000	7225.000000	0.001993
85.100000	7242.010000	0.002173
85.200000	7259.040000	0.002516
85.300000	7276.090000	0.003020
85.400000	7293.160000	0.003683
85.500000	7310.250000	0.004503
85.600000	7327.360000	0.005477
85.700000	7344.490000	0.006600
85.800000	7361.640000	0.007872
85.900000	7378.810000	0.009286
86.000000	7396.000000	0.010839
86.100000	7413.210000	0.012527
86.200000	7430.440000	0.014345
86.300000	7447.690000	0.016286
86.400000	7464.960000	0.018347
86.500000	7482.250000	0.020521
86.600000	7499.560000	0.022801
86.700000	7516.890000	0.025183
86.800000	7534.240000	0.027658
86.900000	7551.610000	0.030221
87.000000	7569.000000	0.032865
87.100000	7586.410000	0.035581
87.200000	7603.840000	0.038364
87.300000	7621.290000	0.041205
87.400000	7638.760000	0.044097
87.500000	7656.250000	0.047032
87.600000	7673.760000	0.050003
87.700000	7691.290000	0.053001
87.800000	7708.840000	0.056018
87.900000	7726.410000	0.059048
88.000000	7744.000000	0.062080
88.100000	7761.610000	0.065109
88.200000	7779.240000	0.068126
88.300000	7796.890000	0.071122
88.400000	7814.560000	0.074091
88.500000	7832.250000	0.077024
88.600000	7849.960000	0.079914
88.700000	7867.690000	0.082753
88.800000	7885.440000	0.085535
88.900000	7903.210000	0.088251
89.000000	7921.000000	0.090895
89.100000	7938.810000	0.093461
89.200000	7956.640000	0.095941
89.300000	7974.490000	0.098329
89.400000	7992.360000	0.100620
89.500000	8010.250000	0.102807
89.600000	8028.160000	0.104885
89.700000	8046.090000	0.106849
89.800000	8064.040000	0.108694
89.900000	8082.010000	0.110414
90.000000	8100.000000	0.112007
90.100000	8118.010000	0.113467
90.200000	8136.040000	0.114792
90.300000	8154.090000	0.115978
90.400000	8172.160000	0.117022
90.500000	8190.250000	0.117921
90.600000	8208.360000	0.118674
90.700000	8226.490000	0.119279
90.800000	8244.640000	0.119735
90.900000	8262.810000	0.120039
91.000000	8281.000000	0.120193
91.100000	8299.210000	0.120195
91.200000	8317.440000	0.120046
91.300000	8335.690000	0.119746
91.400000	8353.960000	0.119296
91.500000	8372.250000	0.118698
91.600000	8390.560000	0.117953
91.700000	8408.890000	0.117064
91.800000	8427.240000	0.116032
91.900000	8445.610000	0.114861
92.000000	8464.000000	0.113554
92.100000	8482.410000	0.112114
92.200000	8500.840000	0.110546
92.300000	8519.290000	0.108852
92.400000	8537.760000	0.107038
92.500000	8556.250000	0.105109
92.600000	8574.760000	0.103069
92.700000	8593.290000	0.100924
92.800000	8611.840000	0.098679
92.900000	8630.410000	0.096341
93.000000	8649.000000	0.093915
93.100000	8667.610000	0.091407
93.200000	8686.240000	0.088824
93.300000	8704.890000	0.086173
93.400000	8723.560000	0.083461
93.500000	8742.250000	0.080693
93.600000	8760.960000	0.077878
93.700000	8779.690000	0.075022
93.800000	8798.440000	0.072133
93.900000	8817.210000	0.069218
94.000000	8836.000000	0.066285
94.100000	8854.810000	0.063340
94.200000	8873.640000	0.060391
94.300000	8892.490000	0.057446
94.400000	8911.360000	0.054512
94.500000	8930.250000	0.051597
94.600000	8949.160000	0.048706
94.700000	8968.090000	0.045849
94.800000	8987.040000	0.043031
94.900000	9006.010000	0.040260
95.000000	9025.000000	0.037542
95.100000	9044.010000	0.034885
95.200000	9063.040000	0.032294
95.300000	9082.090000	0.029776
95.400000	9101.160000	0.027337
95.500000	9120.250000	0.024983
95.600000	9139.360000	0.022720
95.700000	9158.490000	0.020552
95.800000	9177.640000	0.018486
95.900000	9196.810000	0.016525
96.000000	9216.000000	0.014675
96.100000	9235.210000	0.012939
96.200000	9254.440000	0.011322
96.300000	9273.690000	0.009827
96.400000	9292.960000	0.008458
96.500000	9312.250000	0.007218
96.600000	9331.560000	0.006108
96.700000	9350.890000	0.005132
96.800000	9370.240000	0.004292
96.900000	9389.610000	0.003588
97.000000	9409.000000	0.003023
97.100000	9428.410000	0.002596
97.200000	9447.840000	0.002309
97.300000	9467.290000	0.002162
97.400000	9486.760000	0.002153
97.500000	9506.250000	0.002284
97.600000	9525.760000	0.002552
97.700000	9545.290000	0.002957
97.800000	9564.840000	0.003496
97.900000	9584.410000	0.004168
98.000000	9604.000000	0.004970
98.100000	9623.610000	0.005900
98.200000	9643.240000	0.006954
98.300000	9662.890000	0.008129
98.400000	9682.560000	0.009422
98.500000	9702.250000	0.010827
98.600000	9721.960000	0.012342
98.700000	9741.690000	0.013962
98.800000	9761.440000	0.015681
98.900000	9781.210000	0.017495
99.000000	9801.000000	0.019398
99.100000	9820.810000	0.021385
99.200000	9840.640000	0.023450
99.300000	9860.490000	0.025587
99.400000	9880.360000	0.027790
99.500000	9900.250000	0.030053
99.600000	9920.160000	0.032368
99.700000	9940.090000	0.034731
99.800000	9960.040000	0.037133
99.900000	9980.010000	0.039568
100.000000	10000.000000	0.042030
100.100000	10020.010000	0.044510
100.200000	10040.040000	0.047003
100.300000	10060.090000	0.049502
100.400000	10080.160000	0.051998
100.500000	10100.250000	0.054487
100.600000	10120.360000	0.056959
100.700000	10140.490000	0.059409
100.800000	10160.640000	0.061830
100.900000	10180.810000	0.064214
101.000000	10201.000000	0.066556
101.100000	10221.210000	0.068848
101.200000	10241.440000	0.071085
101.300000	10261.690000	0.073260
101.400000	10281.960000	0.075367
101.500000	10302.250000	0.077400
101.600000	10322.560000	0.079353
101.700000	10342.890000	0.081221
101.800000	10363.240000	0.082999
101.900000	10383.610000	0.084681
102.000000	10404.000000	0.086263
102.100000	10424.410000	0.087741
102.200000	10444.840000	0.089109
102.300000	10465.290000	0.090365
102.400000	10485.760000	0.091504
102.500000	10506.250000	0.092524
102.600000	10526.760000	0.093420
102.700000	10547.290000	0.094191
102.800000	10567.840000	0.094834
102.900000	10588.410000	0.095346
103.000000	10609.000000	0.095727
103.100000	10629.610000	0.095975
103.200000	10650.240000	0.096089
103.300000	10670.890000	0.096068
103.400000	10691.560000	0.095911
103.500000	10712.250000	0.095619
103.600000	10732.960000	0.095193
103.700000	10753.690000	0.094632
103.800000	10774.440000	0.093939
103.900000	10795.210000	0.093113
104.000000	10816.000000	0.092158
104.100000	10836.810000	0.091075
104.200000	10857.640000	0.089866
104.300000	10878.490000	0.088534
104.400000	10899.360000	0.087082
104.500000	10920.250000	0.085514
104.600000	10941.160000	0.083833
104.700000	10962.090000	0.082043
104.800000	10983.040000	0.080148
104.900000	11004.010000	0.078152
105.000000	11025.000000	0.076061
105.100000	11046.010000	0.073879
105.200000	11067.040000	0.071610
105.300000	11088.090000	0.069262
105.400000	11109.160000	0.066839
105.500000	11130.250000	0.064346
105.600000	11151.360000	0.061790
105.700000	11172.490000	0.059177
105.800000	11193.640000	0.056513
105.900000	11214.810000	0.053804
106.000000	11236.000000	0.051057
106.100000	11257.210000	0.048278
106.200000	11278.440000	0.045473
106.300000	11299.690000	0.042650
106.400000	11320.960000	0.039815
106.500000	11342.250000	0.036974
106.600000	11363.560000	0.034134
106.700000	11384.890000	0.031303
106.800000	11406.240000	0.028486
106.900000	11427.610000	0.025689
107.000000	11449.000000	0.022921
107.100000	11470.410000	0.020186
107.200000	11491.840000	0.017492
107.300000	11513.290000	0.014844
107.400000	11534.760000	0.012248
107.500000	11556.250000	0.009711
107.600000	11577.760000	0.007238
107.700000	11599.290000	0.004835
107.800000	11620.840000	0.002507
107.900000	11642.410000	0.000259
108.000000	11664.000000	-0.001904
108.100000	11685.610000	-0.003976
108.200000	11707.240000	-0.005955
108.300000	11728.890000	-0.007834
108.400000	11750.560000	-0.009612
108.500000	11772.250000	-0.011283
108.600000	11793.960000	-0.012844
108.700000	11815.690000	-0.014292
108.800000	11837.440000	-0.015625
108.900000	11859.210000	-0.016840
109.000000	11881.000000	-0.017935
109.100000	11902.810000	-0.018907
109.200000	11924.640000	-0.019755
109.300000	11946.490000	-0.020479
109.400000	11968.360000	-0.021077
109.500000	11990.250000	-0.021548
109.600000	12012.160000	-0.021892
109.700000	12034.090000	-0.022110
109.800000	12056.040000	-0.022202
109.900000	12078.010000	-0.022168
110.000000	12100.000000	-0.022009
110.100000	12122.010000	-0.021728
110.200000	12144.040000	-0.021325
110.300000	12166.090000	-0.020802
110.400000	12188.160000	-0.020163
110.500000	12210.250000	-0.019409
110.600000	12232.360000	-0.018543
110.700000	12254.490000	-0.017569
110.800000	12276.640000	-0.016490
110.900000	12298.810000	-0.015310
111.000000	12321.000000	-0.014032
111.100000	12343.210000	-0.012662
111.200000	12365.440000	-0.011202
111.300000	12387.690000	-0.009659
111.400000	12409.960000	-0.008037
111.500000	12432.250000	-0.006340
111.600000	12454.560000	-0.004575
111.700000	12476.890000	-0.002746
111.800000	12499.240000	-0.000859
111.900000	12521.610000	0.001080
112.000000	12544.000000	0.003065
112.100000	12566.410000	0.005091
112.200000	12588.840000	0.007151
112.300000	12611.290000	0.009239
112.400000	12633.760000	0.011350
112.500000	12656.250000	0.013476
112.600000	12678.760000	0.015613
112.700000	12701.290000	0.017753
112.800000	12723.840000	0.019890
112.900000	12746.410000	0.022019
113.000000	12769.000000	0.024132
113.100000	12791.610000	0.026225
113.200000	12814.240000	0.028290
113.300000	12836.890000	0.030323
113.400000	12859.560000	0.032317
113.500000	12882.250000	0.034266
113.600000	12904.960000	0.036165
113.700000	12927.690000	0.038008
113.800000	12950.440000	0.039791
113.900000	12973.210000	0.041508
114.000000	12996.000000	0.043154
114.100000	13018.810000	0.044725
114.200000	13041.640000	0.046216
114.300000	13064.490000	0.047622
114.400000	13087.360000	0.048940
114.500000	13110.250000	0.050166
114.600000	13133.160000	0.051297
114.700000	13156.090000	0.052329
114.800000	13179.040000	0.053259
114.900000	13202.010000	0.054084
115.000000	13225.000000	0.054802
115.100000	13248.010000	0.055412
115.200000	13271.040000	0.055910
115.300000	13294.090000	0.056296
115.400000	13317.160000	0.056568
115.500000	13340.250000	0.056726
115.600000	13363.360000	0.056768
115.700000	13386.490000	0.056695
115.800000	13409.640000	0.056506
115.900000	13432.810000	0.056202
116.000000	13456.000000	0.055783
116.100000	13479.210000	0.055251
116.200000	13502.440000	0.054606
116.300000	13525.690000	0.053850
116.400000	13548.960000	0.052985
116.500000	13572.250000	0.052014
116.600000	13595.560000	0.050937
116.700000	13618.890000	0.049759
116.800000	13642.240000	0.048482
116.900000	13665.610000	0.047109
117.000000	13689.000000	0.045644
117.100000	13712.410000	0.044091
117.200000	13735.840000	0.042452
117.300000	13759.290000	0.040734
117.400000	13782.760000	0.038939
117.500000	13806.250000	0.037073
117.600000	13829.760000	0.035140
117.700000	13853.290000	0.033145
117.800000	13876.840000	0.031093
117.900000	13900.410000	0.028990
118.000000	13924.000000	0.026841
118.100000	13947.610000	0.024651
118.200000	13971.240000	0.022426
118.300000	13994.890000	0.020171
118.400000	14018.560000	0.017893
118.500000	14042.250000	0.015598
118.600000	14065.960000	0.013290
118.700000	14089.690000	0.010976
118.800000	14113.440000	0.008661
118.900000	14137.210000	0.006352
119.000000	14161.000000	0.004055
119.100000	14184.810000	0.001775
119.200000	14208.640000	-0.000482
119.300000	14232.490000	-0.002710
119.400000	14256.360000	-0.004904
119.500000	14280.250000	-0.007058
119.600000	14304.160000	-0.009166
119.700000	14328.090000	-0.011224
119.800000	14352.040000	-0.013227
119.900000	14376.010000	-0.015168
120.000000	14400.000000	-0.017045
120.100000	14424.010000	-0.018851
120.200000	14448.040000	-0.020582
120.300000	14472.090000	-0.022235
120.400000	14496.160000	-0.023804
120.500000	14520.250000	-0.025287
120.600000	14544.360000	-0.026679
120.700000	14568.490000	-0.027978
120.800000	14592.640000	-0.029180
120.900000	14616.810000	-0.030283
121.000000	14641.000000	-0.031284
121.100000	14665.210000	-0.032180
121.200000	14689.440000	-0.032969
121.300000	14713.690000	-0.033651
121.400000	14737.960000	-0.034223
121.500000	14762.250000	-0.034684
121.600000	14786.560000	-0.035034
121.700000	14810.890000	-0.035271
121.800000	14835.240000	-0.035396
121.900000	14859.610000	-0.035409
122.000000	14884.000000	-0.035310
122.100000	14908.410000	-0.035099
122.200000	14932.840000	-0.034778
122.300000	14957.290000	-0.034348
122.400000	14981.760000	-0.033810
122.500000	15006.250000	-0.033167
122.600000	15030.760000	-0.032419
122.700000	15055.290000	-0.031570
122.800000	15079.840000	-0.030622
122.900000	15104.410000	-0.029578
123.000000	15129.000000	-0.028441
123.100000	15153.610000	-0.027214
123.200000	15178.240000	-0.025902
123.300000	15202.890000	-0.024508
123.400000	15227.560000	-0.023035
123.500000	15252.250000	-0.021488
123.600000	15276.960000	-0.019873
123.700000	15301.690000	-0.018192
123.800000	15326.440000	-0.016451
123.900000	15351.210000	-0.014655
124.000000	15376.000000	-0.012809
124.100000	15400.810000	-0.010918
124.200000	15425.640000	-0.008987
124.300000	15450.490000	-0.007022
124.400000	15475.360000	-0.005029
124.500000	15500.250000	-0.003012
124.600000	15525.160000	-0.000978
124.700000	15550.090000	0.001069
124.800000	15575.040000	0.003121
124.900000	15600.010000	0.005174
125.000000	15625.000000	0.007222
125.100000	15650.010000	0.009259
125.200000	15675.040000	0.011280
125.300000	15700.090000	0.013279
125.400000	15725.160000	0.015251
125.500000	15750.250000	0.017189
125.600000	15775.360000	0.019090
125.700000	15800.490000	0.020947
125.800000	15825.640000	0.022756
125.900000	15850.810000	0.024511
126.000000	15876.000000	0.026208
126.100000	15901.210000	0.027842
126.200000	15926.440000	0.029409
126.300000	15951.690000	0.030904
126.400000	15976.960000	0.032324
126.500000	16002.250000	0.033664
126.600000	16027.560000	0.034921
126.700000	16052.890000	0.036091
126.800000	16078.240000	0.037171
126.900000	16103.610000	0.038158
127.000000	16129.000000	0.039050
127.100000	16154.410000	0.039844
127.200000	16179.840000	0.040538
127.300000	16205.290000	0.041130
127.400000	16230.760000	0.041618
127.500000	16256.250000	0.042001
127.600000	16281.760000	0.042278
127.700000	16307.290000	0.042449
127.800000	16332.840000	0.042512
127.900000	16358.410000	0.042468
128.000000	16384.000000	0.042316
128.100000	16409.610000	0.042057
128.200000	16435.240000	0.041692
128.300000	16460.890000	0.041222
128.400000	16486.560000	0.040648
128.500000	16512.250000	0.039971
128.600000	16537.960000	0.039193
128.700000	16563.690000	0.038317
128.800000	16589.440000	0.037344
128.900000	16615.210000	0.036278
129.000000	16641.000000	0.035121
129.100000	16666.810000	0.033876
129.200000	16692.640000	0.032546
129.300000	16718.490000	0.031136
129.400000	16744.360000	0.029648
129.500000	16770.250000	0.028088
129.600000	16796.160000	0.026459
129.700000	16822.090000	0.024764
129.800000	16848.040000	0.023010
129.900000	16874.010000	0.021201
130.000000	16900.000000	0.019341
130.100000	16926.010000	0.017436
130.200000	16952.040000	0.015490
130.300000	16978.090000	0.013509
130.400000	17004.160000	0.011499
130.500000	17030.250000	0.009463
130.600000	17056.360000	0.007409
130.700000	17082.490000	0.005342
130.800000	17108.640000	0.003266
130.900000	17134.810000	0.001188
131.000000	17161.000000	-0.000887
131.100000	17187.210000	-0.002953
131.200000	17213.440000	-0.005004
131.300000	17239.690000	-0.007036
131.400000	17265.960000	-0.009043
131.500000	17292.250000	-0.011019
131.600000	17318.560000	-0.012959
131.700000	17344.890000	-0.014858
131.800000	17371.240000	-0.016710
131.900000	17397.610000	-0.018511
132.000000	17424.000000	-0.020257
132.100000	17450.410000	-0.021941
132.200000	17476.840000	-0.023560
132.300000	17503.290000	-0.025110
132.400000	17529.760000	-0.026585
132.500000	17556.250000	-0.027983
132.600000	17582.760000	-0.029299
132.700000	17609.290000	-0.030531
132.800000	17635.840000	-0.031673
132.900000	17662.410000	-0.032724
133.000000	17689.000000	-0.033681
133.100000	17715.610000	-0.034541
133.200000	17742.240000	-0.035301
133.300000	17768.890000	-0.035961
133.400000	17795.560000	-0.036517
133.500000	17822.250000	-0.036968
133.600000	17848.960000	-0.037313
133.700000	17875.690000	-0.037552
133.800000	17902.440000	-0.037683
133.900000	17929.210000	-0.037706
134.000000	17956.000000	-0.037621
134.100000	17982.810000	-0.037428
134.200000	18009.640000	-0.037128
134.300000	18036.490000	-0.036721
134.400000	18063.360000	-0.036209
134.500000	18090.250000	-0.035592
134.600000	18117.160000	-0.034873
134.700000	18144.090000	-0.034053
134.800000	18171.040000	-0.033134
134.900000	18198.010000	-0.032120
135.000000	18225.000000	-0.031012
135.100000	18252.010000	-0.029813
135.200000	18279.040000	-0.028528
135.300000	18306.090000	-0.027158
135.400000	18333.160000	-0.025708
135.500000	18360.250000	-0.024181
135.600000	18387.360000	-0.022582
135.700000	18414.490000	-0.020915
135.800000	18441.640000	-0.019185
135.900000	18468.810000	-0.017395
136.000000	18496.000000	-0.015551
136.100000	18523.210000	-0.013658
136.200000	18550.440000	-0.011720
136.300000	18577.690000	-0.009743
136.400000	18604.960000	-0.007732
136.500000	18632.250000	-0.005693
136.600000	18659.560000	-0.003631
136.700000	18686.890000	-0.001551
136.800000	18714.240000	0.000540
136.900000	18741.610000	0.002638
137.000000	18769.000000	0.004737
137.100000	18796.410000	0.006830
137.200000	18823.840000	0.008913
137.300000	18851.290000	0.010980
137.400000	18878.760000	0.013025
137.500000	18906.250000	0.015042
137.600000	18933.760000	0.017027
137.700000	18961.290000	0.018974
137.800000	18988.840000	0.020877
137.900000	19016.410000	0.022732
138.000000	19044.000000	0.024533
138.100000	19071.610000	0.026276
138.200000	19099.240000	0.027955
138.300000	19126.890000	0.029566
138.400000	19154.560000	0.031105
138.500000	19182.250000	0.032568
138.600000	19209.960000	0.033950
138.700000	19237.690000	0.035248
138.800000	19265.440000	0.036458
138.900000	19293.210000	0.037576
139.000000	19321.000000	0.038600
139.100000	19348.810000	0.039527
139.200000	19376.640000	0.040354
139.300000	19404.490000	0.041078
139.400000	19432.360000	0.041698
139.500000	19460.250000	0.042212
139.600000	19488.160000	0.042618
139.700000	19516.090000	0.042915
139.800000	19544.040000	0.043102
139.900000	19572.010000	0.043177
140.000000	19600.000000	0.043142
140.100000	19628.010000	0.042996
140.200000	19656.040000	0.042738
140.300000	19684.090000	0.042370
140.400000	19712.160000	0.041892
140.500000	19740.250000	0.041306
140.600000	19768.360000	0.040611
140.700000	19796.490000	0.039811
140.800000	19824.640000	0.038908
140.900000	19852.810000	0.037902
141.000000	19881.000000	0.036797
141.100000	19909.210000	0.035596
141.200000	19937.440000	0.034301
141.300000	19965.690000	0.032916
141.400000	19993.960000	0.031444
141.500000	20022.250000	0.029889
141.600000	20050.560000	0.028254
141.700000	20078.890000	0.026545
141.800000	20107.240000	0.024765
141.900000	20135.610000	0.022918
142.000000	20164.000000	0.021010
142.100000	20192.410000	0.019046
142.200000	20220.840000	0.017029
142.300000	20249.290000	0.014967
142.400000	20277.760000	0.012863
142.500000	20306.250000	0.010724
142.600000	20334.760000	0.008554
142.700000	20363.290000	0.006360
142.800000	20391.840000	0.004146
142.900000	20420.410000	0.001920
143.000000	20449.000000	-0.000314
143.100000	20477.610000	-0.002549
143.200000	20506.240000	-0.004780
143.300000	20534.890000	-0.007002
143.400000	20563.560000	-0.009207
143.500000	20592.250000	-0.011391
143.600000	20620.960000	-0.013548
143.700000	20649.690000	-0.015672
143.800000	20678.440000	-0.017757
143.900000	20707.210000	-0.019798
144.000000	20736.000000	-0.021790
144.100000	20764.810000	-0.023728
144.200000	20793.640000	-0.025606
144.300000	20822.490000	-0.027419
144.400000	20851.360000	-0.029163
144.500000	20880.250000	-0.030833
144.600000	20909.160000	-0.032424
144.700000	20938.090000	-0.033932
144.800000	20967.040000	-0.035354
144.900000	20996.010000	-0.036685
145.000000	21025.000000	-0.037922
145.100000	21054.010000	-0.039061
145.200000	21083.040000	-0.040100
145.300000	21112.090000	-0.041035
145.400000	21141.160000	-0.041864
145.500000	21170.250000	-0.042585
145.600000	21199.360000	-0.043196
145.700000	21228.490000	-0.043694
145.800000	21257.640000	-0.044078
145.900000	21286.810000	-0.044348
146.000000	21316.000000	-0.044502
146.100000	21345.210000	-0.044539
146.200000	21374.440000	-0.044461
146.300000	21403.690000	-0.044265
146.400000	21432.960000	-0.043953
146.500000	21462.250000	-0.043526
146.600000	21491.560000	-0.042984
146.700000	21520.890000	-0.042329
146.800000	21550.240000	-0.041561
146.900000	21579.610000	-0.040683
147.000000	21609.000000	-0.039697
147.100000	21638.410000	-0.038606
147.200000	21667.840000	-0.037411
147.300000	21697.290000	-0.036116
147.400000	21726.760000	-0.034724
147.500000	21756.250000	-0.033238
147.600000	21785.760000	-0.031662
147.700000	21815.290000	-0.030000
147.800000	21844.840000	-0.028256
147.900000	21874.410000	-0.026435
148.000000	21904.000000	-0.024540
148.100000	21933.610000	-0.022577
148.200000	21963.240000	-0.020550
148.300000	21992.890000	-0.018465
148.400000	22022.560000	-0.016326
148.500000	22052.250000	-0.014140
148.600000	22081.960000	-0.011911
148.700000	22111.690000	-0.009646
148.800000	22141.440000	-0.007350
148.900000	22171.210000	-0.005028
149.000000	22201.000000	-0.002687
149.100000	22230.810000	-0.000333
149.200000	22260.640000	0.002029
149.300000	22290.490000	0.004392
149.400000	22320.360000	0.006751
149.500000	22350.250000	0.009099
149.600000	22380.160000	0.011431
149.700000	22410.090000	0.013740
149.800000	22440.040000	0.016021
149.900000	22470.010000	0.018268
150.000000	22500.000000	0.020475
150.100000	22530.010000	0.022636
150.200000	22560.040000	0.024746
150.300000	22590.090000	0.026800
150.400000	22620.160000	0.028792
150.500000	22650.250000	0.030717
150.600000	22680.360000	0.032571
150.700000	22710.490000	0.034348
150.800000	22740.640000	0.036043
150.900000	22770.810000	0.037653
151.000000	22801.000000	0.039174
151.100000	22831.210000	0.040600
151.200000	22861.440000	0.041930
151.300000	22891.690000	0.043158
151.400000	22921.960000	0.044282
151.500000	22952.250000	0.045300
151.600000	22982.560000	0.046207
151.700000	23012.890000	0.047002
151.800000	23043.240000	0.047684
151.900000	23073.610000	0.048249
152.000000	23104.000000	0.048696
152.100000	23134.410000	0.049024
152.200000	23164.840000	0.049233
152.300000	23195.290000	0.049320
152.400000	23225.760000	0.049287
152.500000	23256.250000	0.049133
152.600000	23286.760000	0.048859
152.700000	23317.290000	0.048464
152.800000	23347.840000	0.047949
152.900000	23378.410000	0.047317
153.000000	23409.000000	0.046568
153.100000	23439.610000	0.045704
153.200000	23470.240000	0.044728
153.300000	23500.890000	0.043640
153.400000	23531.560000	0.042445
153.500000	23562.250000	0.041145
153.600000	23592.960000	0.039742
153.700000	23623.690000	0.038242
153.800000	23654.440000	0.036646
153.900000	23685.210000	0.034960
154.000000	23716.000000	0.033186
154.100000	23746.810000	0.031330
154.200000	23777.640000	0.029396
154.300000	23808.490000	0.027389
154.400000	23839.360000	0.025314
154.500000	23870.250000	0.023175
154.600000	23901.160000	0.020979
154.700000	23932.090000	0.018730
154.800000	23963.040000	0.016434
154.900000	23994.010000	0.014096
155.000000	24025.000000	0.011723
155.100000	24056.010000	0.009321
155.200000	24087.040000	0.006895
155.300000	24118.090000	0.004450
155.400000	24149.160000	0.001995
155.500000	24180.250000	-0.000467
155.600000	24211.360000	-0.002928
155.700000	24242.490000	-0.005383
155.800000	24273.640000	-0.007825
155.900000	24304.810000	-0.010249
156.000000	24336.000000	-0.012648
156.100000	24367.210000	-0.015016
156.200000	24398.440000	-0.017348
156.300000	24429.690000	-0.019639
156.400000	24460.960000	-0.021881
156.500000	24492.250000	-0.024070
156.600000	24523.560000	-0.026201
156.700000	24554.890000	-0.028268
156.800000	24586.240000	-0.030265
156.900000	24617.610000	-0.032189
157.000000	24649.000000	-0.034034
157.100000	24680.410000	-0.035796
157.200000	24711.840000	-0.037471
157.300000	24743.290000	-0.039053
157.400000	24774.760000	-0.040541
157.500000	24806.250000	-0.041929
157.600000	24837.760000	-0.043215
157.700000	24869.290000	-0.044395
157.800000	24900.840000	-0.045467
157.900000	24932.410000	-0.046427
158.000000	24964.000000	-0.047274
158.100000	24995.610000	-0.048006
158.200000	25027.240000	-0.048620
158.300000	25058.890000	-0.049116
158.400000	25090.560000	-0.049491
158.500000	25122.250000	-0.049746
158.600000	25153.960000	-0.049880
158.700000	25185.690000	-0.049893
158.800000	25217.440000	-0.049783
158.900000	25249.210000	-0.049553
159.000000	25281.000000	-0.049202
159.100000	25312.810000	-0.048731
159.200000	25344.640000	-0.048142
159.300000	25376.490000	-0.047437
159.400000	25408.360000	-0.046616
159.500000	25440.250000	-0.045682
159.600000	25472.160000	-0.044638
159.700000	25504.090000	-0.043486
159.800000	25536.040000	-0.042229
159.900000	25568.010000	-0.040870
160.000000	25600.000000	-0.039413
160.100000	25632.010000	-0.037861
160.200000	25664.040000	-0.036218
160.300000	25696.090000	-0.034489
160.400000	25728.160000	-0.032677
160.500000	25760.250000	-0.030787
160.600000	25792.360000	-0.028824
160.700000	25824.490000	-0.026793
160.800000	25856.640000	-0.024698
160.900000	25888.810000	-0.022545
161.000000	25921.000000	-0.020340
161.100000	25953.210000	-0.018087
161.200000	25985.440000	-0.015793
161.300000	26017.690000	-0.013463
161.400000	26049.960000	-0.011102
161.500000	26082.250000	-0.008717
161.600000	26114.560000	-0.006313
161.700000	26146.890000	-0.003897
161.800000	26179.240000	-0.001473
161.900000	26211.610000	0.000951
162.000000	26244.000000	0.003370
162.100000	26276.410000	0.005778
162.200000	26308.840000	0.008170
162.300000	26341.290000	0.010539
162.400000	26373.760000	0.012880
162.500000	26406.250000	0.015186
162.600000	26438.760000	0.017454
162.700000	26471.290000	0.019676
162.800000	26503.840000	0.021848
162.900000	26536.410000	0.023964
163.000000	26569.000000	0.026020
163.100000	26601.610000	0.028010
163.200000	26634.240000	0.029931
163.300000	26666.890000	0.031776
163.400000	26699.560000	0.033543
163.500000	26732.250000	0.035226
163.600000	26764.960000	0.036823
163.700000	26797.690000	0.038328
163.800000	26830.440000	0.039740
163.900000	26863.210000	0.041054
164.000000	26896.000000	0.042268
164.100000	26928.810000	0.043378
164.200000	26961.640000	0.044383
164.300000	26994.490000	0.045281
164.400000	27027.360000	0.046068
164.500000	27060.250000	0.046745
164.600000	27093.160000	0.047309
164.700000	27126.090000	0.047759
164.800000	27159.040000	0.048095
164.900000	27192.010000	0.048316
165.000000	27225.000000	0.048422
165.100000	27258.010000	0.048413
165.200000	27291.040000	0.048289
165.300000	27324.090000	0.048051
165.400000	27357.160000	0.047700
165.500000	27390.250000	0.047238
165.600000	27423.360000	0.046665
165.700000	27456.490000	0.045983
165.800000	27489.640000	0.045195
165.900000	27522.810000	0.044302
166.000000	27556.000000	0.043308
166.100000	27589.210000	0.042215
166.200000	27622.440000	0.041026
166.300000	27655.690000	0.039744
166.400000	27688.960000	0.038373
166.500000	27722.250000	0.036917
166.600000	27755.560000	0.035379
166.700000	27788.890000	0.033763
166.800000	27822.240000	0.032074
166.900000	27855.610000	0.030316
167.000000	27889.000000	0.028494
167.100000	27922.410000	0.026612
167.200000	27955.840000	0.024676
167.300000	27989.290000	0.022690
167.400000	28022.760000	0.020659
167.500000	28056.250000	0.018588
167.600000	28089.760000	0.016484
167.700000	28123.290000	0.014350
167.800000	28156.840000	0.012193
167.900000	28190.410000	0.010017
168.000000	28224.000000	0.007829
168.100000	28257.610000	0.005634
168.200000	28291.240000	0.003436
168.300000	28324.890000	0.001242
168.400000	28358.560000	-0.000943
168.500000	28392.250000	-0.003113
168.600000	28425.960000	-0.005264
168.700000	28459.690000	-0.007391
168.800000	28493.440000	-0.009488
168.900000	28527.210000	-0.011550
169.000000	28561.000000	-0.013572
169.100000	28594.810000	-0.015550
169.200000	28628.640000	-0.017478
169.300000	28662.490000	-0.019353
169.400000	28696.360000	-0.021170
169.500000	28730.250000	-0.022925
169.600000	28764.160000	-0.024614
169.700000	28798.090000	-0.026233
169.800000	28832.040000	-0.027778
169.900000	28866.010000	-0.029247
170.000000	28900.000000	-0.030635
170.100000	28934.010000	-0.031941
170.200000	28968.040000	-0.033161
170.300000	29002.090000	-0.034293
170.400000	29036.160000	-0.035334
170.500000	29070.250000	-0.036283
170.600000	29104.360000	-0.037138
170.700000	29138.490000	-0.037897
170.800000	29172.640000	-0.038559
170.900000	29206.810000	-0.039124
171.000000	29241.000000	-0.039590
171.100000	29275.210000	-0.039957
171.200000	29309.440000	-0.040225
171.300000	29343.690000	-0.040394
171.400000	29377.960000	-0.040464
171.500000	29412.250000	-0.040436
171.600000	29446.560000	-0.040311
171.700000	29480.890000	-0.040089
171.800000	29515.240000	-0.039773
171.900000	29549.610000	-0.039363
172.000000	29584.000000	-0.038862
172.100000	29618.410000	-0.038272
172.200000	29652.840000	-0.037595
172.300000	29687.290000	-0.036833
172.400000	29721.760000	-0.035989
172.500000	29756.250000	-0.035067
172.600000	29790.760000	-0.034069
172.700000	29825.290000	-0.032998
172.800000	29859.840000	-0.031859
172.900000	29894.410000	-0.030654
173.000000	29929.000000	-0.029388
173.100000	29963.610000	-0.028064
173.200000	29998.240000	-0.026687
173.300000	30032.890000	-0.025261
173.400000	30067.560000	-0.023790
173.500000	30102.250000	-0.022278
173.600000	30136.960000	-0.020730
173.700000	30171.690000	-0.019151
173.800000	30206.440000	-0.017545
173.900000	30241.210000	-0.015917
174.000000	30276.000000	-0.014272
174.100000	30310.810000	-0.012613
174.200000	30345.640000	-0.010947
174.300000	30380.490000	-0.009278
174.400000	30415.360000	-0.007610
174.500000	30450.250000	-0.005949
174.600000	30485.160000	-0.004298
174.700000	30520.090000	-0.002663
174.800000	30555.040000	-0.001048
174.900000	30590.010000	0.000543
175.000000	30625.000000	0.002105
175.100000	30660.010000	0.003635
175.200000	30695.040000	0.005127
175.300000	30730.090000	0.006578
175.400000	30765.160000	0.007985
175.500000	30800.250000	0.009342
175.600000	30835.360000	0.010648
175.700000	30870.490000	0.011898
175.800000	30905.640000	0.013089
175.900000	30940.810000	0.014219
176.000000	30976.000000	0.015284
176.100000	31011.210000	0.016282
176.200000	31046.440000	0.017210
176.300000	31081.690000	0.018067
176.400000	31116.960000	0.018850
176.500000	31152.250000	0.019557
176.600000	31187.560000	0.020187
176.700000	31222.890000	0.020739
176.800000	31258.240000	0.021212
176.900000	31293.610000	0.021604
177.000000	31329.000000	0.021915
177.100000	31364.410000	0.022146
177.200000	31399.840000	0.022295
177.300000	31435.290000	0.022363
177.400000	31470.760000	0.022350
177.500000	31506.250000	0.022257
177.600000	31541.760000	0.022085
177.700000	31577.290000	0.021835
177.800000	31612.840000	0.021507
177.900000	31648.410000	0.021105
178.000000	31684.000000	0.020629
178.100000	31719.610000	0.020081
178.200000	31755.240000	0.019464
178.300000	31790.890000	0.018779
178.400000	31826.560000	0.018030
178.500000	31862.250000	0.017220
178.600000	31897.960000	0.016351
178.700000	31933.690000	0.015426
178.800000	31969.440000	0.014448
178.900000	32005.210000	0.013422
179.000000	32041.000000	0.012350
179.100000	32076.810000	0.011237
179.200000	32112.640000	0.010085
179.300000	32148.490000	0.008900
179.400000	32184.360000	0.007685
179.500000	32220.250000	0.006444
179.600000	32256.160000	0.005181
179.700000	32292.090000	0.003901
179.800000	32328.040000	0.002608
179.900000	32364.010000	0.001306
180.000000	32400.000000	0.000000
#Sums: 162090.000000	19456203.000000	269.379224
