# alpha	alpha^2	B*sin(alpha)
0.000000	0.000000	0.000000
0.100000	0.010000	0.449146
0.200000	0.040000	0.898248
0.300000	0.090000	1.347264
0.400000	0.160000	1.796149
0.500000	0.250000	2.244861
0.600000	0.360000	2.693356
0.700000	0.490000	3.141591
0.800000	0.640000	3.589522
0.900000	0.810000	4.037107
1.000000	1.000000	4.484302
1.100000	1.210000	4.931063
1.200000	1.440000	5.377348
1.300000	1.690000	5.823114
1.400000	1.960000	6.268318
1.500000	2.250000	6.712917
1.600000	2.560000	7.156868
1.700000	2.890000	7.600128
1.800000	3.240000	8.042654
1.900000	3.610000	8.484405
2.000000	4.000000	8.925337
2.100000	4.410000	9.365408
2.200000	4.840000	9.804576
2.300000	5.290000	10.242799
2.400000	5.760000	10.680035
2.500000	6.250000	11.116241
2.600000	6.760000	11.551376
2.700000	7.290000	11.985399
2.800000	7.840000	12.418267
2.900000	8.410000	12.849940
3.000000	9.000000	13.280376
3.100000	9.610000	13.709534
3.200000	10.240000	14.137373
3.300000	10.890000	14.563852
3.400000	11.560000	14.988932
3.500000	12.250000	15.412571
3.600000	12.960000	15.834728
3.700000	13.690000	16.255365
3.800000	14.440000	16.674442
3.900000	15.210000	17.091917
4.000000	16.000000	17.507753
4.100000	16.810000	17.921910
4.200000	17.640000	18.334349
4.300000	18.490000	18.745030
4.400000	19.360000	19.153916
4.500000	20.250000	19.560967
4.600000	21.160000	19.966146
4.700000	22.090000	20.369415
4.800000	23.040000	20.770736
4.900000	24.010000	21.170071
5.000000	25.000000	21.567384
5.100000	26.010000	21.962637
5.200000	27.040000	22.355794
5.300000	28.090000	22.746817
5.400000	29.160000	23.135672
5.500000	30.250000	23.522321
5.600000	31.360000	23.906730
5.700000	32.490000	24.288863
5.800000	33.640000	24.668685
5.900000	34.810000	25.046160
6.000000	36.000000	25.421255
6.100000	37.210000	25.793935
6.200000	38.440000	26.164167
6.300000	39.690000	26.531916
6.400000	40.960000	26.897149
6.500000	42.250000	27.259834
6.600000	43.560000	27.619937
6.700000	44.890000	27.977427
6.800000	46.240000	28.332270
6.900000	47.610000	28.684436
7.000000	49.000000	29.033893
7.100000	50.410000	29.380610
7.200000	51.840000	29.724555
7.300000	53.290000	30.065700
7.400000	54.760000	30.404013
7.500000	56.250000	30.739465
7.600000	57.760000	31.072026
7.700000	59.290000	31.401668
7.800000	60.840000	31.728362
7.900000	62.410000	32.052080
8.000000	64.000000	32.372793
8.100000	65.610000	32.690475
8.200000	67.240000	33.005097
8.300000	68.890000	33.316634
8.400000	70.560000	33.625058
8.500000	72.250000	33.930344
8.600000	73.960000	34.232466
8.700000	75.690000	34.531399
8.800000	77.440000	34.827117
8.900000	79.210000	35.119597
9.000000	81.000000	35.408814
9.100000	82.810000	35.694745
9.200000	84.640000	35.977366
9.300000	86.490000	36.256654
9.400000	88.360000	36.532587
9.500000	90.250000	36.805143
9.600000	92.160000	37.074300
9.700000	94.090000	37.340037
9.800000	96.040000	37.602333
9.900000	98.010000	37.861168
10.000000	100.000000	38.116521
10.100000	102.010000	38.368374
10.200000	104.040000	38.616706
10.300000	106.090000	38.861500
10.400000	108.160000	39.102736
10.500000	110.250000	39.340398
10.600000	112.360000	39.574467
10.700000	114.490000	39.804927
10.800000	116.640000	40.031761
10.900000	118.810000	40.254953
11.000000	121.000000	40.474487
11.100000	123.210000	40.690349
11.200000	125.440000	40.902523
11.300000	127.690000	41.110994
11.400000	129.960000	41.315750
11.500000	132.250000	41.516777
11.600000	134.560000	41.714061
11.700000	136.890000	41.907591
11.800000	139.240000	42.097354
11.900000	141.610000	42.283338
12.000000	144.000000	42.465532
12.100000	146.410000	42.643927
12.200000	148.840000	42.818510
12.300000	151.290000	42.989273
12.400000	153.760000	43.156206
12.500000	156.250000	43.319301
12.600000	158.760000	43.478548
12.700000	161.290000	43.633940
12.800000	163.840000	43.785470
12.900000	166.410000	43.933131
13.000000	169.000000	44.076915
13.100000	171.610000	44.216817
13.200000	174.240000	44.352831
13.300000	176.890000	44.484952
13.400000	179.560000	44.613175
13.500000	182.250000	44.737496
13.600000	184.960000	44.857912
13.700000	187.690000	44.974418
13.800000	190.440000	45.087012
13.900000	193.210000	45.195692
14.000000	196.000000	45.300456
14.100000	198.810000	45.401303
14.200000	201.640000	45.498230
14.300000	204.490000	45.591238
14.400000	207.360000	45.680327
14.500000	210.250000	45.765498
14.600000	213.160000	45.846750
14.700000	216.090000	45.924085
14.800000	219.040000	45.997506
14.900000	222.010000	46.067014
15.000000	225.000000	46.132612
15.100000	228.010000	46.194304
15.200000	231.040000	46.252092
15.300000	234.090000	46.305982
15.400000	237.160000	46.355977
15.500000	240.250000	46.402082
15.600000	243.360000	46.444304
15.700000	246.490000	46.482648
15.800000	249.640000	46.517120
15.900000	252.810000	46.547727
16.000000	256.000000	46.574477
16.100000	259.210000	46.597377
16.200000	262.440000	46.616435
16.300000	265.690000	46.631660
16.400000	268.960000	46.643061
16.500000	272.250000	46.650648
16.600000	275.560000	46.654431
16.700000	278.890000	46.654419
16.800000	282.240000	46.650624
16.900000	285.610000	46.643057
17.000000	289.000000	46.631729
17.100000	292.410000	46.616654
17.200000	295.840000	46.597843
17.300000	299.290000	46.575309
17.400000	302.760000	46.549066
17.500000	306.250000	46.519128
17.600000	309.760000	46.485508
17.700000	313.290000	46.448223
17.800000	316.840000	46.407285
17.900000	320.410000	46.362713
18.000000	324.000000	46.314520
18.100000	327.610000	46.262724
18.200000	331.240000	46.207341
18.300000	334.890000	46.148388
18.400000	338.560000	46.085884
18.500000	342.250000	46.019845
18.600000	345.960000	45.950291
18.700000	349.690000	45.877240
18.800000	353.440000	45.800710
18.900000	357.210000	45.720723
19.000000	361.000000	45.637297
19.100000	364.810000	45.550453
19.200000	368.640000	45.460212
19.300000	372.490000	45.366595
19.400000	376.360000	45.269622
19.500000	380.250000	45.169317
19.600000	384.160000	45.065700
19.700000	388.090000	44.958795
19.800000	392.040000	44.848625
19.900000	396.010000	44.735212
20.000000	400.000000	44.618581
20.100000	404.010000	44.498755
20.200000	408.040000	44.375758
20.300000	412.090000	44.249616
20.400000	416.160000	44.120353
20.500000	420.250000	43.987995
20.600000	424.360000	43.852566
20.700000	428.490000	43.714094
20.800000	432.640000	43.572605
20.900000	436.810000	43.428124
21.000000	441.000000	43.280680
21.100000	445.210000	43.130299
21.200000	449.440000	42.977009
21.300000	453.690000	42.820837
21.400000	457.960000	42.661813
21.500000	462.250000	42.499964
21.600000	466.560000	42.335319
21.700000	470.890000	42.167908
21.800000	475.240000	41.997759
21.900000	479.610000	41.824902
22.000000	484.000000	41.649367
22.100000	488.410000	41.471185
22.200000	492.840000	41.290385
22.300000	497.290000	41.106999
22.400000	501.760000	40.921057
22.500000	506.250000	40.732591
22.600000	510.760000	40.541632
22.700000	515.290000	40.348212
22.800000	519.840000	40.152363
22.900000	524.410000	39.954116
23.000000	529.000000	39.753505
23.100000	533.610000	39.550562
23.200000	538.240000	39.345321
23.300000	542.890000	39.137813
23.400000	547.560000	38.928072
23.500000	552.250000	38.716133
23.600000	556.960000	38.502028
23.700000	561.690000	38.285792
23.800000	566.440000	38.067459
23.900000	571.210000	37.847063
24.000000	576.000000	37.624638
24.100000	580.810000	37.400220
24.200000	585.640000	37.173843
24.300000	590.490000	36.945542
24.400000	595.360000	36.715353
24.500000	600.250000	36.483311
24.600000	605.160000	36.249451
24.700000	610.090000	36.013809
24.800000	615.040000	35.776421
24.900000	620.010000	35.537323
25.000000	625.000000	35.296550
25.100000	630.010000	35.054141
25.200000	635.040000	34.810129
25.300000	640.090000	34.564554
25.400000	645.160000	34.317449
25.500000	650.250000	34.068854
25.600000	655.360000	33.818804
25.700000	660.490000	33.567336
25.800000	665.640000	33.314487
25.900000	670.810000	33.060295
26.000000	676.000000	32.804797
26.100000	681.210000	32.548030
26.200000	686.440000	32.290032
26.300000	691.690000	32.030839
26.400000	696.960000	31.770490
26.500000	702.250000	31.509022
26.600000	707.560000	31.246473
26.700000	712.890000	30.982880
26.800000	718.240000	30.718282
26.900000	723.610000	30.452715
27.000000	729.000000	30.186219
27.100000	734.410000	29.918830
27.200000	739.840000	29.650587
27.300000	745.290000	29.381527
27.400000	750.760000	29.111689
27.500000	756.250000	28.841111
27.600000	761.760000	28.569830
27.700000	767.290000	28.297884
27.800000	772.840000	28.025312
27.900000	778.410000	27.752152
28.000000	784.000000	27.478440
28.100000	789.610000	27.204216
28.200000	795.240000	26.929517
28.300000	800.890000	26.654381
28.400000	806.560000	26.378846
28.500000	812.250000	26.102949
28.600000	817.960000	25.826729
28.700000	823.690000	25.550223
28.800000	829.440000	25.273469
28.900000	835.210000	24.996504
29.000000	841.000000	24.719367
29.100000	846.810000	24.442093
29.200000	852.640000	24.164722
29.300000	858.490000	23.887290
29.400000	864.360000	23.609834
29.500000	870.250000	23.332392
29.600000	876.160000	23.055000
29.700000	882.090000	22.777696
29.800000	888.040000	22.500516
29.900000	894.010000	22.223498
30.000000	900.000000	21.946678
30.100000	906.010000	21.670092
30.200000	912.040000	21.393777
30.300000	918.090000	21.117769
30.400000	924.160000	20.842104
30.500000	930.250000	20.566819
30.600000	936.360000	20.291949
30.700000	942.490000	20.017530
30.800000	948.640000	19.743598
30.900000	954.810000	19.470187
31.000000	961.000000	19.197334
31.100000	967.210000	18.925073
31.200000	973.440000	18.653439
31.300000	979.690000	18.382468
31.400000	985.960000	18.112194
31.500000	992.250000	17.842650
31.600000	998.560000	17.573872
31.700000	1004.890000	17.305894
31.800000	1011.240000	17.038749
31.900000	1017.610000	16.772470
32.000000	1024.000000	16.507093
32.100000	1030.410000	16.242649
32.200000	1036.840000	15.979172
32.300000	1043.290000	15.716694
32.400000	1049.760000	15.455249
32.500000	1056.250000	15.194868
32.600000	1062.760000	14.935585
32.700000	1069.290000	14.677430
32.800000	1075.840000	14.420435
32.900000	1082.410000	14.164632
33.000000	1089.000000	13.910053
33.100000	1095.610000	13.656727
33.200000	1102.240000	13.404687
33.300000	1108.890000	13.153962
33.400000	1115.560000	12.904582
33.500000	1122.250000	12.656578
33.600000	1128.960000	12.409979
33.700000	1135.690000	12.164815
33.800000	1142.440000	11.921114
33.900000	1149.210000	11.678906
34.000000	1156.000000	11.438220
34.100000	1162.810000	11.199083
34.200000	1169.640000	10.961524
34.300000	1176.490000	10.725570
34.400000	1183.360000	10.491248
34.500000	1190.250000	10.258587
34.600000	1197.160000	10.027613
34.700000	1204.090000	9.798352
34.800000	1211.040000	9.570830
34.900000	1218.010000	9.345075
35.000000	1225.000000	9.121110
35.100000	1232.010000	8.898962
35.200000	1239.040000	8.678655
35.300000	1246.090000	8.460215
35.400000	1253.160000	8.243665
35.500000	1260.250000	8.029030
35.600000	1267.360000	7.816333
35.700000	1274.490000	7.605597
35.800000	1281.640000	7.396847
35.900000	1288.810000	7.190103
36.000000	1296.000000	6.985390
36.100000	1303.210000	6.782728
36.200000	1310.440000	6.582139
36.300000	1317.690000	6.383646
36.400000	1324.960000	6.187268
36.500000	1332.250000	5.993026
36.600000	1339.560000	5.800941
36.700000	1346.890000	5.611033
36.800000	1354.240000	5.423321
36.900000	1361.610000	5.237824
37.000000	1369.000000	5.054561
37.100000	1376.410000	4.873550
37.200000	1383.840000	4.694811
37.300000	1391.290000	4.518360
37.400000	1398.760000	4.344214
37.500000	1406.250000	4.172392
37.600000	1413.760000	4.002909
37.700000	1421.290000	3.835782
37.800000	1428.840000	3.671026
37.900000	1436.410000	3.508657
38.000000	1444.000000	3.348691
38.100000	1451.610000	3.191141
38.200000	1459.240000	3.036023
38.300000	1466.890000	2.883350
38.400000	1474.560000	2.733136
38.500000	1482.250000	2.585393
38.600000	1489.960000	2.440136
38.700000	1497.690000	2.297376
38.800000	1505.440000	2.157125
38.900000	1513.210000	2.019395
39.000000	1521.000000	1.884197
39.100000	1528.810000	1.751542
39.200000	1536.640000	1.621441
39.300000	1544.490000	1.493903
39.400000	1552.360000	1.368938
39.500000	1560.250000	1.246556
39.600000	1568.160000	1.126766
39.700000	1576.090000	1.009575
39.800000	1584.040000	0.894992
39.900000	1592.010000	0.783025
40.000000	1600.000000	0.673681
40.100000	1608.010000	0.566966
40.200000	1616.040000	0.462888
40.300000	1624.090000	0.361452
40.400000	1632.160000	0.262665
40.500000	1640.250000	0.166531
40.600000	1648.360000	0.073055
40.700000	1656.490000	-0.017758
40.800000	1664.640000	-0.105904
40.900000	1672.810000	-0.191380
41.000000	1681.000000	-0.274181
41.100000	1689.210000	-0.354306
41.200000	1697.440000	-0.431752
41.300000	1705.690000	-0.506515
41.400000	1713.960000	-0.578596
41.500000	1722.250000	-0.647993
41.600000	1730.560000	-0.714704
41.700000	1738.890000	-0.778729
41.800000	1747.240000	-0.840068
41.900000	1755.610000	-0.898721
42.000000	1764.000000	-0.954689
42.100000	1772.410000	-1.007973
42.200000	1780.840000	-1.058575
42.300000	1789.290000	-1.106496
42.400000	1797.760000	-1.151738
42.500000	1806.250000	-1.194305
42.600000	1814.760000	-1.234198
42.700000	1823.290000	-1.271422
42.800000	1831.840000	-1.305980
42.900000	1840.410000	-1.337877
43.000000	1849.000000	-1.367117
43.100000	1857.610000	-1.393705
43.200000	1866.240000	-1.417646
43.300000	1874.890000	-1.438946
43.400000	1883.560000	-1.457611
43.500000	1892.250000	-1.473647
43.600000	1900.960000	-1.487062
43.700000	1909.690000	-1.497862
43.800000	1918.440000	-1.506056
43.900000	1927.210000	-1.511650
44.000000	1936.000000	-1.514653
44.100000	1944.810000	-1.515075
44.200000	1953.640000	-1.512923
44.300000	1962.490000	-1.508208
44.400000	1971.360000	-1.500939
44.500000	1980.250000	-1.491127
44.600000	1989.160000	-1.478781
44.700000	1998.090000	-1.463913
44.800000	2007.040000	-1.446533
44.900000	2016.010000	-1.426654
45.000000	2025.000000	-1.404287
45.100000	2034.010000	-1.379444
45.200000	2043.040000	-1.352138
45.300000	2052.090000	-1.322382
45.400000	2061.160000	-1.290189
45.500000	2070.250000	-1.255573
45.600000	2079.360000	-1.218547
45.700000	2088.490000	-1.179127
45.800000	2097.640000	-1.137325
45.900000	2106.810000	-1.093158
46.000000	2116.000000	-1.046640
46.100000	2125.210000	-0.997787
46.200000	2134.440000	-0.946615
46.300000	2143.690000	-0.893141
46.400000	2152.960000	-0.837379
46.500000	2162.250000	-0.779348
46.600000	2171.560000	-0.719064
46.700000	2180.890000	-0.656545
46.800000	2190.240000	-0.591808
46.900000	2199.610000	-0.524872
47.000000	2209.000000	-0.455755
47.100000	2218.410000	-0.384474
47.200000	2227.840000	-0.311050
47.300000	2237.290000	-0.235501
47.400000	2246.760000	-0.157847
47.500000	2256.250000	-0.078106
47.600000	2265.760000	0.003699
47.700000	2275.290000	0.087551
47.800000	2284.840000	0.173427
47.900000	2294.410000	0.261308
48.000000	2304.000000	0.351171
48.100000	2313.610000	0.442997
48.200000	2323.240000	0.536764
48.300000	2332.890000	0.632448
48.400000	2342.560000	0.730030
48.500000	2352.250000	0.829486
48.600000	2361.960000	0.930794
48.700000	2371.690000	1.033931
48.800000	2381.440000	1.138874
48.900000	2391.210000	1.245601
49.000000	2401.000000	1.354087
49.100000	2410.810000	1.464309
49.200000	2420.640000	1.576243
49.300000	2430.490000	1.689865
49.400000	2440.360000	1.805151
49.500000	2450.250000	1.922077
49.600000	2460.160000	2.040617
49.700000	2470.090000	2.160748
49.800000	2480.040000	2.282443
49.900000	2490.010000	2.405677
50.000000	2500.000000	2.530426
50.100000	2510.010000	2.656664
50.200000	2520.040000	2.784364
50.300000	2530.090000	2.913502
50.400000	2540.160000	3.044050
50.500000	2550.250000	3.175983
50.600000	2560.360000	3.309274
50.700000	2570.490000	3.443896
50.800000	2580.640000	3.579823
50.900000	2590.810000	3.717028
51.000000	2601.000000	3.855485
51.100000	2611.210000	3.995165
51.200000	2621.440000	4.136041
51.300000	2631.690000	4.278087
51.400000	2641.960000	4.421274
51.500000	2652.250000	4.565575
51.600000	2662.560000	4.710962
51.700000	2672.890000	4.857407
51.800000	2683.240000	5.004883
51.900000	2693.610000	5.153361
52.000000	2704.000000	5.302812
52.100000	2714.410000	5.453210
52.200000	2724.840000	5.604525
52.300000	2735.290000	5.756728
52.400000	2745.760000	5.909792
52.500000	2756.250000	6.063688
52.600000	2766.760000	6.218387
52.700000	2777.290000	6.373859
52.800000	2787.840000	6.530078
52.900000	2798.410000	6.687013
53.000000	2809.000000	6.844635
53.100000	2819.610000	7.002917
53.200000	2830.240000	7.161828
53.300000	2840.890000	7.321339
53.400000	2851.560000	7.481422
53.500000	2862.250000	7.642047
53.600000	2872.960000	7.803186
53.700000	2883.690000	7.964808
53.800000	2894.440000	8.126885
53.900000	2905.210000	8.289388
54.000000	2916.000000	8.452287
54.100000	2926.810000	8.615553
54.200000	2937.640000	8.779157
54.300000	2948.490000	8.943069
54.400000	2959.360000	9.107261
54.500000	2970.250000	9.271703
54.600000	2981.160000	9.436366
54.700000	2992.090000	9.601221
54.800000	3003.040000	9.766239
54.900000	3014.010000	9.931390
55.000000	3025.000000	10.096645
55.100000	3036.010000	10.261976
55.200000	3047.040000	10.427353
55.300000	3058.090000	10.592748
55.400000	3069.160000	10.758131
55.500000	3080.250000	10.923473
55.600000	3091.360000	11.088747
55.700000	3102.490000	11.253923
55.800000	3113.640000	11.418972
55.900000	3124.810000	11.583866
56.000000	3136.000000	11.748576
56.100000	3147.210000	11.913074
56.200000	3158.440000	12.077332
56.300000	3169.690000	12.241321
56.400000	3180.960000	12.405013
56.500000	3192.250000	12.568380
56.600000	3203.560000	12.731395
56.700000	3214.890000	12.894028
56.800000	3226.240000	13.056253
56.900000	3237.610000	13.218042
57.000000	3249.000000	13.379367
57.100000	3260.410000	13.540200
57.200000	3271.840000	13.700516
57.300000	3283.290000	13.860286
57.400000	3294.760000	14.019483
57.500000	3306.250000	14.178081
57.600000	3317.760000	14.336053
57.700000	3329.290000	14.493372
57.800000	3340.840000	14.650011
57.900000	3352.410000	14.805945
58.000000	3364.000000	14.961148
58.100000	3375.610000	15.115593
58.200000	3387.240000	15.269254
58.300000	3398.890000	15.422107
58.400000	3410.560000	15.574125
58.500000	3422.250000	15.725283
58.600000	3433.960000	15.875556
58.700000	3445.690000	16.024919
58.800000	3457.440000	16.173347
58.900000	3469.210000	16.320817
59.000000	3481.000000	16.467302
59.100000	3492.810000	16.612780
59.200000	3504.640000	16.757226
59.300000	3516.490000	16.900617
59.400000	3528.360000	17.042928
59.500000	3540.250000	17.184137
59.600000	3552.160000	17.324220
59.700000	3564.090000	17.463155
59.800000	3576.040000	17.600919
59.900000	3588.010000	17.737489
60.000000	3600.000000	17.872842
60.100000	3612.010000	18.006958
60.200000	3624.040000	18.139814
60.300000	3636.090000	18.271389
60.400000	3648.160000	18.401660
60.500000	3660.250000	18.530608
60.600000	3672.360000	18.658211
60.700000	3684.490000	18.784449
60.800000	3696.640000	18.909301
60.900000	3708.810000	19.032747
61.000000	3721.000000	19.154768
61.100000	3733.210000	19.275343
61.200000	3745.440000	19.394454
61.300000	3757.690000	19.512081
61.400000	3769.960000	19.628206
61.500000	3782.250000	19.742809
61.600000	3794.560000	19.855874
61.700000	3806.890000	19.967381
61.800000	3819.240000	20.077312
61.900000	3831.610000	20.185652
62.000000	3844.000000	20.292382
62.100000	3856.410000	20.397485
62.200000	3868.840000	20.500945
62.300000	3881.290000	20.602745
62.400000	3893.760000	20.702870
62.500000	3906.250000	20.801304
62.600000	3918.760000	20.898031
62.700000	3931.290000	20.993036
62.800000	3943.840000	21.086304
62.900000	3956.410000	21.177821
63.000000	3969.000000	21.267573
63.100000	3981.610000	21.355544
63.200000	3994.240000	21.441723
63.300000	4006.890000	21.526095
63.400000	4019.560000	21.608647
63.500000	4032.250000	21.689367
63.600000	4044.960000	21.768242
63.700000	4057.690000	21.845259
63.800000	4070.440000	21.920409
63.900000	4083.210000	21.993677
64.000000	4096.000000	22.065055
64.100000	4108.810000	22.134530
64.200000	4121.640000	22.202092
64.300000	4134.490000	22.267731
64.400000	4147.360000	22.331436
64.500000	4160.250000	22.393199
64.600000	4173.160000	22.453011
64.700000	4186.090000	22.510861
64.800000	4199.040000	22.566742
64.900000	4212.010000	22.620645
65.000000	4225.000000	22.672562
65.100000	4238.010000	22.722485
65.200000	4251.040000	22.770408
65.300000	4264.090000	22.816323
65.400000	4277.160000	22.860224
65.500000	4290.250000	22.902104
65.600000	4303.360000	22.941957
65.700000	4316.490000	22.979778
65.800000	4329.640000	23.015561
65.900000	4342.810000	23.049301
66.000000	4356.000000	23.080993
66.100000	4369.210000	23.110634
66.200000	4382.440000	23.138219
66.300000	4395.690000	23.163744
66.400000	4408.960000	23.187207
66.500000	4422.250000	23.208603
66.600000	4435.560000	23.227931
66.700000	4448.890000	23.245188
66.800000	4462.240000	23.260372
66.900000	4475.610000	23.273481
67.000000	4489.000000	23.284514
67.100000	4502.410000	23.293470
67.200000	4515.840000	23.300348
67.300000	4529.290000	23.305148
67.400000	4542.760000	23.307870
67.500000	4556.250000	23.308514
67.600000	4569.760000	23.307081
67.700000	4583.290000	23.303571
67.800000	4596.840000	23.297987
67.900000	4610.410000	23.290329
68.000000	4624.000000	23.280599
68.100000	4637.610000	23.268801
68.200000	4651.240000	23.254935
68.300000	4664.890000	23.239007
68.400000	4678.560000	23.221017
68.500000	4692.250000	23.200971
68.600000	4705.960000	23.178872
68.700000	4719.690000	23.154724
68.800000	4733.440000	23.128532
68.900000	4747.210000	23.100301
69.000000	4761.000000	23.070035
69.100000	4774.810000	23.037741
69.200000	4788.640000	23.003424
69.300000	4802.490000	22.967090
69.400000	4816.360000	22.928746
69.500000	4830.250000	22.888398
69.600000	4844.160000	22.846053
69.700000	4858.090000	22.801720
69.800000	4872.040000	22.755405
69.900000	4886.010000	22.707117
70.000000	4900.000000	22.656863
70.100000	4914.010000	22.604653
70.200000	4928.040000	22.550496
70.300000	4942.090000	22.494399
70.400000	4956.160000	22.436374
70.500000	4970.250000	22.376430
70.600000	4984.360000	22.314576
70.700000	4998.490000	22.250824
70.800000	5012.640000	22.185183
70.900000	5026.810000	22.117666
71.000000	5041.000000	22.048282
71.100000	5055.210000	21.977045
71.200000	5069.440000	21.903964
71.300000	5083.690000	21.829054
71.400000	5097.960000	21.752325
71.500000	5112.250000	21.673790
71.600000	5126.560000	21.593463
71.700000	5140.890000	21.511357
71.800000	5155.240000	21.427485
71.900000	5169.610000	21.341861
72.000000	5184.000000	21.254498
72.100000	5198.410000	21.165412
72.200000	5212.840000	21.074616
72.300000	5227.290000	20.982125
72.400000	5241.760000	20.887955
72.500000	5256.250000	20.792120
72.600000	5270.760000	20.694637
72.700000	5285.290000	20.595521
72.800000	5299.840000	20.494787
72.900000	5314.410000	20.392452
73.000000	5329.000000	20.288533
73.100000	5343.610000	20.183047
73.200000	5358.240000	20.076010
73.300000	5372.890000	19.967439
73.400000	5387.560000	19.857352
73.500000	5402.250000	19.745767
73.600000	5416.960000	19.632701
73.700000	5431.690000	19.518172
73.800000	5446.440000	19.402199
73.900000	5461.210000	19.284801
74.000000	5476.000000	19.165995
74.100000	5490.810000	19.045801
74.200000	5505.640000	18.924238
74.300000	5520.490000	18.801326
74.400000	5535.360000	18.677083
74.500000	5550.250000	18.551529
74.600000	5565.160000	18.424685
74.700000	5580.090000	18.296570
74.800000	5595.040000	18.167205
74.900000	5610.010000	18.036610
75.000000	5625.000000	17.904805
75.100000	5640.010000	17.771812
75.200000	5655.040000	17.637651
75.300000	5670.090000	17.502344
75.400000	5685.160000	17.365912
75.500000	5700.250000	17.228376
75.600000	5715.360000	17.089757
75.700000	5730.490000	16.950079
75.800000	5745.640000	16.809361
75.900000	5760.810000	16.667627
76.000000	5776.000000	16.524899
76.100000	5791.210000	16.381199
76.200000	5806.440000	16.236549
76.300000	5821.690000	16.090972
76.400000	5836.960000	15.944490
76.500000	5852.250000	15.797127
76.600000	5867.560000	15.648906
76.700000	5882.890000	15.499849
76.800000	5898.240000	15.349979
76.900000	5913.610000	15.199320
77.000000	5929.000000	15.047896
77.100000	5944.410000	14.895730
77.200000	5959.840000	14.742845
77.300000	5975.290000	14.589264
77.400000	5990.760000	14.435013
77.500000	6006.250000	14.280114
77.600000	6021.760000	14.124592
77.700000	6037.290000	13.968470
77.800000	6052.840000	13.811773
77.900000	6068.410000	13.654524
78.000000	6084.000000	13.496749
78.100000	6099.610000	13.338471
78.200000	6115.240000	13.179714
78.300000	6130.890000	13.020503
78.400000	6146.560000	12.860863
78.500000	6162.250000	12.700817
78.600000	6177.960000	12.540391
78.700000	6193.690000	12.379609
78.800000	6209.440000	12.218496
78.900000	6225.210000	12.057075
79.000000	6241.000000	11.895373
79.100000	6256.810000	11.733413
79.200000	6272.640000	11.571220
79.300000	6288.490000	11.408819
79.400000	6304.360000	11.246235
79.500000	6320.250000	11.083493
79.600000	6336.160000	10.920616
79.700000	6352.090000	10.757631
79.800000	6368.040000	10.594561
79.900000	6384.010000	10.431432
80.000000	6400.000000	10.268267
80.100000	6416.010000	10.105093
80.200000	6432.040000	9.941933
80.300000	6448.090000	9.778812
80.400000	6464.160000	9.615756
80.500000	6480.250000	9.452787
80.600000	6496.360000	9.289932
80.700000	6512.490000	9.127214
80.800000	6528.640000	8.964658
80.900000	6544.810000	8.802289
81.000000	6561.000000	8.640131
81.100000	6577.210000	8.478208
81.200000	6593.440000	8.316545
81.300000	6609.690000	8.155165
81.400000	6625.960000	7.994093
81.500000	6642.250000	7.833354
81.600000	6658.560000	7.672970
81.700000	6674.890000	7.512967
81.800000	6691.240000	7.353368
81.900000	6707.610000	7.194196
82.000000	6724.000000	7.035476
82.100000	6740.410000	6.877230
82.200000	6756.840000	6.719484
82.300000	6773.290000	6.562259
82.400000	6789.760000	6.405580
82.500000	6806.250000	6.249469
82.600000	6822.760000	6.093950
82.700000	6839.290000	5.939045
82.800000	6855.840000	5.784778
82.900000	6872.410000	5.631172
83.000000	6889.000000	5.478248
83.100000	6905.610000	5.326030
83.200000	6922.240000	5.174540
83.300000	6938.890000	5.023800
83.400000	6955.560000	4.873832
83.500000	6972.250000	4.724658
83.600000	6988.960000	4.576301
83.700000	7005.690000	4.428781
83.800000	7022.440000	4.282121
83.900000	7039.210000	4.136342
84.000000	7056.000000	3.991464
84.100000	7072.810000	3.847510
84.200000	7089.640000	3.704500
84.300000	7106.490000	3.562454
84.400000	7123.360000	3.421395
84.500000	7140.250000	3.281340
84.600000	7157.160000	3.142312
84.700000	7174.090000	3.004330
84.800000	7191.040000	2.867414
84.900000	7208.010000	2.731584
85.000000	7225.000000	2.596860
85.100000	7242.010000	2.463260
85.200000	7259.040000	2.330803
85.300000	7276.090000	2.199510
85.400000	7293.160000	2.069398
85.500000	7310.250000	1.940486
85.600000	7327.360000	1.812792
85.700000	7344.490000	1.686335
85.800000	7361.640000	1.561133
85.900000	7378.810000	1.437203
86.000000	7396.000000	1.314563
86.100000	7413.210000	1.193229
86.200000	7430.440000	1.073220
86.300000	7447.690000	0.954552
86.400000	7464.960000	0.837242
86.500000	7482.250000	0.721306
86.600000	7499.560000	0.606760
86.700000	7516.890000	0.493620
86.800000	7534.240000	0.381903
86.900000	7551.610000	0.271623
87.000000	7569.000000	0.162795
87.100000	7586.410000	0.055436
87.200000	7603.840000	-0.050441
87.300000	7621.290000	-0.154821
87.400000	7638.760000	-0.257690
87.500000	7656.250000	-0.359033
87.600000	7673.760000	-0.458837
87.700000	7691.290000	-0.557088
87.800000	7708.840000	-0.653773
87.900000	7726.410000	-0.748879
88.000000	7744.000000	-0.842393
88.100000	7761.610000	-0.934302
88.200000	7779.240000	-1.024595
88.300000	7796.890000	-1.113260
88.400000	7814.560000	-1.200284
88.500000	7832.250000	-1.285656
88.600000	7849.960000	-1.369365
88.700000	7867.690000	-1.451401
88.800000	7885.440000	-1.531751
88.900000	7903.210000	-1.610407
89.000000	7921.000000	-1.687357
89.100000	7938.810000	-1.762593
89.200000	7956.640000	-1.836104
89.300000	7974.490000	-1.907881
89.400000	7992.360000	-1.977915
89.500000	8010.250000	-2.046197
89.600000	8028.160000	-2.112720
89.700000	8046.090000	-2.177475
89.800000	8064.040000	-2.240453
89.900000	8082.010000	-2.301648
90.000000	8100.000000	-2.361051
90.100000	8118.010000	-2.418657
90.200000	8136.040000	-2.474458
90.300000	8154.090000	-2.528447
90.400000	8172.160000	-2.580619
90.500000	8190.250000	-2.630968
90.600000	8208.360000	-2.679488
90.700000	8226.490000	-2.726174
90.800000	8244.640000	-2.771021
90.900000	8262.810000	-2.814023
91.000000	8281.000000	-2.855177
91.100000	8299.210000	-2.894479
91.200000	8317.440000	-2.931925
91.300000	8335.690000	-2.967510
91.400000	8353.960000	-3.001233
91.500000	8372.250000	-3.033089
91.600000	8390.560000	-3.063076
91.700000	8408.890000	-3.091192
91.800000	8427.240000	-3.117436
91.900000	8445.610000	-3.141804
92.000000	8464.000000	-3.164295
92.100000	8482.410000	-3.184909
92.200000	8500.840000	-3.203644
92.300000	8519.290000	-3.220500
92.400000	8537.760000	-3.235476
92.500000	8556.250000	-3.248573
92.600000	8574.760000	-3.259790
92.700000	8593.290000	-3.269129
92.800000	8611.840000	-3.276590
92.900000	8630.410000	-3.282174
93.000000	8649.000000	-3.285883
93.100000	8667.610000	-3.287718
93.200000	8686.240000	-3.287682
93.300000	8704.890000	-3.285777
93.400000	8723.560000	-3.282005
93.500000	8742.250000	-3.276369
93.600000	8760.960000	-3.268873
93.700000	8779.690000	-3.259520
93.800000	8798.440000	-3.248313
93.900000	8817.210000	-3.235257
94.000000	8836.000000	-3.220357
94.100000	8854.810000	-3.203616
94.200000	8873.640000	-3.185040
94.300000	8892.490000	-3.164634
94.400000	8911.360000	-3.142403
94.500000	8930.250000	-3.118354
94.600000	8949.160000	-3.092491
94.700000	8968.090000	-3.064822
94.800000	8987.040000	-3.035353
94.900000	9006.010000	-3.004091
95.000000	9025.000000	-2.971043
95.100000	9044.010000	-2.936216
95.200000	9063.040000	-2.899619
95.300000	9082.090000	-2.861258
95.400000	9101.160000	-2.821143
95.500000	9120.250000	-2.779282
95.600000	9139.360000	-2.735684
95.700000	9158.490000	-2.690357
95.800000	9177.640000	-2.643311
95.900000	9196.810000	-2.594556
96.000000	9216.000000	-2.544101
96.100000	9235.210000	-2.491956
96.200000	9254.440000	-2.438133
96.300000	9273.690000	-2.382640
96.400000	9292.960000	-2.325490
96.500000	9312.250000	-2.266693
96.600000	9331.560000	-2.206261
96.700000	9350.890000	-2.144205
96.800000	9370.240000	-2.080537
96.900000	9389.610000	-2.015269
97.000000	9409.000000	-1.948413
97.100000	9428.410000	-1.879983
97.200000	9447.840000	-1.809991
97.300000	9467.290000	-1.738449
97.400000	9486.760000	-1.665371
97.500000	9506.250000	-1.590771
97.600000	9525.760000	-1.514663
97.700000	9545.290000	-1.437060
97.800000	9564.840000	-1.357976
97.900000	9584.410000	-1.277426
98.000000	9604.000000	-1.195424
98.100000	9623.610000	-1.111986
98.200000	9643.240000	-1.027127
98.300000	9662.890000	-0.940861
98.400000	9682.560000	-0.853204
98.500000	9702.250000	-0.764171
98.600000	9721.960000	-0.673780
98.700000	9741.690000	-0.582045
98.800000	9761.440000	-0.488983
98.900000	9781.210000	-0.394611
99.000000	9801.000000	-0.298945
99.100000	9820.810000	-0.202002
99.200000	9840.640000	-0.103798
99.300000	9860.490000	-0.004353
99.400000	9880.360000	0.096319
99.500000	9900.250000	0.198197
99.600000	9920.160000	0.301266
99.700000	9940.090000	0.405507
99.800000	9960.040000	0.510902
99.900000	9980.010000	0.617432
100.000000	10000.000000	0.725079
100.100000	10020.010000	0.833825
100.200000	10040.040000	0.943651
100.300000	10060.090000	1.054538
100.400000	10080.160000	1.166466
100.500000	10100.250000	1.279417
100.600000	10120.360000	1.393372
100.700000	10140.490000	1.508310
100.800000	10160.640000	1.624212
100.900000	10180.810000	1.741058
101.000000	10201.000000	1.858828
101.100000	10221.210000	1.977503
101.200000	10241.440000	2.097062
101.300000	10261.690000	2.217485
101.400000	10281.960000	2.338751
101.500000	10302.250000	2.460840
101.600000	10322.560000	2.583731
101.700000	10342.890000	2.707404
101.800000	10363.240000	2.831837
101.900000	10383.610000	2.957010
102.000000	10404.000000	3.082901
102.100000	10424.410000	3.209489
102.200000	10444.840000	3.336754
102.300000	10465.290000	3.464673
102.400000	10485.760000	3.593225
102.500000	10506.250000	3.722389
102.600000	10526.760000	3.852144
102.700000	10547.290000	3.982466
102.800000	10567.840000	4.113335
102.900000	10588.410000	4.244729
103.000000	10609.000000	4.376626
103.100000	10629.610000	4.509003
103.200000	10650.240000	4.641840
103.300000	10670.890000	4.775113
103.400000	10691.560000	4.908801
103.500000	10712.250000	5.042882
103.600000	10732.960000	5.177332
103.700000	10753.690000	5.312131
103.800000	10774.440000	5.447255
103.900000	10795.210000	5.582683
104.000000	10816.000000	5.718392
104.100000	10836.810000	5.854359
104.200000	10857.640000	5.990562
104.300000	10878.490000	6.126979
104.400000	10899.360000	6.263587
104.500000	10920.250000	6.400364
104.600000	10941.160000	6.537287
104.700000	10962.090000	6.674334
104.800000	10983.040000	6.811482
104.900000	11004.010000	6.948709
105.000000	11025.000000	7.085992
105.100000	11046.010000	7.223309
105.200000	11067.040000	7.360637
105.300000	11088.090000	7.497953
105.400000	11109.160000	7.635236
105.500000	11130.250000	7.772463
105.600000	11151.360000	7.909612
105.700000	11172.490000	8.046660
105.800000	11193.640000	8.183584
105.900000	11214.810000	8.320363
106.000000	11236.000000	8.456974
106.100000	11257.210000	8.593395
106.200000	11278.440000	8.729604
106.300000	11299.690000	8.865578
106.400000	11320.960000	9.001296
106.500000	11342.250000	9.136736
106.600000	11363.560000	9.271875
106.700000	11384.890000	9.406691
106.800000	11406.240000	9.541164
106.900000	11427.610000	9.675271
107.000000	11449.000000	9.808990
107.100000	11470.410000	9.942300
107.200000	11491.840000	10.075179
107.300000	11513.290000	10.207606
107.400000	11534.760000	10.339559
107.500000	11556.250000	10.471017
107.600000	11577.760000	10.601960
107.700000	11599.290000	10.732365
107.800000	11620.840000	10.862212
107.900000	11642.410000	10.991480
108.000000	11664.000000	11.120148
108.100000	11685.610000	11.248196
108.200000	11707.240000	11.375602
108.300000	11728.890000	11.502347
108.400000	11750.560000	11.628410
108.500000	11772.250000	11.753772
108.600000	11793.960000	11.878411
108.700000	11815.690000	12.002307
108.800000	11837.440000	12.125442
108.900000	11859.210000	12.247796
109.000000	11881.000000	12.369348
109.100000	11902.810000	12.490080
109.200000	11924.640000	12.609972
109.300000	11946.490000	12.729005
109.400000	11968.360000	12.847160
109.500000	11990.250000	12.964418
109.600000	12012.160000	13.080761
109.700000	12034.090000	13.196169
109.800000	12056.040000	13.310626
109.900000	12078.010000	13.424112
110.000000	12100.000000	13.536609
110.100000	12122.010000	13.648101
110.200000	12144.040000	13.758568
110.300000	12166.090000	13.867993
110.400000	12188.160000	13.976360
110.500000	12210.250000	14.083650
110.600000	12232.360000	14.189848
110.700000	12254.490000	14.294935
110.800000	12276.640000	14.398897
110.900000	12298.810000	14.501715
111.000000	12321.000000	14.603375
111.100000	12343.210000	14.703859
111.200000	12365.440000	14.803152
111.300000	12387.690000	14.901239
111.400000	12409.960000	14.998104
111.500000	12432.250000	15.093731
111.600000	12454.560000	15.188106
111.700000	12476.890000	15.281215
111.800000	12499.240000	15.373041
111.900000	12521.610000	15.463572
112.000000	12544.000000	15.552792
112.100000	12566.410000	15.640688
112.200000	12588.840000	15.727246
112.300000	12611.290000	15.812453
112.400000	12633.760000	15.896295
112.500000	12656.250000	15.978759
112.600000	12678.760000	16.059832
112.700000	12701.290000	16.139502
112.800000	12723.840000	16.217757
112.900000	12746.410000	16.294584
113.000000	12769.000000	16.369970
113.100000	12791.610000	16.443906
113.200000	12814.240000	16.516378
113.300000	12836.890000	16.587376
113.400000	12859.560000	16.656890
113.500000	12882.250000	16.724907
113.600000	12904.960000	16.791418
113.700000	12927.690000	16.856413
113.800000	12950.440000	16.919881
113.900000	12973.210000	16.981813
114.000000	12996.000000	17.042199
114.100000	13018.810000	17.101030
114.200000	13041.640000	17.158297
114.300000	13064.490000	17.213992
114.400000	13087.360000	17.268105
114.500000	13110.250000	17.320629
114.600000	13133.160000	17.371555
114.700000	13156.090000	17.420877
114.800000	13179.040000	17.468585
114.900000	13202.010000	17.514674
115.000000	13225.000000	17.559137
115.100000	13248.010000	17.601966
115.200000	13271.040000	17.643155
115.300000	13294.090000	17.682698
115.400000	13317.160000	17.720590
115.500000	13340.250000	17.756824
115.600000	13363.360000	17.791396
115.700000	13386.490000	17.824300
115.800000	13409.640000	17.855531
115.900000	13432.810000	17.885086
116.000000	13456.000000	17.912958
116.100000	13479.210000	17.939146
116.200000	13502.440000	17.963644
116.300000	13525.690000	17.986450
116.400000	13548.960000	18.007560
116.500000	13572.250000	18.026972
116.600000	13595.560000	18.044682
116.700000	13618.890000	18.060688
116.800000	13642.240000	18.074989
116.900000	13665.610000	18.087582
117.000000	13689.000000	18.098466
117.100000	13712.410000	18.107640
117.200000	13735.840000	18.115102
117.300000	13759.290000	18.120851
117.400000	13782.760000	18.124889
117.500000	13806.250000	18.127213
117.600000	13829.760000	18.127825
117.700000	13853.290000	18.126724
117.800000	13876.840000	18.123911
117.900000	13900.410000	18.119388
118.000000	13924.000000	18.113155
118.100000	13947.610000	18.105213
118.200000	13971.240000	18.095565
118.300000	13994.890000	18.084212
118.400000	14018.560000	18.071157
118.500000	14042.250000	18.056403
118.600000	14065.960000	18.039951
118.700000	14089.690000	18.021805
118.800000	14113.440000	18.001968
118.900000	14137.210000	17.980445
119.000000	14161.000000	17.957238
119.100000	14184.810000	17.932352
119.200000	14208.640000	17.905792
119.300000	14232.490000	17.877561
119.400000	14256.360000	17.847665
119.500000	14280.250000	17.816109
119.600000	14304.160000	17.782899
119.700000	14328.090000	17.748040
119.800000	14352.040000	17.711538
119.900000	14376.010000	17.673400
120.000000	14400.000000	17.633631
120.100000	14424.010000	17.592239
120.200000	14448.040000	17.549230
120.300000	14472.090000	17.504612
120.400000	14496.160000	17.458393
120.500000	14520.250000	17.410579
120.600000	14544.360000	17.361180
120.700000	14568.490000	17.310202
120.800000	14592.640000	17.257655
120.900000	14616.810000	17.203548
121.000000	14641.000000	17.147889
121.100000	14665.210000	17.090688
121.200000	14689.440000	17.031954
121.300000	14713.690000	16.971697
121.400000	14737.960000	16.909926
121.500000	14762.250000	16.846653
121.600000	14786.560000	16.781886
121.700000	14810.890000	16.715638
121.800000	14835.240000	16.647918
121.900000	14859.610000	16.578738
122.000000	14884.000000	16.508110
122.100000	14908.410000	16.436044
122.200000	14932.840000	16.362553
122.300000	14957.290000	16.287648
122.400000	14981.760000	16.211342
122.500000	15006.250000	16.133647
122.600000	15030.760000	16.054576
122.700000	15055.290000	15.974141
122.800000	15079.840000	15.892356
122.900000	15104.410000	15.809235
123.000000	15129.000000	15.724789
123.100000	15153.610000	15.639034
123.200000	15178.240000	15.551983
123.300000	15202.890000	15.463650
123.400000	15227.560000	15.374049
123.500000	15252.250000	15.283195
123.600000	15276.960000	15.191102
123.700000	15301.690000	15.097786
123.800000	15326.440000	15.003262
123.900000	15351.210000	14.907544
124.000000	15376.000000	14.810648
124.100000	15400.810000	14.712589
124.200000	15425.640000	14.613385
124.300000	15450.490000	14.513049
124.400000	15475.360000	14.411599
124.500000	15500.250000	14.309051
124.600000	15525.160000	14.205421
124.700000	15550.090000	14.100726
124.800000	15575.040000	13.994982
124.900000	15600.010000	13.888207
125.000000	15625.000000	13.780418
125.100000	15650.010000	13.671631
125.200000	15675.040000	13.561865
125.300000	15700.090000	13.451137
125.400000	15725.160000	13.339464
125.500000	15750.250000	13.226865
125.600000	15775.360000	13.113357
125.700000	15800.490000	12.998958
125.800000	15825.640000	12.883687
125.900000	15850.810000	12.767562
126.000000	15876.000000	12.650602
126.100000	15901.210000	12.532825
126.200000	15926.440000	12.414250
126.300000	15951.690000	12.294895
126.400000	15976.960000	12.174781
126.500000	16002.250000	12.053925
126.600000	16027.560000	11.932347
126.700000	16052.890000	11.810067
126.800000	16078.240000	11.687103
126.900000	16103.610000	11.563476
127.000000	16129.000000	11.439205
127.100000	16154.410000	11.314309
127.200000	16179.840000	11.188808
127.300000	16205.290000	11.062723
127.400000	16230.760000	10.936073
127.500000	16256.250000	10.808878
127.600000	16281.760000	10.681159
127.700000	16307.290000	10.552935
127.800000	16332.840000	10.424227
127.900000	16358.410000	10.295055
128.000000	16384.000000	10.165440
128.100000	16409.610000	10.035402
128.200000	16435.240000	9.904961
128.300000	16460.890000	9.774139
128.400000	16486.560000	9.642955
128.500000	16512.250000	9.511430
128.600000	16537.960000	9.379586
128.700000	16563.690000	9.247442
128.800000	16589.440000	9.115020
128.900000	16615.210000	8.982341
129.000000	16641.000000	8.849424
129.100000	16666.810000	8.716293
129.200000	16692.640000	8.582966
129.300000	16718.490000	8.449465
129.400000	16744.360000	8.315811
129.500000	16770.250000	8.182026
129.600000	16796.160000	8.048129
129.700000	16822.090000	7.914142
129.800000	16848.040000	7.780087
129.900000	16874.010000	7.645983
130.000000	16900.000000	7.511852
130.100000	16926.010000	7.377715
130.200000	16952.040000	7.243593
130.300000	16978.090000	7.109507
130.400000	17004.160000	6.975478
130.500000	17030.250000	6.841526
130.600000	17056.360000	6.707673
130.700000	17082.490000	6.573940
130.800000	17108.640000	6.440347
130.900000	17134.810000	6.306915
131.000000	17161.000000	6.173665
131.100000	17187.210000	6.040619
131.200000	17213.440000	5.907795
131.300000	17239.690000	5.775216
131.400000	17265.960000	5.642901
131.500000	17292.250000	5.510872
131.600000	17318.560000	5.379149
131.700000	17344.890000	5.247752
131.800000	17371.240000	5.116702
131.900000	17397.610000	4.986019
132.000000	17424.000000	4.855723
132.100000	17450.410000	4.725834
132.200000	17476.840000	4.596374
132.300000	17503.290000	4.467360
132.400000	17529.760000	4.338815
132.500000	17556.250000	4.210756
132.600000	17582.760000	4.083206
132.700000	17609.290000	3.956182
132.800000	17635.840000	3.829704
132.900000	17662.410000	3.703793
133.000000	17689.000000	3.578467
133.100000	17715.610000	3.453745
133.200000	17742.240000	3.329648
133.300000	17768.890000	3.206194
133.400000	17795.560000	3.083402
133.500000	17822.250000	2.961291
133.600000	17848.960000	2.839879
133.700000	17875.690000	2.719186
133.800000	17902.440000	2.599229
133.900000	17929.210000	2.480028
134.000000	17956.000000	2.361600
134.100000	17982.810000	2.243963
134.200000	18009.640000	2.127136
134.300000	18036.490000	2.011137
134.400000	18063.360000	1.895982
134.500000	18090.250000	1.781690
134.600000	18117.160000	1.668278
134.700000	18144.090000	1.555764
134.800000	18171.040000	1.444164
134.900000	18198.010000	1.333495
135.000000	18225.000000	1.223775
135.100000	18252.010000	1.115019
135.200000	18279.040000	1.007244
135.300000	18306.090000	0.900468
135.400000	18333.160000	0.794705
135.500000	18360.250000	0.689972
135.600000	18387.360000	0.586284
135.700000	18414.490000	0.483658
135.800000	18441.640000	0.382108
135.900000	18468.810000	0.281651
136.000000	18496.000000	0.182300
136.100000	18523.210000	0.084071
136.200000	18550.440000	-0.013021
136.300000	18577.690000	-0.108961
136.400000	18604.960000	-0.203736
136.500000	18632.250000	-0.297332
136.600000	18659.560000	-0.389733
136.700000	18686.890000	-0.480928
136.800000	18714.240000	-0.570901
136.900000	18741.610000	-0.659640
137.000000	18769.000000	-0.747131
137.100000	18796.410000	-0.833362
137.200000	18823.840000	-0.918320
137.300000	18851.290000	-1.001992
137.400000	18878.760000	-1.084366
137.500000	18906.250000	-1.165430
137.600000	18933.760000	-1.245171
137.700000	18961.290000	-1.323580
137.800000	18988.840000	-1.400643
137.900000	19016.410000	-1.476349
138.000000	19044.000000	-1.550688
138.100000	19071.610000	-1.623650
138.200000	19099.240000	-1.695222
138.300000	19126.890000	-1.765395
138.400000	19154.560000	-1.834160
138.500000	19182.250000	-1.901505
138.600000	19209.960000	-1.967422
138.700000	19237.690000	-2.031901
138.800000	19265.440000	-2.094933
138.900000	19293.210000	-2.156508
139.000000	19321.000000	-2.216619
139.100000	19348.810000	-2.275257
139.200000	19376.640000	-2.332413
139.300000	19404.490000	-2.388080
139.400000	19432.360000	-2.442251
139.500000	19460.250000	-2.494916
139.600000	19488.160000	-2.546070
139.700000	19516.090000	-2.595705
139.800000	19544.040000	-2.643815
139.900000	19572.010000	-2.690393
140.000000	19600.000000	-2.735432
140.100000	19628.010000	-2.778928
140.200000	19656.040000	-2.820874
140.300000	19684.090000	-2.861265
140.400000	19712.160000	-2.900095
140.500000	19740.250000	-2.937359
140.600000	19768.360000	-2.973054
140.700000	19796.490000	-3.007174
140.800000	19824.640000	-3.039715
140.900000	19852.810000	-3.070674
141.000000	19881.000000	-3.100046
141.100000	19909.210000	-3.127828
141.200000	19937.440000	-3.154018
141.300000	19965.690000	-3.178611
141.400000	19993.960000	-3.201607
141.500000	20022.250000	-3.223001
141.600000	20050.560000	-3.242792
141.700000	20078.890000	-3.260979
141.800000	20107.240000	-3.277559
141.900000	20135.610000	-3.292532
142.000000	20164.000000	-3.305896
142.100000	20192.410000	-3.317650
142.200000	20220.840000	-3.327794
142.300000	20249.290000	-3.336328
142.400000	20277.760000	-3.343251
142.500000	20306.250000	-3.348564
142.600000	20334.760000	-3.352268
142.700000	20363.290000	-3.354363
142.800000	20391.840000	-3.354849
142.900000	20420.410000	-3.353730
143.000000	20449.000000	-3.351005
143.100000	20477.610000	-3.346677
143.200000	20506.240000	-3.340749
143.300000	20534.890000	-3.333221
143.400000	20563.560000	-3.324097
143.500000	20592.250000	-3.313381
143.600000	20620.960000	-3.301073
143.700000	20649.690000	-3.287180
143.800000	20678.440000	-3.271703
143.900000	20707.210000	-3.254647
144.000000	20736.000000	-3.236015
144.100000	20764.810000	-3.215814
144.200000	20793.640000	-3.194046
144.300000	20822.490000	-3.170717
144.400000	20851.360000	-3.145832
144.500000	20880.250000	-3.119397
144.600000	20909.160000	-3.091417
144.700000	20938.090000	-3.061898
144.800000	20967.040000	-3.030847
144.900000	20996.010000	-2.998269
145.000000	21025.000000	-2.964172
145.100000	21054.010000	-2.928562
145.200000	21083.040000	-2.891447
145.300000	21112.090000	-2.852833
145.400000	21141.160000	-2.812730
145.500000	21170.250000	-2.771144
145.600000	21199.360000	-2.728084
145.700000	21228.490000	-2.683557
145.800000	21257.640000	-2.637574
145.900000	21286.810000	-2.590142
146.000000	21316.000000	-2.541271
146.100000	21345.210000	-2.490970
146.200000	21374.440000	-2.439249
146.300000	21403.690000	-2.386117
146.400000	21432.960000	-2.331585
146.500000	21462.250000	-2.275663
146.600000	21491.560000	-2.218360
146.700000	21520.890000	-2.159689
146.800000	21550.240000	-2.099660
146.900000	21579.610000	-2.038283
147.000000	21609.000000	-1.975571
147.100000	21638.410000	-1.911536
147.200000	21667.840000	-1.846188
147.300000	21697.290000	-1.779540
147.400000	21726.760000	-1.711604
147.500000	21756.250000	-1.642393
147.600000	21785.760000	-1.571919
147.700000	21815.290000	-1.500195
147.800000	21844.840000	-1.427234
147.900000	21874.410000	-1.353050
148.000000	21904.000000	-1.277656
148.100000	21933.610000	-1.201066
148.200000	21963.240000	-1.123293
148.300000	21992.890000	-1.044352
148.400000	22022.560000	-0.964257
148.500000	22052.250000	-0.883022
148.600000	22081.960000	-0.800662
148.700000	22111.690000	-0.717192
148.800000	22141.440000	-0.632627
148.900000	22171.210000	-0.546982
149.000000	22201.000000	-0.460272
149.100000	22230.810000	-0.372513
149.200000	22260.640000	-0.283721
149.300000	22290.490000	-0.193911
149.400000	22320.360000	-0.103100
149.500000	22350.250000	-0.011304
149.600000	22380.160000	0.081462
149.700000	22410.090000	0.175179
149.800000	22440.040000	0.269832
149.900000	22470.010000	0.365404
150.000000	22500.000000	0.461877
150.100000	22530.010000	0.559235
150.200000	22560.040000	0.657460
150.300000	22590.090000	0.756535
150.400000	22620.160000	0.856442
150.500000	22650.250000	0.957163
150.600000	22680.360000	1.058681
150.700000	22710.490000	1.160978
150.800000	22740.640000	1.264035
150.900000	22770.810000	1.367834
151.000000	22801.000000	1.472357
151.100000	22831.210000	1.577586
151.200000	22861.440000	1.683500
151.300000	22891.690000	1.790083
151.400000	22921.960000	1.897315
151.500000	22952.250000	2.005177
151.600000	22982.560000	2.113650
151.700000	23012.890000	2.222715
151.800000	23043.240000	2.332352
151.900000	23073.610000	2.442543
152.000000	23104.000000	2.553267
152.100000	23134.410000	2.664505
152.200000	23164.840000	2.776238
152.300000	23195.290000	2.888445
152.400000	23225.760000	3.001107
152.500000	23256.250000	3.114205
152.600000	23286.760000	3.227717
152.700000	23317.290000	3.341624
152.800000	23347.840000	3.455907
152.900000	23378.410000	3.570543
153.000000	23409.000000	3.685514
153.100000	23439.610000	3.800800
153.200000	23470.240000	3.916379
153.300000	23500.890000	4.032231
153.400000	23531.560000	4.148336
153.500000	23562.250000	4.264673
153.600000	23592.960000	4.381222
153.700000	23623.690000	4.497962
153.800000	23654.440000	4.614872
153.900000	23685.210000	4.731932
154.000000	23716.000000	4.849121
154.100000	23746.810000	4.966419
154.200000	23777.640000	5.083803
154.300000	23808.490000	5.201255
154.400000	23839.360000	5.318752
154.500000	23870.250000	5.436275
154.600000	23901.160000	5.553801
154.700000	23932.090000	5.671311
154.800000	23963.040000	5.788784
154.900000	23994.010000	5.906198
155.000000	24025.000000	6.023533
155.100000	24056.010000	6.140767
155.200000	24087.040000	6.257881
155.300000	24118.090000	6.374853
155.400000	24149.160000	6.491663
155.500000	24180.250000	6.608289
155.600000	24211.360000	6.724711
155.700000	24242.490000	6.840907
155.800000	24273.640000	6.956859
155.900000	24304.810000	7.072543
156.000000	24336.000000	7.187941
156.100000	24367.210000	7.303031
156.200000	24398.440000	7.417793
156.300000	24429.690000	7.532206
156.400000	24460.960000	7.646249
156.500000	24492.250000	7.759903
156.600000	24523.560000	7.873147
156.700000	24554.890000	7.985960
156.800000	24586.240000	8.098322
156.900000	24617.610000	8.210213
157.000000	24649.000000	8.321613
157.100000	24680.410000	8.432501
157.200000	24711.840000	8.542858
157.300000	24743.290000	8.652664
157.400000	24774.760000	8.761899
157.500000	24806.250000	8.870543
157.600000	24837.760000	8.978576
157.700000	24869.290000	9.085979
157.800000	24900.840000	9.192732
157.900000	24932.410000	9.298816
158.000000	24964.000000	9.404211
158.100000	24995.610000	9.508898
158.200000	25027.240000	9.612859
158.300000	25058.890000	9.716074
158.400000	25090.560000	9.818524
158.500000	25122.250000	9.920190
158.600000	25153.960000	10.021054
158.700000	25185.690000	10.121097
158.800000	25217.440000	10.220300
158.900000	25249.210000	10.318646
159.000000	25281.000000	10.416116
159.100000	25312.810000	10.512692
159.200000	25344.640000	10.608357
159.300000	25376.490000	10.703091
159.400000	25408.360000	10.796878
159.500000	25440.250000	10.889700
159.600000	25472.160000	10.981540
159.700000	25504.090000	11.072380
159.800000	25536.040000	11.162204
159.900000	25568.010000	11.250994
160.000000	25600.000000	11.338734
160.100000	25632.010000	11.425407
160.200000	25664.040000	11.510996
160.300000	25696.090000	11.595485
160.400000	25728.160000	11.678859
160.500000	25760.250000	11.761101
160.600000	25792.360000	11.842195
160.700000	25824.490000	11.922125
160.800000	25856.640000	12.000877
160.900000	25888.810000	12.078435
161.000000	25921.000000	12.154783
161.100000	25953.210000	12.229908
161.200000	25985.440000	12.303793
161.300000	26017.690000	12.376426
161.400000	26049.960000	12.447790
161.500000	26082.250000	12.517872
161.600000	26114.560000	12.586659
161.700000	26146.890000	12.654135
161.800000	26179.240000	12.720289
161.900000	26211.610000	12.785105
162.000000	26244.000000	12.848572
162.100000	26276.410000	12.910676
162.200000	26308.840000	12.971404
162.300000	26341.290000	13.030744
162.400000	26373.760000	13.088683
162.500000	26406.250000	13.145209
162.600000	26438.760000	13.200311
162.700000	26471.290000	13.253976
162.800000	26503.840000	13.306194
162.900000	26536.410000	13.356952
163.000000	26569.000000	13.406239
163.100000	26601.610000	13.454046
163.200000	26634.240000	13.500361
163.300000	26666.890000	13.545173
163.400000	26699.560000	13.588474
163.500000	26732.250000	13.630252
163.600000	26764.960000	13.670498
163.700000	26797.690000	13.709202
163.800000	26830.440000	13.746356
163.900000	26863.210000	13.781950
164.000000	26896.000000	13.815976
164.100000	26928.810000	13.848425
164.200000	26961.640000	13.879288
164.300000	26994.490000	13.908558
164.400000	27027.360000	13.936227
164.500000	27060.250000	13.962287
164.600000	27093.160000	13.986731
164.700000	27126.090000	14.009552
164.800000	27159.040000	14.030744
164.900000	27192.010000	14.050298
165.000000	27225.000000	14.068210
165.100000	27258.010000	14.084472
165.200000	27291.040000	14.099080
165.300000	27324.090000	14.112028
165.400000	27357.160000	14.123310
165.500000	27390.250000	14.132921
165.600000	27423.360000	14.140857
165.700000	27456.490000	14.147112
165.800000	27489.640000	14.151683
165.900000	27522.810000	14.154566
166.000000	27556.000000	14.155756
166.100000	27589.210000	14.155250
166.200000	27622.440000	14.153046
166.300000	27655.690000	14.149139
166.400000	27688.960000	14.143527
166.500000	27722.250000	14.136208
166.600000	27755.560000	14.127179
166.700000	27788.890000	14.116439
166.800000	27822.240000	14.103986
166.900000	27855.610000	14.089817
167.000000	27889.000000	14.073933
167.100000	27922.410000	14.056332
167.200000	27955.840000	14.037013
167.300000	27989.290000	14.015976
167.400000	28022.760000	13.993222
167.500000	28056.250000	13.968749
167.600000	28089.760000	13.942558
167.700000	28123.290000	13.914651
167.800000	28156.840000	13.885028
167.900000	28190.410000	13.853689
168.000000	28224.000000	13.820638
168.100000	28257.610000	13.785874
168.200000	28291.240000	13.749401
168.300000	28324.890000	13.711220
168.400000	28358.560000	13.671333
168.500000	28392.250000	13.629745
168.600000	28425.960000	13.586457
168.700000	28459.690000	13.541473
168.800000	28493.440000	13.494796
168.900000	28527.210000	13.446430
169.000000	28561.000000	13.396380
169.100000	28594.810000	13.344649
169.200000	28628.640000	13.291242
169.300000	28662.490000	13.236164
169.400000	28696.360000	13.179419
169.500000	28730.250000	13.121014
169.600000	28764.160000	13.060953
169.700000	28798.090000	12.999244
169.800000	28832.040000	12.935890
169.900000	28866.010000	12.870900
170.000000	28900.000000	12.804279
170.100000	28934.010000	12.736035
170.200000	28968.040000	12.666173
170.300000	29002.090000	12.594703
170.400000	29036.160000	12.521631
170.500000	29070.250000	12.446965
170.600000	29104.360000	12.370714
170.700000	29138.490000	12.292884
170.800000	29172.640000	12.213486
170.900000	29206.810000	12.132528
171.000000	29241.000000	12.050018
171.100000	29275.210000	11.965966
171.200000	29309.440000	11.880382
171.300000	29343.690000	11.793276
171.400000	29377.960000	11.704656
171.500000	29412.250000	11.614534
171.600000	29446.560000	11.522920
171.700000	29480.890000	11.429824
171.800000	29515.240000	11.335258
171.900000	29549.610000	11.239232
172.000000	29584.000000	11.141758
172.100000	29618.410000	11.042848
172.200000	29652.840000	10.942512
172.300000	29687.290000	10.840764
172.400000	29721.760000	10.737615
172.500000	29756.250000	10.633078
172.600000	29790.760000	10.527165
172.700000	29825.290000	10.419889
172.800000	29859.840000	10.311264
172.900000	29894.410000	10.201302
173.000000	29929.000000	10.090017
173.100000	29963.610000	9.977423
173.200000	29998.240000	9.863533
173.300000	30032.890000	9.748362
173.400000	30067.560000	9.631924
173.500000	30102.250000	9.514233
173.600000	30136.960000	9.395304
173.700000	30171.690000	9.275152
173.800000	30206.440000	9.153791
173.900000	30241.210000	9.031238
174.000000	30276.000000	8.907507
174.100000	30310.810000	8.782614
174.200000	30345.640000	8.656575
174.300000	30380.490000	8.529405
174.400000	30415.360000	8.401122
174.500000	30450.250000	8.271740
174.600000	30485.160000	8.141277
174.700000	30520.090000	8.009749
174.800000	30555.040000	7.877172
174.900000	30590.010000	7.743565
175.000000	30625.000000	7.608943
175.100000	30660.010000	7.473325
175.200000	30695.040000	7.336727
175.300000	30730.090000	7.199167
175.400000	30765.160000	7.060663
175.500000	30800.250000	6.921232
175.600000	30835.360000	6.780893
175.700000	30870.490000	6.639664
175.800000	30905.640000	6.497562
175.900000	30940.810000	6.354607
176.000000	30976.000000	6.210817
176.100000	31011.210000	6.066211
176.200000	31046.440000	5.920807
176.300000	31081.690000	5.774623
176.400000	31116.960000	5.627681
176.500000	31152.250000	5.479997
176.600000	31187.560000	5.331592
176.700000	31222.890000	5.182485
176.800000	31258.240000	5.032696
176.900000	31293.610000	4.882243
177.000000	31329.000000	4.731147
177.100000	31364.410000	4.579428
177.200000	31399.840000	4.427104
177.300000	31435.290000	4.274198
177.400000	31470.760000	4.120727
177.500000	31506.250000	3.966713
177.600000	31541.760000	3.812175
177.700000	31577.290000	3.657135
177.800000	31612.840000	3.501612
177.900000	31648.410000	3.345626
178.000000	31684.000000	3.189199
178.100000	31719.610000	3.032351
178.200000	31755.240000	2.875102
178.300000	31790.890000	2.717474
178.400000	31826.560000	2.559487
178.500000	31862.250000	2.401161
178.600000	31897.960000	2.242519
178.700000	31933.690000	2.083580
178.800000	31969.440000	1.924365
178.900000	32005.210000	1.764897
179.000000	32041.000000	1.605195
179.100000	32076.810000	1.445281
179.200000	32112.640000	1.285176
179.300000	32148.490000	1.124901
179.400000	32184.360000	0.964477
179.500000	32220.250000	0.803926
179.600000	32256.160000	0.643268
179.700000	32292.090000	0.482526
179.800000	32328.040000	0.321719
179.900000	32364.010000	0.160870
180.000000	32400.000000	0.000000
#Sums: 162090.000000	19456203.000000	22277.527591
