# alpha	alpha^2	B*sin(alpha)
0.000000	0.000000	0.000000
0.100000	0.010000	0.174308
0.200000	0.040000	0.348464
0.300000	0.090000	0.522318
0.400000	0.160000	0.695719
0.500000	0.250000	0.868517
0.600000	0.360000	1.040562
0.700000	0.490000	1.211707
0.800000	0.640000	1.381804
0.900000	0.810000	1.550707
1.000000	1.000000	1.718274
1.100000	1.210000	1.884362
1.200000	1.440000	2.048830
1.300000	1.690000	2.211540
1.400000	1.960000	2.372358
1.500000	2.250000	2.531150
1.600000	2.560000	2.687786
1.700000	2.890000	2.842138
1.800000	3.240000	2.994083
1.900000	3.610000	3.143499
2.000000	4.000000	3.290269
2.100000	4.410000	3.434279
2.200000	4.840000	3.575418
2.300000	5.290000	3.713580
2.400000	5.760000	3.848663
2.500000	6.250000	3.980568
2.600000	6.760000	4.109200
2.700000	7.290000	4.234471
2.800000	7.840000	4.356295
2.900000	8.410000	4.474591
3.000000	9.000000	4.589284
3.100000	9.610000	4.700301
3.200000	10.240000	4.807576
3.300000	10.890000	4.911048
3.400000	11.560000	5.010661
3.500000	12.250000	5.106362
3.600000	12.960000	5.198106
3.700000	13.690000	5.285850
3.800000	14.440000	5.369560
3.900000	15.210000	5.449203
4.000000	16.000000	5.524754
4.100000	16.810000	5.596193
4.200000	17.640000	5.663505
4.300000	18.490000	5.726679
4.400000	19.360000	5.785710
4.500000	20.250000	5.840599
4.600000	21.160000	5.891352
4.700000	22.090000	5.937979
4.800000	23.040000	5.980495
4.900000	24.010000	6.018923
5.000000	25.000000	6.053287
5.100000	26.010000	6.083619
5.200000	27.040000	6.109953
5.300000	28.090000	6.132331
5.400000	29.160000	6.150797
5.500000	30.250000	6.165401
5.600000	31.360000	6.176197
5.700000	32.490000	6.183244
5.800000	33.640000	6.186604
5.900000	34.810000	6.186344
6.000000	36.000000	6.182536
6.100000	37.210000	6.175253
6.200000	38.440000	6.164576
6.300000	39.690000	6.150585
6.400000	40.960000	6.133367
6.500000	42.250000	6.113010
6.600000	43.560000	6.089608
6.700000	44.890000	6.063254
6.800000	46.240000	6.034048
6.900000	47.610000	6.002089
7.000000	49.000000	5.967482
7.100000	50.410000	5.930332
7.200000	51.840000	5.890746
7.300000	53.290000	5.848834
7.400000	54.760000	5.804709
7.500000	56.250000	5.758482
7.600000	57.760000	5.710270
7.700000	59.290000	5.660186
7.800000	60.840000	5.608350
7.900000	62.410000	5.554878
8.000000	64.000000	5.499889
8.100000	65.610000	5.443502
8.200000	67.240000	5.385836
8.300000	68.890000	5.327012
8.400000	70.560000	5.267148
8.500000	72.250000	5.206364
8.600000	73.960000	5.144778
8.700000	75.690000	5.082509
8.800000	77.440000	5.019674
8.900000	79.210000	4.956390
9.000000	81.000000	4.892773
9.100000	82.810000	4.828936
9.200000	84.640000	4.764991
9.300000	86.490000	4.701051
9.400000	88.360000	4.637225
9.500000	90.250000	4.573619
9.600000	92.160000	4.510338
9.700000	94.090000	4.447487
9.800000	96.040000	4.385165
9.900000	98.010000	4.323471
10.000000	100.000000	4.262500
10.100000	102.010000	4.202345
10.200000	104.040000	4.143095
10.300000	106.090000	4.084837
10.400000	108.160000	4.027655
10.500000	110.250000	3.971630
10.600000	112.360000	3.916837
10.700000	114.490000	3.863352
10.800000	116.640000	3.811243
10.900000	118.810000	3.760578
11.000000	121.000000	3.711419
11.100000	123.210000	3.663825
11.200000	125.440000	3.617852
11.300000	127.690000	3.573551
11.400000	129.960000	3.530969
11.500000	132.250000	3.490151
11.600000	134.560000	3.451136
11.700000	136.890000	3.413959
11.800000	139.240000	3.378652
11.900000	141.610000	3.345243
12.000000	144.000000	3.313755
12.100000	146.410000	3.284208
12.200000	148.840000	3.256618
12.300000	151.290000	3.230995
12.400000	153.760000	3.207348
12.500000	156.250000	3.185680
12.600000	158.760000	3.165991
12.700000	161.290000	3.148276
12.800000	163.840000	3.132528
12.900000	166.410000	3.118734
13.000000	169.000000	3.106880
13.100000	171.610000	3.096946
13.200000	174.240000	3.088909
13.300000	176.890000	3.082743
13.400000	179.560000	3.078419
13.500000	182.250000	3.075904
13.600000	184.960000	3.075160
13.700000	187.690000	3.076150
13.800000	190.440000	3.078831
13.900000	193.210000	3.083157
14.000000	196.000000	3.089081
14.100000	198.810000	3.096552
14.200000	201.640000	3.105516
14.300000	204.490000	3.115918
14.400000	207.360000	3.127699
14.500000	210.250000	3.140801
14.600000	213.160000	3.155159
14.700000	216.090000	3.170711
14.800000	219.040000	3.187390
14.900000	222.010000	3.205128
15.000000	225.000000	3.223858
15.100000	228.010000	3.243507
15.200000	231.040000	3.264005
15.300000	234.090000	3.285278
15.400000	237.160000	3.307255
15.500000	240.250000	3.329859
15.600000	243.360000	3.353016
15.700000	246.490000	3.376651
15.800000	249.640000	3.400689
15.900000	252.810000	3.425052
16.000000	256.000000	3.449666
16.100000	259.210000	3.474455
16.200000	262.440000	3.499343
16.300000	265.690000	3.524256
16.400000	268.960000	3.549118
16.500000	272.250000	3.573856
16.600000	275.560000	3.598398
16.700000	278.890000	3.622670
16.800000	282.240000	3.646604
16.900000	285.610000	3.670128
17.000000	289.000000	3.693174
17.100000	292.410000	3.715676
17.200000	295.840000	3.737569
17.300000	299.290000	3.758789
17.400000	302.760000	3.779274
17.500000	306.250000	3.798966
17.600000	309.760000	3.817805
17.700000	313.290000	3.835737
17.800000	316.840000	3.852708
17.900000	320.410000	3.868668
18.000000	324.000000	3.883567
18.100000	327.610000	3.897360
18.200000	331.240000	3.910002
18.300000	334.890000	3.921454
18.400000	338.560000	3.931676
18.500000	342.250000	3.940633
18.600000	345.960000	3.948293
18.700000	349.690000	3.954624
18.800000	353.440000	3.959602
18.900000	357.210000	3.963200
19.000000	361.000000	3.965398
19.100000	364.810000	3.966177
19.200000	368.640000	3.965523
19.300000	372.490000	3.963423
19.400000	376.360000	3.959867
19.500000	380.250000	3.954850
19.600000	384.160000	3.948367
19.700000	388.090000	3.940419
19.800000	392.040000	3.931008
19.900000	396.010000	3.920139
20.000000	400.000000	3.907822
20.100000	404.010000	3.894067
20.200000	408.040000	3.878888
20.300000	412.090000	3.862303
20.400000	416.160000	3.844330
20.500000	420.250000	3.824993
20.600000	424.360000	3.804317
20.700000	428.490000	3.782328
20.800000	432.640000	3.759057
20.900000	436.810000	3.734537
21.000000	441.000000	3.708802
21.100000	445.210000	3.681889
21.200000	449.440000	3.653838
21.300000	453.690000	3.624689
21.400000	457.960000	3.594487
21.500000	462.250000	3.563277
21.600000	466.560000	3.531106
21.700000	470.890000	3.498022
21.800000	475.240000	3.464076
21.900000	479.610000	3.429319
22.000000	484.000000	3.393806
22.100000	488.410000	3.357591
22.200000	492.840000	3.320729
22.300000	497.290000	3.283277
22.400000	501.760000	3.245293
22.500000	506.250000	3.206835
22.600000	510.760000	3.167963
22.700000	515.290000	3.128737
22.800000	519.840000	3.089216
22.900000	524.410000	3.049461
23.000000	529.000000	3.009534
23.100000	533.610000	2.969494
23.200000	538.240000	2.929403
23.300000	542.890000	2.889322
23.400000	547.560000	2.849310
23.500000	552.250000	2.809429
23.600000	556.960000	2.769738
23.700000	561.690000	2.730295
23.800000	566.440000	2.691159
23.900000	571.210000	2.652388
24.000000	576.000000	2.614037
24.100000	580.810000	2.576163
24.200000	585.640000	2.538819
24.300000	590.490000	2.502060
24.400000	595.360000	2.465935
24.500000	600.250000	2.430497
24.600000	605.160000	2.395792
24.700000	610.090000	2.361869
24.800000	615.040000	2.328774
24.900000	620.010000	2.296548
25.000000	625.000000	2.265235
25.100000	630.010000	2.234873
25.200000	635.040000	2.205502
25.300000	640.090000	2.177156
25.400000	645.160000	2.149868
25.500000	650.250000	2.123671
25.600000	655.360000	2.098594
25.700000	660.490000	2.074663
25.800000	665.640000	2.051902
25.900000	670.810000	2.030334
26.000000	676.000000	2.009979
26.100000	681.210000	1.990853
26.200000	686.440000	1.972972
26.300000	691.690000	1.956347
26.400000	696.960000	1.940989
26.500000	702.250000	1.926905
26.600000	707.560000	1.914099
26.700000	712.890000	1.902575
26.800000	718.240000	1.892331
26.900000	723.610000	1.883365
27.000000	729.000000	1.875672
27.100000	734.410000	1.869244
27.200000	739.840000	1.864071
27.300000	745.290000	1.860140
27.400000	750.760000	1.857437
27.500000	756.250000	1.855945
27.600000	761.760000	1.855644
27.700000	767.290000	1.856512
27.800000	772.840000	1.858525
27.900000	778.410000	1.861658
28.000000	784.000000	1.865882
28.100000	789.610000	1.871167
28.200000	795.240000	1.877482
28.300000	800.890000	1.884791
28.400000	806.560000	1.893060
28.500000	812.250000	1.902250
28.600000	817.960000	1.912323
28.700000	823.690000	1.923238
28.800000	829.440000	1.934954
28.900000	835.210000	1.947425
29.000000	841.000000	1.960608
29.100000	846.810000	1.974456
29.200000	852.640000	1.988923
29.300000	858.490000	2.003959
29.400000	864.360000	2.019517
29.500000	870.250000	2.035546
29.600000	876.160000	2.051995
29.700000	882.090000	2.068814
29.800000	888.040000	2.085950
29.900000	894.010000	2.103351
30.000000	900.000000	2.120966
30.100000	906.010000	2.138740
30.200000	912.040000	2.156623
30.300000	918.090000	2.174560
30.400000	924.160000	2.192499
30.500000	930.250000	2.210388
30.600000	936.360000	2.228175
30.700000	942.490000	2.245808
30.800000	948.640000	2.263236
30.900000	954.810000	2.280409
31.000000	961.000000	2.297276
31.100000	967.210000	2.313789
31.200000	973.440000	2.329900
31.300000	979.690000	2.345562
31.400000	985.960000	2.360728
31.500000	992.250000	2.375354
31.600000	998.560000	2.389397
31.700000	1004.890000	2.402813
31.800000	1011.240000	2.415564
31.900000	1017.610000	2.427608
32.000000	1024.000000	2.438909
32.100000	1030.410000	2.449430
32.200000	1036.840000	2.459138
32.300000	1043.290000	2.467999
32.400000	1049.760000	2.475983
32.500000	1056.250000	2.483061
32.600000	1062.760000	2.489206
32.700000	1069.290000	2.494393
32.800000	1075.840000	2.498599
32.900000	1082.410000	2.501803
33.000000	1089.000000	2.503987
33.100000	1095.610000	2.505134
33.200000	1102.240000	2.505230
33.300000	1108.890000	2.504262
33.400000	1115.560000	2.502220
33.500000	1122.250000	2.499096
33.600000	1128.960000	2.494885
33.700000	1135.690000	2.489583
33.800000	1142.440000	2.483189
33.900000	1149.210000	2.475704
34.000000	1156.000000	2.467131
34.100000	1162.810000	2.457476
34.200000	1169.640000	2.446747
34.300000	1176.490000	2.434953
34.400000	1183.360000	2.422106
34.500000	1190.250000	2.408220
34.600000	1197.160000	2.393311
34.700000	1204.090000	2.377398
34.800000	1211.040000	2.360500
34.900000	1218.010000	2.342641
35.000000	1225.000000	2.323843
35.100000	1232.010000	2.304133
35.200000	1239.040000	2.283538
35.300000	1246.090000	2.262088
35.400000	1253.160000	2.239814
35.500000	1260.250000	2.216748
35.600000	1267.360000	2.192926
35.700000	1274.490000	2.168382
35.800000	1281.640000	2.143154
35.900000	1288.810000	2.117280
36.000000	1296.000000	2.090800
36.100000	1303.210000	2.063755
36.200000	1310.440000	2.036186
36.300000	1317.690000	2.008137
36.400000	1324.960000	1.979651
36.500000	1332.250000	1.950774
36.600000	1339.560000	1.921550
36.700000	1346.890000	1.892026
36.800000	1354.240000	1.862247
36.900000	1361.610000	1.832262
37.000000	1369.000000	1.802117
37.100000	1376.410000	1.771860
37.200000	1383.840000	1.741540
37.300000	1391.290000	1.711203
37.400000	1398.760000	1.680897
37.500000	1406.250000	1.650672
37.600000	1413.760000	1.620573
37.700000	1421.290000	1.590648
37.800000	1428.840000	1.560945
37.900000	1436.410000	1.531509
38.000000	1444.000000	1.502386
38.100000	1451.610000	1.473622
38.200000	1459.240000	1.445260
38.300000	1466.890000	1.417346
38.400000	1474.560000	1.389920
38.500000	1482.250000	1.363025
38.600000	1489.960000	1.336701
38.700000	1497.690000	1.310988
38.800000	1505.440000	1.285924
38.900000	1513.210000	1.261546
39.000000	1521.000000	1.237889
39.100000	1528.810000	1.214987
39.200000	1536.640000	1.192874
39.300000	1544.490000	1.171579
39.400000	1552.360000	1.151133
39.500000	1560.250000	1.131562
39.600000	1568.160000	1.112894
39.700000	1576.090000	1.095152
39.800000	1584.040000	1.078359
39.900000	1592.010000	1.062534
40.000000	1600.000000	1.047697
40.100000	1608.010000	1.033865
40.200000	1616.040000	1.021052
40.300000	1624.090000	1.009271
40.400000	1632.160000	0.998532
40.500000	1640.250000	0.988845
40.600000	1648.360000	0.980215
40.700000	1656.490000	0.972649
40.800000	1664.640000	0.966148
40.900000	1672.810000	0.960712
41.000000	1681.000000	0.956341
41.100000	1689.210000	0.953031
41.200000	1697.440000	0.950776
41.300000	1705.690000	0.949569
41.400000	1713.960000	0.949400
41.500000	1722.250000	0.950257
41.600000	1730.560000	0.952127
41.700000	1738.890000	0.954995
41.800000	1747.240000	0.958844
41.900000	1755.610000	0.963653
42.000000	1764.000000	0.969403
42.100000	1772.410000	0.976070
42.200000	1780.840000	0.983631
42.300000	1789.290000	0.992058
42.400000	1797.760000	1.001325
42.500000	1806.250000	1.011402
42.600000	1814.760000	1.022258
42.700000	1823.290000	1.033862
42.800000	1831.840000	1.046179
42.900000	1840.410000	1.059175
43.000000	1849.000000	1.072814
43.100000	1857.610000	1.087059
43.200000	1866.240000	1.101870
43.300000	1874.890000	1.117210
43.400000	1883.560000	1.133038
43.500000	1892.250000	1.149313
43.600000	1900.960000	1.165993
43.700000	1909.690000	1.183035
43.800000	1918.440000	1.200397
43.900000	1927.210000	1.218035
44.000000	1936.000000	1.235905
44.100000	1944.810000	1.253963
44.200000	1953.640000	1.272164
44.300000	1962.490000	1.290464
44.400000	1971.360000	1.308817
44.500000	1980.250000	1.327179
44.600000	1989.160000	1.345505
44.700000	1998.090000	1.363751
44.800000	2007.040000	1.381872
44.900000	2016.010000	1.399825
45.000000	2025.000000	1.417566
45.100000	2034.010000	1.435053
45.200000	2043.040000	1.452243
45.300000	2052.090000	1.469095
45.400000	2061.160000	1.485568
45.500000	2070.250000	1.501621
45.600000	2079.360000	1.517217
45.700000	2088.490000	1.532316
45.800000	2097.640000	1.546883
45.900000	2106.810000	1.560882
46.000000	2116.000000	1.574277
46.100000	2125.210000	1.587036
46.200000	2134.440000	1.599127
46.300000	2143.690000	1.610519
46.400000	2152.960000	1.621183
46.500000	2162.250000	1.631092
46.600000	2171.560000	1.640220
46.700000	2180.890000	1.648542
46.800000	2190.240000	1.656037
46.900000	2199.610000	1.662682
47.000000	2209.000000	1.668459
47.100000	2218.410000	1.673350
47.200000	2227.840000	1.677340
47.300000	2237.290000	1.680414
47.400000	2246.760000	1.682562
47.500000	2256.250000	1.683772
47.600000	2265.760000	1.684038
47.700000	2275.290000	1.683351
47.800000	2284.840000	1.681709
47.900000	2294.410000	1.679108
48.000000	2304.000000	1.675549
48.100000	2313.610000	1.671032
48.200000	2323.240000	1.665561
48.300000	2332.890000	1.659142
48.400000	2342.560000	1.651780
48.500000	2352.250000	1.643487
48.600000	2361.960000	1.634271
48.700000	2371.690000	1.624147
48.800000	2381.440000	1.613128
48.900000	2391.210000	1.601231
49.000000	2401.000000	1.588474
49.100000	2410.810000	1.574877
49.200000	2420.640000	1.560460
49.300000	2430.490000	1.545248
49.400000	2440.360000	1.529264
49.500000	2450.250000	1.512535
49.600000	2460.160000	1.495087
49.700000	2470.090000	1.476952
49.800000	2480.040000	1.458157
49.900000	2490.010000	1.438736
50.000000	2500.000000	1.418720
50.100000	2510.010000	1.398145
50.200000	2520.040000	1.377044
50.300000	2530.090000	1.355454
50.400000	2540.160000	1.333412
50.500000	2550.250000	1.310956
50.600000	2560.360000	1.288124
50.700000	2570.490000	1.264957
50.800000	2580.640000	1.241493
50.900000	2590.810000	1.217774
51.000000	2601.000000	1.193841
51.100000	2611.210000	1.169734
51.200000	2621.440000	1.145497
51.300000	2631.690000	1.121171
51.400000	2641.960000	1.096798
51.500000	2652.250000	1.072420
51.600000	2662.560000	1.048080
51.700000	2672.890000	1.023820
51.800000	2683.240000	0.999682
51.900000	2693.610000	0.975707
52.000000	2704.000000	0.951938
52.100000	2714.410000	0.928414
52.200000	2724.840000	0.905176
52.300000	2735.290000	0.882265
52.400000	2745.760000	0.859719
52.500000	2756.250000	0.837577
52.600000	2766.760000	0.815876
52.700000	2777.290000	0.794653
52.800000	2787.840000	0.773945
52.900000	2798.410000	0.753786
53.000000	2809.000000	0.734209
53.100000	2819.610000	0.715247
53.200000	2830.240000	0.696932
53.300000	2840.890000	0.679294
53.400000	2851.560000	0.662361
53.500000	2862.250000	0.646160
53.600000	2872.960000	0.630718
53.700000	2883.690000	0.616059
53.800000	2894.440000	0.602206
53.900000	2905.210000	0.589180
54.000000	2916.000000	0.577001
54.100000	2926.810000	0.565687
54.200000	2937.640000	0.555254
54.300000	2948.490000	0.545717
54.400000	2959.360000	0.537089
54.500000	2970.250000	0.529380
54.600000	2981.160000	0.522600
54.700000	2992.090000	0.516757
54.800000	3003.040000	0.511857
54.900000	3014.010000	0.507902
55.000000	3025.000000	0.504896
55.100000	3036.010000	0.502838
55.200000	3047.040000	0.501727
55.300000	3058.090000	0.501559
55.400000	3069.160000	0.502329
55.500000	3080.250000	0.504030
55.600000	3091.360000	0.506653
55.700000	3102.490000	0.510187
55.800000	3113.640000	0.514620
55.900000	3124.810000	0.519938
56.000000	3136.000000	0.526125
56.100000	3147.210000	0.533163
56.200000	3158.440000	0.541034
56.300000	3169.690000	0.549716
56.400000	3180.960000	0.559187
56.500000	3192.250000	0.569424
56.600000	3203.560000	0.580402
56.700000	3214.890000	0.592093
56.800000	3226.240000	0.604469
56.900000	3237.610000	0.617502
57.000000	3249.000000	0.631162
57.100000	3260.410000	0.645415
57.200000	3271.840000	0.660230
57.300000	3283.290000	0.675573
57.400000	3294.760000	0.691408
57.500000	3306.250000	0.707701
57.600000	3317.760000	0.724414
57.700000	3329.290000	0.741511
57.800000	3340.840000	0.758952
57.900000	3352.410000	0.776700
58.000000	3364.000000	0.794716
58.100000	3375.610000	0.812959
58.200000	3387.240000	0.831390
58.300000	3398.890000	0.849968
58.400000	3410.560000	0.868653
58.500000	3422.250000	0.887404
58.600000	3433.960000	0.906179
58.700000	3445.690000	0.924939
58.800000	3457.440000	0.943643
58.900000	3469.210000	0.962249
59.000000	3481.000000	0.980718
59.100000	3492.810000	0.999009
59.200000	3504.640000	1.017084
59.300000	3516.490000	1.034902
59.400000	3528.360000	1.052425
59.500000	3540.250000	1.069616
59.600000	3552.160000	1.086437
59.700000	3564.090000	1.102851
59.800000	3576.040000	1.118823
59.900000	3588.010000	1.134318
60.000000	3600.000000	1.149303
60.100000	3612.010000	1.163744
60.200000	3624.040000	1.177610
60.300000	3636.090000	1.190870
60.400000	3648.160000	1.203496
60.500000	3660.250000	1.215459
60.600000	3672.360000	1.226732
60.700000	3684.490000	1.237291
60.800000	3696.640000	1.247112
60.900000	3708.810000	1.256172
61.000000	3721.000000	1.264451
61.100000	3733.210000	1.271928
61.200000	3745.440000	1.278587
61.300000	3757.690000	1.284412
61.400000	3769.960000	1.289388
61.500000	3782.250000	1.293502
61.600000	3794.560000	1.296743
61.700000	3806.890000	1.299102
61.800000	3819.240000	1.300572
61.900000	3831.610000	1.301147
62.000000	3844.000000	1.300822
62.100000	3856.410000	1.299596
62.200000	3868.840000	1.297467
62.300000	3881.290000	1.294438
62.400000	3893.760000	1.290512
62.500000	3906.250000	1.285692
62.600000	3918.760000	1.279986
62.700000	3931.290000	1.273402
62.800000	3943.840000	1.265951
62.900000	3956.410000	1.257643
63.000000	3969.000000	1.248492
63.100000	3981.610000	1.238513
63.200000	3994.240000	1.227723
63.300000	4006.890000	1.216141
63.400000	4019.560000	1.203785
63.500000	4032.250000	1.190678
63.600000	4044.960000	1.176841
63.700000	4057.690000	1.162300
63.800000	4070.440000	1.147079
63.900000	4083.210000	1.131206
64.000000	4096.000000	1.114708
64.100000	4108.810000	1.097616
64.200000	4121.640000	1.079959
64.300000	4134.490000	1.061769
64.400000	4147.360000	1.043079
64.500000	4160.250000	1.023922
64.600000	4173.160000	1.004332
64.700000	4186.090000	0.984346
64.800000	4199.040000	0.963998
64.900000	4212.010000	0.943327
65.000000	4225.000000	0.922369
65.100000	4238.010000	0.901161
65.200000	4251.040000	0.879744
65.300000	4264.090000	0.858154
65.400000	4277.160000	0.836432
65.500000	4290.250000	0.814617
65.600000	4303.360000	0.792748
65.700000	4316.490000	0.770866
65.800000	4329.640000	0.749008
65.900000	4342.810000	0.727216
66.000000	4356.000000	0.705528
66.100000	4369.210000	0.683984
66.200000	4382.440000	0.662623
66.300000	4395.690000	0.641483
66.400000	4408.960000	0.620603
66.500000	4422.250000	0.600020
66.600000	4435.560000	0.579770
66.700000	4448.890000	0.559891
66.800000	4462.240000	0.540418
66.900000	4475.610000	0.521387
67.000000	4489.000000	0.502830
67.100000	4502.410000	0.484780
67.200000	4515.840000	0.467271
67.300000	4529.290000	0.450333
67.400000	4542.760000	0.433996
67.500000	4556.250000	0.418288
67.600000	4569.760000	0.403238
67.700000	4583.290000	0.388871
67.800000	4596.840000	0.375212
67.900000	4610.410000	0.362285
68.000000	4624.000000	0.350111
68.100000	4637.610000	0.338712
68.200000	4651.240000	0.328107
68.300000	4664.890000	0.318313
68.400000	4678.560000	0.309346
68.500000	4692.250000	0.301221
68.600000	4705.960000	0.293951
68.700000	4719.690000	0.287546
68.800000	4733.440000	0.282016
68.900000	4747.210000	0.277369
69.000000	4761.000000	0.273611
69.100000	4774.810000	0.270747
69.200000	4788.640000	0.268779
69.300000	4802.490000	0.267708
69.400000	4816.360000	0.267533
69.500000	4830.250000	0.268252
69.600000	4844.160000	0.269861
69.700000	4858.090000	0.272353
69.800000	4872.040000	0.275722
69.900000	4886.010000	0.279957
70.000000	4900.000000	0.285048
70.100000	4914.010000	0.290983
70.200000	4928.040000	0.297747
70.300000	4942.090000	0.305324
70.400000	4956.160000	0.313697
70.500000	4970.250000	0.322847
70.600000	4984.360000	0.332755
70.700000	4998.490000	0.343397
70.800000	5012.640000	0.354752
70.900000	5026.810000	0.366794
71.000000	5041.000000	0.379498
71.100000	5055.210000	0.392837
71.200000	5069.440000	0.406783
71.300000	5083.690000	0.421305
71.400000	5097.960000	0.436375
71.500000	5112.250000	0.451959
71.600000	5126.560000	0.468027
71.700000	5140.890000	0.484544
71.800000	5155.240000	0.501476
71.900000	5169.610000	0.518789
72.000000	5184.000000	0.536447
72.100000	5198.410000	0.554413
72.200000	5212.840000	0.572651
72.300000	5227.290000	0.591123
72.400000	5241.760000	0.609792
72.500000	5256.250000	0.628620
72.600000	5270.760000	0.647568
72.700000	5285.290000	0.666598
72.800000	5299.840000	0.685671
72.900000	5314.410000	0.704748
73.000000	5329.000000	0.723792
73.100000	5343.610000	0.742762
73.200000	5358.240000	0.761622
73.300000	5372.890000	0.780332
73.400000	5387.560000	0.798855
73.500000	5402.250000	0.817154
73.600000	5416.960000	0.835191
73.700000	5431.690000	0.852931
73.800000	5446.440000	0.870338
73.900000	5461.210000	0.887375
74.000000	5476.000000	0.904010
74.100000	5490.810000	0.920209
74.200000	5505.640000	0.935939
74.300000	5520.490000	0.951167
74.400000	5535.360000	0.965865
74.500000	5550.250000	0.980001
74.600000	5565.160000	0.993548
74.700000	5580.090000	1.006478
74.800000	5595.040000	1.018764
74.900000	5610.010000	1.030383
75.000000	5625.000000	1.041310
75.100000	5640.010000	1.051523
75.200000	5655.040000	1.061002
75.300000	5670.090000	1.069727
75.400000	5685.160000	1.077681
75.500000	5700.250000	1.084846
75.600000	5715.360000	1.091208
75.700000	5730.490000	1.096755
75.800000	5745.640000	1.101473
75.900000	5760.810000	1.105354
76.000000	5776.000000	1.108389
76.100000	5791.210000	1.110570
76.200000	5806.440000	1.111894
76.300000	5821.690000	1.112356
76.400000	5836.960000	1.111955
76.500000	5852.250000	1.110691
76.600000	5867.560000	1.108565
76.700000	5882.890000	1.105581
76.800000	5898.240000	1.101743
76.900000	5913.610000	1.097059
77.000000	5929.000000	1.091535
77.100000	5944.410000	1.085183
77.200000	5959.840000	1.078014
77.300000	5975.290000	1.070040
77.400000	5990.760000	1.061277
77.500000	6006.250000	1.051740
77.600000	6021.760000	1.041446
77.700000	6037.290000	1.030416
77.800000	6052.840000	1.018668
77.900000	6068.410000	1.006226
78.000000	6084.000000	0.993112
78.100000	6099.610000	0.979351
78.200000	6115.240000	0.964968
78.300000	6130.890000	0.949990
78.400000	6146.560000	0.934446
78.500000	6162.250000	0.918363
78.600000	6177.960000	0.901773
78.700000	6193.690000	0.884706
78.800000	6209.440000	0.867193
78.900000	6225.210000	0.849269
79.000000	6241.000000	0.830967
79.100000	6256.810000	0.812320
79.200000	6272.640000	0.793363
79.300000	6288.490000	0.774133
79.400000	6304.360000	0.754664
79.500000	6320.250000	0.734994
79.600000	6336.160000	0.715159
79.700000	6352.090000	0.695196
79.800000	6368.040000	0.675142
79.900000	6384.010000	0.655035
80.000000	6400.000000	0.634912
80.100000	6416.010000	0.614811
80.200000	6432.040000	0.594769
80.300000	6448.090000	0.574823
80.400000	6464.160000	0.555011
80.500000	6480.250000	0.535368
80.600000	6496.360000	0.515933
80.700000	6512.490000	0.496739
80.800000	6528.640000	0.477824
80.900000	6544.810000	0.459221
81.000000	6561.000000	0.440966
81.100000	6577.210000	0.423091
81.200000	6593.440000	0.405630
81.300000	6609.690000	0.388614
81.400000	6625.960000	0.372074
81.500000	6642.250000	0.356041
81.600000	6658.560000	0.340544
81.700000	6674.890000	0.325610
81.800000	6691.240000	0.311268
81.900000	6707.610000	0.297542
82.000000	6724.000000	0.284456
82.100000	6740.410000	0.272036
82.200000	6756.840000	0.260301
82.300000	6773.290000	0.249274
82.400000	6789.760000	0.238973
82.500000	6806.250000	0.229416
82.600000	6822.760000	0.220620
82.700000	6839.290000	0.212599
82.800000	6855.840000	0.205367
82.900000	6872.410000	0.198935
83.000000	6889.000000	0.193314
83.100000	6905.610000	0.188513
83.200000	6922.240000	0.184539
83.300000	6938.890000	0.181397
83.400000	6955.560000	0.179090
83.500000	6972.250000	0.177622
83.600000	6988.960000	0.176993
83.700000	7005.690000	0.177202
83.800000	7022.440000	0.178246
83.900000	7039.210000	0.180122
84.000000	7056.000000	0.182822
84.100000	7072.810000	0.186340
84.200000	7089.640000	0.190667
84.300000	7106.490000	0.195792
84.400000	7123.360000	0.201703
84.500000	7140.250000	0.208386
84.600000	7157.160000	0.215826
84.700000	7174.090000	0.224007
84.800000	7191.040000	0.232911
84.900000	7208.010000	0.242518
85.000000	7225.000000	0.252807
85.100000	7242.010000	0.263757
85.200000	7259.040000	0.275343
85.300000	7276.090000	0.287543
85.400000	7293.160000	0.300329
85.500000	7310.250000	0.313675
85.600000	7327.360000	0.327553
85.700000	7344.490000	0.341935
85.800000	7361.640000	0.356789
85.900000	7378.810000	0.372087
86.000000	7396.000000	0.387796
86.100000	7413.210000	0.403883
86.200000	7430.440000	0.420316
86.300000	7447.690000	0.437061
86.400000	7464.960000	0.454083
86.500000	7482.250000	0.471349
86.600000	7499.560000	0.488822
86.700000	7516.890000	0.506467
86.800000	7534.240000	0.524248
86.900000	7551.610000	0.542130
87.000000	7569.000000	0.560075
87.100000	7586.410000	0.578047
87.200000	7603.840000	0.596010
87.300000	7621.290000	0.613928
87.400000	7638.760000	0.631764
87.500000	7656.250000	0.649482
87.600000	7673.760000	0.667046
87.700000	7691.290000	0.684421
87.800000	7708.840000	0.701572
87.900000	7726.410000	0.718464
88.000000	7744.000000	0.735063
88.100000	7761.610000	0.751335
88.200000	7779.240000	0.767249
88.300000	7796.890000	0.782770
88.400000	7814.560000	0.797870
88.500000	7832.250000	0.812516
88.600000	7849.960000	0.826679
88.700000	7867.690000	0.840331
88.800000	7885.440000	0.853444
88.900000	7903.210000	0.865992
89.000000	7921.000000	0.877948
89.100000	7938.810000	0.889290
89.200000	7956.640000	0.899994
89.300000	7974.490000	0.910038
89.400000	7992.360000	0.919402
89.500000	8010.250000	0.928067
89.600000	8028.160000	0.936015
89.700000	8046.090000	0.943229
89.800000	8064.040000	0.949696
89.900000	8082.010000	0.955400
90.000000	8100.000000	0.960332
90.100000	8118.010000	0.964480
90.200000	8136.040000	0.967835
90.300000	8154.090000	0.970390
90.400000	8172.160000	0.972140
90.500000	8190.250000	0.973080
90.600000	8208.360000	0.973207
90.700000	8226.490000	0.972522
90.800000	8244.640000	0.971024
90.900000	8262.810000	0.968715
91.000000	8281.000000	0.965600
91.100000	8299.210000	0.961683
91.200000	8317.440000	0.956972
91.300000	8335.690000	0.951476
91.400000	8353.960000	0.945203
91.500000	8372.250000	0.938167
91.600000	8390.560000	0.930378
91.700000	8408.890000	0.921853
91.800000	8427.240000	0.912607
91.900000	8445.610000	0.902658
92.000000	8464.000000	0.892023
92.100000	8482.410000	0.880723
92.200000	8500.840000	0.868780
92.300000	8519.290000	0.856215
92.400000	8537.760000	0.843052
92.500000	8556.250000	0.829318
92.600000	8574.760000	0.815036
92.700000	8593.290000	0.800235
92.800000	8611.840000	0.784942
92.900000	8630.410000	0.769186
93.000000	8649.000000	0.752998
93.100000	8667.610000	0.736408
93.200000	8686.240000	0.719447
93.300000	8704.890000	0.702149
93.400000	8723.560000	0.684544
93.500000	8742.250000	0.666668
93.600000	8760.960000	0.648553
93.700000	8779.690000	0.630235
93.800000	8798.440000	0.611748
93.900000	8817.210000	0.593126
94.000000	8836.000000	0.574407
94.100000	8854.810000	0.555624
94.200000	8873.640000	0.536814
94.300000	8892.490000	0.518013
94.400000	8911.360000	0.499255
94.500000	8930.250000	0.480577
94.600000	8949.160000	0.462014
94.700000	8968.090000	0.443600
94.800000	8987.040000	0.425372
94.900000	9006.010000	0.407363
95.000000	9025.000000	0.389607
95.100000	9044.010000	0.372138
95.200000	9063.040000	0.354989
95.300000	9082.090000	0.338192
95.400000	9101.160000	0.321779
95.500000	9120.250000	0.305781
95.600000	9139.360000	0.290227
95.700000	9158.490000	0.275147
95.800000	9177.640000	0.260569
95.900000	9196.810000	0.246520
96.000000	9216.000000	0.233028
96.100000	9235.210000	0.220115
96.200000	9254.440000	0.207808
96.300000	9273.690000	0.196128
96.400000	9292.960000	0.185097
96.500000	9312.250000	0.174736
96.600000	9331.560000	0.165063
96.700000	9350.890000	0.156097
96.800000	9370.240000	0.147853
96.900000	9389.610000	0.140346
97.000000	9409.000000	0.133590
97.100000	9428.410000	0.127596
97.200000	9447.840000	0.122376
97.300000	9467.290000	0.117939
97.400000	9486.760000	0.114290
97.500000	9506.250000	0.111438
97.600000	9525.760000	0.109386
97.700000	9545.290000	0.108136
97.800000	9564.840000	0.107691
97.900000	9584.410000	0.108050
98.000000	9604.000000	0.109211
98.100000	9623.610000	0.111170
98.200000	9643.240000	0.113924
98.300000	9662.890000	0.117464
98.400000	9682.560000	0.121784
98.500000	9702.250000	0.126874
98.600000	9721.960000	0.132722
98.700000	9741.690000	0.139317
98.800000	9761.440000	0.146644
98.900000	9781.210000	0.154688
99.000000	9801.000000	0.163432
99.100000	9820.810000	0.172859
99.200000	9840.640000	0.182948
99.300000	9860.490000	0.193680
99.400000	9880.360000	0.205032
99.500000	9900.250000	0.216981
99.600000	9920.160000	0.229503
99.700000	9940.090000	0.242573
99.800000	9960.040000	0.256164
99.900000	9980.010000	0.270249
100.000000	10000.000000	0.284800
100.100000	10020.010000	0.299787
100.200000	10040.040000	0.315180
100.300000	10060.090000	0.330949
100.400000	10080.160000	0.347061
100.500000	10100.250000	0.363485
100.600000	10120.360000	0.380188
100.700000	10140.490000	0.397136
100.800000	10160.640000	0.414296
100.900000	10180.810000	0.431633
101.000000	10201.000000	0.449114
101.100000	10221.210000	0.466703
101.200000	10241.440000	0.484365
101.300000	10261.690000	0.502065
101.400000	10281.960000	0.519768
101.500000	10302.250000	0.537439
101.600000	10322.560000	0.555042
101.700000	10342.890000	0.572544
101.800000	10363.240000	0.589908
101.900000	10383.610000	0.607102
102.000000	10404.000000	0.624089
102.100000	10424.410000	0.640838
102.200000	10444.840000	0.657315
102.300000	10465.290000	0.673486
102.400000	10485.760000	0.689321
102.500000	10506.250000	0.704787
102.600000	10526.760000	0.719854
102.700000	10547.290000	0.734493
102.800000	10567.840000	0.748673
102.900000	10588.410000	0.762368
103.000000	10609.000000	0.775549
103.100000	10629.610000	0.788191
103.200000	10650.240000	0.800269
103.300000	10670.890000	0.811758
103.400000	10691.560000	0.822636
103.500000	10712.250000	0.832882
103.600000	10732.960000	0.842474
103.700000	10753.690000	0.851393
103.800000	10774.440000	0.859623
103.900000	10795.210000	0.867146
104.000000	10816.000000	0.873947
104.100000	10836.810000	0.880014
104.200000	10857.640000	0.885332
104.300000	10878.490000	0.889892
104.400000	10899.360000	0.893685
104.500000	10920.250000	0.896702
104.600000	10941.160000	0.898938
104.700000	10962.090000	0.900387
104.800000	10983.040000	0.901047
104.900000	11004.010000	0.900915
105.000000	11025.000000	0.899991
105.100000	11046.010000	0.898278
105.200000	11067.040000	0.895777
105.300000	11088.090000	0.892494
105.400000	11109.160000	0.888434
105.500000	11130.250000	0.883604
105.600000	11151.360000	0.878015
105.700000	11172.490000	0.871675
105.800000	11193.640000	0.864598
105.900000	11214.810000	0.856795
106.000000	11236.000000	0.848283
106.100000	11257.210000	0.839078
106.200000	11278.440000	0.829196
106.300000	11299.690000	0.818656
106.400000	11320.960000	0.807480
106.500000	11342.250000	0.795686
106.600000	11363.560000	0.783300
106.700000	11384.890000	0.770343
106.800000	11406.240000	0.756841
106.900000	11427.610000	0.742819
107.000000	11449.000000	0.728305
107.100000	11470.410000	0.713325
107.200000	11491.840000	0.697909
107.300000	11513.290000	0.682086
107.400000	11534.760000	0.665887
107.500000	11556.250000	0.649342
107.600000	11577.760000	0.632482
107.700000	11599.290000	0.615341
107.800000	11620.840000	0.597951
107.900000	11642.410000	0.580345
108.000000	11664.000000	0.562556
108.100000	11685.610000	0.544620
108.200000	11707.240000	0.526570
108.300000	11728.890000	0.508441
108.400000	11750.560000	0.490266
108.500000	11772.250000	0.472082
108.600000	11793.960000	0.453923
108.700000	11815.690000	0.435823
108.800000	11837.440000	0.417817
108.900000	11859.210000	0.399939
109.000000	11881.000000	0.382224
109.100000	11902.810000	0.364705
109.200000	11924.640000	0.347416
109.300000	11946.490000	0.330390
109.400000	11968.360000	0.313658
109.500000	11990.250000	0.297253
109.600000	12012.160000	0.281207
109.700000	12034.090000	0.265548
109.800000	12056.040000	0.250308
109.900000	12078.010000	0.235515
110.000000	12100.000000	0.221198
110.100000	12122.010000	0.207382
110.200000	12144.040000	0.194095
110.300000	12166.090000	0.181361
110.400000	12188.160000	0.169205
110.500000	12210.250000	0.157649
110.600000	12232.360000	0.146715
110.700000	12254.490000	0.136424
110.800000	12276.640000	0.126794
110.900000	12298.810000	0.117844
111.000000	12321.000000	0.109590
111.100000	12343.210000	0.102048
111.200000	12365.440000	0.095231
111.300000	12387.690000	0.089152
111.400000	12409.960000	0.083822
111.500000	12432.250000	0.079250
111.600000	12454.560000	0.075444
111.700000	12476.890000	0.072412
111.800000	12499.240000	0.070158
111.900000	12521.610000	0.068685
112.000000	12544.000000	0.067997
112.100000	12566.410000	0.068092
112.200000	12588.840000	0.068971
112.300000	12611.290000	0.070630
112.400000	12633.760000	0.073066
112.500000	12656.250000	0.076273
112.600000	12678.760000	0.080244
112.700000	12701.290000	0.084971
112.800000	12723.840000	0.090443
112.900000	12746.410000	0.096649
113.000000	12769.000000	0.103576
113.100000	12791.610000	0.111210
113.200000	12814.240000	0.119535
113.300000	12836.890000	0.128534
113.400000	12859.560000	0.138189
113.500000	12882.250000	0.148480
113.600000	12904.960000	0.159387
113.700000	12927.690000	0.170887
113.800000	12950.440000	0.182957
113.900000	12973.210000	0.195573
114.000000	12996.000000	0.208710
114.100000	13018.810000	0.222340
114.200000	13041.640000	0.236438
114.300000	13064.490000	0.250974
114.400000	13087.360000	0.265920
114.500000	13110.250000	0.281246
114.600000	13133.160000	0.296921
114.700000	13156.090000	0.312913
114.800000	13179.040000	0.329192
114.900000	13202.010000	0.345724
115.000000	13225.000000	0.362477
115.100000	13248.010000	0.379417
115.200000	13271.040000	0.396510
115.300000	13294.090000	0.413723
115.400000	13317.160000	0.431021
115.500000	13340.250000	0.448370
115.600000	13363.360000	0.465734
115.700000	13386.490000	0.483081
115.800000	13409.640000	0.500375
115.900000	13432.810000	0.517582
116.000000	13456.000000	0.534667
116.100000	13479.210000	0.551596
116.200000	13502.440000	0.568337
116.300000	13525.690000	0.584855
116.400000	13548.960000	0.601117
116.500000	13572.250000	0.617092
116.600000	13595.560000	0.632747
116.700000	13618.890000	0.648051
116.800000	13642.240000	0.662973
116.900000	13665.610000	0.677484
117.000000	13689.000000	0.691555
117.100000	13712.410000	0.705158
117.200000	13735.840000	0.718264
117.300000	13759.290000	0.730849
117.400000	13782.760000	0.742887
117.500000	13806.250000	0.754353
117.600000	13829.760000	0.765224
117.700000	13853.290000	0.775479
117.800000	13876.840000	0.785096
117.900000	13900.410000	0.794057
118.000000	13924.000000	0.802343
118.100000	13947.610000	0.809937
118.200000	13971.240000	0.816823
118.300000	13994.890000	0.822987
118.400000	14018.560000	0.828417
118.500000	14042.250000	0.833100
118.600000	14065.960000	0.837028
118.700000	14089.690000	0.840191
118.800000	14113.440000	0.842582
118.900000	14137.210000	0.844197
119.000000	14161.000000	0.845030
119.100000	14184.810000	0.845080
119.200000	14208.640000	0.844345
119.300000	14232.490000	0.842827
119.400000	14256.360000	0.840526
119.500000	14280.250000	0.837447
119.600000	14304.160000	0.833595
119.700000	14328.090000	0.828976
119.800000	14352.040000	0.823598
119.900000	14376.010000	0.817471
120.000000	14400.000000	0.810607
120.100000	14424.010000	0.803016
120.200000	14448.040000	0.794713
120.300000	14472.090000	0.785714
120.400000	14496.160000	0.776035
120.500000	14520.250000	0.765693
120.600000	14544.360000	0.754708
120.700000	14568.490000	0.743100
120.800000	14592.640000	0.730891
120.900000	14616.810000	0.718104
121.000000	14641.000000	0.704762
121.100000	14665.210000	0.690890
121.200000	14689.440000	0.676515
121.300000	14713.690000	0.661663
121.400000	14737.960000	0.646363
121.500000	14762.250000	0.630642
121.600000	14786.560000	0.614531
121.700000	14810.890000	0.598060
121.800000	14835.240000	0.581259
121.900000	14859.610000	0.564161
122.000000	14884.000000	0.546798
122.100000	14908.410000	0.529202
122.200000	14932.840000	0.511407
122.300000	14957.290000	0.493446
122.400000	14981.760000	0.475353
122.500000	15006.250000	0.457162
122.600000	15030.760000	0.438908
122.700000	15055.290000	0.420625
122.800000	15079.840000	0.402348
122.900000	15104.410000	0.384110
123.000000	15129.000000	0.365947
123.100000	15153.610000	0.347893
123.200000	15178.240000	0.329982
123.300000	15202.890000	0.312247
123.400000	15227.560000	0.294723
123.500000	15252.250000	0.277441
123.600000	15276.960000	0.260436
123.700000	15301.690000	0.243738
123.800000	15326.440000	0.227379
123.900000	15351.210000	0.211391
124.000000	15376.000000	0.195803
124.100000	15400.810000	0.180644
124.200000	15425.640000	0.165943
124.300000	15450.490000	0.151728
124.400000	15475.360000	0.138025
124.500000	15500.250000	0.124859
124.600000	15525.160000	0.112257
124.700000	15550.090000	0.100240
124.800000	15575.040000	0.088832
124.900000	15600.010000	0.078054
125.000000	15625.000000	0.067925
125.100000	15650.010000	0.058464
125.200000	15675.040000	0.049690
125.300000	15700.090000	0.041618
125.400000	15725.160000	0.034263
125.500000	15750.250000	0.027638
125.600000	15775.360000	0.021755
125.700000	15800.490000	0.016625
125.800000	15825.640000	0.012257
125.900000	15850.810000	0.008659
126.000000	15876.000000	0.005836
126.100000	15901.210000	0.003794
126.200000	15926.440000	0.002535
126.300000	15951.690000	0.002061
126.400000	15976.960000	0.002373
126.500000	16002.250000	0.003469
126.600000	16027.560000	0.005345
126.700000	16052.890000	0.007998
126.800000	16078.240000	0.011422
126.900000	16103.610000	0.015609
127.000000	16129.000000	0.020550
127.100000	16154.410000	0.026235
127.200000	16179.840000	0.032653
127.300000	16205.290000	0.039789
127.400000	16230.760000	0.047630
127.500000	16256.250000	0.056159
127.600000	16281.760000	0.065359
127.700000	16307.290000	0.075212
127.800000	16332.840000	0.085698
127.900000	16358.410000	0.096796
128.000000	16384.000000	0.108483
128.100000	16409.610000	0.120736
128.200000	16435.240000	0.133532
128.300000	16460.890000	0.146843
128.400000	16486.560000	0.160644
128.500000	16512.250000	0.174908
128.600000	16537.960000	0.189605
128.700000	16563.690000	0.204708
128.800000	16589.440000	0.220185
128.900000	16615.210000	0.236007
129.000000	16641.000000	0.252141
129.100000	16666.810000	0.268557
129.200000	16692.640000	0.285221
129.300000	16718.490000	0.302100
129.400000	16744.360000	0.319162
129.500000	16770.250000	0.336372
129.600000	16796.160000	0.353697
129.700000	16822.090000	0.371102
129.800000	16848.040000	0.388553
129.900000	16874.010000	0.406016
130.000000	16900.000000	0.423455
130.100000	16926.010000	0.440837
130.200000	16952.040000	0.458128
130.300000	16978.090000	0.475292
130.400000	17004.160000	0.492297
130.500000	17030.250000	0.509108
130.600000	17056.360000	0.525693
130.700000	17082.490000	0.542019
130.800000	17108.640000	0.558053
130.900000	17134.810000	0.573764
131.000000	17161.000000	0.589121
131.100000	17187.210000	0.604093
131.200000	17213.440000	0.618651
131.300000	17239.690000	0.632766
131.400000	17265.960000	0.646410
131.500000	17292.250000	0.659556
131.600000	17318.560000	0.672178
131.700000	17344.890000	0.684250
131.800000	17371.240000	0.695749
131.900000	17397.610000	0.706652
132.000000	17424.000000	0.716937
132.100000	17450.410000	0.726584
132.200000	17476.840000	0.735573
132.300000	17503.290000	0.743886
132.400000	17529.760000	0.751507
132.500000	17556.250000	0.758420
132.600000	17582.760000	0.764611
132.700000	17609.290000	0.770067
132.800000	17635.840000	0.774778
132.900000	17662.410000	0.778733
133.000000	17689.000000	0.781924
133.100000	17715.610000	0.784345
133.200000	17742.240000	0.785989
133.300000	17768.890000	0.786854
133.400000	17795.560000	0.786937
133.500000	17822.250000	0.786237
133.600000	17848.960000	0.784755
133.700000	17875.690000	0.782493
133.800000	17902.440000	0.779454
133.900000	17929.210000	0.775645
134.000000	17956.000000	0.771071
134.100000	17982.810000	0.765741
134.200000	18009.640000	0.759664
134.300000	18036.490000	0.752852
134.400000	18063.360000	0.745318
134.500000	18090.250000	0.737074
134.600000	18117.160000	0.728137
134.700000	18144.090000	0.718523
134.800000	18171.040000	0.708249
134.900000	18198.010000	0.697336
135.000000	18225.000000	0.685803
135.100000	18252.010000	0.673673
135.200000	18279.040000	0.660968
135.300000	18306.090000	0.647711
135.400000	18333.160000	0.633929
135.500000	18360.250000	0.619646
135.600000	18387.360000	0.604891
135.700000	18414.490000	0.589690
135.800000	18441.640000	0.574072
135.900000	18468.810000	0.558068
136.000000	18496.000000	0.541706
136.100000	18523.210000	0.525020
136.200000	18550.440000	0.508039
136.300000	18577.690000	0.490796
136.400000	18604.960000	0.473323
136.500000	18632.250000	0.455655
136.600000	18659.560000	0.437824
136.700000	18686.890000	0.419864
136.800000	18714.240000	0.401810
136.900000	18741.610000	0.383694
137.000000	18769.000000	0.365553
137.100000	18796.410000	0.347420
137.200000	18823.840000	0.329329
137.300000	18851.290000	0.311316
137.400000	18878.760000	0.293413
137.500000	18906.250000	0.275656
137.600000	18933.760000	0.258077
137.700000	18961.290000	0.240711
137.800000	18988.840000	0.223589
137.900000	19016.410000	0.206744
138.000000	19044.000000	0.190209
138.100000	19071.610000	0.174015
138.200000	19099.240000	0.158191
138.300000	19126.890000	0.142769
138.400000	19154.560000	0.127777
138.500000	19182.250000	0.113244
138.600000	19209.960000	0.099197
138.700000	19237.690000	0.085662
138.800000	19265.440000	0.072665
138.900000	19293.210000	0.060231
139.000000	19321.000000	0.048383
139.100000	19348.810000	0.037143
139.200000	19376.640000	0.026531
139.300000	19404.490000	0.016569
139.400000	19432.360000	0.007275
139.500000	19460.250000	-0.001334
139.600000	19488.160000	-0.009243
139.700000	19516.090000	-0.016436
139.800000	19544.040000	-0.022900
139.900000	19572.010000	-0.028624
140.000000	19600.000000	-0.033596
140.100000	19628.010000	-0.037809
140.200000	19656.040000	-0.041254
140.300000	19684.090000	-0.043925
140.400000	19712.160000	-0.045819
140.500000	19740.250000	-0.046931
140.600000	19768.360000	-0.047261
140.700000	19796.490000	-0.046809
140.800000	19824.640000	-0.045575
140.900000	19852.810000	-0.043564
141.000000	19881.000000	-0.040778
141.100000	19909.210000	-0.037226
141.200000	19937.440000	-0.032913
141.300000	19965.690000	-0.027850
141.400000	19993.960000	-0.022046
141.500000	20022.250000	-0.015513
141.600000	20050.560000	-0.008265
141.700000	20078.890000	-0.000316
141.800000	20107.240000	0.008318
141.900000	20135.610000	0.017620
142.000000	20164.000000	0.027570
142.100000	20192.410000	0.038150
142.200000	20220.840000	0.049337
142.300000	20249.290000	0.061111
142.400000	20277.760000	0.073447
142.500000	20306.250000	0.086321
142.600000	20334.760000	0.099707
142.700000	20363.290000	0.113580
142.800000	20391.840000	0.127912
142.900000	20420.410000	0.142674
143.000000	20449.000000	0.157837
143.100000	20477.610000	0.173372
143.200000	20506.240000	0.189247
143.300000	20534.890000	0.205433
143.400000	20563.560000	0.221896
143.500000	20592.250000	0.238604
143.600000	20620.960000	0.255525
143.700000	20649.690000	0.272626
143.800000	20678.440000	0.289872
143.900000	20707.210000	0.307230
144.000000	20736.000000	0.324666
144.100000	20764.810000	0.342146
144.200000	20793.640000	0.359635
144.300000	20822.490000	0.377099
144.400000	20851.360000	0.394503
144.500000	20880.250000	0.411815
144.600000	20909.160000	0.428999
144.700000	20938.090000	0.446022
144.800000	20967.040000	0.462851
144.900000	20996.010000	0.479453
145.000000	21025.000000	0.495795
145.100000	21054.010000	0.511844
145.200000	21083.040000	0.527571
145.300000	21112.090000	0.542944
145.400000	21141.160000	0.557932
145.500000	21170.250000	0.572506
145.600000	21199.360000	0.586639
145.700000	21228.490000	0.600301
145.800000	21257.640000	0.613467
145.900000	21286.810000	0.626110
146.000000	21316.000000	0.638206
146.100000	21345.210000	0.649731
146.200000	21374.440000	0.660663
146.300000	21403.690000	0.670979
146.400000	21432.960000	0.680660
146.500000	21462.250000	0.689687
146.600000	21491.560000	0.698041
146.700000	21520.890000	0.705707
146.800000	21550.240000	0.712669
146.900000	21579.610000	0.718914
147.000000	21609.000000	0.724430
147.100000	21638.410000	0.729204
147.200000	21667.840000	0.733229
147.300000	21697.290000	0.736496
147.400000	21726.760000	0.738998
147.500000	21756.250000	0.740730
147.600000	21785.760000	0.741690
147.700000	21815.290000	0.741874
147.800000	21844.840000	0.741283
147.900000	21874.410000	0.739917
148.000000	21904.000000	0.737779
148.100000	21933.610000	0.734873
148.200000	21963.240000	0.731204
148.300000	21992.890000	0.726779
148.400000	22022.560000	0.721608
148.500000	22052.250000	0.715699
148.600000	22081.960000	0.709064
148.700000	22111.690000	0.701716
148.800000	22141.440000	0.693669
148.900000	22171.210000	0.684939
149.000000	22201.000000	0.675542
149.100000	22230.810000	0.665497
149.200000	22260.640000	0.654823
149.300000	22290.490000	0.643541
149.400000	22320.360000	0.631672
149.500000	22350.250000	0.619240
149.600000	22380.160000	0.606268
149.700000	22410.090000	0.592782
149.800000	22440.040000	0.578809
149.900000	22470.010000	0.564374
150.000000	22500.000000	0.549506
150.100000	22530.010000	0.534234
150.200000	22560.040000	0.518588
150.300000	22590.090000	0.502598
150.400000	22620.160000	0.486294
150.500000	22650.250000	0.469710
150.600000	22680.360000	0.452876
150.700000	22710.490000	0.435826
150.800000	22740.640000	0.418592
150.900000	22770.810000	0.401209
151.000000	22801.000000	0.383710
151.100000	22831.210000	0.366129
151.200000	22861.440000	0.348501
151.300000	22891.690000	0.330859
151.400000	22921.960000	0.313238
151.500000	22952.250000	0.295672
151.600000	22982.560000	0.278196
151.700000	23012.890000	0.260843
151.800000	23043.240000	0.243647
151.900000	23073.610000	0.226643
152.000000	23104.000000	0.209862
152.100000	23134.410000	0.193338
152.200000	23164.840000	0.177103
152.300000	23195.290000	0.161188
152.400000	23225.760000	0.145625
152.500000	23256.250000	0.130444
152.600000	23286.760000	0.115674
152.700000	23317.290000	0.101345
152.800000	23347.840000	0.087485
152.900000	23378.410000	0.074120
153.000000	23409.000000	0.061276
153.100000	23439.610000	0.048979
153.200000	23470.240000	0.037253
153.300000	23500.890000	0.026121
153.400000	23531.560000	0.015604
153.500000	23562.250000	0.005724
153.600000	23592.960000	-0.003501
153.700000	23623.690000	-0.012053
153.800000	23654.440000	-0.019914
153.900000	23685.210000	-0.027069
154.000000	23716.000000	-0.033504
154.100000	23746.810000	-0.039207
154.200000	23777.640000	-0.044166
154.300000	23808.490000	-0.048371
154.400000	23839.360000	-0.051814
154.500000	23870.250000	-0.054488
154.600000	23901.160000	-0.056388
154.700000	23932.090000	-0.057510
154.800000	23963.040000	-0.057852
154.900000	23994.010000	-0.057412
155.000000	24025.000000	-0.056191
155.100000	24056.010000	-0.054193
155.200000	24087.040000	-0.051420
155.300000	24118.090000	-0.047877
155.400000	24149.160000	-0.043572
155.500000	24180.250000	-0.038512
155.600000	24211.360000	-0.032708
155.700000	24242.490000	-0.026171
155.800000	24273.640000	-0.018913
155.900000	24304.810000	-0.010948
156.000000	24336.000000	-0.002292
156.100000	24367.210000	0.007039
156.200000	24398.440000	0.017027
156.300000	24429.690000	0.027651
156.400000	24460.960000	0.038892
156.500000	24492.250000	0.050728
156.600000	24523.560000	0.063135
156.700000	24554.890000	0.076090
156.800000	24586.240000	0.089567
156.900000	24617.610000	0.103539
157.000000	24649.000000	0.117981
157.100000	24680.410000	0.132863
157.200000	24711.840000	0.148157
157.300000	24743.290000	0.163833
157.400000	24774.760000	0.179860
157.500000	24806.250000	0.196206
157.600000	24837.760000	0.212840
157.700000	24869.290000	0.229730
157.800000	24900.840000	0.246842
157.900000	24932.410000	0.264142
158.000000	24964.000000	0.281598
158.100000	24995.610000	0.299174
158.200000	25027.240000	0.316836
158.300000	25058.890000	0.334550
158.400000	25090.560000	0.352280
158.500000	25122.250000	0.369992
158.600000	25153.960000	0.387651
158.700000	25185.690000	0.405223
158.800000	25217.440000	0.422672
158.900000	25249.210000	0.439965
159.000000	25281.000000	0.457066
159.100000	25312.810000	0.473944
159.200000	25344.640000	0.490563
159.300000	25376.490000	0.506891
159.400000	25408.360000	0.522897
159.500000	25440.250000	0.538547
159.600000	25472.160000	0.553812
159.700000	25504.090000	0.568661
159.800000	25536.040000	0.583064
159.900000	25568.010000	0.596993
160.000000	25600.000000	0.610419
160.100000	25632.010000	0.623316
160.200000	25664.040000	0.635659
160.300000	25696.090000	0.647422
160.400000	25728.160000	0.658582
160.500000	25760.250000	0.669116
160.600000	25792.360000	0.679004
160.700000	25824.490000	0.688224
160.800000	25856.640000	0.696758
160.900000	25888.810000	0.704589
161.000000	25921.000000	0.711700
161.100000	25953.210000	0.718078
161.200000	25985.440000	0.723708
161.300000	26017.690000	0.728578
161.400000	26049.960000	0.732679
161.500000	26082.250000	0.736001
161.600000	26114.560000	0.738537
161.700000	26146.890000	0.740281
161.800000	26179.240000	0.741229
161.900000	26211.610000	0.741378
162.000000	26244.000000	0.740726
162.100000	26276.410000	0.739273
162.200000	26308.840000	0.737023
162.300000	26341.290000	0.733977
162.400000	26373.760000	0.730141
162.500000	26406.250000	0.725522
162.600000	26438.760000	0.720127
162.700000	26471.290000	0.713965
162.800000	26503.840000	0.707049
162.900000	26536.410000	0.699389
163.000000	26569.000000	0.691001
163.100000	26601.610000	0.681899
163.200000	26634.240000	0.672100
163.300000	26666.890000	0.661622
163.400000	26699.560000	0.650485
163.500000	26732.250000	0.638709
163.600000	26764.960000	0.626316
163.700000	26797.690000	0.613330
163.800000	26830.440000	0.599774
163.900000	26863.210000	0.585674
164.000000	26896.000000	0.571057
164.100000	26928.810000	0.555949
164.200000	26961.640000	0.540381
164.300000	26994.490000	0.524380
164.400000	27027.360000	0.507978
164.500000	27060.250000	0.491204
164.600000	27093.160000	0.474093
164.700000	27126.090000	0.456674
164.800000	27159.040000	0.438982
164.900000	27192.010000	0.421051
165.000000	27225.000000	0.402914
165.100000	27258.010000	0.384607
165.200000	27291.040000	0.366163
165.300000	27324.090000	0.347618
165.400000	27357.160000	0.329009
165.500000	27390.250000	0.310369
165.600000	27423.360000	0.291735
165.700000	27456.490000	0.273143
165.800000	27489.640000	0.254628
165.900000	27522.810000	0.236225
166.000000	27556.000000	0.217971
166.100000	27589.210000	0.199899
166.200000	27622.440000	0.182045
166.300000	27655.690000	0.164443
166.400000	27688.960000	0.147127
166.500000	27722.250000	0.130130
166.600000	27755.560000	0.113485
166.700000	27788.890000	0.097224
166.800000	27822.240000	0.081378
166.900000	27855.610000	0.065978
167.000000	27889.000000	0.051053
167.100000	27922.410000	0.036632
167.200000	27955.840000	0.022744
167.300000	27989.290000	0.009414
167.400000	28022.760000	-0.003331
167.500000	28056.250000	-0.015467
167.600000	28089.760000	-0.026970
167.700000	28123.290000	-0.037819
167.800000	28156.840000	-0.047991
167.900000	28190.410000	-0.057468
168.000000	28224.000000	-0.066231
168.100000	28257.610000	-0.074264
168.200000	28291.240000	-0.081550
168.300000	28324.890000	-0.088076
168.400000	28358.560000	-0.093828
168.500000	28392.250000	-0.098797
168.600000	28425.960000	-0.102972
168.700000	28459.690000	-0.106346
168.800000	28493.440000	-0.108911
168.900000	28527.210000	-0.110663
169.000000	28561.000000	-0.111600
169.100000	28594.810000	-0.111718
169.200000	28628.640000	-0.111018
169.300000	28662.490000	-0.109502
169.400000	28696.360000	-0.107172
169.500000	28730.250000	-0.104034
169.600000	28764.160000	-0.100094
169.700000	28798.090000	-0.095359
169.800000	28832.040000	-0.089840
169.900000	28866.010000	-0.083547
170.000000	28900.000000	-0.076493
170.100000	28934.010000	-0.068692
170.200000	28968.040000	-0.060160
170.300000	29002.090000	-0.050913
170.400000	29036.160000	-0.040971
170.500000	29070.250000	-0.030353
170.600000	29104.360000	-0.019081
170.700000	29138.490000	-0.007178
170.800000	29172.640000	0.005334
170.900000	29206.810000	0.018428
171.000000	29241.000000	0.032078
171.100000	29275.210000	0.046257
171.200000	29309.440000	0.060936
171.300000	29343.690000	0.076085
171.400000	29377.960000	0.091673
171.500000	29412.250000	0.107670
171.600000	29446.560000	0.124042
171.700000	29480.890000	0.140756
171.800000	29515.240000	0.157778
171.900000	29549.610000	0.175074
172.000000	29584.000000	0.192607
172.100000	29618.410000	0.210342
172.200000	29652.840000	0.228242
172.300000	29687.290000	0.246271
172.400000	29721.760000	0.264391
172.500000	29756.250000	0.282564
172.600000	29790.760000	0.300753
172.700000	29825.290000	0.318920
172.800000	29859.840000	0.337027
172.900000	29894.410000	0.355036
173.000000	29929.000000	0.372909
173.100000	29963.610000	0.390607
173.200000	29998.240000	0.408094
173.300000	30032.890000	0.425333
173.400000	30067.560000	0.442285
173.500000	30102.250000	0.458915
173.600000	30136.960000	0.475186
173.700000	30171.690000	0.491064
173.800000	30206.440000	0.506512
173.900000	30241.210000	0.521497
174.000000	30276.000000	0.535986
174.100000	30310.810000	0.549945
174.200000	30345.640000	0.563343
174.300000	30380.490000	0.576150
174.400000	30415.360000	0.588335
174.500000	30450.250000	0.599869
174.600000	30485.160000	0.610725
174.700000	30520.090000	0.620877
174.800000	30555.040000	0.630299
174.900000	30590.010000	0.638967
175.000000	30625.000000	0.646859
175.100000	30660.010000	0.653952
175.200000	30695.040000	0.660228
175.300000	30730.090000	0.665668
175.400000	30765.160000	0.670254
175.500000	30800.250000	0.673972
175.600000	30835.360000	0.676806
175.700000	30870.490000	0.678746
175.800000	30905.640000	0.679779
175.900000	30940.810000	0.679897
176.000000	30976.000000	0.679092
176.100000	31011.210000	0.677358
176.200000	31046.440000	0.674691
176.300000	31081.690000	0.671089
176.400000	31116.960000	0.666549
176.500000	31152.250000	0.661074
176.600000	31187.560000	0.654665
176.700000	31222.890000	0.647327
176.800000	31258.240000	0.639064
176.900000	31293.610000	0.629886
177.000000	31329.000000	0.619801
177.100000	31364.410000	0.608819
177.200000	31399.840000	0.596953
177.300000	31435.290000	0.584217
177.400000	31470.760000	0.570626
177.500000	31506.250000	0.556197
177.600000	31541.760000	0.540950
177.700000	31577.290000	0.524903
177.800000	31612.840000	0.508079
177.900000	31648.410000	0.490500
178.000000	31684.000000	0.472191
178.100000	31719.610000	0.453178
178.200000	31755.240000	0.433486
178.300000	31790.890000	0.413145
178.400000	31826.560000	0.392183
178.500000	31862.250000	0.370631
178.600000	31897.960000	0.348521
178.700000	31933.690000	0.325885
178.800000	31969.440000	0.302756
178.900000	32005.210000	0.279169
179.000000	32041.000000	0.255159
179.100000	32076.810000	0.230762
179.200000	32112.640000	0.206014
179.300000	32148.490000	0.180954
179.400000	32184.360000	0.155618
179.500000	32220.250000	0.130046
179.600000	32256.160000	0.104275
179.700000	32292.090000	0.078346
179.800000	32328.040000	0.052297
179.900000	32364.010000	0.026168
180.000000	32400.000000	0.000000
#Sums: 162090.000000	19456203.000000	2067.454186
