# alpha	alpha^2	B*sin(alpha)
0.000000	0.000000	0.000000
0.100000	0.010000	1.030184
0.200000	0.040000	2.057428
0.300000	0.090000	3.078802
0.400000	0.160000	4.091402
0.500000	0.250000	5.092356
0.600000	0.360000	6.078843
0.700000	0.490000	7.048096
0.800000	0.640000	7.997419
0.900000	0.810000	8.924197
1.000000	1.000000	9.825903
1.100000	1.210000	10.700111
1.200000	1.440000	11.544505
1.300000	1.690000	12.356888
1.400000	1.960000	13.135189
1.500000	2.250000	13.877474
1.600000	2.560000	14.581951
1.700000	2.890000	15.246977
1.800000	3.240000	15.871064
1.900000	3.610000	16.452888
2.000000	4.000000	16.991286
2.100000	4.410000	17.485268
2.200000	4.840000	17.934016
2.300000	5.290000	18.336887
2.400000	5.760000	18.693415
2.500000	6.250000	19.003312
2.600000	6.760000	19.266469
2.700000	7.290000	19.482954
2.800000	7.840000	19.653011
2.900000	8.410000	19.777058
3.000000	9.000000	19.855686
3.100000	9.610000	19.889650
3.200000	10.240000	19.879873
3.300000	10.890000	19.827432
3.400000	11.560000	19.733561
3.500000	12.250000	19.599637
3.600000	12.960000	19.427179
3.700000	13.690000	19.217836
3.800000	14.440000	18.973382
3.900000	15.210000	18.695706
4.000000	16.000000	18.386806
4.100000	16.810000	18.048774
4.200000	17.640000	17.683792
4.300000	18.490000	17.294116
4.400000	19.360000	16.882073
4.500000	20.250000	16.450043
4.600000	21.160000	16.000453
4.700000	22.090000	15.535765
4.800000	23.040000	15.058465
4.900000	24.010000	14.571049
5.000000	25.000000	14.076016
5.100000	26.010000	13.575857
5.200000	27.040000	13.073041
5.300000	28.090000	12.570006
5.400000	29.160000	12.069150
5.500000	30.250000	11.572818
5.600000	31.360000	11.083293
5.700000	32.490000	10.602790
5.800000	33.640000	10.133439
5.900000	34.810000	9.677286
6.000000	36.000000	9.236277
6.100000	37.210000	8.812252
6.200000	38.440000	8.406943
6.300000	39.690000	8.021959
6.400000	40.960000	7.658786
6.500000	42.250000	7.318780
6.600000	43.560000	7.003161
6.700000	44.890000	6.713011
6.800000	46.240000	6.449269
6.900000	47.610000	6.212729
7.000000	49.000000	6.004035
7.100000	50.410000	5.823687
7.200000	51.840000	5.672032
7.300000	53.290000	5.549269
7.400000	54.760000	5.455448
7.500000	56.250000	5.390472
7.600000	57.760000	5.354100
7.700000	59.290000	5.345947
7.800000	60.840000	5.365490
7.900000	62.410000	5.412073
8.000000	64.000000	5.484908
8.100000	65.610000	5.583082
8.200000	67.240000	5.705565
8.300000	68.890000	5.851213
8.400000	70.560000	6.018777
8.500000	72.250000	6.206909
8.600000	73.960000	6.414171
8.700000	75.690000	6.639040
8.800000	77.440000	6.879922
8.900000	79.210000	7.135154
9.000000	81.000000	7.403020
9.100000	82.810000	7.681752
9.200000	84.640000	7.969547
9.300000	86.490000	8.264571
9.400000	88.360000	8.564973
9.500000	90.250000	8.868889
9.600000	92.160000	9.174456
9.700000	94.090000	9.479820
9.800000	96.040000	9.783145
9.900000	98.010000	10.082622
10.000000	100.000000	10.376477
10.100000	102.010000	10.662984
10.200000	104.040000	10.940467
10.300000	106.090000	11.207311
10.400000	108.160000	11.461974
10.500000	110.250000	11.702984
10.600000	112.360000	11.928958
10.700000	114.490000	12.138599
10.800000	116.640000	12.330705
10.900000	118.810000	12.504176
11.000000	121.000000	12.658018
11.100000	123.210000	12.791344
11.200000	125.440000	12.903385
11.300000	127.690000	12.993484
11.400000	129.960000	13.061106
11.500000	132.250000	13.105836
11.600000	134.560000	13.127381
11.700000	136.890000	13.125572
11.800000	139.240000	13.100361
11.900000	141.610000	13.051824
12.000000	144.000000	12.980159
12.100000	146.410000	12.885680
12.200000	148.840000	12.768821
12.300000	151.290000	12.630128
12.400000	153.760000	12.470260
12.500000	156.250000	12.289981
12.600000	158.760000	12.090154
12.700000	161.290000	11.871744
12.800000	163.840000	11.635805
12.900000	166.410000	11.383474
13.000000	169.000000	11.115970
13.100000	171.610000	10.834584
13.200000	174.240000	10.540672
13.300000	176.890000	10.235646
13.400000	179.560000	9.920971
13.500000	182.250000	9.598154
13.600000	184.960000	9.268736
13.700000	187.690000	8.934285
13.800000	190.440000	8.596388
13.900000	193.210000	8.256640
14.000000	196.000000	7.916641
14.100000	198.810000	7.577982
14.200000	201.640000	7.242242
14.300000	204.490000	6.910976
14.400000	207.360000	6.585710
14.500000	210.250000	6.267931
14.600000	213.160000	5.959081
14.700000	216.090000	5.660551
14.800000	219.040000	5.373670
14.900000	222.010000	5.099704
15.000000	225.000000	4.839846
15.100000	228.010000	4.595210
15.200000	231.040000	4.366829
15.300000	234.090000	4.155646
15.400000	237.160000	3.962515
15.500000	240.250000	3.788190
15.600000	243.360000	3.633328
15.700000	246.490000	3.498483
15.800000	249.640000	3.384102
15.900000	252.810000	3.290528
16.000000	256.000000	3.217995
16.100000	259.210000	3.166628
16.200000	262.440000	3.136445
16.300000	265.690000	3.127353
16.400000	268.960000	3.139154
16.500000	272.250000	3.171542
16.600000	275.560000	3.224109
16.700000	278.890000	3.296344
16.800000	282.240000	3.387640
16.900000	285.610000	3.497293
17.000000	289.000000	3.624510
17.100000	292.410000	3.768411
17.200000	295.840000	3.928035
17.300000	299.290000	4.102345
17.400000	302.760000	4.290233
17.500000	306.250000	4.490527
17.600000	309.760000	4.701998
17.700000	313.290000	4.923365
17.800000	316.840000	5.153299
17.900000	320.410000	5.390439
18.000000	324.000000	5.633388
18.100000	327.610000	5.880728
18.200000	331.240000	6.131027
18.300000	334.890000	6.382840
18.400000	338.560000	6.634725
18.500000	342.250000	6.885243
18.600000	345.960000	7.132972
18.700000	349.690000	7.376507
18.800000	353.440000	7.614475
18.900000	357.210000	7.845535
19.000000	361.000000	8.068388
19.100000	364.810000	8.281785
19.200000	368.640000	8.484530
19.300000	372.490000	8.675487
19.400000	376.360000	8.853588
19.500000	380.250000	9.017833
19.600000	384.160000	9.167300
19.700000	388.090000	9.301148
19.800000	392.040000	9.418619
19.900000	396.010000	9.519044
20.000000	400.000000	9.601844
20.100000	404.010000	9.666536
20.200000	408.040000	9.712730
20.300000	412.090000	9.740135
20.400000	416.160000	9.748560
20.500000	420.250000	9.737911
20.600000	424.360000	9.708194
20.700000	428.490000	9.659515
20.800000	432.640000	9.592077
20.900000	436.810000	9.506181
21.000000	441.000000	9.402222
21.100000	445.210000	9.280686
21.200000	449.440000	9.142152
21.300000	453.690000	8.987281
21.400000	457.960000	8.816821
21.500000	462.250000	8.631595
21.600000	466.560000	8.432502
21.700000	470.890000	8.220510
21.800000	475.240000	7.996648
21.900000	479.610000	7.762009
22.000000	484.000000	7.517732
22.100000	488.410000	7.265007
22.200000	492.840000	7.005063
22.300000	497.290000	6.739161
22.400000	501.760000	6.468592
22.500000	506.250000	6.194666
22.600000	510.760000	5.918705
22.700000	515.290000	5.642041
22.800000	519.840000	5.366003
22.900000	524.410000	5.091914
23.000000	529.000000	4.821084
23.100000	533.610000	4.554801
23.200000	538.240000	4.294326
23.300000	542.890000	4.040889
23.400000	547.560000	3.795677
23.500000	552.250000	3.559834
23.600000	556.960000	3.334450
23.700000	561.690000	3.120560
23.800000	566.440000	2.919135
23.900000	571.210000	2.731083
24.000000	576.000000	2.557236
24.100000	580.810000	2.398354
24.200000	585.640000	2.255115
24.300000	590.490000	2.128118
24.400000	595.360000	2.017873
24.500000	600.250000	1.924806
24.600000	605.160000	1.849252
24.700000	610.090000	1.791454
24.800000	615.040000	1.751564
24.900000	620.010000	1.729642
25.000000	625.000000	1.725655
25.100000	630.010000	1.739478
25.200000	635.040000	1.770894
25.300000	640.090000	1.819598
25.400000	645.160000	1.885195
25.500000	650.250000	1.967206
25.600000	655.360000	2.065068
25.700000	660.490000	2.178139
25.800000	665.640000	2.305700
25.900000	670.810000	2.446960
26.000000	676.000000	2.601059
26.100000	681.210000	2.767075
26.200000	686.440000	2.944027
26.300000	691.690000	3.130879
26.400000	696.960000	3.326549
26.500000	702.250000	3.529913
26.600000	707.560000	3.739810
26.700000	712.890000	3.955048
26.800000	718.240000	4.174412
26.900000	723.610000	4.396669
27.000000	729.000000	4.620576
27.100000	734.410000	4.844883
27.200000	739.840000	5.068344
27.300000	745.290000	5.289719
27.400000	750.760000	5.507783
27.500000	756.250000	5.721332
27.600000	761.760000	5.929190
27.700000	767.290000	6.130211
27.800000	772.840000	6.323291
27.900000	778.410000	6.507366
28.000000	784.000000	6.681427
28.100000	789.610000	6.844515
28.200000	795.240000	6.995732
28.300000	800.890000	7.134245
28.400000	806.560000	7.259288
28.500000	812.250000	7.370166
28.600000	817.960000	7.466262
28.700000	823.690000	7.547035
28.800000	829.440000	7.612024
28.900000	835.210000	7.660854
29.000000	841.000000	7.693232
29.100000	846.810000	7.708953
29.200000	852.640000	7.707896
29.300000	858.490000	7.690031
29.400000	864.360000	7.655413
29.500000	870.250000	7.604183
29.600000	876.160000	7.536569
29.700000	882.090000	7.452884
29.800000	888.040000	7.353522
29.900000	894.010000	7.238958
30.000000	900.000000	7.109745
30.100000	906.010000	6.966510
30.200000	912.040000	6.809951
30.300000	918.090000	6.640835
30.400000	924.160000	6.459990
30.500000	930.250000	6.268305
30.600000	936.360000	6.066723
30.700000	942.490000	5.856234
30.800000	948.640000	5.637875
30.900000	954.810000	5.412719
31.000000	961.000000	5.181873
31.100000	967.210000	4.946472
31.200000	973.440000	4.707670
31.300000	979.690000	4.466638
31.400000	985.960000	4.224555
31.500000	992.250000	3.982605
31.600000	998.560000	3.741966
31.700000	1004.890000	3.503809
31.800000	1011.240000	3.269288
31.900000	1017.610000	3.039539
32.000000	1024.000000	2.815666
32.100000	1030.410000	2.598746
32.200000	1036.840000	2.389815
32.300000	1043.290000	2.189864
32.400000	1049.760000	1.999840
32.500000	1056.250000	1.820634
32.600000	1062.760000	1.653080
32.700000	1069.290000	1.497949
32.800000	1075.840000	1.355949
32.900000	1082.410000	1.227717
33.000000	1089.000000	1.113818
33.100000	1095.610000	1.014743
33.200000	1102.240000	0.930904
33.300000	1108.890000	0.862633
33.400000	1115.560000	0.810185
33.500000	1122.250000	0.773729
33.600000	1128.960000	0.753352
33.700000	1135.690000	0.749060
33.800000	1142.440000	0.760773
33.900000	1149.210000	0.788332
34.000000	1156.000000	0.831493
34.100000	1162.810000	0.889936
34.200000	1169.640000	0.963259
34.300000	1176.490000	1.050988
34.400000	1183.360000	1.152573
34.500000	1190.250000	1.267394
34.600000	1197.160000	1.394765
34.700000	1204.090000	1.533937
34.800000	1211.040000	1.684100
34.900000	1218.010000	1.844390
35.000000	1225.000000	2.013894
35.100000	1232.010000	2.191650
35.200000	1239.040000	2.376660
35.300000	1246.090000	2.567886
35.400000	1253.160000	2.764264
35.500000	1260.250000	2.964703
35.600000	1267.360000	3.168094
35.700000	1274.490000	3.373316
35.800000	1281.640000	3.579240
35.900000	1288.810000	3.784736
36.000000	1296.000000	3.988679
36.100000	1303.210000	4.189953
36.200000	1310.440000	4.387461
36.300000	1317.690000	4.580123
36.400000	1324.960000	4.766891
36.500000	1332.250000	4.946748
36.600000	1339.560000	5.118713
36.700000	1346.890000	5.281849
36.800000	1354.240000	5.435269
36.900000	1361.610000	5.578135
37.000000	1369.000000	5.709665
37.100000	1376.410000	5.829140
37.200000	1383.840000	5.935902
37.300000	1391.290000	6.029361
37.400000	1398.760000	6.108999
37.500000	1406.250000	6.174367
37.600000	1413.760000	6.225094
37.700000	1421.290000	6.260884
37.800000	1428.840000	6.281517
37.900000	1436.410000	6.286857
38.000000	1444.000000	6.276841
38.100000	1451.610000	6.251492
38.200000	1459.240000	6.210907
38.300000	1466.890000	6.155266
38.400000	1474.560000	6.084824
38.500000	1482.250000	5.999913
38.600000	1489.960000	5.900940
38.700000	1497.690000	5.788382
38.800000	1505.440000	5.662789
38.900000	1513.210000	5.524775
39.000000	1521.000000	5.375017
39.100000	1528.810000	5.214255
39.200000	1536.640000	5.043280
39.300000	1544.490000	4.862940
39.400000	1552.360000	4.674125
39.500000	1560.250000	4.477770
39.600000	1568.160000	4.274849
39.700000	1576.090000	4.066365
39.800000	1584.040000	3.853352
39.900000	1592.010000	3.636862
40.000000	1600.000000	3.417967
40.100000	1608.010000	3.197748
40.200000	1616.040000	2.977291
40.300000	1624.090000	2.757682
40.400000	1632.160000	2.540002
40.500000	1640.250000	2.325319
40.600000	1648.360000	2.114685
40.700000	1656.490000	1.909130
40.800000	1664.640000	1.709654
40.900000	1672.810000	1.517226
41.000000	1681.000000	1.332778
41.100000	1689.210000	1.157197
41.200000	1697.440000	0.991326
41.300000	1705.690000	0.835953
41.400000	1713.960000	0.691815
41.500000	1722.250000	0.559586
41.600000	1730.560000	0.439880
41.700000	1738.890000	0.333245
41.800000	1747.240000	0.240161
41.900000	1755.610000	0.161037
42.000000	1764.000000	0.096209
42.100000	1772.410000	0.045940
42.200000	1780.840000	0.010417
42.300000	1789.290000	-0.010250
42.400000	1797.760000	-0.016026
42.500000	1806.250000	-0.006954
42.600000	1814.760000	0.016847
42.700000	1823.290000	0.055181
42.800000	1831.840000	0.107779
42.900000	1840.410000	0.174299
43.000000	1849.000000	0.254326
43.100000	1857.610000	0.347378
43.200000	1866.240000	0.452906
43.300000	1874.890000	0.570296
43.400000	1883.560000	0.698877
43.500000	1892.250000	0.837919
43.600000	1900.960000	0.986639
43.700000	1909.690000	1.144206
43.800000	1918.440000	1.309746
43.900000	1927.210000	1.482344
44.000000	1936.000000	1.661049
44.100000	1944.810000	1.844881
44.200000	1953.640000	2.032837
44.300000	1962.490000	2.223891
44.400000	1971.360000	2.417005
44.500000	1980.250000	2.611130
44.600000	1989.160000	2.805216
44.700000	1998.090000	2.998214
44.800000	2007.040000	3.189080
44.900000	2016.010000	3.376785
45.000000	2025.000000	3.560318
45.100000	2034.010000	3.738689
45.200000	2043.040000	3.910940
45.300000	2052.090000	4.076142
45.400000	2061.160000	4.233407
45.500000	2070.250000	4.381886
45.600000	2079.360000	4.520781
45.700000	2088.490000	4.649341
45.800000	2097.640000	4.766872
45.900000	2106.810000	4.872736
46.000000	2116.000000	4.966357
46.100000	2125.210000	5.047225
46.200000	2134.440000	5.114895
46.300000	2143.690000	5.168990
46.400000	2152.960000	5.209206
46.500000	2162.250000	5.235309
46.600000	2171.560000	5.247140
46.700000	2180.890000	5.244613
46.800000	2190.240000	5.227718
46.900000	2199.610000	5.196516
47.000000	2209.000000	5.151146
47.100000	2218.410000	5.091817
47.200000	2227.840000	5.018812
47.300000	2237.290000	4.932483
47.400000	2246.760000	4.833251
47.500000	2256.250000	4.721603
47.600000	2265.760000	4.598090
47.700000	2275.290000	4.463323
47.800000	2284.840000	4.317972
47.900000	2294.410000	4.162758
48.000000	2304.000000	3.998455
48.100000	2313.610000	3.825882
48.200000	2323.240000	3.645899
48.300000	2332.890000	3.459405
48.400000	2342.560000	3.267330
48.500000	2352.250000	3.070632
48.600000	2361.960000	2.870292
48.700000	2371.690000	2.667310
48.800000	2381.440000	2.462695
48.900000	2391.210000	2.257468
49.000000	2401.000000	2.052649
49.100000	2410.810000	1.849254
49.200000	2420.640000	1.648294
49.300000	2430.490000	1.450762
49.400000	2440.360000	1.257635
49.500000	2450.250000	1.069866
49.600000	2460.160000	0.888378
49.700000	2470.090000	0.714062
49.800000	2480.040000	0.547770
49.900000	2490.010000	0.390312
50.000000	2500.000000	0.242452
50.100000	2510.010000	0.104903
50.200000	2520.040000	-0.021675
50.300000	2530.090000	-0.136682
50.400000	2540.160000	-0.239575
50.500000	2550.250000	-0.329875
50.600000	2560.360000	-0.407169
50.700000	2570.490000	-0.471113
50.800000	2580.640000	-0.521428
50.900000	2590.810000	-0.557909
51.000000	2601.000000	-0.580423
51.100000	2611.210000	-0.588905
51.200000	2621.440000	-0.583367
51.300000	2631.690000	-0.563891
51.400000	2641.960000	-0.530630
51.500000	2652.250000	-0.483809
51.600000	2662.560000	-0.423722
51.700000	2672.890000	-0.350732
51.800000	2683.240000	-0.265267
51.900000	2693.610000	-0.167819
52.000000	2704.000000	-0.058941
52.100000	2714.410000	0.060756
52.200000	2724.840000	0.190605
52.300000	2735.290000	0.329890
52.400000	2745.760000	0.477843
52.500000	2756.250000	0.633657
52.600000	2766.760000	0.796482
52.700000	2777.290000	0.965435
52.800000	2787.840000	1.139603
52.900000	2798.410000	1.318044
53.000000	2809.000000	1.499798
53.100000	2819.610000	1.683890
53.200000	2830.240000	1.869331
53.300000	2840.890000	2.055128
53.400000	2851.560000	2.240289
53.500000	2862.250000	2.423824
53.600000	2872.960000	2.604754
53.700000	2883.690000	2.782115
53.800000	2894.440000	2.954961
53.900000	2905.210000	3.122372
54.000000	2916.000000	3.283457
54.100000	2926.810000	3.437359
54.200000	2937.640000	3.583258
54.300000	2948.490000	3.720377
54.400000	2959.360000	3.847987
54.500000	2970.250000	3.965406
54.600000	2981.160000	4.072007
54.700000	2992.090000	4.167221
54.800000	3003.040000	4.250537
54.900000	3014.010000	4.321505
55.000000	3025.000000	4.379742
55.100000	3036.010000	4.424930
55.200000	3047.040000	4.456818
55.300000	3058.090000	4.475225
55.400000	3069.160000	4.480040
55.500000	3080.250000	4.471223
55.600000	3091.360000	4.448802
55.700000	3102.490000	4.412878
55.800000	3113.640000	4.363621
55.900000	3124.810000	4.301269
56.000000	3136.000000	4.226128
56.100000	3147.210000	4.138570
56.200000	3158.440000	4.039031
56.300000	3169.690000	3.928007
56.400000	3180.960000	3.806054
56.500000	3192.250000	3.673785
56.600000	3203.560000	3.531864
56.700000	3214.890000	3.381005
56.800000	3226.240000	3.221968
56.900000	3237.610000	3.055552
57.000000	3249.000000	2.882597
57.100000	3260.410000	2.703975
57.200000	3271.840000	2.520583
57.300000	3283.290000	2.333347
57.400000	3294.760000	2.143209
57.500000	3306.250000	1.951125
57.600000	3317.760000	1.758062
57.700000	3329.290000	1.564989
57.800000	3340.840000	1.372876
57.900000	3352.410000	1.182686
58.000000	3364.000000	0.995372
58.100000	3375.610000	0.811871
58.200000	3387.240000	0.633100
58.300000	3398.890000	0.459949
58.400000	3410.560000	0.293280
58.500000	3422.250000	0.133921
58.600000	3433.960000	-0.017340
58.700000	3445.690000	-0.159757
58.800000	3457.440000	-0.292628
58.900000	3469.210000	-0.415304
59.000000	3481.000000	-0.527188
59.100000	3492.810000	-0.627739
59.200000	3504.640000	-0.716474
59.300000	3516.490000	-0.792972
59.400000	3528.360000	-0.856878
59.500000	3540.250000	-0.907897
59.600000	3552.160000	-0.945806
59.700000	3564.090000	-0.970446
59.800000	3576.040000	-0.981728
59.900000	3588.010000	-0.979631
60.000000	3600.000000	-0.964205
60.100000	3612.010000	-0.935567
60.200000	3624.040000	-0.893902
60.300000	3636.090000	-0.839463
60.400000	3648.160000	-0.772566
60.500000	3660.250000	-0.693594
60.600000	3672.360000	-0.602991
60.700000	3684.490000	-0.501258
60.800000	3696.640000	-0.388957
60.900000	3708.810000	-0.266701
61.000000	3721.000000	-0.135154
61.100000	3733.210000	0.004972
61.200000	3745.440000	0.152922
61.300000	3757.690000	0.307901
61.400000	3769.960000	0.469079
61.500000	3782.250000	0.635594
61.600000	3794.560000	0.806559
61.700000	3806.890000	0.981063
61.800000	3819.240000	1.158179
61.900000	3831.610000	1.336967
62.000000	3844.000000	1.516480
62.100000	3856.410000	1.695766
62.200000	3868.840000	1.873878
62.300000	3881.290000	2.049875
62.400000	3893.760000	2.222826
62.500000	3906.250000	2.391819
62.600000	3918.760000	2.555962
62.700000	3931.290000	2.714390
62.800000	3943.840000	2.866267
62.900000	3956.410000	3.010792
63.000000	3969.000000	3.147203
63.100000	3981.610000	3.274781
63.200000	3994.240000	3.392852
63.300000	4006.890000	3.500794
63.400000	4019.560000	3.598034
63.500000	4032.250000	3.684059
63.600000	4044.960000	3.758411
63.700000	4057.690000	3.820694
63.800000	4070.440000	3.870576
63.900000	4083.210000	3.907787
64.000000	4096.000000	3.932123
64.100000	4108.810000	3.943449
64.200000	4121.640000	3.941694
64.300000	4134.490000	3.926856
64.400000	4147.360000	3.899002
64.500000	4160.250000	3.858263
64.600000	4173.160000	3.804839
64.700000	4186.090000	3.738994
64.800000	4199.040000	3.661056
64.900000	4212.010000	3.571416
65.000000	4225.000000	3.470523
65.100000	4238.010000	3.358887
65.200000	4251.040000	3.237070
65.300000	4264.090000	3.105686
65.400000	4277.160000	2.965401
65.500000	4290.250000	2.816923
65.600000	4303.360000	2.661004
65.700000	4316.490000	2.498431
65.800000	4329.640000	2.330028
65.900000	4342.810000	2.156647
66.000000	4356.000000	1.979164
66.100000	4369.210000	1.798477
66.200000	4382.440000	1.615499
66.300000	4395.690000	1.431153
66.400000	4408.960000	1.246372
66.500000	4422.250000	1.062086
66.600000	4435.560000	0.879224
66.700000	4448.890000	0.698708
66.800000	4462.240000	0.521444
66.900000	4475.610000	0.348324
67.000000	4489.000000	0.180217
67.100000	4502.410000	0.017963
67.200000	4515.840000	-0.137626
67.300000	4529.290000	-0.285774
67.400000	4542.760000	-0.425744
67.500000	4556.250000	-0.556840
67.600000	4569.760000	-0.678416
67.700000	4583.290000	-0.789873
67.800000	4596.840000	-0.890663
67.900000	4610.410000	-0.980297
68.000000	4624.000000	-1.058341
68.100000	4637.610000	-1.124423
68.200000	4651.240000	-1.178232
68.300000	4664.890000	-1.219519
68.400000	4678.560000	-1.248103
68.500000	4692.250000	-1.263865
68.600000	4705.960000	-1.266755
68.700000	4719.690000	-1.256787
68.800000	4733.440000	-1.234043
68.900000	4747.210000	-1.198668
69.000000	4761.000000	-1.150877
69.100000	4774.810000	-1.090942
69.200000	4788.640000	-1.019204
69.300000	4802.490000	-0.936058
69.400000	4816.360000	-0.841963
69.500000	4830.250000	-0.737430
69.600000	4844.160000	-0.623025
69.700000	4858.090000	-0.499365
69.800000	4872.040000	-0.367112
69.900000	4886.010000	-0.226974
70.000000	4900.000000	-0.079697
70.100000	4914.010000	0.073937
70.200000	4928.040000	0.233112
70.300000	4942.090000	0.396986
70.400000	4956.160000	0.564693
70.500000	4970.250000	0.735347
70.600000	4984.360000	0.908051
70.700000	4998.490000	1.081894
70.800000	5012.640000	1.255963
70.900000	5026.810000	1.429344
71.000000	5041.000000	1.601126
71.100000	5055.210000	1.770409
71.200000	5069.440000	1.936306
71.300000	5083.690000	2.097949
71.400000	5097.960000	2.254491
71.500000	5112.250000	2.405114
71.600000	5126.560000	2.549029
71.700000	5140.890000	2.685486
71.800000	5155.240000	2.813771
71.900000	5169.610000	2.933214
72.000000	5184.000000	3.043191
72.100000	5198.410000	3.143127
72.200000	5212.840000	3.232501
72.300000	5227.290000	3.310845
72.400000	5241.760000	3.377750
72.500000	5256.250000	3.432865
72.600000	5270.760000	3.475901
72.700000	5285.290000	3.506632
72.800000	5299.840000	3.524895
72.900000	5314.410000	3.530592
73.000000	5329.000000	3.523689
73.100000	5343.610000	3.504219
73.200000	5358.240000	3.472277
73.300000	5372.890000	3.428026
73.400000	5387.560000	3.371690
73.500000	5402.250000	3.303555
73.600000	5416.960000	3.223970
73.700000	5431.690000	3.133339
73.800000	5446.440000	3.032128
73.900000	5461.210000	2.920852
74.000000	5476.000000	2.800081
74.100000	5490.810000	2.670433
74.200000	5505.640000	2.532571
74.300000	5520.490000	2.387199
74.400000	5535.360000	2.235060
74.500000	5550.250000	2.076933
74.600000	5565.160000	1.913626
74.700000	5580.090000	1.745972
74.800000	5595.040000	1.574827
74.900000	5610.010000	1.401065
75.000000	5625.000000	1.225572
75.100000	5640.010000	1.049243
75.200000	5655.040000	0.872976
75.300000	5670.090000	0.697668
75.400000	5685.160000	0.524212
75.500000	5700.250000	0.353488
75.600000	5715.360000	0.186364
75.700000	5730.490000	0.023688
75.800000	5745.640000	-0.133717
75.900000	5760.810000	-0.285053
76.000000	5776.000000	-0.429557
76.100000	5791.210000	-0.566499
76.200000	5806.440000	-0.695191
76.300000	5821.690000	-0.814985
76.400000	5836.960000	-0.925282
76.500000	5852.250000	-1.025531
76.600000	5867.560000	-1.115234
76.700000	5882.890000	-1.193948
76.800000	5898.240000	-1.261285
76.900000	5913.610000	-1.316919
77.000000	5929.000000	-1.360582
77.100000	5944.410000	-1.392070
77.200000	5959.840000	-1.411239
77.300000	5975.290000	-1.418011
77.400000	5990.760000	-1.412372
77.500000	6006.250000	-1.394372
77.600000	6021.760000	-1.364123
77.700000	6037.290000	-1.321803
77.800000	6052.840000	-1.267648
77.900000	6068.410000	-1.201960
78.000000	6084.000000	-1.125096
78.100000	6099.610000	-1.037473
78.200000	6115.240000	-0.939561
78.300000	6130.890000	-0.831886
78.400000	6146.560000	-0.715020
78.500000	6162.250000	-0.589586
78.600000	6177.960000	-0.456248
78.700000	6193.690000	-0.315711
78.800000	6209.440000	-0.168717
78.900000	6225.210000	-0.016041
79.000000	6241.000000	0.141514
79.100000	6256.810000	0.303119
79.200000	6272.640000	0.467927
79.300000	6288.490000	0.635071
79.400000	6304.360000	0.803678
79.500000	6320.250000	0.972863
79.600000	6336.160000	1.141742
79.700000	6352.090000	1.309431
79.800000	6368.040000	1.475053
79.900000	6384.010000	1.637745
80.000000	6400.000000	1.796655
80.100000	6416.010000	1.950955
80.200000	6432.040000	2.099839
80.300000	6448.090000	2.242531
80.400000	6464.160000	2.378287
80.500000	6480.250000	2.506397
80.600000	6496.360000	2.626195
80.700000	6512.490000	2.737056
80.800000	6528.640000	2.838401
80.900000	6544.810000	2.929701
81.000000	6561.000000	3.010480
81.100000	6577.210000	3.080316
81.200000	6593.440000	3.138843
81.300000	6609.690000	3.185755
81.400000	6625.960000	3.220804
81.500000	6642.250000	3.243807
81.600000	6658.560000	3.254639
81.700000	6674.890000	3.253240
81.800000	6691.240000	3.239614
81.900000	6707.610000	3.213827
82.000000	6724.000000	3.176008
82.100000	6740.410000	3.126347
82.200000	6756.840000	3.065097
82.300000	6773.290000	2.992569
82.400000	6789.760000	2.909132
82.500000	6806.250000	2.815213
82.600000	6822.760000	2.711290
82.700000	6839.290000	2.597896
82.800000	6855.840000	2.475609
82.900000	6872.410000	2.345054
83.000000	6889.000000	2.206899
83.100000	6905.610000	2.061850
83.200000	6922.240000	1.910649
83.300000	6938.890000	1.754069
83.400000	6955.560000	1.592909
83.500000	6972.250000	1.427994
83.600000	6988.960000	1.260165
83.700000	7005.690000	1.090281
83.800000	7022.440000	0.919207
83.900000	7039.210000	0.747817
84.000000	7056.000000	0.576985
84.100000	7072.810000	0.407582
84.200000	7089.640000	0.240471
84.300000	7106.490000	0.076503
84.400000	7123.360000	-0.083487
84.500000	7140.250000	-0.238687
84.600000	7157.160000	-0.388309
84.700000	7174.090000	-0.531592
84.800000	7191.040000	-0.667811
84.900000	7208.010000	-0.796276
85.000000	7225.000000	-0.916338
85.100000	7242.010000	-1.027392
85.200000	7259.040000	-1.128879
85.300000	7276.090000	-1.220289
85.400000	7293.160000	-1.301166
85.500000	7310.250000	-1.371106
85.600000	7327.360000	-1.429763
85.700000	7344.490000	-1.476850
85.800000	7361.640000	-1.512138
85.900000	7378.810000	-1.535460
86.000000	7396.000000	-1.546710
86.100000	7413.210000	-1.545845
86.200000	7430.440000	-1.532884
86.300000	7447.690000	-1.507908
86.400000	7464.960000	-1.471061
86.500000	7482.250000	-1.422546
86.600000	7499.560000	-1.362627
86.700000	7516.890000	-1.291627
86.800000	7534.240000	-1.209926
86.900000	7551.610000	-1.117958
87.000000	7569.000000	-1.016210
87.100000	7586.410000	-0.905220
87.200000	7603.840000	-0.785571
87.300000	7621.290000	-0.657893
87.400000	7638.760000	-0.522855
87.500000	7656.250000	-0.381165
87.600000	7673.760000	-0.233563
87.700000	7691.290000	-0.080822
87.800000	7708.840000	0.076263
87.900000	7726.410000	0.236871
88.000000	7744.000000	0.400165
88.100000	7761.610000	0.565297
88.200000	7779.240000	0.731405
88.300000	7796.890000	0.897627
88.400000	7814.560000	1.063098
88.500000	7832.250000	1.226960
88.600000	7849.960000	1.388360
88.700000	7867.690000	1.546461
88.800000	7885.440000	1.700444
88.900000	7903.210000	1.849508
89.000000	7921.000000	1.992882
89.100000	7938.810000	2.129823
89.200000	7956.640000	2.259620
89.300000	7974.490000	2.381601
89.400000	7992.360000	2.495134
89.500000	8010.250000	2.599632
89.600000	8028.160000	2.694553
89.700000	8046.090000	2.779405
89.800000	8064.040000	2.853750
89.900000	8082.010000	2.917201
90.000000	8100.000000	2.969431
90.100000	8118.010000	3.010168
90.200000	8136.040000	3.039201
90.300000	8154.090000	3.056380
90.400000	8172.160000	3.061613
90.500000	8190.250000	3.054872
90.600000	8208.360000	3.036192
90.700000	8226.490000	3.005666
90.800000	8244.640000	2.963451
90.900000	8262.810000	2.909762
91.000000	8281.000000	2.844875
91.100000	8299.210000	2.769121
91.200000	8317.440000	2.682889
91.300000	8335.690000	2.586620
91.400000	8353.960000	2.480809
91.500000	8372.250000	2.365998
91.600000	8390.560000	2.242775
91.700000	8408.890000	2.111772
91.800000	8427.240000	1.973659
91.900000	8445.610000	1.829145
92.000000	8464.000000	1.678969
92.100000	8482.410000	1.523901
92.200000	8500.840000	1.364734
92.300000	8519.290000	1.202283
92.400000	8537.760000	1.037379
92.500000	8556.250000	0.870865
92.600000	8574.760000	0.703592
92.700000	8593.290000	0.536415
92.800000	8611.840000	0.370188
92.900000	8630.410000	0.205758
93.000000	8649.000000	0.043966
93.100000	8667.610000	-0.114365
93.200000	8686.240000	-0.268427
93.300000	8704.890000	-0.417437
93.400000	8723.560000	-0.560636
93.500000	8742.250000	-0.697298
93.600000	8760.960000	-0.826727
93.700000	8779.690000	-0.948269
93.800000	8798.440000	-1.061308
93.900000	8817.210000	-1.165273
94.000000	8836.000000	-1.259640
94.100000	8854.810000	-1.343935
94.200000	8873.640000	-1.417735
94.300000	8892.490000	-1.480671
94.400000	8911.360000	-1.532432
94.500000	8930.250000	-1.572764
94.600000	8949.160000	-1.601471
94.700000	8968.090000	-1.618417
94.800000	8987.040000	-1.623527
94.900000	9006.010000	-1.616787
95.000000	9025.000000	-1.598245
95.100000	9044.010000	-1.568007
95.200000	9063.040000	-1.526243
95.300000	9082.090000	-1.473178
95.400000	9101.160000	-1.409098
95.500000	9120.250000	-1.334344
95.600000	9139.360000	-1.249313
95.700000	9158.490000	-1.154454
95.800000	9177.640000	-1.050267
95.900000	9196.810000	-0.937298
96.000000	9216.000000	-0.816140
96.100000	9235.210000	-0.687427
96.200000	9254.440000	-0.551830
96.300000	9273.690000	-0.410059
96.400000	9292.960000	-0.262852
96.500000	9312.250000	-0.110975
96.600000	9331.560000	0.044780
96.700000	9350.890000	0.203605
96.800000	9370.240000	0.364674
96.900000	9389.610000	0.527150
97.000000	9409.000000	0.690190
97.100000	9428.410000	0.852948
97.200000	9447.840000	1.014581
97.300000	9467.290000	1.174250
97.400000	9486.760000	1.331129
97.500000	9506.250000	1.484405
97.600000	9525.760000	1.633284
97.700000	9545.290000	1.776997
97.800000	9564.840000	1.914799
97.900000	9584.410000	2.045978
98.000000	9604.000000	2.169856
98.100000	9623.610000	2.285791
98.200000	9643.240000	2.393186
98.300000	9662.890000	2.491485
98.400000	9682.560000	2.580180
98.500000	9702.250000	2.658812
98.600000	9721.960000	2.726976
98.700000	9741.690000	2.784320
98.800000	9761.440000	2.830547
98.900000	9781.210000	2.865418
99.000000	9801.000000	2.888753
99.100000	9820.810000	2.900431
99.200000	9840.640000	2.900390
99.300000	9860.490000	2.888632
99.400000	9880.360000	2.865214
99.500000	9900.250000	2.830258
99.600000	9920.160000	2.783941
99.700000	9940.090000	2.726502
99.800000	9960.040000	2.658234
99.900000	9980.010000	2.579488
100.000000	10000.000000	2.490669
100.100000	10020.010000	2.392230
100.200000	10040.040000	2.284678
100.300000	10060.090000	2.168563
100.400000	10080.160000	2.044481
100.500000	10100.250000	1.913067
100.600000	10120.360000	1.774996
100.700000	10140.490000	1.630974
100.800000	10160.640000	1.481739
100.900000	10180.810000	1.328055
101.000000	10201.000000	1.170708
101.100000	10221.210000	1.010504
101.200000	10241.440000	0.848262
101.300000	10261.690000	0.684812
101.400000	10281.960000	0.520988
101.500000	10302.250000	0.357628
101.600000	10322.560000	0.195565
101.700000	10342.890000	0.035627
101.800000	10363.240000	-0.121371
101.900000	10383.610000	-0.274629
102.000000	10404.000000	-0.423365
102.100000	10424.410000	-0.566825
102.200000	10444.840000	-0.704277
102.300000	10465.290000	-0.835025
102.400000	10485.760000	-0.958404
102.500000	10506.250000	-1.073790
102.600000	10526.760000	-1.180599
102.700000	10547.290000	-1.278292
102.800000	10567.840000	-1.366377
102.900000	10588.410000	-1.444411
103.000000	10609.000000	-1.512005
103.100000	10629.610000	-1.568821
103.200000	10650.240000	-1.614579
103.300000	10670.890000	-1.649055
103.400000	10691.560000	-1.672083
103.500000	10712.250000	-1.683556
103.600000	10732.960000	-1.683426
103.700000	10753.690000	-1.671708
103.800000	10774.440000	-1.648472
103.900000	10795.210000	-1.613850
104.000000	10816.000000	-1.568031
104.100000	10836.810000	-1.511263
104.200000	10857.640000	-1.443850
104.300000	10878.490000	-1.366149
104.400000	10899.360000	-1.278572
104.500000	10920.250000	-1.181580
104.600000	10941.160000	-1.075682
104.700000	10962.090000	-0.961434
104.800000	10983.040000	-0.839435
104.900000	11004.010000	-0.710320
105.000000	11025.000000	-0.574765
105.100000	11046.010000	-0.433476
105.200000	11067.040000	-0.287189
105.300000	11088.090000	-0.136665
105.400000	11109.160000	0.017314
105.500000	11130.250000	0.173948
105.600000	11151.360000	0.332423
105.700000	11172.490000	0.491917
105.800000	11193.640000	0.651603
105.900000	11214.810000	0.810654
106.000000	11236.000000	0.968245
106.100000	11257.210000	1.123561
106.200000	11278.440000	1.275797
106.300000	11299.690000	1.424166
106.400000	11320.960000	1.567901
106.500000	11342.250000	1.706258
106.600000	11363.560000	1.838523
106.700000	11384.890000	1.964011
106.800000	11406.240000	2.082076
106.900000	11427.610000	2.192108
107.000000	11449.000000	2.293538
107.100000	11470.410000	2.385844
107.200000	11491.840000	2.468549
107.300000	11513.290000	2.541228
107.400000	11534.760000	2.603505
107.500000	11556.250000	2.655059
107.600000	11577.760000	2.695626
107.700000	11599.290000	2.724997
107.800000	11620.840000	2.743021
107.900000	11642.410000	2.749605
108.000000	11664.000000	2.744717
108.100000	11685.610000	2.728381
108.200000	11707.240000	2.700682
108.300000	11728.890000	2.661765
108.400000	11750.560000	2.611828
108.500000	11772.250000	2.551131
108.600000	11793.960000	2.479986
108.700000	11815.690000	2.398759
108.800000	11837.440000	2.307869
108.900000	11859.210000	2.207784
109.000000	11881.000000	2.099018
109.100000	11902.810000	1.982132
109.200000	11924.640000	1.857726
109.300000	11946.490000	1.726441
109.400000	11968.360000	1.588951
109.500000	11990.250000	1.445963
109.600000	12012.160000	1.298211
109.700000	12034.090000	1.146454
109.800000	12056.040000	0.991471
109.900000	12078.010000	0.834057
110.000000	12100.000000	0.675021
110.100000	12122.010000	0.515178
110.200000	12144.040000	0.355348
110.300000	12166.090000	0.196349
110.400000	12188.160000	0.038997
110.500000	12210.250000	-0.115904
110.600000	12232.360000	-0.267559
110.700000	12254.490000	-0.415194
110.800000	12276.640000	-0.558053
110.900000	12298.810000	-0.695407
111.000000	12321.000000	-0.826554
111.100000	12343.210000	-0.950824
111.200000	12365.440000	-1.067585
111.300000	12387.690000	-1.176241
111.400000	12409.960000	-1.276241
111.500000	12432.250000	-1.367076
111.600000	12454.560000	-1.448285
111.700000	12476.890000	-1.519458
111.800000	12499.240000	-1.580235
111.900000	12521.610000	-1.630311
112.000000	12544.000000	-1.669437
112.100000	12566.410000	-1.697417
112.200000	12588.840000	-1.714117
112.300000	12611.290000	-1.719456
112.400000	12633.760000	-1.713417
112.500000	12656.250000	-1.696037
112.600000	12678.760000	-1.667413
112.700000	12701.290000	-1.627701
112.800000	12723.840000	-1.577113
112.900000	12746.410000	-1.515916
113.000000	12769.000000	-1.444432
113.100000	12791.610000	-1.363037
113.200000	12814.240000	-1.272157
113.300000	12836.890000	-1.172266
113.400000	12859.560000	-1.063885
113.500000	12882.250000	-0.947579
113.600000	12904.960000	-0.823952
113.700000	12927.690000	-0.693646
113.800000	12950.440000	-0.557338
113.900000	12973.210000	-0.415735
114.000000	12996.000000	-0.269571
114.100000	13018.810000	-0.119603
114.200000	13041.640000	0.033392
114.300000	13064.490000	0.188622
114.400000	13087.360000	0.345286
114.500000	13110.250000	0.502571
114.600000	13133.160000	0.659667
114.700000	13156.090000	0.815760
114.800000	13179.040000	0.970045
114.900000	13202.010000	1.121725
115.000000	13225.000000	1.270017
115.100000	13248.010000	1.414156
115.200000	13271.040000	1.553398
115.300000	13294.090000	1.687026
115.400000	13317.160000	1.814349
115.500000	13340.250000	1.934714
115.600000	13363.360000	2.047497
115.700000	13386.490000	2.152120
115.800000	13409.640000	2.248043
115.900000	13432.810000	2.334772
116.000000	13456.000000	2.411862
116.100000	13479.210000	2.478914
116.200000	13502.440000	2.535585
116.300000	13525.690000	2.581583
116.400000	13548.960000	2.616672
116.500000	13572.250000	2.640671
116.600000	13595.560000	2.653459
116.700000	13618.890000	2.654969
116.800000	13642.240000	2.645194
116.900000	13665.610000	2.624186
117.000000	13689.000000	2.592052
117.100000	13712.410000	2.548958
117.200000	13735.840000	2.495128
117.300000	13759.290000	2.430837
117.400000	13782.760000	2.356416
117.500000	13806.250000	2.272250
117.600000	13829.760000	2.178770
117.700000	13853.290000	2.076458
117.800000	13876.840000	1.965839
117.900000	13900.410000	1.847481
118.000000	13924.000000	1.721994
118.100000	13947.610000	1.590021
118.200000	13971.240000	1.452240
118.300000	13994.890000	1.309359
118.400000	14018.560000	1.162111
118.500000	14042.250000	1.011251
118.600000	14065.960000	0.857553
118.700000	14089.690000	0.701806
118.800000	14113.440000	0.544807
118.900000	14137.210000	0.387362
119.000000	14161.000000	0.230277
119.100000	14184.810000	0.074357
119.200000	14208.640000	-0.079600
119.300000	14232.490000	-0.230806
119.400000	14256.360000	-0.378487
119.500000	14280.250000	-0.521889
119.600000	14304.160000	-0.660279
119.700000	14328.090000	-0.792949
119.800000	14352.040000	-0.919223
119.900000	14376.010000	-1.038456
120.000000	14400.000000	-1.150040
120.100000	14424.010000	-1.253407
120.200000	14448.040000	-1.348033
120.300000	14472.090000	-1.433434
120.400000	14496.160000	-1.509180
120.500000	14520.250000	-1.574886
120.600000	14544.360000	-1.630220
120.700000	14568.490000	-1.674905
120.800000	14592.640000	-1.708717
120.900000	14616.810000	-1.731489
121.000000	14641.000000	-1.743110
121.100000	14665.210000	-1.743526
121.200000	14689.440000	-1.732743
121.300000	14713.690000	-1.710821
121.400000	14737.960000	-1.677880
121.500000	14762.250000	-1.634095
121.600000	14786.560000	-1.579699
121.700000	14810.890000	-1.514976
121.800000	14835.240000	-1.440265
121.900000	14859.610000	-1.355956
122.000000	14884.000000	-1.262488
122.100000	14908.410000	-1.160348
122.200000	14932.840000	-1.050065
122.300000	14957.290000	-0.932211
122.400000	14981.760000	-0.807398
122.500000	15006.250000	-0.676270
122.600000	15030.760000	-0.539508
122.700000	15055.290000	-0.397818
122.800000	15079.840000	-0.251931
122.900000	15104.410000	-0.102603
123.000000	15129.000000	0.049397
123.100000	15153.610000	0.203285
123.200000	15178.240000	0.358265
123.300000	15202.890000	0.513540
123.400000	15227.560000	0.668309
123.500000	15252.250000	0.821774
123.600000	15276.960000	0.973146
123.700000	15301.690000	1.121644
123.800000	15326.440000	1.266505
123.900000	15351.210000	1.406983
124.000000	15376.000000	1.542355
124.100000	15400.810000	1.671926
124.200000	15425.640000	1.795029
124.300000	15450.490000	1.911033
124.400000	15475.360000	2.019340
124.500000	15500.250000	2.119396
124.600000	15525.160000	2.210686
124.700000	15550.090000	2.292743
124.800000	15575.040000	2.365145
124.900000	15600.010000	2.427522
125.000000	15625.000000	2.479556
125.100000	15650.010000	2.520978
125.200000	15675.040000	2.551580
125.300000	15700.090000	2.571204
125.400000	15725.160000	2.579751
125.500000	15750.250000	2.577180
125.600000	15775.360000	2.563505
125.700000	15800.490000	2.538797
125.800000	15825.640000	2.503187
125.900000	15850.810000	2.456857
126.000000	15876.000000	2.400048
126.100000	15901.210000	2.333052
126.200000	15926.440000	2.256216
126.300000	15951.690000	2.169935
126.400000	15976.960000	2.074653
126.500000	16002.250000	1.970861
126.600000	16027.560000	1.859093
126.700000	16052.890000	1.739923
126.800000	16078.240000	1.613964
126.900000	16103.610000	1.481862
127.000000	16129.000000	1.344297
127.100000	16154.410000	1.201975
127.200000	16179.840000	1.055625
127.300000	16205.290000	0.905999
127.400000	16230.760000	0.753865
127.500000	16256.250000	0.600001
127.600000	16281.760000	0.445198
127.700000	16307.290000	0.290247
127.800000	16332.840000	0.135943
127.900000	16358.410000	-0.016925
128.000000	16384.000000	-0.167574
128.100000	16409.610000	-0.315233
128.200000	16435.240000	-0.459149
128.300000	16460.890000	-0.598584
128.400000	16486.560000	-0.732827
128.500000	16512.250000	-0.861194
128.600000	16537.960000	-0.983027
128.700000	16563.690000	-1.097708
128.800000	16589.440000	-1.204652
128.900000	16615.210000	-1.303314
129.000000	16641.000000	-1.393194
129.100000	16666.810000	-1.473834
129.200000	16692.640000	-1.544828
129.300000	16718.490000	-1.605815
129.400000	16744.360000	-1.656489
129.500000	16770.250000	-1.696596
129.600000	16796.160000	-1.725935
129.700000	16822.090000	-1.744363
129.800000	16848.040000	-1.751790
129.900000	16874.010000	-1.748186
130.000000	16900.000000	-1.733574
130.100000	16926.010000	-1.708037
130.200000	16952.040000	-1.671711
130.300000	16978.090000	-1.624789
130.400000	17004.160000	-1.567519
130.500000	17030.250000	-1.500201
130.600000	17056.360000	-1.423185
130.700000	17082.490000	-1.336875
130.800000	17108.640000	-1.241717
130.900000	17134.810000	-1.138208
131.000000	17161.000000	-1.026882
131.100000	17187.210000	-0.908318
131.200000	17213.440000	-0.783129
131.300000	17239.690000	-0.651962
131.400000	17265.960000	-0.515496
131.500000	17292.250000	-0.374434
131.600000	17318.560000	-0.229507
131.700000	17344.890000	-0.081460
131.800000	17371.240000	0.068941
131.900000	17397.610000	0.220922
132.000000	17424.000000	0.373700
132.100000	17450.410000	0.526487
132.200000	17476.840000	0.678497
132.300000	17503.290000	0.828947
132.400000	17529.760000	0.977063
132.500000	17556.250000	1.122084
132.600000	17582.760000	1.263263
132.700000	17609.290000	1.399875
132.800000	17635.840000	1.531217
132.900000	17662.410000	1.656616
133.000000	17689.000000	1.775427
133.100000	17715.610000	1.887040
133.200000	17742.240000	1.990882
133.300000	17768.890000	2.086422
133.400000	17795.560000	2.173169
133.500000	17822.250000	2.250678
133.600000	17848.960000	2.318554
133.700000	17875.690000	2.376448
133.800000	17902.440000	2.424064
133.900000	17929.210000	2.461161
134.000000	17956.000000	2.487548
134.100000	17982.810000	2.503091
134.200000	18009.640000	2.507714
134.300000	18036.490000	2.501392
134.400000	18063.360000	2.484162
134.500000	18090.250000	2.456111
134.600000	18117.160000	2.417387
134.700000	18144.090000	2.368190
134.800000	18171.040000	2.308772
134.900000	18198.010000	2.239441
135.000000	18225.000000	2.160554
135.100000	18252.010000	2.072517
135.200000	18279.040000	1.975782
135.300000	18306.090000	1.870847
135.400000	18333.160000	1.758251
135.500000	18360.250000	1.638572
135.600000	18387.360000	1.512425
135.700000	18414.490000	1.380457
135.800000	18441.640000	1.243345
135.900000	18468.810000	1.101793
136.000000	18496.000000	0.956526
136.100000	18523.210000	0.808289
136.200000	18550.440000	0.657841
136.300000	18577.690000	0.505953
136.400000	18604.960000	0.353402
136.500000	18632.250000	0.200970
136.600000	18659.560000	0.049436
136.700000	18686.890000	-0.100425
136.800000	18714.240000	-0.247845
136.900000	18741.610000	-0.392073
137.000000	18769.000000	-0.532370
137.100000	18796.410000	-0.668021
137.200000	18823.840000	-0.798334
137.300000	18851.290000	-0.922643
137.400000	18878.760000	-1.040315
137.500000	18906.250000	-1.150751
137.600000	18933.760000	-1.253388
137.700000	18961.290000	-1.347705
137.800000	18988.840000	-1.433222
137.900000	19016.410000	-1.509505
138.000000	19044.000000	-1.576169
138.100000	19071.610000	-1.632877
138.200000	19099.240000	-1.679342
138.300000	19126.890000	-1.715332
138.400000	19154.560000	-1.740667
138.500000	19182.250000	-1.755223
138.600000	19209.960000	-1.758931
138.700000	19237.690000	-1.751776
138.800000	19265.440000	-1.733800
138.900000	19293.210000	-1.705102
139.000000	19321.000000	-1.665832
139.100000	19348.810000	-1.616199
139.200000	19376.640000	-1.556460
139.300000	19404.490000	-1.486927
139.400000	19432.360000	-1.407962
139.500000	19460.250000	-1.319973
139.600000	19488.160000	-1.223417
139.700000	19516.090000	-1.118791
139.800000	19544.040000	-1.006637
139.900000	19572.010000	-0.887533
140.000000	19600.000000	-0.762093
140.100000	19628.010000	-0.630964
140.200000	19656.040000	-0.494819
140.300000	19684.090000	-0.354361
140.400000	19712.160000	-0.210311
140.500000	19740.250000	-0.063409
140.600000	19768.360000	0.085588
140.700000	19796.490000	0.235918
140.800000	19824.640000	0.386807
140.900000	19852.810000	0.537481
141.000000	19881.000000	0.687168
141.100000	19909.210000	0.835101
141.200000	19937.440000	0.980520
141.300000	19965.690000	1.122682
141.400000	19993.960000	1.260857
141.500000	20022.250000	1.394340
141.600000	20050.560000	1.522446
141.700000	20078.890000	1.644521
141.800000	20107.240000	1.759941
141.900000	20135.610000	1.868116
142.000000	20164.000000	1.968494
142.100000	20192.410000	2.060563
142.200000	20220.840000	2.143853
142.300000	20249.290000	2.217940
142.400000	20277.760000	2.282447
142.500000	20306.250000	2.337046
142.600000	20334.760000	2.381461
142.700000	20363.290000	2.415466
142.800000	20391.840000	2.438891
142.900000	20420.410000	2.451618
143.000000	20449.000000	2.453584
143.100000	20477.610000	2.444784
143.200000	20506.240000	2.425263
143.300000	20534.890000	2.395126
143.400000	20563.560000	2.354529
143.500000	20592.250000	2.303683
143.600000	20620.960000	2.242849
143.700000	20649.690000	2.172342
143.800000	20678.440000	2.092525
143.900000	20707.210000	2.003809
144.000000	20736.000000	1.906648
144.100000	20764.810000	1.801542
144.200000	20793.640000	1.689029
144.300000	20822.490000	1.569687
144.400000	20851.360000	1.444127
144.500000	20880.250000	1.312991
144.600000	20909.160000	1.176951
144.700000	20938.090000	1.036702
144.800000	20967.040000	0.892962
144.900000	20996.010000	0.746464
145.000000	21025.000000	0.597957
145.100000	21054.010000	0.448198
145.200000	21083.040000	0.297952
145.300000	21112.090000	0.147985
145.400000	21141.160000	-0.000939
145.500000	21170.250000	-0.148062
145.600000	21199.360000	-0.292634
145.700000	21228.490000	-0.433921
145.800000	21257.640000	-0.571204
145.900000	21286.810000	-0.703786
146.000000	21316.000000	-0.830994
146.100000	21345.210000	-0.952182
146.200000	21374.440000	-1.066738
146.300000	21403.690000	-1.174081
146.400000	21432.960000	-1.273669
146.500000	21462.250000	-1.364999
146.600000	21491.560000	-1.447612
146.700000	21520.890000	-1.521092
146.800000	21550.240000	-1.585070
146.900000	21579.610000	-1.639228
147.000000	21609.000000	-1.683296
147.100000	21638.410000	-1.717056
147.200000	21667.840000	-1.740345
147.300000	21697.290000	-1.753051
147.400000	21726.760000	-1.755117
147.500000	21756.250000	-1.746541
147.600000	21785.760000	-1.727375
147.700000	21815.290000	-1.697725
147.800000	21844.840000	-1.657749
147.900000	21874.410000	-1.607661
148.000000	21904.000000	-1.547723
148.100000	21933.610000	-1.478251
148.200000	21963.240000	-1.399605
148.300000	21992.890000	-1.312195
148.400000	22022.560000	-1.216474
148.500000	22052.250000	-1.112938
148.600000	22081.960000	-1.002121
148.700000	22111.690000	-0.884597
148.800000	22141.440000	-0.760970
148.900000	22171.210000	-0.631877
149.000000	22201.000000	-0.497983
149.100000	22230.810000	-0.359974
149.200000	22260.640000	-0.218561
149.300000	22290.490000	-0.074467
149.400000	22320.360000	0.071567
149.500000	22350.250000	0.218794
149.600000	22380.160000	0.366461
149.700000	22410.090000	0.513811
149.800000	22440.040000	0.660093
149.900000	22470.010000	0.804559
150.000000	22500.000000	0.946472
150.100000	22530.010000	1.085107
150.200000	22560.040000	1.219759
150.300000	22590.090000	1.349743
150.400000	22620.160000	1.474397
150.500000	22650.250000	1.593087
150.600000	22680.360000	1.705212
150.700000	22710.490000	1.810203
150.800000	22740.640000	1.907528
150.900000	22770.810000	1.996695
151.000000	22801.000000	2.077255
151.100000	22831.210000	2.148801
151.200000	22861.440000	2.210975
151.300000	22891.690000	2.263466
151.400000	22921.960000	2.306011
151.500000	22952.250000	2.338401
151.600000	22982.560000	2.360478
151.700000	23012.890000	2.372134
151.800000	23043.240000	2.373319
151.900000	23073.610000	2.364034
152.000000	23104.000000	2.344332
152.100000	23134.410000	2.314322
152.200000	23164.840000	2.274165
152.300000	23195.290000	2.224072
152.400000	23225.760000	2.164306
152.500000	23256.250000	2.095178
152.600000	23286.760000	2.017048
152.700000	23317.290000	1.930321
152.800000	23347.840000	1.835445
152.900000	23378.410000	1.732909
153.000000	23409.000000	1.623243
153.100000	23439.610000	1.507010
153.200000	23470.240000	1.384807
153.300000	23500.890000	1.257262
153.400000	23531.560000	1.125028
153.500000	23562.250000	0.988783
153.600000	23592.960000	0.849223
153.700000	23623.690000	0.707063
153.800000	23654.440000	0.563027
153.900000	23685.210000	0.417851
154.000000	23716.000000	0.272274
154.100000	23746.810000	0.127039
154.200000	23777.640000	-0.017117
154.300000	23808.490000	-0.159461
154.400000	23839.360000	-0.299270
154.500000	23870.250000	-0.435835
154.600000	23901.160000	-0.568465
154.700000	23932.090000	-0.696488
154.800000	23963.040000	-0.819259
154.900000	23994.010000	-0.936156
155.000000	24025.000000	-1.046593
155.100000	24056.010000	-1.150013
155.200000	24087.040000	-1.245898
155.300000	24118.090000	-1.333768
155.400000	24149.160000	-1.413185
155.500000	24180.250000	-1.483754
155.600000	24211.360000	-1.545125
155.700000	24242.490000	-1.596998
155.800000	24273.640000	-1.639119
155.900000	24304.810000	-1.671284
156.000000	24336.000000	-1.693342
156.100000	24367.210000	-1.705193
156.200000	24398.440000	-1.706787
156.300000	24429.690000	-1.698131
156.400000	24460.960000	-1.679279
156.500000	24492.250000	-1.650341
156.600000	24523.560000	-1.611477
156.700000	24554.890000	-1.562896
156.800000	24586.240000	-1.504860
156.900000	24617.610000	-1.437674
157.000000	24649.000000	-1.361694
157.100000	24680.410000	-1.277317
157.200000	24711.840000	-1.184985
157.300000	24743.290000	-1.085178
157.400000	24774.760000	-0.978416
157.500000	24806.250000	-0.865250
157.600000	24837.760000	-0.746267
157.700000	24869.290000	-0.622081
157.800000	24900.840000	-0.493331
157.900000	24932.410000	-0.360682
158.000000	24964.000000	-0.224813
158.100000	24995.610000	-0.086424
158.200000	25027.240000	0.053778
158.300000	25058.890000	0.195073
158.400000	25090.560000	0.336741
158.500000	25122.250000	0.478057
158.600000	25153.960000	0.618301
158.700000	25185.690000	0.756759
158.800000	25217.440000	0.892726
158.900000	25249.210000	1.025513
159.000000	25281.000000	1.154444
159.100000	25312.810000	1.278867
159.200000	25344.640000	1.398154
159.300000	25376.490000	1.511702
159.400000	25408.360000	1.618939
159.500000	25440.250000	1.719326
159.600000	25472.160000	1.812360
159.700000	25504.090000	1.897576
159.800000	25536.040000	1.974548
159.900000	25568.010000	2.042894
160.000000	25600.000000	2.102278
160.100000	25632.010000	2.152408
160.200000	25664.040000	2.193039
160.300000	25696.090000	2.223977
160.400000	25728.160000	2.245077
160.500000	25760.250000	2.256244
160.600000	25792.360000	2.257433
160.700000	25824.490000	2.248651
160.800000	25856.640000	2.229956
160.900000	25888.810000	2.201456
161.000000	25921.000000	2.163309
161.100000	25953.210000	2.115721
161.200000	25985.440000	2.058947
161.300000	26017.690000	1.993289
161.400000	26049.960000	1.919091
161.500000	26082.250000	1.836743
161.600000	26114.560000	1.746675
161.700000	26146.890000	1.649355
161.800000	26179.240000	1.545287
161.900000	26211.610000	1.435010
162.000000	26244.000000	1.319093
162.100000	26276.410000	1.198133
162.200000	26308.840000	1.072751
162.300000	26341.290000	0.943589
162.400000	26373.760000	0.811310
162.500000	26406.250000	0.676589
162.600000	26438.760000	0.540113
162.700000	26471.290000	0.402577
162.800000	26503.840000	0.264681
162.900000	26536.410000	0.127123
163.000000	26569.000000	-0.009399
163.100000	26601.610000	-0.144195
163.200000	26634.240000	-0.276586
163.300000	26666.890000	-0.405903
163.400000	26699.560000	-0.531499
163.500000	26732.250000	-0.652742
163.600000	26764.960000	-0.769028
163.700000	26797.690000	-0.879776
163.800000	26830.440000	-0.984436
163.900000	26863.210000	-1.082490
164.000000	26896.000000	-1.173454
164.100000	26928.810000	-1.256881
164.200000	26961.640000	-1.332365
164.300000	26994.490000	-1.399538
164.400000	27027.360000	-1.458080
164.500000	27060.250000	-1.507711
164.600000	27093.160000	-1.548199
164.700000	27126.090000	-1.579360
164.800000	27159.040000	-1.601055
164.900000	27192.010000	-1.613197
165.000000	27225.000000	-1.615746
165.100000	27258.010000	-1.608711
165.200000	27291.040000	-1.592150
165.300000	27324.090000	-1.566169
165.400000	27357.160000	-1.530924
165.500000	27390.250000	-1.486614
165.600000	27423.360000	-1.433488
165.700000	27456.490000	-1.371836
165.800000	27489.640000	-1.301992
165.900000	27522.810000	-1.224332
166.000000	27556.000000	-1.139269
166.100000	27589.210000	-1.047254
166.200000	27622.440000	-0.948773
166.300000	27655.690000	-0.844341
166.400000	27688.960000	-0.734506
166.500000	27722.250000	-0.619838
166.600000	27755.560000	-0.500933
166.700000	27788.890000	-0.378407
166.800000	27822.240000	-0.252892
166.900000	27855.610000	-0.125032
167.000000	27889.000000	0.004515
167.100000	27922.410000	0.135087
167.200000	27955.840000	0.266019
167.300000	27989.290000	0.396643
167.400000	28022.760000	0.526298
167.500000	28056.250000	0.654327
167.600000	28089.760000	0.780085
167.700000	28123.290000	0.902940
167.800000	28156.840000	1.022276
167.900000	28190.410000	1.137499
168.000000	28224.000000	1.248034
168.100000	28257.610000	1.353336
168.200000	28291.240000	1.452885
168.300000	28324.890000	1.546195
168.400000	28358.560000	1.632811
168.500000	28392.250000	1.712315
168.600000	28425.960000	1.784326
168.700000	28459.690000	1.848504
168.800000	28493.440000	1.904549
168.900000	28527.210000	1.952204
169.000000	28561.000000	1.991255
169.100000	28594.810000	2.021536
169.200000	28628.640000	2.042922
169.300000	28662.490000	2.055338
169.400000	28696.360000	2.058753
169.500000	28730.250000	2.053183
169.600000	28764.160000	2.038690
169.700000	28798.090000	2.015382
169.800000	28832.040000	1.983411
169.900000	28866.010000	1.942974
170.000000	28900.000000	1.894311
170.100000	28934.010000	1.837701
170.200000	28968.040000	1.773466
170.300000	29002.090000	1.701965
170.400000	29036.160000	1.623591
170.500000	29070.250000	1.538773
170.600000	29104.360000	1.447971
170.700000	29138.490000	1.351674
170.800000	29172.640000	1.250398
170.900000	29206.810000	1.144680
171.000000	29241.000000	1.035080
171.100000	29275.210000	0.922176
171.200000	29309.440000	0.806558
171.300000	29343.690000	0.688830
171.400000	29377.960000	0.569604
171.500000	29412.250000	0.449495
171.600000	29446.560000	0.329120
171.700000	29480.890000	0.209098
171.800000	29515.240000	0.090039
171.900000	29549.610000	-0.027453
172.000000	29584.000000	-0.142785
172.100000	29618.410000	-0.255379
172.200000	29652.840000	-0.364674
172.300000	29687.290000	-0.470127
172.400000	29721.760000	-0.571222
172.500000	29756.250000	-0.667465
172.600000	29790.760000	-0.758391
172.700000	29825.290000	-0.843567
172.800000	29859.840000	-0.922589
172.900000	29894.410000	-0.995091
173.000000	29929.000000	-1.060741
173.100000	29963.610000	-1.119248
173.200000	29998.240000	-1.170358
173.300000	30032.890000	-1.213857
173.400000	30067.560000	-1.249575
173.500000	30102.250000	-1.277384
173.600000	30136.960000	-1.297197
173.700000	30171.690000	-1.308972
173.800000	30206.440000	-1.312710
173.900000	30241.210000	-1.308455
174.000000	30276.000000	-1.296293
174.100000	30310.810000	-1.276354
174.200000	30345.640000	-1.248808
174.300000	30380.490000	-1.213865
174.400000	30415.360000	-1.171775
174.500000	30450.250000	-1.122826
174.600000	30485.160000	-1.067339
174.700000	30520.090000	-1.005672
174.800000	30555.040000	-0.938214
174.900000	30590.010000	-0.865384
175.000000	30625.000000	-0.787628
175.100000	30660.010000	-0.705416
175.200000	30695.040000	-0.619243
175.300000	30730.090000	-0.529620
175.400000	30765.160000	-0.437078
175.500000	30800.250000	-0.342160
175.600000	30835.360000	-0.245420
175.700000	30870.490000	-0.147421
175.800000	30905.640000	-0.048728
175.900000	30940.810000	0.050089
176.000000	30976.000000	0.148464
176.100000	31011.210000	0.245835
176.200000	31046.440000	0.341647
176.300000	31081.690000	0.435356
176.400000	31116.960000	0.526431
176.500000	31152.250000	0.614359
176.600000	31187.560000	0.698645
176.700000	31222.890000	0.778815
176.800000	31258.240000	0.854422
176.900000	31293.610000	0.925042
177.000000	31329.000000	0.990284
177.100000	31364.410000	1.049785
177.200000	31399.840000	1.103217
177.300000	31435.290000	1.150285
177.400000	31470.760000	1.190733
177.500000	31506.250000	1.224340
177.600000	31541.760000	1.250925
177.700000	31577.290000	1.270345
177.800000	31612.840000	1.282501
177.900000	31648.410000	1.287332
178.000000	31684.000000	1.284818
178.100000	31719.610000	1.274982
178.200000	31755.240000	1.257888
178.300000	31790.890000	1.233637
178.400000	31826.560000	1.202375
178.500000	31862.250000	1.164284
178.600000	31897.960000	1.119584
178.700000	31933.690000	1.068535
178.800000	31969.440000	1.011428
178.900000	32005.210000	0.948590
179.000000	32041.000000	0.880380
179.100000	32076.810000	0.807186
179.200000	32112.640000	0.729425
179.300000	32148.490000	0.647537
179.400000	32184.360000	0.561988
179.500000	32220.250000	0.473261
179.600000	32256.160000	0.381858
179.700000	32292.090000	0.288298
179.800000	32328.040000	0.193108
179.900000	32364.010000	0.096828
180.000000	32400.000000	0.000000
#Sums: 162090.000000	19456203.000000	3985.716807
