 # List of d(q) for j, j' =           13          22
 #    0  1.00000000
 #    1  0.54723345
 #    2  0.44366041
 #    3  0.27635685
 #    4  0.24877178
 #    5  0.16994214
 #    6  0.16811633
 #    7  0.12066540
 #    8  0.12729505
 #    9  0.09360359
 #   10  0.10295855
 #   11  0.07657382
 #   12  0.08715990
 #   13  0.06444342
 #   14  0.07617938
 #   15  0.05567975
 #   16  0.06798762
 #   17  0.04858599
 #   18  0.06199757
 #   19  0.04278726
 #   20  0.05817925
 #   21  0.03744057
 #   22  0.05587213
 #   23  0.03207318
 #   24  0.05675448
 #   25  0.02540568
 #   26  0.07031001
       0.0    163.2341317      0.0000000
       0.1    163.2016973      0.2848406
       0.2    163.1044281      0.5693407
       0.3    162.9424255      0.8531606
       0.4    162.7158586      1.1359618
       0.5    162.4249638      1.4174072
       0.6    162.0700442      1.6971625
       0.7    161.6514699      1.9748961
       0.8    161.1696768      2.2502801
       0.9    160.6251661      2.5229905
       1.0    160.0185041      2.7927080
       1.1    159.3503209      3.0591186
       1.2    158.6213096      3.3219141
       1.3    157.8322259      3.5807924
       1.4    156.9838863      3.8354583
       1.5    156.0771675      4.0856239
       1.6    155.1130048      4.3310093
       1.7    154.0923915      4.5713425
       1.8    153.0163769      4.8063605
       1.9    151.8860650      5.0358096
       2.0    150.7026132      5.2594454
       2.1    149.4672307      5.4770337
       2.2    148.1811767      5.6883507
       2.3    146.8457588      5.8931835
       2.4    145.4623315      6.0913302
       2.5    144.0322936      6.2826004
       2.6    142.5570873      6.4668155
       2.7    141.0381955      6.6438088
       2.8    139.4771403      6.8134262
       2.9    137.8754806      6.9755259
       3.0    136.2348103      7.1299791
       3.1    134.5567560      7.2766696
       3.2    132.8429750      7.4154948
       3.3    131.0951529      7.5463649
       3.4    129.3150015      7.6692038
       3.5    127.5042566      7.7839486
       3.6    125.6646754      7.8905503
       3.7    123.7980348      7.9889729
       3.8    121.9061283      8.0791946
       3.9    119.9907644      8.1612067
       4.0    118.0537637      8.2350143
       4.1    116.0969568      8.3006357
       4.2    114.1221819      8.3581029
       4.3    112.1312826      8.4074608
       4.4    110.1261051      8.4487678
       4.5    108.1084962      8.4820949
       4.6    106.0803010      8.5075260
       4.7    104.0433603      8.5251578
       4.8    101.9995084      8.5350989
       4.9     99.9505709      8.5374702
       5.0     97.8983625      8.5324045
       5.1     95.8446843      8.5200458
       5.2     93.7913222      8.5005495
       5.3     91.7400442      8.4740818
       5.4     89.6925986      8.4408192
       5.5     87.6507117      8.4009484
       5.6     85.6160859      8.3546659
       5.7     83.5903975      8.3021774
       5.8     81.5752949      8.2436972
       5.9     79.5723966      8.1794485
       6.0     77.5832891      8.1096620
       6.1     75.6095257      8.0345760
       6.2     73.6526242      7.9544360
       6.3     71.7140654      7.8694936
       6.4     69.7952915      7.7800066
       6.5     67.8977043      7.6862383
       6.6     66.0226643      7.5884569
       6.7     64.1714887      7.4869349
       6.8     62.3454501      7.3819487
       6.9     60.5457756      7.2737781
       7.0     58.7736451      7.1627055
       7.1     57.0301908      7.0490158
       7.2     55.3164954      6.9329952
       7.3     53.6335918      6.8149314
       7.4     51.9824617      6.6951122
       7.5     50.3640351      6.5738257
       7.6     48.7791895      6.4513595
       7.7     47.2287492      6.3279999
       7.8     45.7134846      6.2040317
       7.9     44.2341121      6.0797375
       8.0     42.7912934      5.9553970
       8.1     41.3856352      5.8312870
       8.2     40.0176889      5.7076803
       8.3     38.6879508      5.5848456
       8.4     37.3968617      5.4630468
       8.5     36.1448069      5.3425426
       8.6     34.9321165      5.2235860
       8.7     33.7590654      5.1064239
       8.8     32.6258738      4.9912966
       8.9     31.5327071      4.8784373
       9.0     30.4796768      4.7680719
       9.1     29.4668405      4.6604185
       9.2     28.4942031      4.5556870
       9.3     27.5617166      4.4540787
       9.4     26.6692818      4.3557861
       9.5     25.8167480      4.2609925
       9.6     25.0039150      4.1698716
       9.7     24.2305329      4.0825875
       9.8     23.4963039      3.9992941
       9.9     22.8008831      3.9201353
      10.0     22.1438795      3.8452443
      10.1     21.5248571      3.7747437
      10.2     20.9433366      3.7087453
      10.3     20.3987960      3.6473499
      10.4     19.8906726      3.5906472
      10.5     19.4183639      3.5387158
      10.6     18.9812293      3.4916228
      10.7     18.5785913      3.4494242
      10.8     18.2097374      3.4121645
      10.9     17.8739213      3.3798771
      11.0     17.5703647      3.3525836
      11.1     17.2982590      3.3302948
      11.2     17.0567664      3.3130100
      11.3     16.8450225      3.3007172
      11.4     16.6621372      3.2933937
      11.5     16.5071968      3.2910057
      11.6     16.3792656      3.2935087
      11.7     16.2773878      3.3008475
      11.8     16.2005893      3.3129566
      11.9     16.1478793      3.3297603
      12.0     16.1182522      3.3511731
      12.1     16.1106893      3.3770995
      12.2     16.1241607      3.4074350
      12.3     16.1576271      3.4420655
      12.4     16.2100415      3.4808686
      12.5     16.2803511      3.5237129
      12.6     16.3674990      3.5704593
      12.7     16.4704256      3.6209606
      12.8     16.5880712      3.6750623
      12.9     16.7193768      3.7326028
      13.0     16.8632863      3.7934140
      13.1     17.0187480      3.8573215
      13.2     17.1847165      3.9241450
      13.3     17.3601539      3.9936988
      13.4     17.5440315      4.0657925
      13.5     17.7353318      4.1402310
      13.6     17.9330492      4.2168151
      13.7     18.1361922      4.2953421
      13.8     18.3437844      4.3756063
      13.9     18.5548661      4.4573992
      14.0     18.7684956      4.5405100
      14.1     18.9837502      4.6247265
      14.2     19.1997280      4.7098351
      14.3     19.4155486      4.7956213
      14.4     19.6303545      4.8818707
      14.5     19.8433123      4.9683686
      14.6     20.0536131      5.0549014
      14.7     20.2604744      5.1412563
      14.8     20.4631403      5.2272224
      14.9     20.6608828      5.3125905
      15.0     20.8530022      5.3971541
      15.1     21.0388282      5.4807096
      15.2     21.2177206      5.5630567
      15.3     21.3890694      5.6439990
      15.4     21.5522961      5.7233441
      15.5     21.7068537      5.8009043
      15.6     21.8522273      5.8764971
      15.7     21.9879345      5.9499449
      15.8     22.1135254      6.0210762
      15.9     22.2285836      6.0897254
      16.0     22.3327256      6.1557334
      16.1     22.4256012      6.2189478
      16.2     22.5068938      6.2792232
      16.3     22.5763201      6.3364215
      16.4     22.6336303      6.3904121
      16.5     22.6786075      6.4410725
      16.6     22.7110684      6.4882881
      16.7     22.7308621      6.5319524
      16.8     22.7378706      6.5719676
      16.9     22.7320079      6.6082446
      17.0     22.7132199      6.6407028
      17.1     22.6814840      6.6692709
      17.2     22.6368082      6.6938864
      17.3     22.5792313      6.7144961
      17.4     22.5088214      6.7310558
      17.5     22.4256759      6.7435308
      17.6     22.3299207      6.7518957
      17.7     22.2217092      6.7561343
      17.8     22.1012217      6.7562397
      17.9     21.9686648      6.7522145
      18.0     21.8242700      6.7440703
      18.1     21.6682935      6.7318281
      18.2     21.5010148      6.7155177
      18.3     21.3227357      6.6951781
      18.4     21.1337796      6.6708572
      18.5     20.9344905      6.6426113
      18.6     20.7252318      6.6105056
      18.7     20.5063850      6.5746134
      18.8     20.2783492      6.5350163
      18.9     20.0415397      6.4918038
      19.0     19.7963867      6.4450731
      19.1     19.5433344      6.3949288
      19.2     19.2828398      6.3414829
      19.3     19.0153717      6.2848540
      19.4     18.7414093      6.2251677
      19.5     18.4614409      6.1625556
      19.6     18.1759634      6.0971554
      19.7     17.8854803      6.0291106
      19.8     17.5905011      5.9585698
      19.9     17.2915400      5.8856866
      20.0     16.9891147      5.8106194
      20.1     16.6837450      5.7335307
      20.2     16.3759523      5.6545868
      20.3     16.0662578      5.5739576
      20.4     15.7551818      5.4918160
      20.5     15.4432424      5.4083375
      20.6     15.1309545      5.3237000
      20.7     14.8188290      5.2380833
      20.8     14.5073710      5.1516685
      20.9     14.1970798      5.0646379
      21.0     13.8884471      4.9771743
      21.1     13.5819565      4.8894610
      21.2     13.2780822      4.8016808
      21.3     12.9772885      4.7140160
      21.4     12.6800287      4.6266481
      21.5     12.3867443      4.5397570
      21.6     12.0978641      4.4535208
      21.7     11.8138037      4.3681156
      21.8     11.5349645      4.2837148
      21.9     11.2617330      4.2004888
      22.0     10.9944805      4.1186049
      22.1     10.7335620      4.0382265
      22.2     10.4793160      3.9595130
      22.3     10.2320638      3.8826196
      22.4      9.9921089      3.8076967
      22.5      9.7597367      3.7348896
      22.6      9.5352144      3.6643383
      22.7      9.3187898      3.5961773
      22.8      9.1106918      3.5305351
      22.9      8.9111297      3.4675340
      23.0      8.7202931      3.4072900
      23.1      8.5383517      3.3499123
      23.2      8.3654550      3.2955033
      23.3      8.2017323      3.2441583
      23.4      8.0472929      3.1959654
      23.5      7.9022256      3.1510051
      23.6      7.7665991      3.1093504
      23.7      7.6404617      3.0710666
      23.8      7.5238418      3.0362110
      23.9      7.4167480      3.0048331
      24.0      7.3191689      2.9769742
      24.1      7.2310736      2.9526676
      24.2      7.1524122      2.9319385
      24.3      7.0831156      2.9148038
      24.4      7.0230962      2.9012721
      24.5      6.9722481      2.8913442
      24.6      6.9304477      2.8850123
      24.7      6.8975539      2.8822607
      24.8      6.8734087      2.8830656
      24.9      6.8578377      2.8873953
      25.0      6.8506505      2.8952100
      25.1      6.8516417      2.9064625
      25.2      6.8605909      2.9210975
      25.3      6.8772637      2.9390527
      25.4      6.9014120      2.9602581
      25.5      6.9327753      2.9846367
      25.6      6.9710806      3.0121046
      25.7      7.0160436      3.0425711
      25.8      7.0673693      3.0759389
      25.9      7.1247526      3.1121047
      26.0      7.1878792      3.1509588
      26.1      7.2564263      3.1923862
      26.2      7.3300635      3.2362659
      26.3      7.4084532      3.2824722
      26.4      7.4912518      3.3308741
      26.5      7.5781104      3.3813363
      26.6      7.6686754      3.4337191
      26.7      7.7625894      3.4878789
      26.8      7.8594921      3.5436685
      26.9      7.9590210      3.6009374
      27.0      8.0608122      3.6595322
      27.1      8.1645012      3.7192969
      27.2      8.2697236      3.7800735
      27.3      8.3761160      3.8417019
      27.4      8.4833169      3.9040206
      27.5      8.5909670      3.9668671
      27.6      8.6987103      4.0300780
      27.7      8.8061950      4.0934897
      27.8      8.9130737      4.1569385
      27.9      9.0190044      4.2202610
      28.0      9.1236512      4.2832948
      28.1      9.2266850      4.3458783
      28.2      9.3277840      4.4078515
      28.3      9.4266343      4.4690562
      28.4      9.5229306      4.5293364
      28.5      9.6163770      4.5885385
      28.6      9.7066869      4.6465120
      28.7      9.7935843      4.7031093
      28.8      9.8768038      4.7581865
      28.9      9.9560912      4.8116035
      29.0     10.0312039      4.8632242
      29.1     10.1019115      4.9129170
      29.2     10.1679960      4.9605551
      29.3     10.2292523      5.0060166
      29.4     10.2854882      5.0491848
      29.5     10.3365253      5.0899486
      29.6     10.3821986      5.1282025
      29.7     10.4223572      5.1638472
      29.8     10.4568643      5.1967893
      29.9     10.4855975      5.2269418
      30.0     10.5084487      5.2542244
      30.1     10.5253245      5.2785633
      30.2     10.5361462      5.2998917
      30.3     10.5408494      5.3181497
      30.4     10.5393849      5.3332846
      30.5     10.5317178      5.3452508
      30.6     10.5178280      5.3540101
      30.7     10.4977099      5.3595314
      30.8     10.4713722      5.3617914
      30.9     10.4388381      5.3607740
      31.0     10.4001448      5.3564706
      31.1     10.3553434      5.3488800
      31.2     10.3044987      5.3380086
      31.3     10.2476888      5.3238702
      31.4     10.1850051      5.3064858
      31.5     10.1165519      5.2858838
      31.6     10.0424457      5.2621000
      31.7      9.9628155      5.2351771
      31.8      9.8778016      5.2051648
      31.9      9.7875562      5.1721199
      32.0      9.6922419      5.1361057
      32.1      9.5920322      5.0971923
      32.2      9.4871103      5.0554560
      32.3      9.3776691      5.0109795
      32.4      9.2639104      4.9638514
      32.5      9.1460448      4.9141663
      32.6      9.0242906      4.8620241
      32.7      8.8988736      4.8075303
      32.8      8.7700266      4.7507954
      32.9      8.6379885      4.6919347
      33.0      8.5030043      4.6310680
      33.1      8.3653238      4.5683197
      33.2      8.2252016      4.5038179
      33.3      8.0828962      4.4376945
      33.4      7.9386696      4.3700847
      33.5      7.7927863      4.3011270
      33.6      7.6455132      4.2309624
      33.7      7.4971189      4.1597346
      33.8      7.3478725      4.0875893
      33.9      7.1980440      4.0146738
      34.0      7.0479027      3.9411372
      34.1      6.8977175      3.8671294
      34.2      6.7477556      3.7928013
      34.3      6.5982823      3.7183039
      34.4      6.4495603      3.6437887
      34.5      6.3018492      3.5694067
      34.6      6.1554050      3.4953083
      34.7      6.0104795      3.4216429
      34.8      5.8673195      3.3485588
      34.9      5.7261668      3.2762027
      35.0      5.5872575      3.2047192
      35.1      5.4508212      3.1342508
      35.2      5.3170811      3.0649374
      35.3      5.1862531      2.9969159
      35.4      5.0585456      2.9303202
      35.5      4.9341589      2.8652807
      35.6      4.8132851      2.8019238
      35.7      4.6961075      2.7403723
      35.8      4.5828003      2.6807442
      35.9      4.4735283      2.6231534
      36.0      4.3684467      2.5677086
      36.1      4.2677006      2.5145136
      36.2      4.1714248      2.4636671
      36.3      4.0797438      2.4152621
      36.4      3.9927715      2.3693860
      36.5      3.9106106      2.3261203
      36.6      3.8333531      2.2855404
      36.7      3.7610796      2.2477158
      36.8      3.6938598      2.2127092
      36.9      3.6317518      2.1805772
      37.0      3.5748023      2.1513697
      37.1      3.5230467      2.1251299
      37.2      3.4765089      2.1018942
      37.3      3.4352014      2.0816922
      37.4      3.3991254      2.0645466
      37.5      3.3682706      2.0504732
      37.6      3.3426158      2.0394808
      37.7      3.3221284      2.0315713
      37.8      3.3067651      2.0267396
      37.9      3.2964716      2.0249737
      38.0      3.2911832      2.0262547
      38.1      3.2908246      2.0305568
      38.2      3.2953105      2.0378477
      38.3      3.3045456      2.0480881
      38.4      3.3184249      2.0612323
      38.5      3.3368342      2.0772281
      38.6      3.3596500      2.0960171
      38.7      3.3867403      2.1175345
      38.8      3.4179645      2.1417096
      38.9      3.4531743      2.1684659
      39.0      3.4922133      2.1977211
      39.1      3.5349183      2.2293874
      39.2      3.5811188      2.2633720
      39.3      3.6306381      2.2995767
      39.4      3.6832935      2.3378988
      39.5      3.7388966      2.3782307
      39.6      3.7972539      2.4204607
      39.7      3.8581672      2.4644730
      39.8      3.9214341      2.5101480
      39.9      3.9868484      2.5573624
      40.0      4.0542007      2.6059900
      40.1      4.1232788      2.6559013
      40.2      4.1938681      2.7069644
      40.3      4.2657522      2.7590449
      40.4      4.3387134      2.8120065
      40.5      4.4125331      2.8657110
      40.6      4.4869923      2.9200189
      40.7      4.5618722      2.9747896
      40.8      4.6369545      3.0298816
      40.9      4.7120221      3.0851532
      41.0      4.7868593      3.1404623
      41.1      4.8612524      3.1956670
      41.2      4.9349903      3.2506261
      41.3      5.0078646      3.3051990
      41.4      5.0796706      3.3592464
      41.5      5.1502070      3.4126304
      41.6      5.2192770      3.4652148
      41.7      5.2866883      3.5168655
      41.8      5.3522536      3.5674508
      41.9      5.4157911      3.6168416
      42.0      5.4771246      3.6649117
      42.1      5.5360842      3.7115382
      42.2      5.5925064      3.7566017
      42.3      5.6462345      3.7999865
      42.4      5.6971189      3.8415809
      42.5      5.7450175      3.8812776
      42.6      5.7897957      3.9189736
      42.7      5.8313268      3.9545707
      42.8      5.8694925      3.9879756
      42.9      5.9041826      4.0191003
      43.0      5.9352958      4.0478620
      43.1      5.9627391      4.0741832
      43.2      5.9864287      4.0979925
      43.3      6.0062900      4.1192239
      43.4      6.0222571      4.1378177
      43.5      6.0342738      4.1537200
      43.6      6.0422930      4.1668834
      43.7      6.0462771      4.1772665
      43.8      6.0461977      4.1848345
      43.9      6.0420361      4.1895589
      44.0      6.0337830      4.1914178
      44.1      6.0214383      4.1903959
      44.2      6.0050113      4.1864843
      44.3      5.9845208      4.1796808
      44.4      5.9599946      4.1699898
      44.5      5.9314696      4.1574220
      44.6      5.8989916      4.1419950
      44.7      5.8626154      4.1237326
      44.8      5.8224041      4.1026651
      44.9      5.7784296      4.0788292
      45.0      5.7307718      4.0522676
      45.1      5.6795189      4.0230295
      45.2      5.6247665      3.9911697
      45.3      5.5666182      3.9567493
      45.4      5.5051845      3.9198348
      45.5      5.4405831      3.8804984
      45.6      5.3729384      3.8388177
      45.7      5.3023810      3.7948755
      45.8      5.2290477      3.7487598
      45.9      5.1530812      3.7005631
      46.0      5.0746293      3.6503828
      46.1      4.9938449      3.5983205
      46.2      4.9108858      3.5444820
      46.3      4.8259138      3.4889771
      46.4      4.7390948      3.4319191
      46.5      4.6505982      3.3734247
      46.6      4.5605965      3.3136139
      46.7      4.4692649      3.2526092
      46.8      4.3767810      3.1905361
      46.9      4.2833244      3.1275219
      47.0      4.1890762      3.0636964
      47.1      4.0942184      2.9991906
      47.2      3.9989339      2.9341372
      47.3      3.9034060      2.8686700
      47.4      3.8078176      2.8029234
      47.5      3.7123512      2.7370324
      47.6      3.6171886      2.6711322
      47.7      3.5225099      2.6053579
      47.8      3.4284937      2.5398439
      47.9      3.3353165      2.4747242
      48.0      3.2431522      2.4101317
      48.1      3.1521718      2.3461979
      48.2      3.0625434      2.2830526
      48.3      2.9744310      2.2208238
      48.4      2.8879951      2.1596372
      48.5      2.8033917      2.0996162
      48.6      2.7207721      2.0408813
      48.7      2.6402829      1.9835499
      48.8      2.5620654      1.9277362
      48.9      2.4862552      1.8735509
      49.0      2.4129823      1.8211009
      49.1      2.3423706      1.7704889
      49.2      2.2745376      1.7218137
      49.3      2.2095942      1.6751693
      49.4      2.1476448      1.6306451
      49.5      2.0887866      1.5883258
      49.6      2.0331096      1.5482908
      49.7      1.9806966      1.5106146
      49.8      1.9316229      1.4753659
      49.9      1.8859560      1.4426081
      50.0      1.8437559      1.4123990
      50.1      1.8050747      1.3847904
      50.2      1.7699564      1.3598283
      50.3      1.7384372      1.3375528
      50.4      1.7105452      1.3179977
      50.5      1.6863003      1.3011908
      50.6      1.6657145      1.2871535
      50.7      1.6487916      1.2759013
      50.8      1.6355275      1.2674430
      50.9      1.6259099      1.2617815
      51.0      1.6199185      1.2589131
      51.1      1.6175254      1.2588280
      51.2      1.6186946      1.2615102
      51.3      1.6233827      1.2669372
      51.4      1.6315385      1.2750807
      51.5      1.6431035      1.2859062
      51.6      1.6580120      1.2993731
      51.7      1.6761911      1.3154352
      51.8      1.6975612      1.3340402
      51.9      1.7220358      1.3551303
      52.0      1.7495221      1.3786422
      52.1      1.7799208      1.4045072
      52.2      1.8131270      1.4326514
      52.3      1.8490298      1.4629959
      52.4      1.8875128      1.4954569
      52.5      1.9284546      1.5299459
      52.6      1.9717286      1.5663700
      52.7      2.0172040      1.6046323
      52.8      2.0647453      1.6446314
      52.9      2.1142132      1.6862625
      53.0      2.1654649      1.7294171
      53.1      2.2183539      1.7739836
      53.2      2.2727310      1.8198470
      53.3      2.3284444      1.8668900
      53.4      2.3853396      1.9149923
      53.5      2.4432606      1.9640318
      53.6      2.5020496      2.0138842
      53.7      2.5615474      2.0644235
      53.8      2.6215943      2.1155226
      53.9      2.6820297      2.1670529
      54.0      2.7426931      2.2188853
      54.1      2.8034240      2.2708902
      54.2      2.8640625      2.3229375
      54.3      2.9244496      2.3748974
      54.4      2.9844276      2.4266404
      54.5      3.0438403      2.4780376
      54.6      3.1025335      2.5289613
      54.7      3.1603552      2.5792846
      54.8      3.2171559      2.6288826
      54.9      3.2727894      2.6776317
      55.0      3.3271122      2.7254108
      55.1      3.3799848      2.7721009
      55.2      3.4312713      2.8175857
      55.3      3.4808399      2.8617518
      55.4      3.5285633      2.9044888
      55.5      3.5743189      2.9456898
      55.6      3.6179888      2.9852514
      55.7      3.6594605      3.0230740
      55.8      3.6986268      3.0590623
      55.9      3.7353861      3.0931251
      56.0      3.7696428      3.1251755
      56.1      3.8013070      3.1551315
      56.2      3.8302954      3.1829160
      56.3      3.8565306      3.2084565
      56.4      3.8799420      3.2316861
      56.5      3.9004657      3.2525431
      56.6      3.9180444      3.2709710
      56.7      3.9326277      3.2869191
      56.8      3.9441721      3.3003425
      56.9      3.9526413      3.3112016
      57.0      3.9580061      3.3194632
      57.1      3.9602441      3.3250996
      57.2      3.9593404      3.3280893
      57.3      3.9552871      3.3284168
      57.4      3.9480836      3.3260725
      57.5      3.9377362      3.3210531
      57.6      3.9242586      3.3133611
      57.7      3.9076712      3.3030053
      57.8      3.8880017      3.2900005
      57.9      3.8652845      3.2743672
      58.0      3.8395608      3.2561322
      58.1      3.8108786      3.2353280
      58.2      3.7792923      3.2119929
      58.3      3.7448629      3.1861709
      58.4      3.7076574      3.1579117
      58.5      3.6677491      3.1272702
      58.6      3.6252172      3.0943070
      58.7      3.5801464      3.0590877
      58.8      3.5326271      3.0216830
      58.9      3.4827550      2.9821684
      59.0      3.4306306      2.9406244
      59.1      3.3763596      2.8971357
      59.2      3.3200519      2.8517914
      59.3      3.2618219      2.8046850
      59.4      3.2017881      2.7559136
      59.5      3.1400726      2.7055781
      59.6      3.0768009      2.6537829
      59.7      3.0121021      2.6006356
      59.8      2.9461078      2.5462467
      59.9      2.8789523      2.4907296
      60.0      2.8107722      2.4342001
      60.1      2.7417061      2.3767761
      60.2      2.6718942      2.3185775
      60.3      2.6014782      2.2597259
      60.4      2.5306006      2.2003444
      60.5      2.4594047      2.1405569
      60.6      2.3880343      2.0804884
      60.7      2.3166330      2.0202644
      60.8      2.2453443      1.9600106
      60.9      2.1743113      1.8998528
      61.0      2.1036758      1.8399163
      61.1      2.0335787      1.7803261
      61.2      1.9641594      1.7212060
      61.3      1.8955551      1.6626789
      61.4      1.8279014      1.6048663
      61.5      1.7613311      1.5478879
      61.6      1.6959745      1.4918615
      61.7      1.6319587      1.4369026
      61.8      1.5694077      1.3831244
      61.9      1.5084419      1.3306371
      62.0      1.4491780      1.2795483
      62.1      1.3917286      1.2299619
      62.2      1.3362019      1.1819788
      62.3      1.2827018      1.1356960
      62.4      1.2313273      1.0912066
      62.5      1.1821725      1.0485998
      62.6      1.1353265      1.0079603
      62.7      1.0908728      0.9693684
      62.8      1.0488898      0.9328998
      62.9      1.0094500      0.8986253
      63.0      0.9726200      0.8666107
      63.1      0.9384606      0.8369169
      63.2      0.9070268      0.8095992
      63.3      0.8783669      0.7847079
      63.4      0.8525235      0.7622875
      63.5      0.8295325      0.7423771
      63.6      0.8094235      0.7250102
      63.7      0.7922198      0.7102143
      63.8      0.7779381      0.6980115
      63.9      0.7665885      0.6884176
      64.0      0.7581749      0.6814431
      64.1      0.7526943      0.6770920
      64.2      0.7501377      0.6753630
      64.3      0.7504892      0.6762486
      64.4      0.7537268      0.6797353
      64.5      0.7598221      0.6858043
      64.6      0.7687405      0.6944305
      64.7      0.7804412      0.7055833
      64.8      0.7948774      0.7192265
      64.9      0.8119962      0.7353184
      65.0      0.8317392      0.7538117
      65.1      0.8540421      0.7746538
      65.2      0.8788353      0.7977869
      65.3      0.9060437      0.8231481
      65.4      0.9355871      0.8506696
      65.5      0.9673805      0.8802788
      65.6      1.0013339      0.9118984
      65.7      1.0373530      0.9454469
      65.8      1.0753389      0.9808382
      65.9      1.1151889      1.0179825
      66.0      1.1567963      1.0567860
      66.1      1.2000507      1.0971511
      66.2      1.2448385      1.1389770
      66.3      1.2910429      1.1821597
      66.4      1.3385444      1.2265922
      66.5      1.3872208      1.2721648
      66.6      1.4369477      1.3187654
      66.7      1.4875987      1.3662796
      66.8      1.5390456      1.4145912
      66.9      1.5911589      1.4635822
      67.0      1.6438079      1.5131332
      67.1      1.6968611      1.5631237
      67.2      1.7501865      1.6134324
      67.3      1.8036516      1.6639373
      67.4      1.8571242      1.7145161
      67.5      1.9104724      1.7650464
      67.6      1.9635649      1.8154061
      67.7      2.0162713      1.8654738
      67.8      2.0684623      1.9151284
      67.9      2.1200103      1.9642503
      68.0      2.1707894      2.0127209
      68.1      2.2206758      2.0604235
      68.2      2.2695478      2.1072429
      68.3      2.3172864      2.1530663
      68.4      2.3637757      2.1977831
      68.5      2.4089025      2.2412852
      68.6      2.4525572      2.2834676
      68.7      2.4946336      2.3242282
      68.8      2.5350294      2.3634683
      68.9      2.5736464      2.4010925
      69.0      2.6103905      2.4370095
      69.1      2.6451720      2.4711315
      69.2      2.6779060      2.5033753
      69.3      2.7085123      2.5336617
      69.4      2.7369157      2.5619160
      69.5      2.7630459      2.5880683
      69.6      2.7868383      2.6120533
      69.7      2.8082333      2.6338110
      69.8      2.8271772      2.6532860
      69.9      2.8436215      2.6704286
      70.0      2.8575238      2.6851940
      70.1      2.8688473      2.6975430
      70.2      2.8775612      2.7074420
      70.3      2.8836405      2.7148626
      70.4      2.8870664      2.7197824
      70.5      2.8878259      2.7221845
      70.6      2.8859121      2.7220577
      70.7      2.8813242      2.7193965
      70.8      2.8740673      2.7142012
      70.9      2.8641525      2.7064778
      71.0      2.8515970      2.6962379
      71.1      2.8364237      2.6834989
      71.2      2.8186616      2.6682839
      71.3      2.7983453      2.6506214
      71.4      2.7755150      2.6305454
      71.5      2.7502167      2.6080956
      71.6      2.7225018      2.5833166
      71.7      2.6924269      2.5562587
      71.8      2.6600539      2.5269769
      71.9      2.6254499      2.4955314
      72.0      2.5886866      2.4619873
      72.1      2.5498408      2.4264142
      72.2      2.5089934      2.3888864
      72.3      2.4662301      2.3494824
      72.4      2.4216405      2.3082851
      72.5      2.3753182      2.2653812
      72.6      2.3273605      2.2208613
      72.7      2.2778684      2.1748195
      72.8      2.2269461      2.1273534
      72.9      2.1747006      2.0785637
      73.0      2.1212421      2.0285539
      73.1      2.0666830      1.9774304
      73.2      2.0111383      1.9253019
      73.3      1.9547247      1.8722793
      73.4      1.8975611      1.8184756
      73.5      1.8397675      1.7640053
      73.6      1.7814653      1.7089845
      73.7      1.7227769      1.6535303
      73.8      1.6638253      1.5977609
      73.9      1.6047340      1.5417950
      74.0      1.5456266      1.4857516
      74.1      1.4866265      1.4297501
      74.2      1.4278568      1.3739095
      74.3      1.3694398      1.3183484
      74.4      1.3114969      1.2631847
      74.5      1.2541483      1.2085355
      74.6      1.1975126      1.1545164
      74.7      1.1417068      1.1012418
      74.8      1.0868457      1.0488241
      74.9      1.0330421      0.9973738
      75.0      0.9804059      0.9469993
      75.1      0.9290445      0.8978064
      75.2      0.8790625      0.8498982
      75.3      0.8305608      0.8033747
      75.4      0.7836373      0.7583330
      75.5      0.7383860      0.7148666
      75.6      0.6948971      0.6730656
      75.7      0.6532568      0.6330161
      75.8      0.6135470      0.5948003
      75.9      0.5758453      0.5584963
      76.0      0.5402247      0.5241777
      76.1      0.5067533      0.4919138
      76.2      0.4754945      0.4617690
      76.3      0.4465066      0.4338031
      76.4      0.4198430      0.4080710
      76.5      0.3955514      0.3846223
      76.6      0.3736746      0.3635016
      76.7      0.3542498      0.3447484
      76.8      0.3373086      0.3283965
      76.9      0.3228772      0.3144746
      77.0      0.3109761      0.3030058
      77.1      0.3016202      0.2940077
      77.2      0.2948187      0.2874922
      77.3      0.2905750      0.2834659
      77.4      0.2888870      0.2819297
      77.5      0.2897468      0.2828787
      77.6      0.2931409      0.2863026
      77.7      0.2990502      0.2921857
      77.8      0.3074500      0.3005065
      77.9      0.3183101      0.3112383
      78.0      0.3315948      0.3243487
      78.1      0.3472634      0.3398003
      78.2      0.3652694      0.3575503
      78.3      0.3855618      0.3775509
      78.4      0.4080840      0.3997490
      78.5      0.4327750      0.4240869
      78.6      0.4595688      0.4505021
      78.7      0.4883950      0.4789273
      78.8      0.5191785      0.5092909
      78.9      0.5518403      0.5415169
      79.0      0.5862971      0.5755252
      79.1      0.6224619      0.6112319
      79.2      0.6602438      0.6485491
      79.3      0.6995488      0.6873856
      79.4      0.7402792      0.7276466
      79.5      0.7823346      0.7692343
      79.6      0.8256117      0.8120482
      79.7      0.8700047      0.8559846
      79.8      0.9154054      0.9009380
      79.9      0.9617034      0.9468001
      80.0      1.0087868      0.9934610
      80.1      1.0565417      1.0408091
      80.2      1.1048533      1.0887311
      80.3      1.1536053      1.1371128
      80.4      1.2026810      1.1858387
      80.5      1.2519628      1.2347929
      80.6      1.3013331      1.2838590
      80.7      1.3506742      1.3329205
      80.8      1.3998684      1.3818608
      80.9      1.4487988      1.4305639
      81.0      1.4973491      1.4789142
      81.1      1.5454042      1.5267973
      81.2      1.5928500      1.5740996
      81.3      1.6395741      1.6207090
      81.4      1.6854660      1.6665153
      81.5      1.7304169      1.7114098
      81.6      1.7743205      1.7552862
      81.7      1.8170729      1.7980405
      81.8      1.8585730      1.8395714
      81.9      1.8987226      1.8797802
      82.0      1.9374265      1.9185716
      82.1      1.9745932      1.9558533
      82.2      2.0101346      1.9915365
      82.3      2.0439662      2.0255361
      82.4      2.0760077      2.0577711
      82.5      2.1061828      2.0881641
      82.6      2.1344196      2.1166424
      82.7      2.1606505      2.1431372
      82.8      2.1848124      2.1675845
      82.9      2.2068473      2.1899251
      83.0      2.2267017      2.2101042
      83.1      2.2443271      2.2280722
      83.2      2.2596803      2.2437846
      83.3      2.2727230      2.2572018
      83.4      2.2834223      2.2682895
      83.5      2.2917504      2.2770187
      83.6      2.2976852      2.2833658
      83.7      2.3012096      2.2873125
      83.8      2.3023124      2.2888461
      83.9      2.3009874      2.2879590
      84.0      2.2972341      2.2846496
      84.1      2.2910575      2.2789213
      84.2      2.2824679      2.2707833
      84.3      2.2714811      2.2602500
      84.4      2.2581184      2.2473413
      84.5      2.2424062      2.2320826
      84.6      2.2243762      2.2145044
      84.7      2.2040655      2.1946425
      84.8      2.1815160      2.1725378
      84.9      2.1567749      2.1482363
      85.0      2.1298939      2.1217890
      85.1      2.1009299      2.0932517
      85.2      2.0699442      2.0626846
      85.3      2.0370026      2.0301530
      85.4      2.0021754      1.9957261
      85.5      1.9655368      1.9594777
      85.6      1.9271653      1.9214855
      85.7      1.8871432      1.8818311
      85.8      1.8455563      1.8406000
      85.9      1.8024939      1.7978810
      86.0      1.7580488      1.7537663
      86.1      1.7123165      1.7083512
      86.2      1.6653955      1.6617341
      86.3      1.6173869      1.6140157
      86.4      1.5683943      1.5652994
      86.5      1.5185232      1.5156908
      86.6      1.4678811      1.4652974
      86.7      1.4165774      1.4142284
      86.8      1.3647226      1.3625947
      86.9      1.3124285      1.3105080
      87.0      1.2598080      1.2580815
      87.1      1.2069744      1.2054287
      87.2      1.1540416      1.1526638
      87.3      1.1011235      1.0999011
      87.4      1.0483342      1.0472550
      87.5      0.9957872      0.9948394
      87.6      0.9435955      0.9427678
      87.7      0.8918712      0.8911527
      87.8      0.8407255      0.8401058
      87.9      0.7902680      0.7897372
      88.0      0.7406068      0.7401556
      88.1      0.6918483      0.6914679
      88.2      0.6440966      0.6437788
      88.3      0.5974539      0.5971909
      88.4      0.5520194      0.5518041
      88.5      0.5078898      0.5077158
      88.6      0.4651589      0.4650201
      88.7      0.4239173      0.4238082
      88.8      0.3842522      0.3841679
      88.9      0.3462472      0.3461834
      89.0      0.3099823      0.3099351
      89.1      0.2755334      0.2754994
      89.2      0.2429725      0.2429488
      89.3      0.2123672      0.2123514
      89.4      0.1837810      0.1837709
      89.5      0.1572724      0.1572664
      89.6      0.1328956      0.1328924
      89.7      0.1107001      0.1106985
      89.8      0.0907301      0.0907295
      89.9      0.0730251      0.0730250
      90.0      0.0576197      0.0576197
      90.1      0.0445430      0.0445429
      90.2      0.0338191      0.0338189
      90.3      0.0254667      0.0254664
      90.4      0.0194995      0.0194990
      90.5      0.0159256      0.0159250
      90.6      0.0147478      0.0147470
      90.7      0.0159637      0.0159625
      90.8      0.0195654      0.0195634
      90.9      0.0255397      0.0255366
      91.0      0.0338684      0.0338632
      91.1      0.0445276      0.0445194
      91.2      0.0574885      0.0574759
      91.3      0.0727173      0.0726985
      91.4      0.0901747      0.0901478
      91.5      0.1098170      0.1097794
      91.6      0.1315952      0.1315439
      91.7      0.1554559      0.1553874
      91.8      0.1813407      0.1812512
      91.9      0.2091871      0.2090721
      92.0      0.2389280      0.2387825
      92.1      0.2704922      0.2703105
      92.2      0.3038044      0.3035805
      92.3      0.3387855      0.3385126
      92.4      0.3753527      0.3750235
      92.5      0.4134196      0.4130261
      92.6      0.4528966      0.4524303
      92.7      0.4936909      0.4931428
      92.8      0.5357068      0.5350672
      92.9      0.5788460      0.5781047
      93.0      0.6230077      0.6221539
      93.1      0.6680888      0.6671111
      93.2      0.7139841      0.7128708
      93.3      0.7605869      0.7593257
      93.4      0.8077886      0.8063668
      93.5      0.8554797      0.8538840
      93.6      0.9035492      0.9017663
      93.7      0.9518856      0.9499015
      93.8      1.0003768      0.9981775
      93.9      1.0489104      1.0464814
      94.0      1.0973737      1.0947005
      94.1      1.1456544      1.1427225
      94.2      1.1936408      1.1904352
      94.3      1.2412215      1.2377276
      94.4      1.2882863      1.2844894
      94.5      1.3347262      1.3306117
      94.6      1.3804335      1.3759870
      94.7      1.4253022      1.4205095
      94.8      1.4692282      1.4640755
      94.9      1.5121097      1.5065833
      95.0      1.5538469      1.5479340
      95.1      1.5943428      1.5880309
      95.2      1.6335034      1.6267806
      95.3      1.6712373      1.6640923
      95.4      1.7074566      1.6998789
      95.5      1.7420767      1.7340565
      95.6      1.7750166      1.7665452
      95.7      1.8061991      1.7972684
      95.8      1.8355508      1.8261541
      95.9      1.8630027      1.8531340
      96.0      1.8884898      1.8781445
      96.1      1.9119517      1.9011261
      96.2      1.9333323      1.9220242
      96.3      1.9525805      1.9407887
      96.4      1.9696496      1.9573746
      96.5      1.9844981      1.9717414
      96.6      1.9970893      1.9838541
      96.7      2.0073917      1.9936825
      96.8      2.0153787      2.0012015
      96.9      2.0210291      2.0063915
      97.0      2.0243269      2.0092379
      97.1      2.0252613      2.0097315
      97.2      2.0238269      2.0078684
      97.3      2.0200234      2.0036500
      97.4      2.0138561      1.9970830
      97.5      2.0053353      1.9881794
      97.6      1.9944768      1.9769564
      97.7      1.9813016      1.9634366
      97.8      1.9658357      1.9476475
      97.9      1.9481105      1.9296219
      98.0      1.9281624      1.9093977
      98.1      1.9060327      1.8870174
      98.2      1.8817675      1.8625288
      98.3      1.8554181      1.8359840
      98.4      1.8270399      1.8074400
      98.5      1.7966934      1.7769583
      98.6      1.7644431      1.7446044
      98.7      1.7303582      1.7104485
      98.8      1.6945115      1.6745644
      98.9      1.6569803      1.6370300
      99.0      1.6178452      1.5979269
      99.1      1.5771909      1.5573401
      99.2      1.5351051      1.5153580
      99.3      1.4916791      1.4720720
      99.4      1.4470068      1.4275766
      99.5      1.4011853      1.3819689
      99.6      1.3543142      1.3353484
      99.7      1.3064954      1.2878170
      99.8      1.2578330      1.2394785
      99.9      1.2084329      1.1904386
     100.0      1.1584031      1.1408043
     100.1      1.1078525      1.0906843
     100.2      1.0568916      1.0401881
     100.3      1.0056317      0.9894260
     100.4      0.9541849      0.9385091
     100.5      0.9026637      0.8875485
     100.6      0.8511807      0.8366556
     100.7      0.7998488      0.7859416
     100.8      0.7487802      0.7355172
     100.9      0.6980869      0.6854925
     101.0      0.6478799      0.6359765
     101.1      0.5982693      0.5870772
     101.2      0.5493638      0.5389012
     101.3      0.5012706      0.4915533
     101.4      0.4540954      0.4451366
     101.5      0.4079414      0.3997518
     101.6      0.3629100      0.3554976
     101.7      0.3190999      0.3124699
     101.8      0.2766073      0.2707619
     101.9      0.2355255      0.2304638
     102.0      0.1959444      0.1916626
     102.1      0.1579510      0.1544418
     102.2      0.1216286      0.1188817
     102.3      0.0870567      0.0850584
     102.4      0.0543113      0.0530443
     102.5      0.0234640      0.0229078
     102.6     -0.0054176     -0.0052871
     102.7     -0.0322702     -0.0314807
     102.8     -0.0570353     -0.0556179
     102.9     -0.0796586     -0.0776481
     103.0     -0.1000908     -0.0975255
     103.1     -0.1182875     -0.1152092
     103.2     -0.1342090     -0.1306631
     103.3     -0.1478209     -0.1438562
     103.4     -0.1590939     -0.1547627
     103.5     -0.1680036     -0.1633617
     103.6     -0.1745313     -0.1696377
     103.7     -0.1786634     -0.1735802
     103.8     -0.1803914     -0.1751843
     103.9     -0.1797125     -0.1744499
     104.0     -0.1766291     -0.1713825
     104.1     -0.1711489     -0.1659926
     104.2     -0.1632852     -0.1582960
     104.3     -0.1530562     -0.1483139
     104.4     -0.1404858     -0.1360722
     104.5     -0.1256028     -0.1216021
     104.6     -0.1084414     -0.1049397
     104.7     -0.0890408     -0.0861263
     104.8     -0.0674452     -0.0652076
     104.9     -0.0437036     -0.0422342
     105.0     -0.0178702     -0.0172613
     105.1      0.0099966      0.0096514
     105.2      0.0398335      0.0384400
     105.3      0.0715729      0.0690362
     105.4      0.1051429      0.1013678
     105.5      0.1404675      0.1353588
     105.6      0.1774667      0.1709293
     105.7      0.2160568      0.2079961
     105.8      0.2561505      0.2464726
     105.9      0.2976569      0.2862689
     106.0      0.3404821      0.3272924
     106.1      0.3845292      0.3694477
     106.2      0.4296985      0.4126367
     106.3      0.4758876      0.4567594
     106.4      0.5229919      0.5017135
     106.5      0.5709047      0.5473947
     106.6      0.6195174      0.5936975
     106.7      0.6687197      0.6405148
     106.8      0.7184001      0.6877384
     106.9      0.7684457      0.7352593
     107.0      0.8187429      0.7829677
     107.1      0.8691774      0.8307536
     107.2      0.9196345      0.8785069
     107.3      0.9699995      0.9261175
     107.4      1.0201577      0.9734756
     107.5      1.0699948      1.0204722
     107.6      1.1193971      1.0669989
     107.7      1.1682520      1.1129487
     107.8      1.2164477      1.1582156
     107.9      1.2638741      1.2026955
     108.0      1.3104226      1.2462859
     108.1      1.3559865      1.2888865
     108.2      1.4004611      1.3303989
     108.3      1.4437444      1.3707277
     108.4      1.4857365      1.4097798
     108.5      1.5263408      1.4474651
     108.6      1.5654633      1.4836967
     108.7      1.6030136      1.5183910
     108.8      1.6389045      1.5514677
     108.9      1.6730524      1.5828504
     109.0      1.7053778      1.6124663
     109.1      1.7358049      1.6402469
     109.2      1.7642623      1.6661276
     109.3      1.7906828      1.6900482
     109.4      1.8150039      1.7119528
     109.5      1.8371675      1.7317903
     109.6      1.8571203      1.7495141
     109.7      1.8748142      1.7650823
     109.8      1.8902056      1.7784581
     109.9      1.9032564      1.7896094
     110.0      1.9139337      1.7985093
     110.1      1.9222096      1.8051359
     110.2      1.9280617      1.8094725
     110.3      1.9314731      1.8115073
     110.4      1.9324322      1.8112339
     110.5      1.9309330      1.8086512
     110.6      1.9269748      1.8037632
     110.7      1.9205626      1.7965788
     110.8      1.9117068      1.7871126
     110.9      1.9004232      1.7753838
     111.0      1.8867332      1.7614172
     111.1      1.8706635      1.7452421
     111.2      1.8522463      1.7268933
     111.3      1.8315189      1.7064101
     111.4      1.8085239      1.6838367
     111.5      1.7833089      1.6592220
     111.6      1.7559269      1.6326195
     111.7      1.7264353      1.6040872
     111.8      1.6948965      1.5736874
     111.9      1.6613778      1.5414866
     112.0      1.6259506      1.5075551
     112.1      1.5886909      1.4719676
     112.2      1.5496788      1.4348020
     112.3      1.5089985      1.3961401
     112.4      1.4667379      1.3560667
     112.5      1.4229886      1.3146701
     112.6      1.3778458      1.2720413
     112.7      1.3314077      1.2282744
     112.8      1.2837757      1.1834655
     112.9      1.2350538      1.1377136
     113.0      1.1853489      1.0911194
     113.1      1.1347698      1.0437856
     113.2      1.0834277      0.9958167
     113.3      1.0314357      0.9473184
     113.4      0.9789084      0.8983977
     113.5      0.9259616      0.8491624
     113.6      0.8727124      0.7997211
     113.7      0.8192788      0.7501829
     113.8      0.7657791      0.7006570
     113.9      0.7123321      0.6512525
     114.0      0.6590568      0.6020783
     114.1      0.6060716      0.5532429
     114.2      0.5534948      0.5048537
     114.3      0.5014436      0.4570174
     114.4      0.4500347      0.4098392
     114.5      0.3993829      0.3634230
     114.6      0.3496021      0.3178709
     114.7      0.3008040      0.2732829
     114.8      0.2530985      0.2297571
     114.9      0.2065930      0.1873890
     115.0      0.1613927      0.1462715
     115.1      0.1175998      0.1064947
     115.2      0.0753137      0.0681459
     115.3      0.0346304      0.0313087
     115.4     -0.0043574     -0.0039362
     115.5     -0.0415606     -0.0375120
     115.6     -0.0768940     -0.0693455
     115.7     -0.1102765     -0.0993676
     115.8     -0.1416310     -0.1275131
     115.9     -0.1708851     -0.1537210
     116.0     -0.1979706     -0.1779348
     116.1     -0.2228244     -0.2001025
     116.2     -0.2453880     -0.2201765
     116.3     -0.2656080     -0.2381140
     116.4     -0.2834361     -0.2538770
     116.5     -0.2988292     -0.2674325
     116.6     -0.3117497     -0.2787523
     116.7     -0.3221653     -0.2878133
     116.8     -0.3300493     -0.2945973
     116.9     -0.3353805     -0.2990915
     117.0     -0.3381434     -0.3012880
     117.1     -0.3383283     -0.3011841
     117.2     -0.3359309     -0.2987824
     117.3     -0.3309529     -0.2940904
     117.4     -0.3234017     -0.2871210
     117.5     -0.3132904     -0.2778920
     117.6     -0.3006378     -0.2664263
     117.7     -0.2854683     -0.2527519
     117.8     -0.2678122     -0.2369016
     117.9     -0.2477051     -0.2189132
     118.0     -0.2251881     -0.1988293
     118.1     -0.2003080     -0.1766971
     118.2     -0.1731167     -0.1525683
     118.3     -0.1436713     -0.1264993
     118.4     -0.1120341     -0.0985506
     118.5     -0.0782724     -0.0687871
     118.6     -0.0424582     -0.0372776
     118.7     -0.0046683     -0.0040948
     118.8      0.0350160      0.0306848
     118.9      0.0765091      0.0669810
     119.0      0.1197213      0.1047106
     119.1      0.1645587      0.1437868
     119.2      0.2109239      0.1841202
     119.3      0.2587158      0.2256181
     119.4      0.3078300      0.2681858
     119.5      0.3581589      0.3117257
     119.6      0.4095922      0.3561384
     119.7      0.4620168      0.4013224
     119.8      0.5153173      0.4471745
     119.9      0.5693760      0.4935902
     120.0      0.6240735      0.5404635
     120.1      0.6792888      0.5876877
     120.2      0.7348993      0.6351550
     120.3      0.7907816      0.6827573
     120.4      0.8468112      0.7303863
     120.5      0.9028633      0.7779334
     120.6      0.9588128      0.8252905
     120.7      1.0145344      0.8723497
     120.8      1.0699033      0.9190041
     120.9      1.1247953      0.9651474
     121.0      1.1790868      1.0106746
     121.1      1.2326555      1.0554824
     121.2      1.2853806      1.0994686
     121.3      1.3371426      1.1425333
     121.4      1.3878243      1.1845786
     121.5      1.4373105      1.2255087
     121.6      1.4854886      1.2652306
     121.7      1.5322484      1.3036540
     121.8      1.5774830      1.3406913
     121.9      1.6210886      1.3762583
     122.0      1.6629647      1.4102741
     122.1      1.7030147      1.4426611
     122.2      1.7411456      1.4733455
     122.3      1.7772687      1.5022574
     122.4      1.8112996      1.5293309
     122.5      1.8431584      1.5545040
     122.6      1.8727698      1.5777194
     122.7      1.9000634      1.5989238
     122.8      1.9249738      1.6180687
     122.9      1.9474409      1.6351101
     123.0      1.9674099      1.6500087
     123.1      1.9848312      1.6627303
     123.2      1.9996613      1.6732452
     123.3      2.0118618      1.6815289
     123.4      2.0214005      1.6875619
     123.5      2.0282510      1.6913298
     123.6      2.0323927      1.6928230
     123.7      2.0338110      1.6920374
     123.8      2.0324975      1.6889738
     123.9      2.0284497      1.6836382
     124.0      2.0216714      1.6760416
     124.1      2.0121723      1.6662001
     124.2      1.9999683      1.6541349
     124.3      1.9850813      1.6398722
     124.4      1.9675392      1.6234431
     124.5      1.9473759      1.6048835
     124.6      1.9246314      1.5842341
     124.7      1.8993513      1.5615403
     124.8      1.8715870      1.5368521
     124.9      1.8413956      1.5102240
     125.0      1.8088398      1.4817148
     125.1      1.7739875      1.4513874
     125.2      1.7369122      1.4193089
     125.3      1.6976922      1.3855504
     125.4      1.6564108      1.3501865
     125.5      1.6131564      1.3132957
     125.6      1.5680216      1.2749596
     125.7      1.5211036      1.2352632
     125.8      1.4725039      1.1942946
     125.9      1.4223276      1.1521446
     126.0      1.3706840      1.1089067
     126.1      1.3176858      1.0646768
     126.2      1.2634487      1.0195529
     126.3      1.2080918      0.9736354
     126.4      1.1517368      0.9270258
     126.5      1.0945080      0.8798278
     126.6      1.0365319      0.8321459
     126.7      0.9779369      0.7840860
     126.8      0.9188532      0.7357546
     126.9      0.8594123      0.6872589
     127.0      0.7997470      0.6387064
     127.1      0.7399908      0.5902048
     127.2      0.6802776      0.5418615
     127.3      0.6207419      0.4937837
     127.4      0.5615177      0.4460779
     127.5      0.5027390      0.3988496
     127.6      0.4445389      0.3522036
     127.7      0.3870499      0.3062430
     127.8      0.3304027      0.2610694
     127.9      0.2747270      0.2167827
     128.0      0.2201504      0.1734809
     128.1      0.1667983      0.1312595
     128.2      0.1147940      0.0902117
     128.3      0.0642579      0.0504281
     128.4      0.0153074      0.0119963
     128.5     -0.0319431     -0.0249989
     128.6     -0.0773828     -0.0604763
     128.7     -0.1209048     -0.0943578
     128.8     -0.1624058     -0.1265690
     128.9     -0.2017871     -0.1570395
     129.0     -0.2389543     -0.1857024
     129.1     -0.2738176     -0.2124952
     129.2     -0.3062921     -0.2373594
     129.3     -0.3362982     -0.2602410
     129.4     -0.3637612     -0.2810905
     129.5     -0.3886121     -0.2998626
     129.6     -0.4107875     -0.3165172
     129.7     -0.4302298     -0.3310186
     129.8     -0.4468871     -0.3433360
     129.9     -0.4607138     -0.3534436
     130.0     -0.4716704     -0.3613205
     130.1     -0.4797236     -0.3669508
     130.2     -0.4848464     -0.3703238
     130.3     -0.4870184     -0.3714335
     130.4     -0.4862257     -0.3702795
     130.5     -0.4824607     -0.3668660
     130.6     -0.4757227     -0.3612026
     130.7     -0.4660173     -0.3533037
     130.8     -0.4533570     -0.3431890
     130.9     -0.4377607     -0.3308829
     131.0     -0.4192539     -0.3164149
     131.1     -0.3978687     -0.2998193
     131.2     -0.3736436     -0.2811350
     131.3     -0.3466236     -0.2604058
     131.4     -0.3168599     -0.2376801
     131.5     -0.2844102     -0.2130106
     131.6     -0.2493380     -0.1864545
     131.7     -0.2117131     -0.1580731
     131.8     -0.1716109     -0.1279318
     131.9     -0.1291128     -0.0961001
     132.0     -0.0843055     -0.0626512
     132.1     -0.0372813     -0.0276618
     132.2      0.0118626      0.0087878
     132.3      0.0630236      0.0466142
     132.4      0.1160947      0.0857307
     132.5      0.1709641      0.1260480
     132.6      0.2275158      0.1674737
     132.7      0.2856298      0.2099135
     132.8      0.3451819      0.2532703
     132.9      0.4060448      0.2974453
     133.0      0.4680877      0.3423377
     133.1      0.5311767      0.3878452
     133.2      0.5951752      0.4338641
     133.3      0.6599444      0.4802896
     133.4      0.7253432      0.5270160
     133.5      0.7912285      0.5739369
     133.6      0.8574559      0.6209455
     133.7      0.9238799      0.6679348
     133.8      0.9903538      0.7147980
     133.9      1.0567305      0.7614284
     134.0      1.1228628      0.8077199
     134.1      1.1886033      0.8535673
     134.2      1.2538053      0.8988663
     134.3      1.3183226      0.9435139
     134.4      1.3820101      0.9874084
     134.5      1.4447242      1.0304502
     134.6      1.5063230      1.0725412
     134.7      1.5666665      1.1135857
     134.8      1.6256171      1.1534903
     134.9      1.6830400      1.1921643
     135.0      1.7388031      1.2295194
     135.1      1.7927777      1.2654708
     135.2      1.8448387      1.2999364
     135.3      1.8948648      1.3328378
     135.4      1.9427387      1.3640999
     135.5      1.9883478      1.3936514
     135.6      2.0315839      1.4214248
     135.7      2.0723438      1.4473566
     135.8      2.1105295      1.4713875
     135.9      2.1460483      1.4934625
     136.0      2.1788131      1.5135308
     136.1      2.2087429      1.5315464
     136.2      2.2357624      1.5474677
     136.3      2.2598027      1.5612579
     136.4      2.2808012      1.5728851
     136.5      2.2987019      1.5823220
     136.6      2.3134555      1.5895464
     136.7      2.3250195      1.5945411
     136.8      2.3333584      1.5972938
     136.9      2.3384437      1.5977972
     137.0      2.3402540      1.5960494
     137.1      2.3387751      1.5920530
     137.2      2.3340003      1.5858162
     137.3      2.3259299      1.5773518
     137.4      2.3145717      1.5666780
     137.5      2.2999408      1.5538175
     137.6      2.2820596      1.5387983
     137.7      2.2609580      1.5216530
     137.8      2.2366729      1.5024192
     137.9      2.2092486      1.4811391
     138.0      2.1787365      1.4578593
     138.1      2.1451950      1.4326311
     138.2      2.1086896      1.4055101
     138.3      2.0692926      1.3765563
     138.4      2.0270829      1.3458335
     138.5      1.9821460      1.3134097
     138.6      1.9345739      1.2793567
     138.7      1.8844648      1.2437499
     138.8      1.8319227      1.2066682
     138.9      1.7770577      1.1681938
     139.0      1.7199854      1.1284120
     139.1      1.6608268      1.0874111
     139.2      1.5997078      1.0452820
     139.3      1.5367594      1.0021184
     139.4      1.4721173      0.9580160
     139.5      1.4059211      0.9130727
     139.6      1.3383148      0.8673885
     139.7      1.2694460      0.8210647
     139.8      1.1994656      0.7742043
     139.9      1.1285278      0.7269114
     140.0      1.0567894      0.6792912
     140.1      0.9844098      0.6314493
     140.2      0.9115502      0.5834921
     140.3      0.8383739      0.5355263
     140.4      0.7650453      0.4876582
     140.5      0.6917301      0.4399944
     140.6      0.6185944      0.3926407
     140.7      0.5458048      0.3457023
     140.8      0.4735279      0.2992835
     140.9      0.4019297      0.2534874
     141.0      0.3311756      0.2084156
     141.1      0.2614297      0.1641682
     141.2      0.1928547      0.1208435
     141.3      0.1256114      0.0785376
     141.4      0.0598583      0.0373444
     141.5     -0.0042486     -0.0026448
     141.6     -0.0665563     -0.0413413
     141.7     -0.1269152     -0.0786594
     141.8     -0.1851791     -0.1145163
     141.9     -0.2412058     -0.1488327
     142.0     -0.2948578     -0.1815326
     142.1     -0.3460016     -0.2125437
     142.2     -0.3945092     -0.2417975
     142.3     -0.4402574     -0.2692293
     142.4     -0.4831289     -0.2947787
     142.5     -0.5230119     -0.3183895
     142.6     -0.5598008     -0.3400095
     142.7     -0.5933965     -0.3595914
     142.8     -0.6237062     -0.3770922
     142.9     -0.6506440     -0.3924737
     143.0     -0.6741313     -0.4057023
     143.1     -0.6940963     -0.4167495
     143.2     -0.7104750     -0.4255913
     143.3     -0.7232107     -0.4322089
     143.4     -0.7322547     -0.4365885
     143.5     -0.7375661     -0.4387211
     143.6     -0.7391119     -0.4386030
     143.7     -0.7368675     -0.4362353
     143.8     -0.7308164     -0.4316243
     143.9     -0.7209502     -0.4247812
     144.0     -0.7072692     -0.4157224
     144.1     -0.6897818     -0.4044690
     144.2     -0.6685049     -0.3910471
     144.3     -0.6434639     -0.3754877
     144.4     -0.6146926     -0.3578267
     144.5     -0.5822329     -0.3381044
     144.6     -0.5461353     -0.3163659
     144.7     -0.5064585     -0.2926609
     144.8     -0.4632691     -0.2670433
     144.9     -0.4166420     -0.2395713
     145.0     -0.3666599     -0.2103075
     145.1     -0.3134133     -0.1793181
     145.2     -0.2570003     -0.1466735
     145.3     -0.1975263     -0.1124477
     145.4     -0.1351043     -0.0767181
     145.5     -0.0698538     -0.0395656
     145.6     -0.0019015     -0.0010743
     145.7      0.0686194      0.0386688
     145.8      0.1415697      0.0795740
     145.9      0.2168039      0.1215487
     146.0      0.2941707      0.1644982
     146.1      0.3735138      0.2083255
     146.2      0.4546712      0.2529316
     146.3      0.5374767      0.2982160
     146.4      0.6217593      0.3440763
     146.5      0.7073439      0.3904092
     146.6      0.7940518      0.4371102
     146.7      0.8817010      0.4840740
     146.8      0.9701063      0.5311945
     146.9      1.0590801      0.5783657
     147.0      1.1484326      0.6254812
     147.1      1.2379719      0.6724347
     147.2      1.3275053      0.7191205
     147.3      1.4168385      0.7654333
     147.4      1.5057771      0.8112687
     147.5      1.5941263      0.8565235
     147.6      1.6816919      0.9010956
     147.7      1.7682800      0.9448846
     147.8      1.8536982      0.9877918
     147.9      1.9377555      1.0297205
     148.0      2.0202629      1.0705762
     148.1      2.1010339      1.1102668
     148.2      2.1798847      1.1487029
     148.3      2.2566349      1.1857977
     148.4      2.3311076      1.2214675
     148.5      2.4031302      1.2556321
     148.6      2.4725343      1.2882142
     148.7      2.5391565      1.3191404
     148.8      2.6028386      1.3483407
     148.9      2.6634281      1.3757494
     149.0      2.7207781      1.4013043
     149.1      2.7747486      1.4249479
     149.2      2.8252058      1.4466265
     149.3      2.8720230      1.4662910
     149.4      2.9150810      1.4838970
     149.5      2.9542679      1.4994043
     149.6      2.9894800      1.5127778
     149.7      3.0206213      1.5239869
     149.8      3.0476048      1.5330060
     149.9      3.0703517      1.5398143
     150.0      3.0887922      1.5443961
     150.1      3.1028656      1.5467405
     150.2      3.1125205      1.5468416
     150.3      3.1177148      1.5446988
     150.4      3.1184160      1.5403162
     150.5      3.1146013      1.5337030
     150.6      3.1062577      1.5248736
     150.7      3.0933822      1.5138469
     150.8      3.0759815      1.5006473
     150.9      3.0540724      1.4853035
     151.0      3.0276819      1.4678493
     151.1      2.9968467      1.4483232
     151.2      2.9616136      1.4267682
     151.3      2.9220396      1.4032321
     151.4      2.8781912      1.3777667
     151.5      2.8301449      1.3504284
     151.6      2.7779870      1.3212779
     151.7      2.7218132      1.2903796
     151.8      2.6617287      1.2578019
     151.9      2.5978480      1.2236173
     152.0      2.5302945      1.1879013
     152.1      2.4592006      1.1507333
     152.2      2.3847073      1.1121956
     152.3      2.3069640      1.0723739
     152.4      2.2261282      1.0313564
     152.5      2.1423651      0.9892341
     152.6      2.0558475      0.9461006
     152.7      1.9667555      0.9020515
     152.8      1.8752758      0.8571847
     152.9      1.7816017      0.8115996
     153.0      1.6859328      0.7653975
     153.1      1.5884741      0.7186808
     153.2      1.4894361      0.6715533
     153.3      1.3890341      0.6241194
     153.4      1.2874880      0.5764845
     153.5      1.1850217      0.5287541
     153.6      1.0818626      0.4810342
     153.7      0.9782412      0.4334305
     153.8      0.8743907      0.3860486
     153.9      0.7705464      0.3389935
     154.0      0.6669453      0.2923696
     154.1      0.5638255      0.2462800
     154.2      0.4614259      0.2008269
     154.3      0.3599854      0.1561109
     154.4      0.2597426      0.1122311
     154.5      0.1609353      0.0692844
     154.6      0.0637997      0.0273659
     154.7     -0.0314295     -0.0134317
     154.8     -0.1245205     -0.0530182
     154.9     -0.2152440     -0.0913064
     155.0     -0.3033743     -0.1282115
     155.1     -0.3886898     -0.1636523
     155.2     -0.4709731     -0.1975507
     155.3     -0.5500119     -0.2298319
     155.4     -0.6255991     -0.2604249
     155.5     -0.6975337     -0.2892625
     155.6     -0.7656210     -0.3162814
     155.7     -0.8296732     -0.3414224
     155.8     -0.8895096     -0.3646305
     155.9     -0.9449574     -0.3858549
     156.0     -0.9958519     -0.4050495
     156.1     -1.0420368     -0.4221725
     156.2     -1.0833649     -0.4371868
     156.3     -1.1196983     -0.4500602
     156.4     -1.1509086     -0.4607651
     156.5     -1.1768776     -0.4692788
     156.6     -1.1974973     -0.4755835
     156.7     -1.2126706     -0.4796664
     156.8     -1.2223109     -0.4815195
     156.9     -1.2263433     -0.4811400
     157.0     -1.2247038     -0.4785299
     157.1     -1.2173406     -0.4736964
     157.2     -1.2042132     -0.4666514
     157.3     -1.1852935     -0.4574119
     157.4     -1.1605655     -0.4459999
     157.5     -1.1300254     -0.4324420
     157.6     -1.0936818     -0.4167697
     157.7     -1.0515559     -0.3990194
     157.8     -1.0036813     -0.3792317
     157.9     -0.9501041     -0.3574522
     158.0     -0.8908832     -0.3337307
     158.1     -0.8260896     -0.3081213
     158.2     -0.7558071     -0.2806825
     158.3     -0.6801319     -0.2514766
     158.4     -0.5991721     -0.2205700
     158.5     -0.5130484     -0.1880329
     158.6     -0.4218931     -0.1539390
     158.7     -0.3258506     -0.1183656
     158.8     -0.2250767     -0.0813933
     158.9     -0.1197385     -0.0431055
     159.0     -0.0100144     -0.0035889
     159.1      0.1039065      0.0370674
     159.2      0.2218247      0.0787715
     159.3      0.3435305      0.1214294
     159.4      0.4688042      0.1649449
     159.5      0.5974171      0.2092199
     159.6      0.7291311      0.2541547
     159.7      0.8636996      0.2996482
     159.8      1.0008681      0.3455979
     159.9      1.1403741      0.3919006
     160.0      1.2819480      0.4384520
     160.1      1.4253138      0.4851477
     160.2      1.5701888      0.5318825
     160.3      1.7162853      0.5785516
     160.4      1.8633099      0.6250502
     160.5      2.0109653      0.6712740
     160.6      2.1589497      0.7171192
     160.7      2.3069585      0.7624830
     160.8      2.4546840      0.8072637
     160.9      2.6018167      0.8513610
     161.0      2.7480454      0.8946761
     161.1      2.8930581      0.9371119
     161.2      3.0365426      0.9785735
     161.3      3.1781874      1.0189682
     161.4      3.3176818      1.0582055
     161.5      3.4547169      1.0961978
     161.6      3.5889864      1.1328601
     161.7      3.7201870      1.1681106
     161.8      3.8480189      1.2018707
     161.9      3.9721870      1.2340649
     162.0      4.0924010      1.2646215
     162.1      4.2083766      1.2934724
     162.2      4.3198355      1.3205534
     162.3      4.4265065      1.3458043
     162.4      4.5281259      1.3691689
     162.5      4.6244384      1.3905954
     162.6      4.7151973      1.4100363
     162.7      4.8001654      1.4274486
     162.8      4.8791154      1.4427937
     162.9      4.9518307      1.4560379
     163.0      5.0181056      1.4671521
     163.1      5.0777461      1.4761119
     163.2      5.1305704      1.4828980
     163.3      5.1764093      1.4874957
     163.4      5.2151065      1.4898953
     163.5      5.2465195      1.4900920
     163.6      5.2705197      1.4880862
     163.7      5.2869929      1.4838829
     163.8      5.2958396      1.4774921
     163.9      5.2969754      1.4689289
     164.0      5.2903315      1.4582130
     164.1      5.2758547      1.4453690
     164.2      5.2535079      1.4304264
     164.3      5.2232703      1.4134193
     164.4      5.1851374      1.3943862
     164.5      5.1391216      1.3733705
     164.6      5.0852520      1.3504198
     164.7      5.0235746      1.3255860
     164.8      4.9541527      1.2989252
     164.9      4.8770664      1.2704978
     165.0      4.7924130      1.2403678
     165.1      4.7003071      1.2086031
     165.2      4.6008802      1.1752753
     165.3      4.4942810      1.1404595
     165.4      4.3806750      1.1042339
     165.5      4.2602445      1.0666800
     165.6      4.1331885      1.0278822
     165.7      3.9997223      0.9879275
     165.8      3.8600775      0.9469055
     165.9      3.7145016      0.9049084
     166.0      3.5632578      0.8620301
     166.1      3.4066244      0.8183667
     166.2      3.2448949      0.7740160
     166.3      3.0783770      0.7290771
     166.4      2.9073930      0.6836505
     166.5      2.7322784      0.6378377
     166.6      2.5533822      0.5917410
     166.7      2.3710660      0.5454631
     166.8      2.1857035      0.4991073
     166.9      1.9976802      0.4527768
     167.0      1.8073922      0.4065748
     167.1      1.6152463      0.3606039
     167.2      1.4216589      0.3149664
     167.3      1.2270557      0.2697635
     167.4      1.0318705      0.2250956
     167.5      0.8365449      0.1810615
     167.6      0.6415275      0.1377586
     167.7      0.4472732      0.0952828
     167.8      0.2542421      0.0537277
     167.9      0.0628993      0.0131849
     168.0     -0.1262864     -0.0262564
     168.1     -0.3128431     -0.0645096
     168.2     -0.4962966     -0.1014907
     168.3     -0.6761711     -0.1371189
     168.4     -0.8519905     -0.1713165
     168.5     -1.0232786     -0.2040089
     168.6     -1.1895607     -0.2351254
     168.7     -1.3503635     -0.2645985
     168.8     -1.5052170     -0.2923649
     168.9     -1.6536546     -0.3183648
     169.0     -1.7952142     -0.3425430
     169.1     -1.9294392     -0.3648482
     169.2     -2.0558791     -0.3852333
     169.3     -2.1740906     -0.4036561
     169.4     -2.2836383     -0.4200784
     169.5     -2.3840954     -0.4344669
     169.6     -2.4750450     -0.4467930
     169.7     -2.5560802     -0.4570328
     169.8     -2.6268057     -0.4651672
     169.9     -2.6868379     -0.4711820
     170.0     -2.7358061     -0.4750677
     170.1     -2.7733532     -0.4768201
     170.2     -2.7991362     -0.4764396
     170.3     -2.8128272     -0.4739315
     170.4     -2.8141141     -0.4693063
     170.5     -2.8027008     -0.4625791
     170.6     -2.7783087     -0.4537699
     170.7     -2.7406763     -0.4429038
     170.8     -2.6895609     -0.4300102
     170.9     -2.6247383     -0.4151235
     171.0     -2.5460037     -0.3982827
     171.1     -2.4531722     -0.3795312
     171.2     -2.3460793     -0.3589169
     171.3     -2.2245814     -0.3364920
     171.4     -2.0885558     -0.3123129
     171.5     -1.9379020     -0.2864402
     171.6     -1.7725409     -0.2589381
     171.7     -1.5924161     -0.2298751
     171.8     -1.3974936     -0.1993230
     171.9     -1.1877623     -0.1673572
     172.0     -0.9632340     -0.1340563
     172.1     -0.7239439     -0.0995021
     172.2     -0.4699503     -0.0637796
     172.3     -0.2013353     -0.0269761
     172.4      0.0817960      0.0108180
     172.5      0.3793147      0.0495105
     172.6      0.6910684      0.0890066
     172.7      1.0168815      0.1292097
     172.8      1.3565550      0.1700214
     172.9      1.7098667      0.2113421
     173.0      2.0765715      0.2530704
     173.1      2.4564015      0.2951043
     173.2      2.8490662      0.3373407
     173.3      3.2542533      0.3796761
     173.4      3.6716282      0.4220065
     173.5      4.1008352      0.4642277
     173.6      4.5414972      0.5062358
     173.7      4.9932168      0.5479272
     173.8      5.4555763      0.5891987
     173.9      5.9281385      0.6299481
     174.0      6.4104471      0.6700742
     174.1      6.9020275      0.7094769
     174.2      7.4023872      0.7480578
     174.3      7.9110164      0.7857202
     174.4      8.4273892      0.8223691
     174.5      8.9509637      0.8579118
     174.6      9.4811830      0.8922581
     174.7     10.0174760      0.9253201
     174.8     10.5592584      0.9570128
     174.9     11.1059331      0.9872541
     175.0     11.6568913      1.0159650
     175.1     12.2115135      1.0430699
     175.2     12.7691699      1.0684966
     175.3     13.3292221      1.0921766
     175.4     13.8910233      1.1140451
     175.5     14.4539197      1.1340415
     175.6     15.0172512      1.1521089
     175.7     15.5803525      1.1681950
     175.8     16.1425542      1.1822516
     175.9     16.7031836      1.1942349
     176.0     17.2615658      1.2041060
     176.1     17.8170248      1.2118301
     176.2     18.3688843      1.2173776
     176.3     18.9164690      1.2207234
     176.4     19.4591055      1.2218473
     176.5     19.9961231      1.2207341
     176.6     20.5268553      1.2173733
     176.7     21.0506405      1.2117596
     176.8     21.5668230      1.2038925
     176.9     22.0747543      1.1937765
     177.0     22.5737937      1.1814211
     177.1     23.0633097      1.1668406
     177.2     23.5426804      1.1500545
     177.3     24.0112954      1.1310869
     177.4     24.4685556      1.1099668
     177.5     24.9138752      1.0867280
     177.6     25.3466819      1.0614089
     177.7     25.7664182      1.0340525
     177.8     26.1725418      1.0047065
     177.9     26.5645271      0.9734228
     178.0     26.9418655      0.9402575
     178.1     27.3040665      0.9052712
     178.2     27.6506582      0.8685282
     178.3     27.9811884      0.8300968
     178.4     28.2952250      0.7900490
     178.5     28.5923567      0.7484606
     178.6     28.8721940      0.7054106
     178.7     29.1343694      0.6609812
     178.8     29.3785381      0.6152577
     178.9     29.6043788      0.5683284
     179.0     29.8115937      0.5202840
     179.1     29.9999095      0.4712181
     179.2     30.1690776      0.4212261
     179.3     30.3188744      0.3704057
     179.4     30.4491017      0.3188564
     179.5     30.5595874      0.2666793
     179.6     30.6501851      0.2139769
     179.7     30.7207747      0.1608529
     179.8     30.7712629      0.1074118
     179.9     30.8015825      0.0537589
     180.0     30.8116935      0.0000000
