 # List of d(q) for j, j' =            3          42
 #    0  1.00000000
 #    1  0.24893944
 #    2  0.23701709
 #    3  0.08196913
 #    4  0.15881927
 #    5  0.04931897
 #    6  0.16382368
       0.0      3.3362077      0.0000000
       0.1      3.3361576      0.0058227
       0.2      3.3360075      0.0116448
       0.3      3.3357574      0.0174659
       0.4      3.3354073      0.0232853
       0.5      3.3349571      0.0291026
       0.6      3.3344070      0.0349172
       0.7      3.3337569      0.0407285
       0.8      3.3330070      0.0465360
       0.9      3.3321572      0.0523393
       1.0      3.3312077      0.0581376
       1.1      3.3301585      0.0639305
       1.2      3.3290097      0.0697175
       1.3      3.3277614      0.0754980
       1.4      3.3264136      0.0812715
       1.5      3.3249665      0.0870375
       1.6      3.3234202      0.0927953
       1.7      3.3217747      0.0985446
       1.8      3.3200302      0.1042847
       1.9      3.3181869      0.1100151
       2.0      3.3162449      0.1157353
       2.1      3.3142043      0.1214447
       2.2      3.3120652      0.1271429
       2.3      3.3098279      0.1328293
       2.4      3.3074924      0.1385034
       2.5      3.3050590      0.1441646
       2.6      3.3025279      0.1498125
       2.7      3.2998992      0.1554465
       2.8      3.2971731      0.1610661
       2.9      3.2943498      0.1666708
       3.0      3.2914295      0.1722601
       3.1      3.2884125      0.1778334
       3.2      3.2852990      0.1833903
       3.3      3.2820891      0.1889303
       3.4      3.2787832      0.1944527
       3.5      3.2753815      0.1999573
       3.6      3.2718842      0.2054433
       3.7      3.2682916      0.2109104
       3.8      3.2646039      0.2163580
       3.9      3.2608215      0.2217857
       4.0      3.2569445      0.2271930
       4.1      3.2529733      0.2325793
       4.2      3.2489082      0.2379442
       4.3      3.2447495      0.2432872
       4.4      3.2404975      0.2486078
       4.5      3.2361524      0.2539056
       4.6      3.2317147      0.2591800
       4.7      3.2271846      0.2644307
       4.8      3.2225625      0.2696571
       4.9      3.2178487      0.2748587
       5.0      3.2130435      0.2800352
       5.1      3.2081474      0.2851860
       5.2      3.2031606      0.2903107
       5.3      3.1980835      0.2954089
       5.4      3.1929166      0.3004800
       5.5      3.1876601      0.3055237
       5.6      3.1823145      0.3105395
       5.7      3.1768802      0.3155269
       5.8      3.1713575      0.3204856
       5.9      3.1657468      0.3254151
       6.0      3.1600487      0.3303150
       6.1      3.1542634      0.3351849
       6.2      3.1483915      0.3400242
       6.3      3.1424332      0.3448327
       6.4      3.1363892      0.3496100
       6.5      3.1302598      0.3543555
       6.6      3.1240454      0.3590689
       6.7      3.1177465      0.3637498
       6.8      3.1113636      0.3683978
       6.9      3.1048972      0.3730125
       7.0      3.0983477      0.3775936
       7.1      3.0917155      0.3821406
       7.2      3.0850012      0.3866532
       7.3      3.0782053      0.3911310
       7.4      3.0713283      0.3955736
       7.5      3.0643705      0.3999806
       7.6      3.0573327      0.4043518
       7.7      3.0502152      0.4086867
       7.8      3.0430186      0.4129850
       7.9      3.0357434      0.4172464
       8.0      3.0283901      0.4214704
       8.1      3.0209593      0.4256569
       8.2      3.0134515      0.4298054
       8.3      3.0058673      0.4339156
       8.4      2.9982071      0.4379872
       8.5      2.9904716      0.4420198
       8.6      2.9826613      0.4460133
       8.7      2.9747768      0.4499672
       8.8      2.9668186      0.4538812
       8.9      2.9587873      0.4577551
       9.0      2.9506835      0.4615886
       9.1      2.9425078      0.4653814
       9.2      2.9342608      0.4691331
       9.3      2.9259430      0.4728436
       9.4      2.9175551      0.4765125
       9.5      2.9090976      0.4801396
       9.6      2.9005712      0.4837246
       9.7      2.8919765      0.4872673
       9.8      2.8833141      0.4907675
       9.9      2.8745846      0.4942247
      10.0      2.8657887      0.4976390
      10.1      2.8569269      0.5010099
      10.2      2.8479999      0.5043373
      10.3      2.8390083      0.5076210
      10.4      2.8299529      0.5108607
      10.5      2.8208342      0.5140562
      10.6      2.8116528      0.5172073
      10.7      2.8024095      0.5203139
      10.8      2.7931049      0.5233757
      10.9      2.7837396      0.5263925
      11.0      2.7743144      0.5293641
      11.1      2.7648299      0.5322905
      11.2      2.7552867      0.5351713
      11.3      2.7456855      0.5380065
      11.4      2.7360271      0.5407958
      11.5      2.7263121      0.5435392
      11.6      2.7165412      0.5462365
      11.7      2.7067151      0.5488874
      11.8      2.6968344      0.5514920
      11.9      2.6868999      0.5540500
      12.0      2.6769123      0.5565614
      12.1      2.6668723      0.5590259
      12.2      2.6567806      0.5614436
      12.3      2.6466378      0.5638143
      12.4      2.6364448      0.5661378
      12.5      2.6262022      0.5684142
      12.6      2.6159107      0.5706432
      12.7      2.6055711      0.5728249
      12.8      2.5951841      0.5749591
      12.9      2.5847504      0.5770458
      13.0      2.5742707      0.5790849
      13.1      2.5637458      0.5810763
      13.2      2.5531765      0.5830201
      13.3      2.5425633      0.5849160
      13.4      2.5319072      0.5867642
      13.5      2.5212087      0.5885645
      13.6      2.5104688      0.5903169
      13.7      2.4996880      0.5920215
      13.8      2.4888672      0.5936781
      13.9      2.4780071      0.5952868
      14.0      2.4671085      0.5968476
      14.1      2.4561721      0.5983604
      14.2      2.4451986      0.5998253
      14.3      2.4341888      0.6012422
      14.4      2.4231436      0.6026113
      14.5      2.4120635      0.6039325
      14.6      2.4009495      0.6052058
      14.7      2.3898022      0.6064313
      14.8      2.3786225      0.6076090
      14.9      2.3674110      0.6087390
      15.0      2.3561686      0.6098213
      15.1      2.3448960      0.6108560
      15.2      2.3335940      0.6118431
      15.3      2.3222633      0.6127827
      15.4      2.3109048      0.6136749
      15.5      2.2995192      0.6145198
      15.6      2.2881072      0.6153174
      15.7      2.2766697      0.6160678
      15.8      2.2652074      0.6167712
      15.9      2.2537211      0.6174277
      16.0      2.2422115      0.6180373
      16.1      2.2306795      0.6186001
      16.2      2.2191258      0.6191164
      16.3      2.2075512      0.6195861
      16.4      2.1959564      0.6200095
      16.5      2.1843423      0.6203867
      16.6      2.1727096      0.6207179
      16.7      2.1610592      0.6210031
      16.8      2.1493916      0.6212425
      16.9      2.1377078      0.6214364
      17.0      2.1260086      0.6215848
      17.1      2.1142946      0.6216879
      17.2      2.1025667      0.6217459
      17.3      2.0908257      0.6217590
      17.4      2.0790723      0.6217274
      17.5      2.0673072      0.6216513
      17.6      2.0555314      0.6215308
      17.7      2.0437454      0.6213662
      17.8      2.0319502      0.6211576
      17.9      2.0201465      0.6209054
      18.0      2.0083351      0.6206097
      18.1      1.9965166      0.6202707
      18.2      1.9846920      0.6198886
      18.3      1.9728619      0.6194638
      18.4      1.9610272      0.6189963
      18.5      1.9491885      0.6184866
      18.6      1.9373467      0.6179348
      18.7      1.9255026      0.6173411
      18.8      1.9136568      0.6167059
      18.9      1.9018102      0.6160294
      19.0      1.8899634      0.6153119
      19.1      1.8781174      0.6145536
      19.2      1.8662727      0.6137549
      19.3      1.8544303      0.6129159
      19.4      1.8425907      0.6120370
      19.5      1.8307548      0.6111185
      19.6      1.8189234      0.6101607
      19.7      1.8070971      0.6091639
      19.8      1.7952767      0.6081283
      19.9      1.7834630      0.6070543
      20.0      1.7716567      0.6059423
      20.1      1.7598585      0.6047925
      20.2      1.7480693      0.6036052
      20.3      1.7362896      0.6023808
      20.4      1.7245202      0.6011195
      20.5      1.7127619      0.5998219
      20.6      1.7010155      0.5984881
      20.7      1.6892815      0.5971185
      20.8      1.6775608      0.5957135
      20.9      1.6658540      0.5942734
      21.0      1.6541619      0.5927986
      21.1      1.6424852      0.5912894
      21.2      1.6308246      0.5897462
      21.3      1.6191808      0.5881694
      21.4      1.6075545      0.5865593
      21.5      1.5959465      0.5849163
      21.6      1.5843573      0.5832408
      21.7      1.5727877      0.5815332
      21.8      1.5612385      0.5797938
      21.9      1.5497102      0.5780230
      22.0      1.5382036      0.5762212
      22.1      1.5267194      0.5743889
      22.2      1.5152582      0.5725264
      22.3      1.5038207      0.5706340
      22.4      1.4924076      0.5687123
      22.5      1.4810196      0.5667617
      22.6      1.4696572      0.5647824
      22.7      1.4583213      0.5627750
      22.8      1.4470123      0.5607398
      22.9      1.4357311      0.5586774
      23.0      1.4244782      0.5565880
      23.1      1.4132543      0.5544721
      23.2      1.4020600      0.5523302
      23.3      1.3908959      0.5501626
      23.4      1.3797628      0.5479699
      23.5      1.3686611      0.5457524
      23.6      1.3575917      0.5435105
      23.7      1.3465550      0.5412448
      23.8      1.3355516      0.5389556
      23.9      1.3245823      0.5366434
      24.0      1.3136476      0.5343086
      24.1      1.3027481      0.5319517
      24.2      1.2918844      0.5295732
      24.3      1.2810571      0.5271734
      24.4      1.2702669      0.5247529
      24.5      1.2595142      0.5223120
      24.6      1.2487996      0.5198513
      24.7      1.2381238      0.5173712
      24.8      1.2274873      0.5148721
      24.9      1.2168907      0.5123546
      25.0      1.2063345      0.5098190
      25.1      1.1958194      0.5072659
      25.2      1.1853457      0.5046957
      25.3      1.1749142      0.5021088
      25.4      1.1645253      0.4995058
      25.5      1.1541796      0.4968871
      25.6      1.1438776      0.4942532
      25.7      1.1336198      0.4916045
      25.8      1.1234068      0.4889416
      25.9      1.1132391      0.4862648
      26.0      1.1031172      0.4835747
      26.1      1.0930415      0.4808718
      26.2      1.0830127      0.4781564
      26.3      1.0730311      0.4754292
      26.4      1.0630973      0.4726905
      26.5      1.0532118      0.4699408
      26.6      1.0433750      0.4671807
      26.7      1.0335875      0.4644105
      26.8      1.0238496      0.4616308
      26.9      1.0141619      0.4588421
      27.0      1.0045248      0.4560447
      27.1      0.9949388      0.4532393
      27.2      0.9854043      0.4504263
      27.3      0.9759217      0.4476061
      27.4      0.9664915      0.4447792
      27.5      0.9571142      0.4419461
      27.6      0.9477900      0.4391074
      27.7      0.9385196      0.4362634
      27.8      0.9293032      0.4334146
      27.9      0.9201412      0.4305615
      28.0      0.9110342      0.4277046
      28.1      0.9019824      0.4248444
      28.2      0.8929863      0.4219813
      28.3      0.8840462      0.4191159
      28.4      0.8751625      0.4162485
      28.5      0.8663356      0.4133796
      28.6      0.8575659      0.4105098
      28.7      0.8488537      0.4076395
      28.8      0.8401994      0.4047691
      28.9      0.8316032      0.4018992
      29.0      0.8230656      0.3990301
      29.1      0.8145870      0.3961625
      29.2      0.8061675      0.3932966
      29.3      0.7978075      0.3904330
      29.4      0.7895075      0.3875722
      29.5      0.7812675      0.3847145
      29.6      0.7730881      0.3818606
      29.7      0.7649694      0.3790107
      29.8      0.7569118      0.3761654
      29.9      0.7489155      0.3733252
      30.0      0.7409808      0.3704904
      30.1      0.7331080      0.3676615
      30.2      0.7252974      0.3648391
      30.3      0.7175492      0.3620234
      30.4      0.7098637      0.3592150
      30.5      0.7022411      0.3564143
      30.6      0.6946817      0.3536217
      30.7      0.6871856      0.3508378
      30.8      0.6797532      0.3480628
      30.9      0.6723846      0.3452972
      31.0      0.6650801      0.3425416
      31.1      0.6578399      0.3397962
      31.2      0.6506641      0.3370616
      31.3      0.6435531      0.3343381
      31.4      0.6365068      0.3316262
      31.5      0.6295257      0.3289263
      31.6      0.6226097      0.3262387
      31.7      0.6157592      0.3235640
      31.8      0.6089742      0.3209025
      31.9      0.6022549      0.3182546
      32.0      0.5956015      0.3156207
      32.1      0.5890141      0.3130013
      32.2      0.5824929      0.3103966
      32.3      0.5760379      0.3078072
      32.4      0.5696494      0.3052334
      32.5      0.5633274      0.3026756
      32.6      0.5570720      0.3001341
      32.7      0.5508834      0.2976094
      32.8      0.5447617      0.2951019
      32.9      0.5387069      0.2926118
      33.0      0.5327191      0.2901396
      33.1      0.5267985      0.2876857
      33.2      0.5209451      0.2852504
      33.3      0.5151589      0.2828340
      33.4      0.5094400      0.2804369
      33.5      0.5037886      0.2780595
      33.6      0.4982045      0.2757022
      33.7      0.4926880      0.2733652
      33.8      0.4872389      0.2710489
      33.9      0.4818574      0.2687536
      34.0      0.4765435      0.2664798
      34.1      0.4712972      0.2642276
      34.2      0.4661184      0.2619974
      34.3      0.4610073      0.2597896
      34.4      0.4559638      0.2576045
      34.5      0.4509879      0.2554423
      34.6      0.4460795      0.2533035
      34.7      0.4412387      0.2511882
      34.8      0.4364655      0.2490968
      34.9      0.4317598      0.2470296
      35.0      0.4271215      0.2449869
      35.1      0.4225507      0.2429689
      35.2      0.4180473      0.2409760
      35.3      0.4136112      0.2390084
      35.4      0.4092424      0.2370664
      35.5      0.4049407      0.2351503
      35.6      0.4007062      0.2332603
      35.7      0.3965387      0.2313967
      35.8      0.3924382      0.2295597
      35.9      0.3884045      0.2277497
      36.0      0.3844376      0.2259668
      36.1      0.3805374      0.2242112
      36.2      0.3767037      0.2224833
      36.3      0.3729365      0.2207833
      36.4      0.3692355      0.2191113
      36.5      0.3656008      0.2174677
      36.6      0.3620321      0.2158526
      36.7      0.3585294      0.2142662
      36.8      0.3550924      0.2127087
      36.9      0.3517210      0.2111804
      37.0      0.3484151      0.2096814
      37.1      0.3451745      0.2082120
      37.2      0.3419991      0.2067723
      37.3      0.3388886      0.2053626
      37.4      0.3358429      0.2039829
      37.5      0.3328618      0.2026334
      37.6      0.3299451      0.2013144
      37.7      0.3270927      0.2000260
      37.8      0.3243042      0.1987684
      37.9      0.3215796      0.1975416
      38.0      0.3189186      0.1963459
      38.1      0.3163210      0.1951814
      38.2      0.3137865      0.1940482
      38.3      0.3113150      0.1929465
      38.4      0.3089062      0.1918764
      38.5      0.3065599      0.1908380
      38.6      0.3042758      0.1898314
      38.7      0.3020536      0.1888568
      38.8      0.2998932      0.1879142
      38.9      0.2977943      0.1870038
      39.0      0.2957566      0.1861256
      39.1      0.2937798      0.1852798
      39.2      0.2918637      0.1844664
      39.3      0.2900080      0.1836855
      39.4      0.2882124      0.1829372
      39.5      0.2864766      0.1822215
      39.6      0.2848003      0.1815385
      39.7      0.2831833      0.1808884
      39.8      0.2816252      0.1802710
      39.9      0.2801257      0.1796865
      40.0      0.2786846      0.1791350
      40.1      0.2773014      0.1786164
      40.2      0.2759759      0.1781308
      40.3      0.2747078      0.1776782
      40.4      0.2734967      0.1772587
      40.5      0.2723424      0.1768722
      40.6      0.2712443      0.1765188
      40.7      0.2702023      0.1761985
      40.8      0.2692160      0.1759113
      40.9      0.2682850      0.1756571
      41.0      0.2674089      0.1754360
      41.1      0.2665875      0.1752480
      41.2      0.2658203      0.1750930
      41.3      0.2651070      0.1749711
      41.4      0.2644472      0.1748821
      41.5      0.2638406      0.1748261
      41.6      0.2632867      0.1748029
      41.7      0.2627852      0.1748127
      41.8      0.2623357      0.1748552
      41.9      0.2619378      0.1749306
      42.0      0.2615911      0.1750386
      42.1      0.2612952      0.1751792
      42.2      0.2610497      0.1753525
      42.3      0.2608542      0.1755582
      42.4      0.2607084      0.1757963
      42.5      0.2606117      0.1760667
      42.6      0.2605638      0.1763694
      42.7      0.2605643      0.1767042
      42.8      0.2606128      0.1770711
      42.9      0.2607087      0.1774699
      43.0      0.2608517      0.1779005
      43.1      0.2610414      0.1783628
      43.2      0.2612774      0.1788567
      43.3      0.2615591      0.1793820
      43.4      0.2618862      0.1799387
      43.5      0.2622582      0.1805266
      43.6      0.2626746      0.1811456
      43.7      0.2631351      0.1817954
      43.8      0.2636392      0.1824761
      43.9      0.2641864      0.1831873
      44.0      0.2647762      0.1839290
      44.1      0.2654082      0.1847010
      44.2      0.2660820      0.1855031
      44.3      0.2667971      0.1863352
      44.4      0.2675530      0.1871970
      44.5      0.2683492      0.1880885
      44.6      0.2691854      0.1890093
      44.7      0.2700609      0.1899594
      44.8      0.2709754      0.1909385
      44.9      0.2719283      0.1919464
      45.0      0.2729192      0.1929830
      45.1      0.2739476      0.1940480
      45.2      0.2750130      0.1951412
      45.3      0.2761149      0.1962623
      45.4      0.2772529      0.1974113
      45.5      0.2784264      0.1985878
      45.6      0.2796351      0.1997916
      45.7      0.2808782      0.2010225
      45.8      0.2821555      0.2022803
      45.9      0.2834664      0.2035646
      46.0      0.2848103      0.2048754
      46.1      0.2861868      0.2062122
      46.2      0.2875955      0.2075750
      46.3      0.2890357      0.2089633
      46.4      0.2905070      0.2103770
      46.5      0.2920089      0.2118158
      46.6      0.2935409      0.2132794
      46.7      0.2951025      0.2147676
      46.8      0.2966932      0.2162800
      46.9      0.2983124      0.2178165
      47.0      0.2999597      0.2193766
      47.1      0.3016345      0.2209602
      47.2      0.3033364      0.2225670
      47.3      0.3050648      0.2241966
      47.4      0.3068193      0.2258488
      47.5      0.3085992      0.2275232
      47.6      0.3104042      0.2292196
      47.7      0.3122336      0.2309377
      47.8      0.3140870      0.2326771
      47.9      0.3159638      0.2344375
      48.0      0.3178636      0.2362187
      48.1      0.3197858      0.2380203
      48.2      0.3217299      0.2398420
      48.3      0.3236955      0.2416834
      48.4      0.3256819      0.2435443
      48.5      0.3276887      0.2454243
      48.6      0.3297153      0.2473231
      48.7      0.3317613      0.2492403
      48.8      0.3338260      0.2511757
      48.9      0.3359091      0.2531288
      49.0      0.3380100      0.2550994
      49.1      0.3401282      0.2570871
      49.2      0.3422631      0.2590915
      49.3      0.3444143      0.2611123
      49.4      0.3465812      0.2631492
      49.5      0.3487634      0.2652018
      49.6      0.3509602      0.2672697
      49.7      0.3531713      0.2693526
      49.8      0.3553960      0.2714501
      49.9      0.3576340      0.2735619
      50.0      0.3598846      0.2756876
      50.1      0.3621473      0.2778268
      50.2      0.3644217      0.2799792
      50.3      0.3667073      0.2821444
      50.4      0.3690035      0.2843220
      50.5      0.3713098      0.2865118
      50.6      0.3736257      0.2887131
      50.7      0.3759508      0.2909259
      50.8      0.3782845      0.2931495
      50.9      0.3806264      0.2953837
      51.0      0.3829758      0.2976281
      51.1      0.3853324      0.2998823
      51.2      0.3876956      0.3021459
      51.3      0.3900650      0.3044186
      51.4      0.3924400      0.3066999
      51.5      0.3948201      0.3089895
      51.6      0.3972049      0.3112869
      51.7      0.3995939      0.3135919
      51.8      0.4019866      0.3159039
      51.9      0.4043825      0.3182227
      52.0      0.4067811      0.3205478
      52.1      0.4091819      0.3228789
      52.2      0.4115845      0.3252155
      52.3      0.4139883      0.3275573
      52.4      0.4163930      0.3299038
      52.5      0.4187980      0.3322548
      52.6      0.4212028      0.3346097
      52.7      0.4236070      0.3369682
      52.8      0.4260102      0.3393298
      52.9      0.4284118      0.3416943
      53.0      0.4308114      0.3440613
      53.1      0.4332085      0.3464302
      53.2      0.4356027      0.3488007
      53.3      0.4379935      0.3511725
      53.4      0.4403805      0.3535452
      53.5      0.4427632      0.3559182
      53.6      0.4451411      0.3582913
      53.7      0.4475139      0.3606641
      53.8      0.4498811      0.3630362
      53.9      0.4522422      0.3654071
      54.0      0.4545967      0.3677765
      54.1      0.4569444      0.3701440
      54.2      0.4592847      0.3725092
      54.3      0.4616172      0.3748717
      54.4      0.4639414      0.3772311
      54.5      0.4662570      0.3795871
      54.6      0.4685636      0.3819392
      54.7      0.4708606      0.3842871
      54.8      0.4731478      0.3866303
      54.9      0.4754247      0.3889686
      55.0      0.4776908      0.3913014
      55.1      0.4799458      0.3936284
      55.2      0.4821893      0.3959493
      55.3      0.4844208      0.3982637
      55.4      0.4866401      0.4005712
      55.5      0.4888466      0.4028713
      55.6      0.4910400      0.4051638
      55.7      0.4932200      0.4074482
      55.8      0.4953861      0.4097242
      55.9      0.4975379      0.4119914
      56.0      0.4996751      0.4142494
      56.1      0.5017973      0.4164980
      56.2      0.5039042      0.4187366
      56.3      0.5059954      0.4209649
      56.4      0.5080704      0.4231826
      56.5      0.5101290      0.4253894
      56.6      0.5121709      0.4275848
      56.7      0.5141956      0.4297684
      56.8      0.5162028      0.4319401
      56.9      0.5181921      0.4340993
      57.0      0.5201634      0.4362457
      57.1      0.5221161      0.4383790
      57.2      0.5240499      0.4404989
      57.3      0.5259646      0.4426049
      57.4      0.5278599      0.4446968
      57.5      0.5297353      0.4467742
      57.6      0.5315906      0.4488368
      57.7      0.5334256      0.4508843
      57.8      0.5352397      0.4529162
      57.9      0.5370329      0.4549323
      58.0      0.5388047      0.4569323
      58.1      0.5405549      0.4589158
      58.2      0.5422831      0.4608825
      58.3      0.5439892      0.4628321
      58.4      0.5456728      0.4647642
      58.5      0.5473336      0.4666786
      58.6      0.5489714      0.4685750
      58.7      0.5505859      0.4704530
      58.8      0.5521768      0.4723123
      58.9      0.5537439      0.4741527
      59.0      0.5552869      0.4759738
      59.1      0.5568056      0.4777754
      59.2      0.5582997      0.4795571
      59.3      0.5597690      0.4813186
      59.4      0.5612132      0.4830598
      59.5      0.5626321      0.4847802
      59.6      0.5640255      0.4864797
      59.7      0.5653931      0.4881579
      59.8      0.5667348      0.4898146
      59.9      0.5680502      0.4914495
      60.0      0.5693393      0.4930623
      60.1      0.5706018      0.4946528
      60.2      0.5718374      0.4962207
      60.3      0.5730460      0.4977658
      60.4      0.5742274      0.4992878
      60.5      0.5753814      0.5007865
      60.6      0.5765079      0.5022616
      60.7      0.5776066      0.5037129
      60.8      0.5786773      0.5051402
      60.9      0.5797199      0.5065432
      61.0      0.5807343      0.5079217
      61.1      0.5817202      0.5092754
      61.2      0.5826775      0.5106042
      61.3      0.5836061      0.5119079
      61.4      0.5845058      0.5131861
      61.5      0.5853764      0.5144388
      61.6      0.5862179      0.5156657
      61.7      0.5870301      0.5168667
      61.8      0.5878128      0.5180414
      61.9      0.5885659      0.5191898
      62.0      0.5892894      0.5203116
      62.1      0.5899830      0.5214067
      62.2      0.5906468      0.5224749
      62.3      0.5912805      0.5235160
      62.4      0.5918841      0.5245298
      62.5      0.5924575      0.5255162
      62.6      0.5930006      0.5264750
      62.7      0.5935132      0.5274061
      62.8      0.5939954      0.5283093
      62.9      0.5944471      0.5291844
      63.0      0.5948681      0.5300313
      63.1      0.5952583      0.5308499
      63.2      0.5956179      0.5316401
      63.3      0.5959466      0.5324016
      63.4      0.5962444      0.5331344
      63.5      0.5965113      0.5338384
      63.6      0.5967472      0.5345135
      63.7      0.5969520      0.5351594
      63.8      0.5971259      0.5357762
      63.9      0.5972686      0.5363637
      64.0      0.5973802      0.5369218
      64.1      0.5974607      0.5374504
      64.2      0.5975100      0.5379495
      64.3      0.5975282      0.5384189
      64.4      0.5975151      0.5388586
      64.5      0.5974709      0.5392685
      64.6      0.5973955      0.5396485
      64.7      0.5972889      0.5399985
      64.8      0.5971512      0.5403185
      64.9      0.5969823      0.5406085
      65.0      0.5967822      0.5408684
      65.1      0.5965510      0.5410980
      65.2      0.5962888      0.5412975
      65.3      0.5959955      0.5414667
      65.4      0.5956711      0.5416057
      65.5      0.5953158      0.5417143
      65.6      0.5949295      0.5417926
      65.7      0.5945124      0.5418405
      65.8      0.5940644      0.5418581
      65.9      0.5935856      0.5418452
      66.0      0.5930761      0.5418020
      66.1      0.5925360      0.5417284
      66.2      0.5919653      0.5416244
      66.3      0.5913641      0.5414900
      66.4      0.5907324      0.5413252
      66.5      0.5900705      0.5411301
      66.6      0.5893783      0.5409046
      66.7      0.5886559      0.5406489
      66.8      0.5879034      0.5403628
      66.9      0.5871210      0.5400465
      67.0      0.5863088      0.5397001
      67.1      0.5854667      0.5393234
      67.2      0.5845951      0.5389167
      67.3      0.5836939      0.5384799
      67.4      0.5827634      0.5380131
      67.5      0.5818035      0.5375164
      67.6      0.5808145      0.5369898
      67.7      0.5797966      0.5364334
      67.8      0.5787497      0.5358473
      67.9      0.5776741      0.5352316
      68.0      0.5765699      0.5345863
      68.1      0.5754373      0.5339116
      68.2      0.5742764      0.5332075
      68.3      0.5730873      0.5324741
      68.4      0.5718703      0.5317116
      68.5      0.5706255      0.5309200
      68.6      0.5693530      0.5300995
      68.7      0.5680531      0.5292501
      68.8      0.5667259      0.5283721
      68.9      0.5653716      0.5274654
      69.0      0.5639903      0.5265303
      69.1      0.5625823      0.5255669
      69.2      0.5611477      0.5245753
      69.3      0.5596868      0.5235557
      69.4      0.5581997      0.5225082
      69.5      0.5566867      0.5214329
      69.6      0.5551478      0.5203301
      69.7      0.5535834      0.5191998
      69.8      0.5519937      0.5180423
      69.9      0.5503789      0.5168576
      70.0      0.5487391      0.5156461
      70.1      0.5470746      0.5144077
      70.2      0.5453856      0.5131428
      70.3      0.5436724      0.5118516
      70.4      0.5419352      0.5105341
      70.5      0.5401742      0.5091906
      70.6      0.5383896      0.5078213
      70.7      0.5365817      0.5064263
      70.8      0.5347508      0.5050060
      70.9      0.5328970      0.5035604
      71.0      0.5310206      0.5020899
      71.1      0.5291219      0.5005945
      71.2      0.5272012      0.4990746
      71.3      0.5252586      0.4975303
      71.4      0.5232944      0.4959619
      71.5      0.5213089      0.4943696
      71.6      0.5193025      0.4927536
      71.7      0.5172752      0.4911142
      71.8      0.5152274      0.4894516
      71.9      0.5131594      0.4877661
      72.0      0.5110715      0.4860578
      72.1      0.5089638      0.4843271
      72.2      0.5068368      0.4825742
      72.3      0.5046906      0.4807993
      72.4      0.5025257      0.4790028
      72.5      0.5003421      0.4771848
      72.6      0.4981403      0.4753456
      72.7      0.4959206      0.4734855
      72.8      0.4936831      0.4716048
      72.9      0.4914283      0.4697037
      73.0      0.4891564      0.4677826
      73.1      0.4868677      0.4658416
      73.2      0.4845625      0.4638812
      73.3      0.4822412      0.4619014
      73.4      0.4799040      0.4599028
      73.5      0.4775512      0.4578855
      73.6      0.4751831      0.4558498
      73.7      0.4728001      0.4537960
      73.8      0.4704025      0.4517245
      73.9      0.4679905      0.4496355
      74.0      0.4655646      0.4475294
      74.1      0.4631249      0.4454064
      74.2      0.4606719      0.4432668
      74.3      0.4582058      0.4411110
      74.4      0.4557270      0.4389392
      74.5      0.4532358      0.4367518
      74.6      0.4507326      0.4345492
      74.7      0.4482175      0.4323315
      74.8      0.4456911      0.4300992
      74.9      0.4431535      0.4278526
      75.0      0.4406052      0.4255920
      75.1      0.4380465      0.4233176
      75.2      0.4354776      0.4210300
      75.3      0.4328990      0.4187293
      75.4      0.4303110      0.4164159
      75.5      0.4277138      0.4140901
      75.6      0.4251079      0.4117524
      75.7      0.4224936      0.4094029
      75.8      0.4198711      0.4070421
      75.9      0.4172410      0.4046703
      76.0      0.4146034      0.4022879
      76.1      0.4119587      0.3998951
      76.2      0.4093073      0.3974924
      76.3      0.4066496      0.3950800
      76.4      0.4039858      0.3926584
      76.5      0.4013163      0.3902279
      76.6      0.3986414      0.3877887
      76.7      0.3959615      0.3853414
      76.8      0.3932769      0.3828861
      76.9      0.3905881      0.3804234
      77.0      0.3878952      0.3779535
      77.1      0.3851987      0.3754767
      77.2      0.3824989      0.3729935
      77.3      0.3797961      0.3705043
      77.4      0.3770908      0.3680092
      77.5      0.3743832      0.3655088
      77.6      0.3716737      0.3630034
      77.7      0.3689626      0.3604933
      77.8      0.3662503      0.3579789
      77.9      0.3635371      0.3554605
      78.0      0.3608234      0.3529385
      78.1      0.3581095      0.3504134
      78.2      0.3553957      0.3478853
      78.3      0.3526825      0.3453548
      78.4      0.3499701      0.3428221
      78.5      0.3472589      0.3402876
      78.6      0.3445492      0.3377517
      78.7      0.3418414      0.3352147
      78.8      0.3391358      0.3326770
      78.9      0.3364328      0.3301390
      79.0      0.3337326      0.3276010
      79.1      0.3310357      0.3250634
      79.2      0.3283424      0.3225265
      79.3      0.3256530      0.3199908
      79.4      0.3229678      0.3174565
      79.5      0.3202872      0.3149240
      79.6      0.3176116      0.3123937
      79.7      0.3149412      0.3098659
      79.8      0.3122764      0.3073410
      79.9      0.3096175      0.3048194
      80.0      0.3069649      0.3023014
      80.1      0.3043188      0.2997873
      80.2      0.3016797      0.2972776
      80.3      0.2990478      0.2947725
      80.4      0.2964235      0.2922724
      80.5      0.2938071      0.2897777
      80.6      0.2911989      0.2872887
      80.7      0.2885993      0.2848058
      80.8      0.2860085      0.2823294
      80.9      0.2834269      0.2798596
      81.0      0.2808548      0.2773970
      81.1      0.2782926      0.2749419
      81.2      0.2757404      0.2724945
      81.3      0.2731988      0.2700553
      81.4      0.2706679      0.2676246
      81.5      0.2681480      0.2652027
      81.6      0.2656396      0.2627899
      81.7      0.2631428      0.2603866
      81.8      0.2606580      0.2579931
      81.9      0.2581856      0.2556098
      82.0      0.2557257      0.2532370
      82.1      0.2532787      0.2508750
      82.2      0.2508450      0.2485241
      82.3      0.2484247      0.2461847
      82.4      0.2460182      0.2438570
      82.5      0.2436258      0.2415415
      82.6      0.2412477      0.2392384
      82.7      0.2388843      0.2369480
      82.8      0.2365358      0.2346707
      82.9      0.2342026      0.2324067
      83.0      0.2318848      0.2301564
      83.1      0.2295829      0.2279201
      83.2      0.2272970      0.2256980
      83.3      0.2250274      0.2234906
      83.4      0.2227744      0.2212980
      83.5      0.2205383      0.2191206
      83.6      0.2183193      0.2169587
      83.7      0.2161177      0.2148125
      83.8      0.2139337      0.2126824
      83.9      0.2117677      0.2105687
      84.0      0.2096199      0.2084715
      84.1      0.2074904      0.2063913
      84.2      0.2053797      0.2043283
      84.3      0.2032878      0.2022827
      84.4      0.2012152      0.2002548
      84.5      0.1991619      0.1982450
      84.6      0.1971283      0.1962534
      84.7      0.1951146      0.1942804
      84.8      0.1931209      0.1923261
      84.9      0.1911477      0.1903909
      85.0      0.1891950      0.1884750
      85.1      0.1872631      0.1865787
      85.2      0.1853522      0.1847022
      85.3      0.1834626      0.1828457
      85.4      0.1815944      0.1810095
      85.5      0.1797479      0.1791938
      85.6      0.1779233      0.1773989
      85.7      0.1761207      0.1756250
      85.8      0.1743405      0.1738723
      85.9      0.1725827      0.1721411
      86.0      0.1708476      0.1704315
      86.1      0.1691355      0.1687438
      86.2      0.1674463      0.1670782
      86.3      0.1657805      0.1654349
      86.4      0.1641380      0.1638141
      86.5      0.1625192      0.1622161
      86.6      0.1609242      0.1606410
      86.7      0.1593532      0.1590889
      86.8      0.1578063      0.1575602
      86.9      0.1562837      0.1560550
      87.0      0.1547856      0.1545735
      87.1      0.1533121      0.1531158
      87.2      0.1518635      0.1516822
      87.3      0.1504397      0.1502727
      87.4      0.1490411      0.1488877
      87.5      0.1476677      0.1475272
      87.6      0.1463197      0.1461914
      87.7      0.1449972      0.1448804
      87.8      0.1437004      0.1435945
      87.9      0.1424294      0.1423337
      88.0      0.1411843      0.1410983
      88.1      0.1399652      0.1398883
      88.2      0.1387723      0.1387038
      88.3      0.1376057      0.1375451
      88.4      0.1364655      0.1364123
      88.5      0.1353518      0.1353054
      88.6      0.1342647      0.1342246
      88.7      0.1332044      0.1331701
      88.8      0.1321708      0.1321418
      88.9      0.1311642      0.1311400
      89.0      0.1301846      0.1301647
      89.1      0.1292320      0.1292161
      89.2      0.1283067      0.1282942
      89.3      0.1274086      0.1273991
      89.4      0.1265379      0.1265309
      89.5      0.1256945      0.1256897
      89.6      0.1248787      0.1248756
      89.7      0.1240904      0.1240887
      89.8      0.1233297      0.1233289
      89.9      0.1225966      0.1225964
      90.0      0.1218913      0.1218913
      90.1      0.1212138      0.1212136
      90.2      0.1205640      0.1205633
      90.3      0.1199422      0.1199405
      90.4      0.1193482      0.1193453
      90.5      0.1187821      0.1187776
      90.6      0.1182441      0.1182376
      90.7      0.1177340      0.1177252
      90.8      0.1172519      0.1172405
      90.9      0.1167979      0.1167835
      91.0      0.1163719      0.1163542
      91.1      0.1159740      0.1159526
      91.2      0.1156041      0.1155787
      91.3      0.1152623      0.1152327
      91.4      0.1149486      0.1149143
      91.5      0.1146630      0.1146237
      91.6      0.1144054      0.1143608
      91.7      0.1141759      0.1141257
      91.8      0.1139744      0.1139182
      91.9      0.1138010      0.1137384
      92.0      0.1136555      0.1135863
      92.1      0.1135380      0.1134618
      92.2      0.1134485      0.1133649
      92.3      0.1133869      0.1132955
      92.4      0.1133531      0.1132537
      92.5      0.1133471      0.1132393
      92.6      0.1133690      0.1132523
      92.7      0.1134185      0.1132926
      92.8      0.1134958      0.1133603
      92.9      0.1136007      0.1134552
      93.0      0.1137331      0.1135772
      93.1      0.1138930      0.1137264
      93.2      0.1140804      0.1139025
      93.3      0.1142951      0.1141056
      93.4      0.1145371      0.1143355
      93.5      0.1148063      0.1145922
      93.6      0.1151026      0.1148755
      93.7      0.1154260      0.1151854
      93.8      0.1157762      0.1155217
      93.9      0.1161534      0.1158844
      94.0      0.1165573      0.1162733
      94.1      0.1169878      0.1166884
      94.2      0.1174449      0.1171295
      94.3      0.1179284      0.1175964
      94.4      0.1184382      0.1180892
      94.5      0.1189743      0.1186075
      94.6      0.1195364      0.1191513
      94.7      0.1201245      0.1197205
      94.8      0.1207384      0.1203149
      94.9      0.1213780      0.1209344
      95.0      0.1220432      0.1215788
      95.1      0.1227339      0.1222480
      95.2      0.1234498      0.1229417
      95.3      0.1241909      0.1236600
      95.4      0.1249570      0.1244024
      95.5      0.1257479      0.1251690
      95.6      0.1265636      0.1259596
      95.7      0.1274038      0.1267738
      95.8      0.1282683      0.1276117
      95.9      0.1291571      0.1284730
      96.0      0.1300700      0.1293574
      96.1      0.1310067      0.1302649
      96.2      0.1319671      0.1311952
      96.3      0.1329510      0.1321481
      96.4      0.1339583      0.1331235
      96.5      0.1349888      0.1341210
      96.6      0.1360422      0.1351406
      96.7      0.1371184      0.1361820
      96.8      0.1382172      0.1372449
      96.9      0.1393384      0.1383292
      97.0      0.1404818      0.1394347
      97.1      0.1416472      0.1405610
      97.2      0.1428344      0.1417081
      97.3      0.1440431      0.1428756
      97.4      0.1452733      0.1440633
      97.5      0.1465245      0.1452710
      97.6      0.1477968      0.1464984
      97.7      0.1490897      0.1477454
      97.8      0.1504031      0.1490116
      97.9      0.1517368      0.1502968
      98.0      0.1530906      0.1516007
      98.1      0.1544641      0.1529231
      98.2      0.1558573      0.1542638
      98.3      0.1572697      0.1556224
      98.4      0.1587013      0.1569988
      98.5      0.1601517      0.1583926
      98.6      0.1616208      0.1598036
      98.7      0.1631082      0.1612314
      98.8      0.1646137      0.1626759
      98.9      0.1661371      0.1641368
      99.0      0.1676781      0.1656137
      99.1      0.1692365      0.1671064
      99.2      0.1708119      0.1686146
      99.3      0.1724042      0.1701381
      99.4      0.1740131      0.1716764
      99.5      0.1756382      0.1732294
      99.6      0.1772794      0.1747968
      99.7      0.1789364      0.1763782
      99.8      0.1806088      0.1779734
      99.9      0.1822965      0.1795820
     100.0      0.1839991      0.1812037
     100.1      0.1857164      0.1828383
     100.2      0.1874480      0.1844855
     100.3      0.1891937      0.1861449
     100.4      0.1909533      0.1878162
     100.5      0.1927264      0.1894991
     100.6      0.1945127      0.1911934
     100.7      0.1963119      0.1928986
     100.8      0.1981238      0.1946145
     100.9      0.1999481      0.1963408
     101.0      0.2017844      0.1980770
     101.1      0.2036325      0.1998230
     101.2      0.2054920      0.2015784
     101.3      0.2073627      0.2033429
     101.4      0.2092443      0.2051161
     101.5      0.2111364      0.2068977
     101.6      0.2130387      0.2086875
     101.7      0.2149510      0.2104850
     101.8      0.2168730      0.2122899
     101.9      0.2188042      0.2141019
     102.0      0.2207445      0.2159207
     102.1      0.2226935      0.2177459
     102.2      0.2246508      0.2195773
     102.3      0.2266162      0.2214144
     102.4      0.2285894      0.2232569
     102.5      0.2305700      0.2251046
     102.6      0.2325577      0.2269570
     102.7      0.2345522      0.2288138
     102.8      0.2365532      0.2306747
     102.9      0.2385604      0.2325394
     103.0      0.2405734      0.2344075
     103.1      0.2425919      0.2362786
     103.2      0.2446155      0.2381525
     103.3      0.2466441      0.2400288
     103.4      0.2486771      0.2419071
     103.5      0.2507144      0.2437872
     103.6      0.2527556      0.2456686
     103.7      0.2548003      0.2475510
     103.8      0.2568483      0.2494341
     103.9      0.2588991      0.2513176
     104.0      0.2609525      0.2532011
     104.1      0.2630082      0.2550842
     104.2      0.2650657      0.2569667
     104.3      0.2671248      0.2588482
     104.4      0.2691852      0.2607283
     104.5      0.2712465      0.2626067
     104.6      0.2733084      0.2644830
     104.7      0.2753705      0.2663570
     104.8      0.2774326      0.2682283
     104.9      0.2794942      0.2700965
     105.0      0.2815551      0.2719614
     105.1      0.2836149      0.2738225
     105.2      0.2856734      0.2756795
     105.3      0.2877300      0.2775322
     105.4      0.2897847      0.2793801
     105.5      0.2918369      0.2812229
     105.6      0.2938864      0.2830604
     105.7      0.2959328      0.2848921
     105.8      0.2979758      0.2867177
     105.9      0.3000151      0.2885370
     106.0      0.3020504      0.2903495
     106.1      0.3040813      0.2921550
     106.2      0.3061075      0.2939531
     106.3      0.3081286      0.2957435
     106.4      0.3101444      0.2975258
     106.5      0.3121544      0.2992998
     106.6      0.3141585      0.3010652
     106.7      0.3161562      0.3028215
     106.8      0.3181473      0.3045686
     106.9      0.3201313      0.3063060
     107.0      0.3221080      0.3080334
     107.1      0.3240771      0.3097506
     107.2      0.3260383      0.3114573
     107.3      0.3279911      0.3131530
     107.4      0.3299353      0.3148376
     107.5      0.3318707      0.3165107
     107.6      0.3337968      0.3181720
     107.7      0.3357133      0.3198211
     107.8      0.3376200      0.3214579
     107.9      0.3395164      0.3230820
     108.0      0.3414024      0.3246930
     108.1      0.3432776      0.3262908
     108.2      0.3451417      0.3278750
     108.3      0.3469943      0.3294452
     108.4      0.3488352      0.3310014
     108.5      0.3506641      0.3325431
     108.6      0.3524806      0.3340700
     108.7      0.3542845      0.3355819
     108.8      0.3560754      0.3370785
     108.9      0.3578531      0.3385596
     109.0      0.3596173      0.3400248
     109.1      0.3613676      0.3414739
     109.2      0.3631037      0.3429066
     109.3      0.3648255      0.3443226
     109.4      0.3665325      0.3457218
     109.5      0.3682245      0.3471037
     109.6      0.3699013      0.3484682
     109.7      0.3715624      0.3498151
     109.8      0.3732077      0.3511440
     109.9      0.3748369      0.3524547
     110.0      0.3764496      0.3537469
     110.1      0.3780456      0.3550205
     110.2      0.3796247      0.3562751
     110.3      0.3811865      0.3575106
     110.4      0.3827308      0.3587267
     110.5      0.3842574      0.3599232
     110.6      0.3857659      0.3610998
     110.7      0.3872560      0.3622564
     110.8      0.3887276      0.3633926
     110.9      0.3901804      0.3645083
     111.0      0.3916141      0.3656033
     111.1      0.3930285      0.3666773
     111.2      0.3944233      0.3677302
     111.3      0.3957982      0.3687617
     111.4      0.3971530      0.3697716
     111.5      0.3984876      0.3707598
     111.6      0.3998015      0.3717261
     111.7      0.4010947      0.3726701
     111.8      0.4023668      0.3735919
     111.9      0.4036177      0.3744911
     112.0      0.4048470      0.3753676
     112.1      0.4060546      0.3762213
     112.2      0.4072403      0.3770518
     112.3      0.4084038      0.3778592
     112.4      0.4095450      0.3786432
     112.5      0.4106635      0.3794036
     112.6      0.4117592      0.3801403
     112.7      0.4128319      0.3808531
     112.8      0.4138813      0.3815419
     112.9      0.4149073      0.3822066
     113.0      0.4159097      0.3828469
     113.1      0.4168883      0.3834628
     113.2      0.4178428      0.3840541
     113.3      0.4187731      0.3846207
     113.4      0.4196791      0.3851624
     113.5      0.4205604      0.3856791
     113.6      0.4214170      0.3861708
     113.7      0.4222486      0.3866373
     113.8      0.4230552      0.3870784
     113.9      0.4238364      0.3874941
     114.0      0.4245922      0.3878843
     114.1      0.4253224      0.3882488
     114.2      0.4260268      0.3885876
     114.3      0.4267053      0.3889006
     114.4      0.4273577      0.3891877
     114.5      0.4279839      0.3894487
     114.6      0.4285837      0.3896837
     114.7      0.4291569      0.3898926
     114.8      0.4297036      0.3900752
     114.9      0.4302234      0.3902315
     115.0      0.4307163      0.3903615
     115.1      0.4311821      0.3904651
     115.2      0.4316208      0.3905422
     115.3      0.4320322      0.3905927
     115.4      0.4324161      0.3906167
     115.5      0.4327725      0.3906141
     115.6      0.4331013      0.3905849
     115.7      0.4334024      0.3905289
     115.8      0.4336756      0.3904463
     115.9      0.4339209      0.3903369
     116.0      0.4341381      0.3902007
     116.1      0.4343272      0.3900378
     116.2      0.4344881      0.3898481
     116.3      0.4346207      0.3896315
     116.4      0.4347249      0.3893882
     116.5      0.4348007      0.3891181
     116.6      0.4348479      0.3888211
     116.7      0.4348666      0.3884974
     116.8      0.4348567      0.3881469
     116.9      0.4348180      0.3877696
     117.0      0.4347505      0.3873656
     117.1      0.4346543      0.3869348
     117.2      0.4345292      0.3864774
     117.3      0.4343752      0.3859933
     117.4      0.4341922      0.3854826
     117.5      0.4339803      0.3849453
     117.6      0.4337394      0.3843814
     117.7      0.4334695      0.3837911
     117.8      0.4331704      0.3831743
     117.9      0.4328424      0.3825312
     118.0      0.4324852      0.3818618
     118.1      0.4320989      0.3811661
     118.2      0.4316836      0.3804442
     118.3      0.4312391      0.3796963
     118.4      0.4307656      0.3789223
     118.5      0.4302629      0.3781224
     118.6      0.4297311      0.3772966
     118.7      0.4291703      0.3764451
     118.8      0.4285805      0.3755679
     118.9      0.4279616      0.3746652
     119.0      0.4273137      0.3737370
     119.1      0.4266368      0.3727834
     119.2      0.4259310      0.3718046
     119.3      0.4251963      0.3708006
     119.4      0.4244328      0.3697717
     119.5      0.4236404      0.3687178
     119.6      0.4228193      0.3676392
     119.7      0.4219695      0.3665360
     119.8      0.4210911      0.3654083
     119.9      0.4201841      0.3642562
     120.0      0.4192486      0.3630799
     120.1      0.4182846      0.3618796
     120.2      0.4172924      0.3606553
     120.3      0.4162718      0.3594072
     120.4      0.4152231      0.3581356
     120.5      0.4141462      0.3568405
     120.6      0.4130414      0.3555221
     120.7      0.4119086      0.3541806
     120.8      0.4107481      0.3528161
     120.9      0.4095599      0.3514289
     121.0      0.4083440      0.3500192
     121.1      0.4071007      0.3485870
     121.2      0.4058301      0.3471325
     121.3      0.4045322      0.3456561
     121.4      0.4032072      0.3441578
     121.5      0.4018552      0.3426379
     121.6      0.4004764      0.3410966
     121.7      0.3990709      0.3395340
     121.8      0.3976389      0.3379504
     121.9      0.3961804      0.3363459
     122.0      0.3946956      0.3347209
     122.1      0.3931848      0.3330755
     122.2      0.3916480      0.3314099
     122.3      0.3900854      0.3297243
     122.4      0.3884972      0.3280191
     122.5      0.3868836      0.3262943
     122.6      0.3852447      0.3245503
     122.7      0.3835807      0.3227873
     122.8      0.3818917      0.3210054
     122.9      0.3801781      0.3192051
     123.0      0.3784399      0.3173864
     123.1      0.3766774      0.3155497
     123.2      0.3748907      0.3136952
     123.3      0.3730801      0.3118231
     123.4      0.3712458      0.3099338
     123.5      0.3693879      0.3080274
     123.6      0.3675068      0.3061042
     123.7      0.3656025      0.3041645
     123.8      0.3636753      0.3022086
     123.9      0.3617255      0.3002366
     124.0      0.3597533      0.2982490
     124.1      0.3577589      0.2962460
     124.2      0.3557426      0.2942278
     124.3      0.3537045      0.2921947
     124.4      0.3516449      0.2901470
     124.5      0.3495642      0.2880850
     124.6      0.3474624      0.2860089
     124.7      0.3453399      0.2839192
     124.8      0.3431970      0.2818159
     124.9      0.3410338      0.2796995
     125.0      0.3388507      0.2775703
     125.1      0.3366480      0.2754284
     125.2      0.3344258      0.2732743
     125.3      0.3321845      0.2711083
     125.4      0.3299243      0.2689305
     125.5      0.3276456      0.2667414
     125.6      0.3253486      0.2645412
     125.7      0.3230336      0.2623302
     125.8      0.3207008      0.2601089
     125.9      0.3183507      0.2578773
     126.0      0.3159834      0.2556360
     126.1      0.3135994      0.2533851
     126.2      0.3111987      0.2511250
     126.3      0.3087819      0.2488561
     126.4      0.3063492      0.2465786
     126.5      0.3039009      0.2442928
     126.6      0.3014373      0.2419992
     126.7      0.2989588      0.2396979
     126.8      0.2964657      0.2373893
     126.9      0.2939582      0.2350738
     127.0      0.2914367      0.2327517
     127.1      0.2889016      0.2304233
     127.2      0.2863532      0.2280889
     127.3      0.2837918      0.2257488
     127.4      0.2812177      0.2234035
     127.5      0.2786313      0.2210531
     127.6      0.2760330      0.2186981
     127.7      0.2734231      0.2163388
     127.8      0.2708018      0.2139754
     127.9      0.2681697      0.2116085
     128.0      0.2655270      0.2092381
     128.1      0.2628741      0.2068649
     128.2      0.2602114      0.2044889
     128.3      0.2575391      0.2021106
     128.4      0.2548578      0.1997304
     128.5      0.2521677      0.1973485
     128.6      0.2494691      0.1949652
     128.7      0.2467626      0.1925810
     128.8      0.2440484      0.1901962
     128.9      0.2413270      0.1878111
     129.0      0.2385986      0.1854260
     129.1      0.2358638      0.1830412
     129.2      0.2331228      0.1806572
     129.3      0.2303760      0.1782742
     129.4      0.2276239      0.1758926
     129.5      0.2248668      0.1735127
     129.6      0.2221050      0.1711349
     129.7      0.2193391      0.1687594
     129.8      0.2165694      0.1663867
     129.9      0.2137963      0.1640170
     130.0      0.2110201      0.1616508
     130.1      0.2082413      0.1592882
     130.2      0.2054603      0.1569297
     130.3      0.2026774      0.1545756
     130.4      0.1998931      0.1522263
     130.5      0.1971078      0.1498820
     130.6      0.1943219      0.1475431
     130.7      0.1915358      0.1452099
     130.8      0.1887499      0.1428827
     130.9      0.1859645      0.1405619
     131.0      0.1831802      0.1382479
     131.1      0.1803973      0.1359408
     131.2      0.1776163      0.1336411
     131.3      0.1748375      0.1313491
     131.4      0.1720613      0.1290651
     131.5      0.1692883      0.1267894
     131.6      0.1665187      0.1245224
     131.7      0.1637531      0.1222643
     131.8      0.1609918      0.1200155
     131.9      0.1582353      0.1177763
     132.0      0.1554839      0.1155471
     132.1      0.1527381      0.1133280
     132.2      0.1499984      0.1111195
     132.3      0.1472650      0.1089218
     132.4      0.1445386      0.1067353
     132.5      0.1418194      0.1045602
     132.6      0.1391079      0.1023969
     132.7      0.1364046      0.1002457
     132.8      0.1337098      0.0981069
     132.9      0.1310240      0.0959807
     133.0      0.1283476      0.0938675
     133.1      0.1256811      0.0917676
     133.2      0.1230248      0.0896812
     133.3      0.1203791      0.0876087
     133.4      0.1177446      0.0855503
     133.5      0.1151217      0.0835063
     133.6      0.1125107      0.0814771
     133.7      0.1099120      0.0794628
     133.8      0.1073262      0.0774638
     133.9      0.1047537      0.0754804
     134.0      0.1021948      0.0735128
     134.1      0.0996500      0.0715613
     134.2      0.0971197      0.0696261
     134.3      0.0946043      0.0677076
     134.4      0.0921044      0.0658060
     134.5      0.0896202      0.0639216
     134.6      0.0871522      0.0620546
     134.7      0.0847009      0.0602053
     134.8      0.0822666      0.0583740
     134.9      0.0798498      0.0565608
     135.0      0.0774509      0.0547660
     135.1      0.0750703      0.0529900
     135.2      0.0727085      0.0512329
     135.3      0.0703658      0.0494950
     135.4      0.0680428      0.0477764
     135.5      0.0657397      0.0460775
     135.6      0.0634570      0.0443985
     135.7      0.0611952      0.0427396
     135.8      0.0589546      0.0411011
     135.9      0.0567356      0.0394831
     136.0      0.0545388      0.0378858
     136.1      0.0523644      0.0363096
     136.2      0.0502129      0.0347545
     136.3      0.0480847      0.0332208
     136.4      0.0459802      0.0317088
     136.5      0.0438998      0.0302186
     136.6      0.0418439      0.0287504
     136.7      0.0398129      0.0273044
     136.8      0.0378073      0.0258809
     136.9      0.0358274      0.0244799
     137.0      0.0338735      0.0231017
     137.1      0.0319462      0.0217465
     137.2      0.0300458      0.0204144
     137.3      0.0281727      0.0191056
     137.4      0.0263273      0.0178203
     137.5      0.0245100      0.0165587
     137.6      0.0227211      0.0153209
     137.7      0.0209610      0.0141070
     137.8      0.0192302      0.0129173
     137.9      0.0175290      0.0117519
     138.0      0.0158578      0.0106110
     138.1      0.0142170      0.0094946
     138.2      0.0126069      0.0084029
     138.3      0.0110279      0.0073361
     138.4      0.0094804      0.0062943
     138.5      0.0079648      0.0052776
     138.6      0.0064813      0.0042862
     138.7      0.0050305      0.0033201
     138.8      0.0036125      0.0023795
     138.9      0.0022279      0.0014646
     139.0      0.0008769      0.0005753
     139.1     -0.0004400     -0.0002881
     139.2     -0.0017226     -0.0011256
     139.3     -0.0029706     -0.0019371
     139.4     -0.0041834     -0.0027225
     139.5     -0.0053609     -0.0034816
     139.6     -0.0065027     -0.0042145
     139.7     -0.0076084     -0.0049210
     139.8     -0.0086777     -0.0056011
     139.9     -0.0097103     -0.0062546
     140.0     -0.0107058     -0.0068816
     140.1     -0.0116640     -0.0074818
     140.2     -0.0125844     -0.0080554
     140.3     -0.0134669     -0.0086022
     140.4     -0.0143110     -0.0091222
     140.5     -0.0151165     -0.0096152
     140.6     -0.0158830     -0.0100814
     140.7     -0.0166103     -0.0105206
     140.8     -0.0172980     -0.0109328
     140.9     -0.0179458     -0.0113180
     141.0     -0.0185536     -0.0116761
     141.1     -0.0191208     -0.0120072
     141.2     -0.0196474     -0.0123111
     141.3     -0.0201329     -0.0125880
     141.4     -0.0205772     -0.0128377
     141.5     -0.0209798     -0.0130602
     141.6     -0.0213406     -0.0132557
     141.7     -0.0216594     -0.0134240
     141.8     -0.0219357     -0.0135652
     141.9     -0.0221694     -0.0136793
     142.0     -0.0223601     -0.0137663
     142.1     -0.0225078     -0.0138262
     142.2     -0.0226120     -0.0138590
     142.3     -0.0226725     -0.0138649
     142.4     -0.0226892     -0.0138437
     142.5     -0.0226617     -0.0137956
     142.6     -0.0225898     -0.0137205
     142.7     -0.0224734     -0.0136186
     142.8     -0.0223120     -0.0134898
     142.9     -0.0221057     -0.0133343
     143.0     -0.0218540     -0.0131521
     143.1     -0.0215569     -0.0129432
     143.2     -0.0212140     -0.0127077
     143.3     -0.0208253     -0.0124457
     143.4     -0.0203904     -0.0121573
     143.5     -0.0199092     -0.0118425
     143.6     -0.0193815     -0.0115014
     143.7     -0.0188071     -0.0111341
     143.8     -0.0181858     -0.0107407
     143.9     -0.0175175     -0.0103212
     144.0     -0.0168019     -0.0098759
     144.1     -0.0160389     -0.0094048
     144.2     -0.0152283     -0.0089079
     144.3     -0.0143700     -0.0083855
     144.4     -0.0134638     -0.0078376
     144.5     -0.0125095     -0.0072643
     144.6     -0.0115070     -0.0066658
     144.7     -0.0104561     -0.0060421
     144.8     -0.0093567     -0.0053935
     144.9     -0.0082088     -0.0047201
     145.0     -0.0070120     -0.0040219
     145.1     -0.0057664     -0.0032992
     145.2     -0.0044717     -0.0025521
     145.3     -0.0031279     -0.0017806
     145.4     -0.0017349     -0.0009851
     145.5     -0.0002925     -0.0001657
     145.6      0.0011994      0.0006776
     145.7      0.0027408      0.0015445
     145.8      0.0043318      0.0024348
     145.9      0.0059726      0.0033485
     146.0      0.0076632      0.0042852
     146.1      0.0094037      0.0052449
     146.2      0.0111942      0.0062273
     146.3      0.0130348      0.0072323
     146.4      0.0149254      0.0082596
     146.5      0.0168662      0.0093091
     146.6      0.0188573      0.0103806
     146.7      0.0208986      0.0114738
     146.8      0.0229902      0.0125886
     146.9      0.0251322      0.0137248
     147.0      0.0273246      0.0148821
     147.1      0.0295674      0.0160603
     147.2      0.0318607      0.0172592
     147.3      0.0342045      0.0184786
     147.4      0.0365987      0.0197183
     147.5      0.0390434      0.0209780
     147.6      0.0415386      0.0222575
     147.7      0.0440843      0.0235566
     147.8      0.0466806      0.0248750
     147.9      0.0493273      0.0262124
     148.0      0.0520244      0.0275688
     148.1      0.0547721      0.0289437
     148.2      0.0575701      0.0303369
     148.3      0.0604186      0.0317482
     148.4      0.0633174      0.0331774
     148.5      0.0662665      0.0346241
     148.6      0.0692659      0.0360882
     148.7      0.0723155      0.0375693
     148.8      0.0754152      0.0390671
     148.9      0.0785651      0.0405815
     149.0      0.0817650      0.0421121
     149.1      0.0850149      0.0436587
     149.2      0.0883147      0.0452209
     149.3      0.0916642      0.0467985
     149.4      0.0950635      0.0483913
     149.5      0.0985124      0.0499988
     149.6      0.1020109      0.0516209
     149.7      0.1055588      0.0532573
     149.8      0.1091559      0.0549076
     149.9      0.1128023      0.0565716
     150.0      0.1164978      0.0582489
     150.1      0.1202423      0.0599393
     150.2      0.1240356      0.0616425
     150.3      0.1278776      0.0633581
     150.4      0.1317682      0.0650858
     150.5      0.1357072      0.0668254
     150.6      0.1396945      0.0685765
     150.7      0.1437299      0.0703389
     150.8      0.1478132      0.0721121
     150.9      0.1519444      0.0738959
     151.0      0.1561232      0.0756900
     151.1      0.1603495      0.0774941
     151.2      0.1646230      0.0793078
     151.3      0.1689437      0.0811307
     151.4      0.1733112      0.0829627
     151.5      0.1777255      0.0848033
     151.6      0.1821863      0.0866522
     151.7      0.1866934      0.0885091
     151.8      0.1912466      0.0903737
     151.9      0.1958457      0.0922457
     152.0      0.2004905      0.0941246
     152.1      0.2051807      0.0960102
     152.2      0.2099162      0.0979021
     152.3      0.2146966      0.0998000
     152.4      0.2195218      0.1017036
     152.5      0.2243915      0.1036125
     152.6      0.2293055      0.1055263
     152.7      0.2342635      0.1074448
     152.8      0.2392652      0.1093676
     152.9      0.2443104      0.1112944
     153.0      0.2493988      0.1132247
     153.1      0.2545302      0.1151583
     153.2      0.2597043      0.1170948
     153.3      0.2649207      0.1190339
     153.4      0.2701793      0.1209752
     153.5      0.2754797      0.1229184
     153.6      0.2808216      0.1248632
     153.7      0.2862047      0.1268091
     153.8      0.2916288      0.1287558
     153.9      0.2970934      0.1307030
     154.0      0.3025984      0.1326504
     154.1      0.3081433      0.1345976
     154.2      0.3137279      0.1365441
     154.3      0.3193518      0.1384898
     154.4      0.3250148      0.1404342
     154.5      0.3307164      0.1423771
     154.6      0.3364563      0.1443179
     154.7      0.3422342      0.1462565
     154.8      0.3480497      0.1481923
     154.9      0.3539025      0.1501252
     155.0      0.3597922      0.1520548
     155.1      0.3657185      0.1539806
     155.2      0.3716810      0.1559024
     155.3      0.3776793      0.1578197
     155.4      0.3837130      0.1597324
     155.5      0.3897819      0.1616399
     155.6      0.3958854      0.1635420
     155.7      0.4020232      0.1654383
     155.8      0.4081949      0.1673285
     155.9      0.4144002      0.1692122
     156.0      0.4206386      0.1710891
     156.1      0.4269097      0.1729589
     156.2      0.4332131      0.1748211
     156.3      0.4395484      0.1766755
     156.4      0.4459152      0.1785217
     156.5      0.4523130      0.1803594
     156.6      0.4587416      0.1821882
     156.7      0.4652003      0.1840079
     156.8      0.4716889      0.1858180
     156.9      0.4782068      0.1876183
     157.0      0.4847536      0.1894083
     157.1      0.4913290      0.1911879
     157.2      0.4979324      0.1929566
     157.3      0.5045634      0.1947141
     157.4      0.5112215      0.1964600
     157.5      0.5179064      0.1981942
     157.6      0.5246174      0.1999162
     157.7      0.5313543      0.2016257
     157.8      0.5381165      0.2033224
     157.9      0.5449035      0.2050059
     158.0      0.5517150      0.2066761
     158.1      0.5585503      0.2083324
     158.2      0.5654091      0.2099748
     158.3      0.5722908      0.2116027
     158.4      0.5791950      0.2132159
     158.5      0.5861213      0.2148142
     158.6      0.5930690      0.2163971
     158.7      0.6000377      0.2179644
     158.8      0.6070269      0.2195159
     158.9      0.6140362      0.2210511
     159.0      0.6210650      0.2225698
     159.1      0.6281128      0.2240717
     159.2      0.6351791      0.2255565
     159.3      0.6422635      0.2270240
     159.4      0.6493654      0.2284738
     159.5      0.6564842      0.2299056
     159.6      0.6636195      0.2313192
     159.7      0.6707708      0.2327143
     159.8      0.6779375      0.2340906
     159.9      0.6851192      0.2354478
     160.0      0.6923152      0.2367857
     160.1      0.6995251      0.2381040
     160.2      0.7067484      0.2394025
     160.3      0.7139844      0.2406808
     160.4      0.7212328      0.2419387
     160.5      0.7284929      0.2431759
     160.6      0.7357642      0.2443923
     160.7      0.7430461      0.2455874
     160.8      0.7503382      0.2467612
     160.9      0.7576399      0.2479133
     161.0      0.7649507      0.2490436
     161.1      0.7722699      0.2501517
     161.2      0.7795971      0.2512374
     161.3      0.7869317      0.2523005
     161.4      0.7942731      0.2533408
     161.5      0.8016208      0.2543580
     161.6      0.8089743      0.2553520
     161.7      0.8163330      0.2563224
     161.8      0.8236963      0.2572691
     161.9      0.8310637      0.2581919
     162.0      0.8384346      0.2590905
     162.1      0.8458085      0.2599648
     162.2      0.8531847      0.2608146
     162.3      0.8605628      0.2616396
     162.4      0.8679422      0.2624396
     162.5      0.8753223      0.2632145
     162.6      0.8827025      0.2639641
     162.7      0.8900823      0.2646881
     162.8      0.8974612      0.2653865
     162.9      0.9048384      0.2660590
     163.0      0.9122136      0.2667054
     163.1      0.9195860      0.2673257
     163.2      0.9269552      0.2679195
     163.3      0.9343205      0.2684868
     163.4      0.9416815      0.2690274
     163.5      0.9490374      0.2695412
     163.6      0.9563878      0.2700279
     163.7      0.9637321      0.2704875
     163.8      0.9710697      0.2709198
     163.9      0.9784000      0.2713247
     164.0      0.9857225      0.2717020
     164.1      0.9930366      0.2720515
     164.2      1.0003417      0.2723733
     164.3      1.0076373      0.2726671
     164.4      1.0149227      0.2729328
     164.5      1.0221974      0.2731704
     164.6      1.0294608      0.2733796
     164.7      1.0367124      0.2735605
     164.8      1.0439516      0.2737128
     164.9      1.0511778      0.2738366
     165.0      1.0583904      0.2739316
     165.1      1.0655889      0.2739979
     165.2      1.0727727      0.2740352
     165.3      1.0799412      0.2740437
     165.4      1.0870939      0.2740231
     165.5      1.0942301      0.2739733
     165.6      1.1013494      0.2738945
     165.7      1.1084511      0.2737863
     165.8      1.1155347      0.2736489
     165.9      1.1225997      0.2734821
     166.0      1.1296453      0.2732859
     166.1      1.1366712      0.2730603
     166.2      1.1436767      0.2728052
     166.3      1.1506613      0.2725205
     166.4      1.1576244      0.2722062
     166.5      1.1645654      0.2718624
     166.6      1.1714838      0.2714889
     166.7      1.1783791      0.2710858
     166.8      1.1852506      0.2706530
     166.9      1.1920979      0.2701905
     167.0      1.1989203      0.2696984
     167.1      1.2057174      0.2691765
     167.2      1.2124885      0.2686250
     167.3      1.2192331      0.2680438
     167.4      1.2259507      0.2674329
     167.5      1.2326408      0.2667923
     167.6      1.2393027      0.2661221
     167.7      1.2459360      0.2654222
     167.8      1.2525401      0.2646928
     167.9      1.2591145      0.2639338
     168.0      1.2656586      0.2631452
     168.1      1.2721719      0.2623272
     168.2      1.2786539      0.2614797
     168.3      1.2851041      0.2606028
     168.4      1.2915218      0.2596965
     168.5      1.2979067      0.2587610
     168.6      1.3042581      0.2577962
     168.7      1.3105756      0.2568022
     168.8      1.3168586      0.2557792
     168.9      1.3231067      0.2547271
     169.0      1.3293192      0.2536461
     169.1      1.3354958      0.2525362
     169.2      1.3416358      0.2513975
     169.3      1.3477389      0.2502301
     169.4      1.3538044      0.2490342
     169.5      1.3598319      0.2478097
     169.6      1.3658210      0.2465568
     169.7      1.3717710      0.2452757
     169.8      1.3776815      0.2439664
     169.9      1.3835521      0.2426290
     170.0      1.3893822      0.2412637
     170.1      1.3951713      0.2398705
     170.2      1.4009190      0.2384497
     170.3      1.4066249      0.2370014
     170.4      1.4122884      0.2355256
     170.5      1.4179090      0.2340225
     170.6      1.4234863      0.2324923
     170.7      1.4290199      0.2309351
     170.8      1.4345093      0.2293510
     170.9      1.4399540      0.2277403
     171.0      1.4453535      0.2261031
     171.1      1.4507075      0.2244395
     171.2      1.4560154      0.2227497
     171.3      1.4612769      0.2210339
     171.4      1.4664915      0.2192923
     171.5      1.4716588      0.2175250
     171.6      1.4767783      0.2157322
     171.7      1.4818496      0.2139142
     171.8      1.4868724      0.2120710
     171.9      1.4918460      0.2102029
     172.0      1.4967703      0.2083102
     172.1      1.5016447      0.2063929
     172.2      1.5064688      0.2044513
     172.3      1.5112423      0.2024856
     172.4      1.5159647      0.2004960
     172.5      1.5206356      0.1984828
     172.6      1.5252547      0.1964461
     172.7      1.5298216      0.1943862
     172.8      1.5343358      0.1923033
     172.9      1.5387971      0.1901976
     173.0      1.5432050      0.1880694
     173.1      1.5475592      0.1859189
     173.2      1.5518592      0.1837463
     173.3      1.5561048      0.1815519
     173.4      1.5602956      0.1793359
     173.5      1.5644312      0.1770986
     173.6      1.5685113      0.1748403
     173.7      1.5725356      0.1725611
     173.8      1.5765037      0.1702614
     173.9      1.5804152      0.1679414
     174.0      1.5842699      0.1656013
     174.1      1.5880674      0.1632415
     174.2      1.5918074      0.1608622
     174.3      1.5954896      0.1584636
     174.4      1.5991136      0.1560461
     174.5      1.6026793      0.1536100
     174.6      1.6061862      0.1511555
     174.7      1.6096341      0.1486828
     174.8      1.6130226      0.1461924
     174.9      1.6163516      0.1436844
     175.0      1.6196207      0.1411592
     175.1      1.6228297      0.1386171
     175.2      1.6259782      0.1360583
     175.3      1.6290660      0.1334832
     175.4      1.6320929      0.1308921
     175.5      1.6350586      0.1282852
     175.6      1.6379628      0.1256629
     175.7      1.6408053      0.1230255
     175.8      1.6435859      0.1203733
     175.9      1.6463043      0.1177065
     176.0      1.6489603      0.1150257
     176.1      1.6515537      0.1123309
     176.2      1.6540842      0.1096226
     176.3      1.6565516      0.1069011
     176.4      1.6589558      0.1041667
     176.5      1.6612965      0.1014197
     176.6      1.6635736      0.0986605
     176.7      1.6657867      0.0958894
     176.8      1.6679359      0.0931067
     176.9      1.6700207      0.0903127
     177.0      1.6720412      0.0875079
     177.1      1.6739971      0.0846924
     177.2      1.6758883      0.0818668
     177.3      1.6777145      0.0790312
     177.4      1.6794757      0.0761860
     177.5      1.6811717      0.0733317
     177.6      1.6828023      0.0704684
     177.7      1.6843674      0.0675967
     177.8      1.6858669      0.0647167
     177.9      1.6873007      0.0618290
     178.0      1.6886686      0.0589337
     178.1      1.6899704      0.0560313
     178.2      1.6912062      0.0531221
     178.3      1.6923758      0.0502064
     178.4      1.6934791      0.0472847
     178.5      1.6945160      0.0443573
     178.6      1.6954864      0.0414244
     178.7      1.6963902      0.0384866
     178.8      1.6972274      0.0355440
     178.9      1.6979979      0.0325972
     179.0      1.6987016      0.0296464
     179.1      1.6993385      0.0266920
     179.2      1.6999085      0.0237344
     179.3      1.7004115      0.0207739
     179.4      1.7008475      0.0178109
     179.5      1.7012165      0.0148457
     179.6      1.7015185      0.0118787
     179.7      1.7017534      0.0089103
     179.8      1.7019212      0.0059408
     179.9      1.7020219      0.0029706
     180.0      1.7020554      0.0000000
