 # List of d(q) for j, j' =           33          43
 #    0  1.00000000
 #    1  0.91624607
 #    2  0.78691903
 #    3  0.65793484
 #    4  0.55410192
 #    5  0.47617540
 #    6  0.41588992
 #    7  0.36735492
 #    8  0.32747398
 #    9  0.29327795
 #   10  0.26238434
 #   11  0.23442871
 #   12  0.21025619
 #   13  0.19004923
 #   14  0.17291044
 #   15  0.15780531
 #   16  0.14415583
 #   17  0.13163943
 #   18  0.12010112
 #   19  0.10982694
 #   20  0.10136383
 #   21  0.09472557
 #   22  0.08908058
 #   23  0.08352056
 #   24  0.07791249
 #   25  0.07274237
 #   26  0.06834895
 #   27  0.06461477
 #   28  0.06126279
 #   29  0.05811748
 #   30  0.05506359
 #   31  0.05199756
 #   32  0.04892925
 #   33  0.04603158
 #   34  0.04350537
 #   35  0.04141102
 #   36  0.03964850
 #   37  0.03806561
 #   38  0.03656271
 #   39  0.03511408
 #   40  0.03373563
 #   41  0.03244089
 #   42  0.03123044
 #   43  0.03009022
 #   44  0.02900929
 #   45  0.02798443
 #   46  0.02700254
 #   47  0.02605924
 #   48  0.02516538
 #   49  0.02417773
 #   50  0.02331298
 #   51  0.02225179
 #   52  0.02124023
 #   53  0.02012079
 #   54  0.01936326
 #   55  0.01743315
 #   56  0.01764147
 #   57  0.01561310
 #   58  0.01676969
 #   59  0.01467888
 #   60  0.01617107
 #   61  0.01195434
 #   62  0.01592583
 #   63  0.01224100
 #   64  0.01665448
 #   65  0.00376736
 #   66  0.01875417
       0.0    181.2389840      0.0000000
       0.1    181.0911730      0.3160636
       0.2    180.6485365      0.6305811
       0.3    179.9134579      0.9420204
       0.4    178.8898895      1.2488769
       0.5    177.5833223      1.5496872
       0.6    176.0007441      1.8430418
       0.7    174.1505867      2.1275979
       0.8    172.0426618      2.4020907
       0.9    169.6880873      2.6653446
       1.0    167.0992029      2.9162832
       1.1    164.2894783      3.1539378
       1.2    161.2734123      3.3774555
       1.3    158.0664251      3.5861057
       1.4    154.6847443      3.7792852
       1.5    151.1452863      3.9565223
       1.6    147.4655325      4.1174793
       1.7    143.6634035      4.2619536
       1.8    139.7571305      4.3898776
       1.9    135.7651261      4.5013170
       2.0    131.7058557      4.5964681
       2.1    127.5977094      4.6756533
       2.2    123.4588769      4.7393158
       2.3    119.3072260      4.7880128
       2.4    115.1601843      4.8224080
       2.5    111.0346278      4.8432624
       2.6    106.9467749      4.8514253
       2.7    102.9120872      4.8478232
       2.8     98.9451792      4.8334492
       2.9     95.0597351      4.8093515
       3.0     91.2684357      4.7766209
       3.1     87.5828947      4.7363790
       3.2     84.0136043      4.6897658
       3.3     80.5698921      4.6379274
       3.4     77.2598875      4.5820038
       3.5     74.0904991      4.5231168
       3.6     71.0674029      4.4623592
       3.7     68.1950405      4.4007834
       3.8     65.4766277      4.3393915
       3.9     62.9141735      4.2791258
       4.0     60.5085080      4.2208601
       4.1     58.2593203      4.1653925
       4.2     56.1652043      4.1134383
       4.3     54.2237130      4.0656250
       4.4     52.4314197      4.0224876
       4.5     50.7839867      3.9844657
       4.6     49.2762383      3.9519013
       4.7     47.9022408      3.9250382
       4.8     46.6553847      3.9040220
       4.9     45.5284718      3.8889020
       5.0     44.5138035      3.8796336
       5.1     43.6032715      3.8760822
       5.2     42.7884484      3.8780275
       5.3     42.0606786      3.8851696
       5.4     41.4111679      3.8971352
       5.5     40.8310706      3.9134847
       5.6     40.3115752      3.9337204
       5.7     39.8439851      3.9572946
       5.8     39.4197960      3.9836186
       5.9     39.0307687      4.0120717
       6.0     38.6689955      4.0420107
       6.1     38.3269623      4.0727791
       6.2     37.9976025      4.1037166
       6.3     37.6743460      4.1341684
       6.4     37.3511603      4.1634940
       6.5     37.0225846      4.1910756
       6.6     36.6837566      4.2163265
       6.7     36.3304325      4.2386983
       6.8     35.9589991      4.2576882
       6.9     35.5664790      4.2728444
       7.0     35.1505288      4.2837719
       7.1     34.7094309      4.2901369
       7.2     34.2420781      4.2916704
       7.3     33.7479529      4.2881704
       7.4     33.2271010      4.2795043
       7.5     32.6800993      4.2656089
       7.6     32.1080198      4.2464908
       7.7     31.5123890      4.2222248
       7.8     30.8951441      4.1929522
       7.9     30.2585864      4.1588777
       8.0     29.6053317      4.1202658
       8.1     28.9382603      4.0774365
       8.2     28.2604648      4.0307600
       8.3     27.5751982      3.9806509
       8.4     26.8858222      3.9275623
       8.5     26.1957557      3.8719792
       8.6     25.5084256      3.8144112
       8.7     24.8272187      3.7553855
       8.8     24.1554363      3.6954396
       8.9     23.4962518      3.6351142
       9.0     22.8526712      3.5749454
       9.1     22.2274973      3.5154580
       9.2     21.6232983      3.4571586
       9.3     21.0423793      3.4005289
       9.4     20.4867601      3.3460198
       9.5     19.9581553      3.2940458
       9.6     19.4579609      3.2449797
       9.7     18.9872438      3.1991489
       9.8     18.5467376      3.1568309
       9.9     18.1368413      3.1182508
      10.0     17.7576233      3.0835789
      10.1     17.4088295      3.0529294
      10.2     17.0898946      3.0263596
      10.3     16.7999584      3.0038698
      10.4     16.5378838      2.9854046
      10.5     16.3022794      2.9708544
      10.6     16.0915237      2.9600575
      10.7     15.9037920      2.9528032
      10.8     15.7370854      2.9488357
      10.9     15.5892602      2.9478581
      11.0     15.4580600      2.9495369
      11.1     15.3411466      2.9535077
      11.2     15.2361328      2.9593804
      11.3     15.1406131      2.9667448
      11.4     15.0521957      2.9751770
      11.5     14.9685319      2.9842453
      11.6     14.8873451      2.9935164
      11.7     14.8064576      3.0025615
      11.8     14.7238156      3.0109622
      11.9     14.6375118      3.0183162
      12.0     14.5458057      3.0242430
      12.1     14.4471406      3.0283888
      12.2     14.3401587      3.0304311
      12.3     14.2237126      3.0300830
      12.4     14.0968733      3.0270967
      12.5     13.9589364      3.0212668
      12.6     13.8094236      3.0124324
      12.7     13.6480828      3.0004792
      12.8     13.4748838      2.9853403
      12.9     13.2900123      2.9669968
      13.0     13.0938601      2.9454776
      13.1     12.8870141      2.9208586
      13.2     12.6702417      2.8932607
      13.3     12.4444749      2.8628482
      13.4     12.2107929      2.8298257
      13.5     11.9704020      2.7944349
      13.6     11.7246155      2.7569509
      13.7     11.4748318      2.7176779
      13.8     11.2225127      2.6769447
      13.9     10.9691603      2.6350999
      14.0     10.7162952      2.5925064
      14.1     10.4654335      2.5495367
      14.2     10.2180658      2.5065670
      14.3      9.9756358      2.4639722
      14.4      9.7395212      2.4221204
      14.5      9.5110147      2.3813679
      14.6      9.2913077      2.3420540
      14.7      9.0814749      2.3044964
      14.8      8.8824612      2.2689870
      14.9      8.6950707      2.2357878
      15.0      8.5199575      2.2051273
      15.1      8.3576195      2.1771976
      15.2      8.2083932      2.1521519
      15.3      8.0724522      2.1301026
      15.4      7.9498071      2.1111199
      15.5      7.8403076      2.0952311
      15.6      7.7436476      2.0824203
      15.7      7.6593712      2.0726293
      15.8      7.5868814      2.0657579
      15.9      7.5254506      2.0616666
      16.0      7.4742322      2.0601776
      16.1      7.4322742      2.0610785
      16.2      7.3985334      2.0641250
      16.3      7.3718913      2.0690445
      16.4      7.3511700      2.0755400
      16.5      7.3351495      2.0832950
      16.6      7.3225845      2.0919772
      16.7      7.3122220      2.1012439
      16.8      7.3028179      2.1107466
      16.9      7.2931541      2.1201359
      17.0      7.2820542      2.1290666
      17.1      7.2683991      2.1372024
      17.2      7.2511412      2.1442208
      17.3      7.2293171      2.1498173
      17.4      7.2020597      2.1537096
      17.5      7.1686084      2.1556421
      17.6      7.1283177      2.1553886
      17.7      7.0806639      2.1527559
      17.8      7.0252511      2.1475863
      17.9      6.9618136      2.1397595
      18.0      6.8902183      2.1291945
      18.1      6.8104642      2.1158507
      18.2      6.7226804      2.0997278
      18.3      6.6271225      2.0808665
      18.4      6.5241671      2.0593471
      18.5      6.4143049      2.0352888
      18.6      6.2981324      2.0088480
      18.7      6.1763423      1.9802156
      18.8      6.0497124      1.9496148
      18.9      5.9190938      1.9172976
      19.0      5.7853984      1.8835415
      19.1      5.6495857      1.8486456
      19.2      5.5126483      1.8129262
      19.3      5.3755986      1.7767127
      19.4      5.2394545      1.7403431
      19.5      5.1052248      1.7041590
      19.6      4.9738962      1.6685013
      19.7      4.8464198      1.6337051
      19.8      4.7236981      1.6000957
      19.9      4.6065737      1.5679835
      20.0      4.4958183      1.5376604
      20.1      4.3921227      1.5093956
      20.2      4.2960888      1.4834317
      20.3      4.2082214      1.4599820
      20.4      4.1289234      1.4392273
      20.5      4.0584906      1.4213133
      20.6      3.9971090      1.4063494
      20.7      3.9448536      1.3944065
      20.8      3.9016879      1.3855165
      20.9      3.8674660      1.3796721
      21.0      3.8419354      1.3768265
      21.1      3.8247412      1.3768946
      21.2      3.8154321      1.3797540
      21.3      3.8134671      1.3852466
      21.4      3.8182236      1.3931811
      21.5      3.8290065      1.4033356
      21.6      3.8450580      1.4154603
      21.7      3.8655683      1.4292813
      21.8      3.8896867      1.4445045
      21.9      3.9165332      1.4608190
      22.0      3.9452103      1.4779018
      22.1      3.9748151      1.4954219
      22.2      4.0044512      1.5130450
      22.3      4.0332399      1.5304377
      22.4      4.0603321      1.5472723
      22.5      4.0849188      1.5632307
      22.6      4.1062409      1.5780092
      22.7      4.1235989      1.5913217
      22.8      4.1363615      1.6029045
      22.9      4.1439722      1.6125188
      23.0      4.1459566      1.6199543
      23.1      4.1419269      1.6250316
      23.2      4.1315860      1.6276049
      23.3      4.1147306      1.6275632
      23.4      4.0912520      1.6248321
      23.5      4.0611367      1.6193745
      23.6      4.0244653      1.6111908
      23.7      3.9814098      1.6003188
      23.8      3.9322304      1.5868331
      23.9      3.8772709      1.5708437
      24.0      3.8169526      1.5524945
      24.1      3.7517681      1.5319612
      24.2      3.6822733      1.5094486
      24.3      3.6090794      1.4851880
      24.4      3.5328440      1.4594335
      24.5      3.4542615      1.4324589
      24.6      3.3740533      1.4045536
      24.7      3.2929580      1.3760187
      24.8      3.2117207      1.3471629
      24.9      3.1310834      1.3182982
      25.0      3.0517749      1.2897358
      25.1      2.9745008      1.2617815
      25.2      2.8999349      1.2347322
      25.3      2.8287096      1.2088713
      25.4      2.7614088      1.1844653
      25.5      2.6985598      1.1617600
      25.6      2.6406273      1.1409774
      25.7      2.5880076      1.1223130
      25.8      2.5410241      1.1059327
      25.9      2.4999239      1.0919712
      26.0      2.4648750      1.0805301
      26.1      2.4359651      1.0716765
      26.2      2.4132012      1.0654424
      26.3      2.3965105      1.0618248
      26.4      2.3857421      1.0607849
      26.5      2.3806700      1.0622498
      26.6      2.3809967      1.0661129
      26.7      2.3863581      1.0722360
      26.8      2.3963291      1.0804510
      26.9      2.4104299      1.0905621
      27.0      2.4281330      1.1023493
      27.1      2.4488708      1.1155706
      27.2      2.4720434      1.1299659
      27.3      2.4970274      1.1452605
      27.4      2.5231841      1.1611688
      27.5      2.5498682      1.1773981
      27.6      2.5764368      1.1936529
      27.7      2.6022575      1.2096387
      27.8      2.6267173      1.2250659
      27.9      2.6492301      1.2396538
      28.0      2.6692444      1.2531343
      28.1      2.6862502      1.2652558
      28.2      2.6997855      1.2757857
      28.3      2.7094420      1.2845145
      28.4      2.7148697      1.2912578
      28.5      2.7157810      1.2958587
      28.6      2.7119542      1.2981904
      28.7      2.7032351      1.2981570
      28.8      2.6895391      1.2956953
      28.9      2.6708507      1.2907751
      29.0      2.6472238      1.2833996
      29.1      2.6187795      1.2736051
      29.2      2.5857043      1.2614608
      29.3      2.5482463      1.2470670
      29.4      2.5067119      1.2305543
      29.5      2.4614604      1.2120811
      29.6      2.4128990      1.1918318
      29.7      2.3614767      1.1700141
      29.8      2.3076779      1.1468558
      29.9      2.2520154      1.1226021
      30.0      2.1950234      1.0975117
      30.1      2.1372498      1.0718537
      30.2      2.0792492      1.0459038
      30.3      2.0215749      1.0199404
      30.4      1.9647718      0.9942409
      30.5      1.9093692      0.9690781
      30.6      1.8558737      0.9447166
      30.7      1.8047629      0.9214089
      30.8      1.7564792      0.8993926
      30.9      1.7114241      0.8788869
      31.0      1.6699537      0.8600898
      31.1      1.6323741      0.8431756
      31.2      1.5989378      0.8282930
      31.3      1.5698413      0.8155626
      31.4      1.5452227      0.8050759
      31.5      1.5251608      0.7968943
      31.6      1.5096744      0.7910481
      31.7      1.4987231      0.7875365
      31.8      1.4922083      0.7863278
      31.9      1.4899750      0.7873599
      32.0      1.4918149      0.7905415
      32.1      1.4974697      0.7957533
      32.2      1.5066349      0.8028500
      32.3      1.5189647      0.8116623
      32.4      1.5340769      0.8219995
      32.5      1.5515586      0.8336518
      32.6      1.5709722      0.8463939
      32.7      1.5918613      0.8599877
      32.8      1.6137572      0.8741855
      32.9      1.6361854      0.8887341
      33.0      1.6586719      0.9033775
      33.1      1.6807497      0.9178607
      33.2      1.7019651      0.9319335
      33.3      1.7218833      0.9453532
      33.4      1.7400944      0.9578884
      33.5      1.7562185      0.9693220
      33.6      1.7699105      0.9794535
      33.7      1.7808642      0.9881026
      33.8      1.7888162      0.9951106
      33.9      1.7935486      1.0003429
      34.0      1.7948917      1.0036907
      34.1      1.7927258      1.0050720
      34.2      1.7869817      1.0044327
      34.3      1.7776417      1.0017474
      34.4      1.7647384      0.9970189
      34.5      1.7483543      0.9902788
      34.6      1.7286200      0.9815861
      34.7      1.7057114      0.9710265
      34.8      1.6798469      0.9587114
      34.9      1.6512842      0.9447754
      35.0      1.6203158      0.9293750
      35.1      1.5872652      0.9126858
      35.2      1.5524811      0.8949003
      35.3      1.5163333      0.8762247
      35.4      1.4792067      0.8568766
      35.5      1.4414961      0.8370810
      35.6      1.4036006      0.8170681
      35.7      1.3659178      0.7970693
      35.8      1.3288386      0.7773144
      35.9      1.2927419      0.7580281
      36.0      1.2579890      0.7394274
      36.1      1.2249193      0.7217180
      36.2      1.1938457      0.7050921
      36.3      1.1650505      0.6897252
      36.4      1.1387816      0.6757745
      36.5      1.1152497      0.6633759
      36.6      1.0946259      0.6526432
      36.7      1.0770393      0.6436658
      36.8      1.0625759      0.6365081
      36.9      1.0512779      0.6312085
      37.0      1.0431432      0.6277793
      37.1      1.0381266      0.6262063
      37.2      1.0361400      0.6264493
      37.3      1.0370547      0.6284431
      37.4      1.0407031      0.6320979
      37.5      1.0468820      0.6373014
      37.6      1.0553552      0.6439199
      37.7      1.0658574      0.6518006
      37.8      1.0780981      0.6607739
      37.9      1.0917660      0.6706557
      38.0      1.1065334      0.6812500
      38.1      1.1220610      0.6923519
      38.2      1.1380027      0.7037504
      38.3      1.1540105      0.7152315
      38.4      1.1697393      0.7265810
      38.5      1.1848520      0.7375877
      38.6      1.1990237      0.7480464
      38.7      1.2119464      0.7577606
      38.8      1.2233332      0.7665453
      38.9      1.2329220      0.7742295
      39.0      1.2404788      0.7806586
      39.1      1.2458012      0.7856967
      39.2      1.2487205      0.7892279
      39.3      1.2491041      0.7911586
      39.4      1.2468568      0.7914181
      39.5      1.2419222      0.7899596
      39.6      1.2342826      0.7867614
      39.7      1.2239598      0.7818261
      39.8      1.2110135      0.7751815
      39.9      1.1955411      0.7668794
      40.0      1.1776755      0.7569952
      40.1      1.1575830      0.7456266
      40.2      1.1354611      0.7328921
      40.3      1.1115353      0.7189297
      40.4      1.0860556      0.7038942
      40.5      1.0592931      0.6879559
      40.6      1.0315362      0.6712971
      40.7      1.0030859      0.6541107
      40.8      0.9742523      0.6365965
      40.9      0.9453495      0.6189589
      41.0      0.9166919      0.6014040
      41.1      0.8885892      0.5841365
      41.2      0.8613426      0.5673573
      41.3      0.8352404      0.5512601
      41.4      0.8105543      0.5360292
      41.5      0.7875357      0.5218370
      41.6      0.7664123      0.5088412
      41.7      0.7473849      0.4971831
      41.8      0.7306253      0.4869855
      41.9      0.7162737      0.4783509
      42.0      0.7044373      0.4713605
      42.1      0.6951886      0.4660729
      42.2      0.6885649      0.4625232
      42.3      0.6845683      0.4607230
      42.4      0.6831652      0.4606599
      42.5      0.6842877      0.4622981
      42.6      0.6878343      0.4655785
      42.7      0.6936717      0.4704202
      42.8      0.7016368      0.4767210
      42.9      0.7115392      0.4843596
      43.0      0.7231639      0.4931966
      43.1      0.7362746      0.5030771
      43.2      0.7506168      0.5138326
      43.3      0.7659218      0.5252832
      43.4      0.7819099      0.5372405
      43.5      0.7982951      0.5495101
      43.6      0.8147884      0.5618940
      43.7      0.8311021      0.5741938
      43.8      0.8469536      0.5862132
      43.9      0.8620695      0.5977606
      44.0      0.8761890      0.6086520
      44.1      0.8890673      0.6187133
      44.2      0.9004792      0.6277827
      44.3      0.9102219      0.6357129
      44.4      0.9181175      0.6423731
      44.5      0.9240153      0.6476509
      44.6      0.9277937      0.6514532
      44.7      0.9293619      0.6537082
      44.8      0.9286602      0.6543657
      44.9      0.9256613      0.6533980
      45.0      0.9203701      0.6508000
      45.1      0.9128236      0.6465893
      45.2      0.9030895      0.6408059
      45.3      0.8912660      0.6335114
      45.4      0.8774793      0.6247881
      45.5      0.8618821      0.6147378
      45.6      0.8446513      0.6034803
      45.7      0.8259851      0.5911515
      45.8      0.8061001      0.5779017
      45.9      0.7852285      0.5638932
      46.0      0.7636143      0.5492982
      46.1      0.7415100      0.5342959
      46.2      0.7191730      0.5190705
      46.3      0.6968621      0.5038084
      46.4      0.6748335      0.4886954
      46.5      0.6533376      0.4739144
      46.6      0.6326155      0.4596424
      46.7      0.6128953      0.4460485
      46.8      0.5943896      0.4332913
      46.9      0.5772919      0.4215168
      47.0      0.5617749      0.4108562
      47.1      0.5479873      0.4014242
      47.2      0.5360524      0.3933177
      47.3      0.5260664      0.3866139
      47.4      0.5180973      0.3813699
      47.5      0.5121837      0.3776215
      47.6      0.5083352      0.3753828
      47.7      0.5065314      0.3746464
      47.8      0.5067235      0.3753831
      47.9      0.5088340      0.3775425
      48.0      0.5127588      0.3810541
      48.1      0.5183685      0.3858276
      48.2      0.5255099      0.3917550
      48.3      0.5340091      0.3987116
      48.4      0.5436734      0.4065580
      48.5      0.5542943      0.4151419
      48.6      0.5656504      0.4243006
      48.7      0.5775105      0.4338629
      48.8      0.5896373      0.4436519
      48.9      0.6017900      0.4534869
      49.0      0.6137284      0.4631867
      49.1      0.6252157      0.4725714
      49.2      0.6360220      0.4814655
      49.3      0.6459276      0.4896999
      49.4      0.6547258      0.4971145
      49.5      0.6622256      0.5035603
      49.6      0.6682547      0.5089016
      49.7      0.6726616      0.5130177
      49.8      0.6753174      0.5158048
      49.9      0.6761178      0.5171770
      50.0      0.6749844      0.5170681
      50.1      0.6718655      0.5154318
      50.2      0.6667370      0.5122431
      50.3      0.6596024      0.5074978
      50.4      0.6504925      0.5012131
      50.5      0.6394655      0.4934273
      50.6      0.6266055      0.4841991
      50.7      0.6120214      0.4736068
      50.8      0.5958454      0.4617471
      50.9      0.5782310      0.4487341
      51.0      0.5593510      0.4346974
      51.1      0.5393950      0.4197804
      51.2      0.5185664      0.4041385
      51.3      0.4970801      0.3879364
      51.4      0.4751593      0.3713467
      51.5      0.4530323      0.3545467
      51.6      0.4309295      0.3377166
      51.7      0.4090804      0.3210366
      51.8      0.3877103      0.3046848
      51.9      0.3670371      0.2888343
      52.0      0.3472688      0.2736516
      52.1      0.3286007      0.2592936
      52.2      0.3112122      0.2459059
      52.3      0.2952652      0.2336208
      52.4      0.2809017      0.2225555
      52.5      0.2682420      0.2128107
      52.6      0.2573831      0.2044689
      52.7      0.2483977      0.1975937
      52.8      0.2413331      0.1922291
      52.9      0.2362113      0.1883983
      53.0      0.2330281      0.1861045
      53.1      0.2317537      0.1853299
      53.2      0.2323336      0.1860368
      53.3      0.2346887      0.1881677
      53.4      0.2387174      0.1916465
      53.5      0.2442965      0.1963794
      53.6      0.2512833      0.2022564
      53.7      0.2595179      0.2091528
      53.8      0.2688249      0.2169310
      53.9      0.2790165      0.2254425
      54.0      0.2898949      0.2345299
      54.1      0.3012550      0.2440291
      54.2      0.3128874      0.2537717
      54.3      0.3245815      0.2635873
      54.4      0.3361279      0.2733058
      54.5      0.3473215      0.2827599
      54.6      0.3579647      0.2917869
      54.7      0.3678692      0.3002319
      54.8      0.3768595      0.3079488
      54.9      0.3847745      0.3148031
      55.0      0.3914698      0.3206733
      55.1      0.3968200      0.3254527
      55.2      0.4007197      0.3290506
      55.3      0.4030850      0.3313939
      55.4      0.4038548      0.3324276
      55.5      0.4029913      0.3321157
      55.6      0.4004800      0.3304415
      55.7      0.3963306      0.3274080
      55.8      0.3905757      0.3230376
      55.9      0.3832711      0.3173716
      56.0      0.3744941      0.3104697
      56.1      0.3643429      0.3024091
      56.2      0.3529347      0.2932832
      56.3      0.3404041      0.2832006
      56.4      0.3269013      0.2722830
      56.5      0.3125895      0.2606639
      56.6      0.2976428      0.2484864
      56.7      0.2822438      0.2359014
      56.8      0.2665807      0.2230652
      56.9      0.2508452      0.2101377
      57.0      0.2352290      0.1972796
      57.1      0.2199218      0.1846507
      57.2      0.2051086      0.1724074
      57.3      0.1909667      0.1607005
      57.4      0.1776637      0.1496732
      57.5      0.1653553      0.1394593
      57.6      0.1541828      0.1301809
      57.7      0.1442714      0.1219471
      57.8      0.1357288      0.1148528
      57.9      0.1286432      0.1089765
      58.0      0.1230830      0.1043803
      58.1      0.1190952      0.1011084
      58.2      0.1167052      0.0991869
      58.3      0.1159168      0.0986233
      58.4      0.1167117      0.0994065
      58.5      0.1190503      0.1015071
      58.6      0.1228723      0.1048778
      58.7      0.1280976      0.1094541
      58.8      0.1346274      0.1151555
      58.9      0.1423459      0.1218861
      59.0      0.1511217      0.1295366
      59.1      0.1608102      0.1379856
      59.2      0.1712551      0.1471013
      59.3      0.1822910      0.1567433
      59.4      0.1937455      0.1667649
      59.5      0.2054419      0.1770147
      59.6      0.2172014      0.1873392
      59.7      0.2288458      0.1975844
      59.8      0.2401998      0.2075986
      59.9      0.2510934      0.2172338
      60.0      0.2613644      0.2263482
      60.1      0.2708604      0.2348080
      60.2      0.2794408      0.2424891
      60.3      0.2869791      0.2492791
      60.4      0.2933640      0.2550785
      60.5      0.2985011      0.2598021
      60.6      0.3023140      0.2633801
      60.7      0.3047456      0.2657593
      60.8      0.3057582      0.2669031
      60.9      0.3053343      0.2667926
      61.0      0.3034766      0.2654266
      61.1      0.3002077      0.2628212
      61.2      0.2955697      0.2590097
      61.3      0.2896238      0.2540424
      61.4      0.2824488      0.2479852
      61.5      0.2741400      0.2409190
      61.6      0.2648083      0.2329383
      61.7      0.2545777      0.2241499
      61.8      0.2435842      0.2146716
      61.9      0.2319731      0.2046297
      62.0      0.2198978      0.1941583
      62.1      0.2075168      0.1833962
      62.2      0.1949917      0.1724859
      62.3      0.1824851      0.1615712
      62.4      0.1701582      0.1507948
      62.5      0.1581684      0.1402970
      62.6      0.1466671      0.1302133
      62.7      0.1357981      0.1206726
      62.8      0.1256950      0.1117952
      62.9      0.1164796      0.1036916
      63.0      0.1082605      0.0964608
      63.1      0.1011314      0.0901887
      63.2      0.0951698      0.0849472
      63.3      0.0904365      0.0807934
      63.4      0.0869741      0.0777683
      63.5      0.0848073      0.0758969
      63.6      0.0839420      0.0751878
      63.7      0.0843658      0.0756328
      63.8      0.0860481      0.0772074
      63.9      0.0889407      0.0798712
      64.0      0.0929784      0.0835685
      64.1      0.0980806      0.0882291
      64.2      0.1041516      0.0937696
      64.3      0.1110830      0.1000944
      64.4      0.1187548      0.1070969
      64.5      0.1270372      0.1146619
      64.6      0.1357926      0.1226663
      64.7      0.1448778      0.1309815
      64.8      0.1541454      0.1394750
      64.9      0.1634469      0.1480124
      65.0      0.1726339      0.1564595
      65.1      0.1815608      0.1646836
      65.2      0.1900865      0.1725563
      65.3      0.1980767      0.1799543
      65.4      0.2054055      0.1867621
      65.5      0.2119573      0.1928729
      65.6      0.2176282      0.1981905
      65.7      0.2223278      0.2026303
      65.8      0.2259798      0.2061207
      65.9      0.2285238      0.2086043
      66.0      0.2299152      0.2100379
      66.1      0.2301264      0.2103940
      66.2      0.2291469      0.2096602
      66.3      0.2269832      0.2078401
      66.4      0.2236589      0.2049527
      66.5      0.2192139      0.2010323
      66.6      0.2137040      0.1961278
      66.7      0.2072000      0.1903021
      66.8      0.1997866      0.1836309
      66.9      0.1915608      0.1762018
      67.0      0.1826310      0.1681128
      67.1      0.1731150      0.1594710
      67.2      0.1631380      0.1503909
      67.3      0.1528316      0.1409930
      67.4      0.1423311      0.1314015
      67.5      0.1317737      0.1217430
      67.6      0.1212969      0.1121445
      67.7      0.1110359      0.1027315
      67.8      0.1011222      0.0936261
      67.9      0.0916816      0.0849456
      68.0      0.0828320      0.0768005
      68.1      0.0746824      0.0692930
      68.2      0.0673308      0.0625157
      68.3      0.0608632      0.0565500
      68.4      0.0553522      0.0514652
      68.5      0.0508562      0.0473175
      68.6      0.0474185      0.0441492
      68.7      0.0450666      0.0419881
      68.8      0.0438122      0.0408471
      68.9      0.0436509      0.0407243
      69.0      0.0445624      0.0416026
      69.1      0.0465109      0.0434507
      69.2      0.0494453      0.0462228
      69.3      0.0533008      0.0498600
      69.4      0.0579992      0.0542907
      69.5      0.0634503      0.0594322
      69.6      0.0695535      0.0651912
      69.7      0.0761988      0.0714660
      69.8      0.0832691      0.0781475
      69.9      0.0906414      0.0851208
      70.0      0.0981888      0.0922673
      70.1      0.1057826      0.0994661
      70.2      0.1132937      0.1065959
      70.3      0.1205950      0.1135367
      70.4      0.1275630      0.1201717
      70.5      0.1340795      0.1263889
      70.6      0.1400336      0.1320828
      70.7      0.1453231      0.1371561
      70.8      0.1498562      0.1415207
      70.9      0.1535525      0.1450993
      71.0      0.1563445      0.1478266
      71.1      0.1581782      0.1496501
      71.2      0.1590144      0.1505308
      71.3      0.1588285      0.1504440
      71.4      0.1576117      0.1493794
      71.5      0.1553703      0.1473414
      71.6      0.1521264      0.1443491
      71.7      0.1479166      0.1404358
      71.8      0.1427924      0.1356488
      71.9      0.1368189      0.1300485
      72.0      0.1300737      0.1237074
      72.1      0.1226462      0.1167095
      72.2      0.1146362      0.1091485
      72.3      0.1061519      0.1011269
      72.4      0.0973091      0.0927542
      72.5      0.0882289      0.0841454
      72.6      0.0790361      0.0754195
      72.7      0.0698576      0.0666973
      72.8      0.0608200      0.0581000
      72.9      0.0520484      0.0497475
      73.0      0.0436640      0.0417561
      73.1      0.0357829      0.0342376
      73.2      0.0285136      0.0272967
      73.3      0.0219563      0.0210302
      73.4      0.0162006      0.0155254
      73.5      0.0113249      0.0108586
      73.6      0.0073948      0.0070939
      73.7      0.0044621      0.0042828
      73.8      0.0025644      0.0024625
      73.9      0.0017240      0.0016564
      74.0      0.0019482      0.0018728
      74.1      0.0032287      0.0031051
      74.2      0.0055416      0.0053322
      74.3      0.0088482      0.0085180
      74.4      0.0130952      0.0126128
      74.5      0.0182155      0.0175530
      74.6      0.0241293      0.0232630
      74.7      0.0307451      0.0296554
      74.8      0.0379609      0.0366329
      74.9      0.0456660      0.0440893
      75.0      0.0537422      0.0519109
      75.1      0.0620658      0.0599789
      75.2      0.0705092      0.0681700
      75.3      0.0789431      0.0763591
      75.4      0.0872377      0.0844207
      75.5      0.0952652      0.0922308
      75.6      0.1029014      0.0996686
      75.7      0.1100276      0.1066185
      75.8      0.1165322      0.1129716
      75.9      0.1223124      0.1186273
      76.0      0.1272758      0.1234951
      76.1      0.1313416      0.1274955
      76.2      0.1344420      0.1305613
      76.3      0.1365231      0.1326389
      76.4      0.1375456      0.1336889
      76.5      0.1374856      0.1336868
      76.6      0.1363349      0.1326233
      76.7      0.1341012      0.1305044
      76.8      0.1308080      0.1273519
      76.9      0.1264943      0.1232024
      77.0      0.1212142      0.1181075
      77.1      0.1150360      0.1121326
      77.2      0.1080412      0.1053563
      77.3      0.1003237      0.0978692
      77.4      0.0919880      0.0897727
      77.5      0.0831484      0.0811774
      77.6      0.0739265      0.0722020
      77.7      0.0644504      0.0629709
      77.8      0.0548519      0.0536132
      77.9      0.0452657      0.0442601
      78.0      0.0358265      0.0350436
      78.1      0.0266675      0.0260944
      78.2      0.0179186      0.0175399
      78.3      0.0097042      0.0095026
      78.4      0.0021415      0.0020978
      78.5     -0.0046610     -0.0045675
      78.6     -0.0106056     -0.0103964
      78.7     -0.0156063     -0.0153037
      78.8     -0.0195903     -0.0192172
      78.9     -0.0224994     -0.0220785
      79.0     -0.0242904     -0.0238442
      79.1     -0.0249362     -0.0244863
      79.2     -0.0244258     -0.0239932
      79.3     -0.0227652     -0.0223694
      79.4     -0.0199768     -0.0196359
      79.5     -0.0160994     -0.0158298
      79.6     -0.0111877     -0.0110039
      79.7     -0.0053117     -0.0052262
      79.8      0.0014444      0.0014215
      79.9      0.0089832      0.0088440
      80.0      0.0171957      0.0169345
      80.1      0.0259623      0.0255757
      80.2      0.0351547      0.0346417
      80.3      0.0446379      0.0439997
      80.4      0.0542718      0.0535118
      80.5      0.0639132      0.0630366
      80.6      0.0734179      0.0724320
      80.7      0.0826427      0.0815564
      80.8      0.0914475      0.0902711
      80.9      0.0996971      0.0984423
      81.0      0.1072635      0.1059429
      81.1      0.1140274      0.1126545
      81.2      0.1198799      0.1184687
      81.3      0.1247246      0.1232895
      81.4      0.1284786      0.1270340
      81.5      0.1310735      0.1296338
      81.6      0.1324574      0.1310364
      81.7      0.1325944      0.1312056
      81.8      0.1314665      0.1301224
      81.9      0.1290730      0.1277853
      82.0      0.1254310      0.1242103
      82.1      0.1205753      0.1194309
      82.2      0.1145577      0.1134978
      82.3      0.1074469      0.1064781
      82.4      0.0993270      0.0984545
      82.5      0.0902970      0.0895245
      82.6      0.0804689      0.0797987
      82.7      0.0699667      0.0693995
      82.8      0.0589245      0.0584598
      82.9      0.0474847      0.0471206
      83.0      0.0357962      0.0355294
      83.1      0.0240120      0.0238381
      83.2      0.0122875      0.0122011
      83.3      0.0007781      0.0007728
      83.4     -0.0103628     -0.0102942
      83.5     -0.0209863     -0.0208514
      83.6     -0.0309496     -0.0307568
      83.7     -0.0401184     -0.0398761
      83.8     -0.0483685     -0.0480856
      83.9     -0.0555880     -0.0552732
      84.0     -0.0616784     -0.0613405
      84.1     -0.0665565     -0.0662040
      84.2     -0.0701555     -0.0697964
      84.3     -0.0724257     -0.0720676
      84.4     -0.0733357     -0.0729857
      84.5     -0.0728726     -0.0725371
      84.6     -0.0710427     -0.0707274
      84.7     -0.0678709     -0.0675807
      84.8     -0.0634010     -0.0631400
      84.9     -0.0576948     -0.0574664
      85.0     -0.0508315     -0.0506381
      85.1     -0.0429068     -0.0427500
      85.2     -0.0340315     -0.0339122
      85.3     -0.0243299     -0.0242481
      85.4     -0.0139385     -0.0138936
      85.5     -0.0030038     -0.0029945
      85.6      0.0083193      0.0082948
      85.7      0.0198701      0.0198141
      85.8      0.0314836      0.0313990
      85.9      0.0429935      0.0428834
      86.0      0.0542340      0.0541019
      86.1      0.0650423      0.0648917
      86.2      0.0752609      0.0750954
      86.3      0.0847395      0.0845628
      86.4      0.0933375      0.0931533
      86.5      0.1009258      0.1007375
      86.6      0.1073886      0.1071996
      86.7      0.1126252      0.1124384
      86.8      0.1165512      0.1163695
      86.9      0.1191002      0.1189259
      87.0      0.1202243      0.1200595
      87.1      0.1198950      0.1197415
      87.2      0.1181041      0.1179631
      87.3      0.1148633      0.1147358
      87.4      0.1102044      0.1100910
      87.5      0.1041791      0.1040799
      87.6      0.0968580      0.0967731
      87.7      0.0883303      0.0882592
      87.8      0.0787021      0.0786441
      87.9      0.0680953      0.0680496
      88.0      0.0566458      0.0566113
      88.1      0.0445021      0.0444777
      88.2      0.0318229      0.0318072
      88.3      0.0187752      0.0187669
      88.4      0.0055318      0.0055297
      88.5     -0.0077306     -0.0077279
      88.6     -0.0208342     -0.0208280
      88.7     -0.0336025     -0.0335938
      88.8     -0.0458625     -0.0458524
      88.9     -0.0574472     -0.0574366
      89.0     -0.0681981     -0.0681877
      89.1     -0.0779671     -0.0779575
      89.2     -0.0866188     -0.0866103
      89.3     -0.0940322     -0.0940252
      89.4     -0.1001029     -0.1000974
      89.5     -0.1047438     -0.1047398
      89.6     -0.1078871     -0.1078844
      89.7     -0.1094850     -0.1094835
      89.8     -0.1095106     -0.1095099
      89.9     -0.1079581     -0.1079579
      90.0     -0.1048431     -0.1048431
      90.1     -0.1002026     -0.1002024
      90.2     -0.0940945     -0.0940939
      90.3     -0.0865969     -0.0865957
      90.4     -0.0778071     -0.0778052
      90.5     -0.0678403     -0.0678378
      90.6     -0.0568285     -0.0568253
      90.7     -0.0449180     -0.0449146
      90.8     -0.0322682     -0.0322651
      90.9     -0.0190493     -0.0190470
      91.0     -0.0054398     -0.0054390
      91.1      0.0083757      0.0083742
      91.2      0.0222093      0.0222044
      91.3      0.0358715      0.0358623
      91.4      0.0491751      0.0491604
      91.5      0.0619363      0.0619151
      91.6      0.0739785      0.0739497
      91.7      0.0851338      0.0850964
      91.8      0.0952460      0.0951990
      91.9      0.1041721      0.1041148
      92.0      0.1117849      0.1117168
      92.1      0.1179745      0.1178952
      92.2      0.1226499      0.1225594
      92.3      0.1257403      0.1256390
      92.4      0.1271963      0.1270847
      92.5      0.1269903      0.1268694
      92.6      0.1251174      0.1249886
      92.7      0.1215952      0.1214602
      92.8      0.1164639      0.1163248
      92.9      0.1097856      0.1096450
      93.0      0.1016438      0.1015045
      93.1      0.0921422      0.0920074
      93.2      0.0814033      0.0812764
      93.3      0.0695670      0.0694516
      93.4      0.0567886      0.0566886
      93.5      0.0432368      0.0431561
      93.6      0.0290915      0.0290341
      93.7      0.0145415      0.0145112
      93.8     -0.0002184     -0.0002179
      93.9     -0.0149896     -0.0149549
      94.0     -0.0295726     -0.0295006
      94.1     -0.0437697     -0.0436577
      94.2     -0.0573878     -0.0572336
      94.3     -0.0702405     -0.0700427
      94.4     -0.0821514     -0.0819092
      94.5     -0.0929560     -0.0926695
      94.6     -0.1025043     -0.1021742
      94.7     -0.1106627     -0.1102906
      94.8     -0.1173158     -0.1169044
      94.9     -0.1223684     -0.1219211
      95.0     -0.1257462     -0.1252677
      95.1     -0.1273978     -0.1268935
      95.2     -0.1272947     -0.1267708
      95.3     -0.1254321     -0.1248958
      95.4     -0.1218289     -0.1212882
      95.5     -0.1165279     -0.1159914
      95.6     -0.1095949     -0.1090718
      95.7     -0.1011179     -0.1006180
      95.8     -0.0912064     -0.0907395
      95.9     -0.0799896     -0.0795659
      96.0     -0.0676148     -0.0672444
      96.1     -0.0542454     -0.0539383
      96.2     -0.0400593     -0.0398249
      96.3     -0.0252455     -0.0250930
      96.4     -0.0100027     -0.0099404
      96.5      0.0054642      0.0054290
      96.6      0.0209463      0.0208075
      96.7      0.0362339      0.0359864
      96.8      0.0511191      0.0507595
      96.9      0.0653987      0.0649250
      97.0      0.0788770      0.0782890
      97.1      0.0913683      0.0906677
      97.2      0.1026997      0.1018899
      97.3      0.1127133      0.1117997
      97.4      0.1212686      0.1202586
      97.5      0.1282441      0.1271469
      97.6      0.1335392      0.1323661
      97.7      0.1370759      0.1358399
      97.8      0.1387995      0.1375153
      97.9      0.1386796      0.1373634
      98.0      0.1367107      0.1353802
      98.1      0.1329121      0.1315861
      98.2      0.1273281      0.1260264
      98.3      0.1200271      0.1187700
      98.4      0.1111010      0.1099092
      98.5      0.1006640      0.0995583
      98.6      0.0888509      0.0878519
      98.7      0.0758158      0.0749435
      98.8      0.0617298      0.0610031
      98.9      0.0467785      0.0462153
      99.0      0.0311603      0.0307767
      99.1      0.0150829      0.0148930
      99.2     -0.0012390     -0.0012231
      99.3     -0.0175866     -0.0173554
      99.4     -0.0337400     -0.0332869
      99.5     -0.0494811     -0.0488025
      99.6     -0.0645968     -0.0636922
      99.7     -0.0788815     -0.0777538
      99.8     -0.0921403     -0.0907958
      99.9     -0.1041914     -0.1026399
     100.0     -0.1148684     -0.1131233
     100.1     -0.1240234     -0.1221014
     100.2     -0.1315279     -0.1294492
     100.3     -0.1372758     -0.1350636
     100.4     -0.1411838     -0.1388643
     100.5     -0.1431934     -0.1407956
     100.6     -0.1432715     -0.1408266
     100.7     -0.1414107     -0.1389520
     100.8     -0.1376299     -0.1351921
     100.9     -0.1319738     -0.1295929
     101.0     -0.1245126     -0.1222250
     101.1     -0.1153409     -0.1131832
     101.2     -0.1045768     -0.1025852
     101.3     -0.0923601     -0.0905696
     101.4     -0.0788506     -0.0772950
     101.5     -0.0642261     -0.0629368
     101.6     -0.0486800     -0.0476857
     101.7     -0.0324187     -0.0317451
     101.8     -0.0156588     -0.0153278
     101.9      0.0013757      0.0013461
     102.0      0.0184561      0.0180528
     102.1      0.0353527      0.0345673
     102.2      0.0518374      0.0506667
     102.3      0.0676869      0.0661332
     102.4      0.0826858      0.0807570
     102.5      0.0966295      0.0943390
     102.6      0.1093267      0.1066938
     102.7      0.1206026      0.1176520
     102.8      0.1303007      0.1270626
     102.9      0.1382854      0.1347952
     103.0      0.1444436      0.1407416
     103.1      0.1486866      0.1448172
     103.2      0.1509509      0.1469626
     103.3      0.1511995      0.1471442
     103.4      0.1494226      0.1453547
     103.5      0.1456372      0.1416132
     103.6      0.1398877      0.1359654
     103.7      0.1322449      0.1284824
     103.8      0.1228051      0.1192603
     103.9      0.1116894      0.1084187
     104.0      0.0990414      0.0960994
     104.1      0.0850259      0.0824643
     104.2      0.0698267      0.0676932
     104.3      0.0536438      0.0519817
     104.4      0.0366912      0.0355385
     104.5      0.0191939      0.0185825
     104.6      0.0013846      0.0013399
     104.7     -0.0164988     -0.0159587
     104.8     -0.0342167     -0.0330815
     104.9     -0.0515312     -0.0497985
     105.0     -0.0682090     -0.0658848
     105.1     -0.0840246     -0.0811235
     105.2     -0.0987635     -0.0953084
     105.3     -0.1122250     -0.1082474
     105.4     -0.1242248     -0.1197646
     105.5     -0.1345979     -0.1297026
     105.6     -0.1432004     -0.1379253
     105.7     -0.1499120     -0.1443190
     105.8     -0.1546371     -0.1487946
     105.9     -0.1573066     -0.1512883
     106.0     -0.1578789     -0.1517629
     106.1     -0.1563401     -0.1502083
     106.2     -0.1527048     -0.1466415
     106.3     -0.1470156     -0.1411064
     106.4     -0.1393429     -0.1336736
     106.5     -0.1297835     -0.1244390
     106.6     -0.1184603     -0.1135232
     106.7     -0.1055197     -0.1010691
     106.8     -0.0911303     -0.0872408
     106.9     -0.0754807     -0.0722210
     107.0     -0.0587768     -0.0562085
     107.1     -0.0412391     -0.0394160
     107.2     -0.0231000     -0.0220669
     107.3     -0.0046004     -0.0043923
     107.4      0.0140132      0.0133719
     107.5      0.0324920      0.0309882
     107.6      0.0505887      0.0482207
     107.7      0.0680603      0.0648384
     107.8      0.0846713      0.0806180
     107.9      0.1001975      0.0953474
     108.0      0.1144284      0.1088279
     108.1      0.1271704      0.1208775
     108.2      0.1382493      0.1313329
     108.3      0.1475126      0.1400523
     108.4      0.1548320      0.1469164
     108.5      0.1601047      0.1518311
     108.6      0.1632549      0.1547279
     108.7      0.1642353      0.1555654
     108.8      0.1630273      0.1543297
     108.9      0.1596416      0.1510346
     109.0      0.1541181      0.1457216
     109.1      0.1465254      0.1384590
     109.2      0.1369597      0.1293415
     109.3      0.1255442      0.1184887
     109.4      0.1124269      0.1060436
     109.5      0.0977788      0.0921704
     109.6      0.0817921      0.0770529
     109.7      0.0646771      0.0608916
     109.8      0.0466597      0.0439012
     109.9      0.0279784      0.0263077
     110.0      0.0088811      0.0083455
     110.1     -0.0103781     -0.0097460
     110.2     -0.0295424     -0.0277253
     110.3     -0.0483558     -0.0453524
     110.4     -0.0665663     -0.0623914
     110.5     -0.0839296     -0.0786145
     110.6     -0.1002119     -0.0938043
     110.7     -0.1151937     -0.1077573
     110.8     -0.1286721     -0.1202860
     110.9     -0.1404642     -0.1312222
     111.0     -0.1504088     -0.1404188
     111.1     -0.1583697     -0.1477515
     111.2     -0.1642363     -0.1531214
     111.3     -0.1679262     -0.1564553
     111.4     -0.1693857     -0.1577075
     111.5     -0.1685910     -0.1568601
     111.6     -0.1655483     -0.1539229
     111.7     -0.1602938     -0.1489342
     111.8     -0.1528934     -0.1419594
     111.9     -0.1434419     -0.1330906
     112.0     -0.1320615     -0.1224452
     112.1     -0.1189005     -0.1101648
     112.2     -0.1041315     -0.0964123
     112.3     -0.0879487     -0.0813710
     112.4     -0.0705655     -0.0652411
     112.5     -0.0522120     -0.0482376
     112.6     -0.0331314     -0.0305872
     112.7     -0.0135772     -0.0125255
     112.8      0.0061903      0.0057066
     112.9      0.0259074      0.0238655
     113.0      0.0453109      0.0417089
     113.1      0.0641410      0.0589983
     113.2      0.0821454      0.0755028
     113.3      0.0990824      0.0910018
     113.4      0.1147238      0.1052883
     113.5      0.1288590      0.1181714
     113.6      0.1412965      0.1294789
     113.7      0.1518678      0.1390597
     113.8      0.1604287      0.1467858
     113.9      0.1668619      0.1525541
     114.0      0.1710782      0.1562878
     114.1      0.1730182      0.1579369
     114.2      0.1726526      0.1574799
     114.3      0.1699829      0.1549230
     114.4      0.1650418      0.1503009
     114.5      0.1578921      0.1436757
     114.6      0.1486264      0.1351365
     114.7      0.1373657      0.1247979
     114.8      0.1242580      0.1127986
     114.9      0.1094762      0.0992998
     115.0      0.0932159      0.0844823
     115.1      0.0756926      0.0685449
     115.2      0.0571393      0.0517012
     115.3      0.0378029      0.0341769
     115.4      0.0179412      0.0162069
     115.5     -0.0021806     -0.0019681
     115.6     -0.0222933     -0.0201049
     115.7     -0.0421279     -0.0379604
     115.8     -0.0614182     -0.0552960
     115.9     -0.0799055     -0.0718796
     116.0     -0.0973411     -0.0874896
     116.1     -0.1134904     -0.1019175
     116.2     -0.1281355     -0.1149707
     116.3     -0.1410786     -0.1264751
     116.4     -0.1521444     -0.1362776
     116.5     -0.1611826     -0.1442479
     116.6     -0.1680700     -0.1502805
     116.7     -0.1727118     -0.1542958
     116.8     -0.1750436     -0.1562415
     116.9     -0.1750319     -0.1560930
     117.0     -0.1726744     -0.1538540
     117.1     -0.1680004     -0.1495561
     117.2     -0.1610705     -0.1432587
     117.3     -0.1519755     -0.1350480
     117.4     -0.1408355     -0.1250359
     117.5     -0.1277981     -0.1133583
     117.6     -0.1130367     -0.1001736
     117.7     -0.0967481     -0.0856601
     117.8     -0.0791497     -0.0700143
     117.9     -0.0604768     -0.0534473
     118.0     -0.0409795     -0.0361827
     118.1     -0.0209192     -0.0184534
     118.2     -0.0005653     -0.0004982
     118.3      0.0198089      0.0174413
     118.4      0.0399290      0.0351235
     118.5      0.0595243      0.0523110
     118.6      0.0783304      0.0687728
     118.7      0.0960935      0.0842881
     118.8      0.1125735      0.0986489
     118.9      0.1275473      0.1116632
     119.0      0.1408119      0.1231569
     119.1      0.1521872      0.1329769
     119.2      0.1615181      0.1409927
     119.3      0.1686772      0.1470982
     119.4      0.1735660      0.1512131
     119.5      0.1761169      0.1532843
     119.6      0.1762932      0.1532861
     119.7      0.1740907      0.1512207
     119.8      0.1695371      0.1471185
     119.9      0.1626919      0.1410371
     120.0      0.1536455      0.1330609
     120.1      0.1425182      0.1232998
     120.2      0.1294587      0.1118879
     120.3      0.1146417      0.0989812
     120.4      0.0982660      0.0847558
     120.5      0.0805517      0.0694057
     120.6      0.0617371      0.0531397
     120.7      0.0420758      0.0361790
     120.8      0.0218331      0.0187538
     120.9      0.0012824      0.0011004
     121.0     -0.0192984     -0.0165419
     121.1     -0.0396306     -0.0339344
     121.2     -0.0594386     -0.0508416
     121.3     -0.0784536     -0.0670353
     121.4     -0.0964171     -0.0822969
     121.5     -0.1130847     -0.0964205
     121.6     -0.1282291     -0.1092162
     121.7     -0.1416435     -0.1205119
     121.8     -0.1531442     -0.1301561
     121.9     -0.1625732     -0.1380200
     122.0     -0.1698005     -0.1439990
     122.1     -0.1747256     -0.1480139
     122.2     -0.1772793     -0.1500125
     122.3     -0.1774243     -0.1499700
     122.4     -0.1751560     -0.1478891
     122.5     -0.1705027     -0.1438005
     122.6     -0.1635248     -0.1377619
     122.7     -0.1543145     -0.1298574
     122.8     -0.1429946     -0.1201965
     122.9     -0.1297163     -0.1089124
     123.0     -0.1146580     -0.0961603
     123.1     -0.0980223     -0.0821151
     123.2     -0.0800337     -0.0669693
     123.3     -0.0609352     -0.0509301
     123.4     -0.0409855     -0.0342167
     123.5     -0.0204550     -0.0170572
     123.6      0.0003774      0.0003143
     123.7      0.0212283      0.0176610
     123.8      0.0418138      0.0347466
     123.9      0.0618529      0.0513387
     124.0      0.0810718      0.0672116
     124.1      0.0992073      0.0821496
     124.2      0.1160104      0.0959500
     124.3      0.1312501      0.1084255
     124.4      0.1447161      0.1194072
     124.5      0.1562220      0.1287466
     124.6      0.1656076      0.1363176
     124.7      0.1727414      0.1420184
     124.8      0.1775225      0.1457725
     124.9      0.1798815      0.1475302
     125.0      0.1797823      0.1472690
     125.1      0.1772218      0.1449939
     125.2      0.1722307      0.1407374
     125.3      0.1648728      0.1345589
     125.4      0.1552443      0.1265440
     125.5      0.1434726      0.1168033
     125.6      0.1297145      0.1054710
     125.7      0.1141542      0.0927027
     125.8      0.0970008      0.0786738
     125.9      0.0784856      0.0635766
     126.0      0.0588590      0.0476180
     126.1      0.0383871      0.0310164
     126.2      0.0173480      0.0139991
     126.3     -0.0039719     -0.0032011
     126.4     -0.0252816     -0.0203490
     126.5     -0.0462897     -0.0372103
     126.6     -0.0667081     -0.0535544
     126.7     -0.0862563     -0.0691582
     126.8     -0.1046649     -0.0838085
     126.9     -0.1216795     -0.0973052
     127.0     -0.1370641     -0.1094643
     127.1     -0.1506043     -0.1201196
     127.2     -0.1621105     -0.1291259
     127.3     -0.1714203     -0.1363603
     127.4     -0.1784009     -0.1417243
     127.5     -0.1829509     -0.1451447
     127.6     -0.1850020     -0.1465752
     127.7     -0.1845197     -0.1459963
     127.8     -0.1815039     -0.1434162
     127.9     -0.1759893     -0.1388704
     128.0     -0.1680447     -0.1324210
     128.1     -0.1577721     -0.1241564
     128.2     -0.1453059     -0.1141896
     128.3     -0.1308105     -0.1026570
     128.4     -0.1144785     -0.0897160
     128.5     -0.0965282     -0.0755438
     128.6     -0.0772007     -0.0603339
     128.7     -0.0567563     -0.0442943
     128.8     -0.0354714     -0.0276442
     128.9     -0.0136347     -0.0106111
     129.0      0.0084566      0.0065720
     129.1      0.0305013      0.0236704
     129.2      0.0521975      0.0404502
     129.3      0.0732475      0.0566819
     129.4      0.0933615      0.0721436
     129.5      0.1122613      0.0866236
     129.6      0.1296848      0.0999239
     129.7      0.1453889      0.1118622
     129.8      0.1591534      0.1222749
     129.9      0.1707838      0.1310194
     130.0      0.1801141      0.1379754
     130.1      0.1870092      0.1430473
     130.2      0.1913666      0.1461651
     130.3      0.1931183      0.1472852
     130.4      0.1922314      0.1463916
     130.5      0.1887091      0.1434955
     130.6      0.1825904      0.1386356
     130.7      0.1739497      0.1318772
     130.8      0.1628963      0.1233117
     130.9      0.1495726      0.1130550
     131.0      0.1341525      0.1012462
     131.1      0.1168389      0.0880455
     131.2      0.0978613      0.0736323
     131.3      0.0774728      0.0582025
     131.4      0.0559463      0.0419660
     131.5      0.0335715      0.0251436
     131.6      0.0106505      0.0079644
     131.7     -0.0125063     -0.0093376
     131.8     -0.0355837     -0.0265268
     131.9     -0.0582669     -0.0433687
     132.0     -0.0802451     -0.0596337
     132.1     -0.1012160     -0.0750999
     132.2     -0.1208901     -0.0895559
     132.3     -0.1389941     -0.1028044
     132.4     -0.1552754     -0.1146640
     132.5     -0.1695053     -0.1249724
     132.6     -0.1814818     -0.1335882
     132.7     -0.1910331     -0.1403930
     132.8     -0.1980196     -0.1452929
     132.9     -0.2023362     -0.1482200
     133.0     -0.2039136     -0.1491330
     133.1     -0.2027195     -0.1480181
     133.2     -0.1987590     -0.1448891
     133.3     -0.1920750     -0.1397870
     133.4     -0.1827476     -0.1327797
     133.5     -0.1708929     -0.1239613
     133.6     -0.1566620     -0.1134502
     133.7     -0.1402387     -0.1013880
     133.8     -0.1218374     -0.0879374
     133.9     -0.1017001     -0.0732801
     134.0     -0.0800933     -0.0576143
     134.1     -0.0573046     -0.0411520
     134.2     -0.0336387     -0.0241159
     134.3     -0.0094133     -0.0067370
     134.4      0.0150449      0.0107492
     134.5      0.0394049      0.0281056
     134.6      0.0633356      0.0450966
     134.7      0.0865105      0.0614916
     134.8      0.1086121      0.0770680
     134.9      0.1293360      0.0916138
     135.0      0.1483955      0.1049315
     135.1      0.1655251      0.1168395
     135.2      0.1804847      0.1271757
     135.3      0.1930623      0.1357990
     135.4      0.2030776      0.1425915
     135.5      0.2103841      0.1474602
     135.6      0.2148715      0.1503377
     135.7      0.2164674      0.1511841
     135.8      0.2151378      0.1499866
     135.9      0.2108888      0.1467602
     136.0      0.2037655      0.1415474
     136.1      0.1938524      0.1344176
     136.2      0.1812720      0.1254662
     136.3      0.1661835      0.1148132
     136.4      0.1487804      0.1026019
     136.5      0.1292888      0.0889965
     136.6      0.1079634      0.0741803
     136.7      0.0850852      0.0583530
     136.8      0.0609570      0.0417279
     136.9      0.0359000      0.0245295
     137.0      0.0102491      0.0069899
     137.1     -0.0156514     -0.0106542
     137.2     -0.0414524     -0.0281644
     137.3     -0.0668046     -0.0453042
     137.4     -0.0913636     -0.0618418
     137.5     -0.1147942     -0.0775538
     137.6     -0.1367751     -0.0922277
     137.7     -0.1570031     -0.1056651
     137.8     -0.1751979     -0.1176840
     137.9     -0.1911051     -0.1281219
     138.0     -0.2045004     -0.1368374
     138.1     -0.2151924     -0.1437125
     138.2     -0.2230255     -0.1486537
     138.3     -0.2278821     -0.1515941
     138.4     -0.2296844     -0.1524935
     138.5     -0.2283953     -0.1513393
     138.6     -0.2240194     -0.1481467
     138.7     -0.2166032     -0.1429585
     138.8     -0.2062341     -0.1358442
     138.9     -0.1930399     -0.1268997
     139.0     -0.1771872     -0.1162452
     139.1     -0.1588787     -0.1040244
     139.2     -0.1383516     -0.0904018
     139.3     -0.1158737     -0.0755611
     139.4     -0.0917402     -0.0597022
     139.5     -0.0662701     -0.0430390
     139.6     -0.0398014     -0.0257961
     139.7     -0.0126870     -0.0082058
     139.8      0.0147097      0.0094945
     139.9      0.0420206      0.0270665
     140.0      0.0688768      0.0442731
     140.1      0.0949142      0.0608827
     140.2      0.1197784      0.0766713
     140.3      0.1431293      0.0914264
     140.4      0.1646458      0.1049492
     140.5      0.1840303      0.1170576
     140.6      0.2010127      0.1275889
     140.7      0.2153544      0.1364014
     140.8      0.2268514      0.1433767
     140.9      0.2353370      0.1484213
     141.0      0.2406848      0.1514678
     141.1      0.2428100      0.1524757
     141.2      0.2416711      0.1514320
     141.3      0.2372703      0.1483515
     141.4      0.2296538      0.1432763
     141.5      0.2189117      0.1362757
     141.6      0.2051761      0.1274447
     141.7      0.1886205      0.1169031
     141.8      0.1694569      0.1047936
     141.9      0.1479332      0.0912801
     142.0      0.1243306      0.0765455
     142.1      0.0989589      0.0607890
     142.2      0.0721534      0.0442233
     142.3      0.0442701      0.0270723
     142.4      0.0156807      0.0095675
     142.5     -0.0132318     -0.0080550
     142.6     -0.0420786     -0.0255575
     142.7     -0.0704703     -0.0427042
     142.8     -0.0980219     -0.0592640
     142.9     -0.1243584     -0.0750140
     143.0     -0.1491194     -0.0897423
     143.1     -0.1719645     -0.1032510
     143.2     -0.1925778     -0.1153587
     143.3     -0.2106722     -0.1259030
     143.4     -0.2259934     -0.1347429
     143.5     -0.2383235     -0.1417603
     143.6     -0.2474841     -0.1468618
     143.7     -0.2533390     -0.1499800
     143.8     -0.2557958     -0.1510745
     143.9     -0.2548078     -0.1501319
     144.0     -0.2503747     -0.1471666
     144.1     -0.2425425     -0.1422202
     144.2     -0.2314033     -0.1353612
     144.3     -0.2170945     -0.1266836
     144.4     -0.1997967     -0.1163062
     144.5     -0.1797315     -0.1043706
     144.6     -0.1571589     -0.0910392
     144.7     -0.1323740     -0.0764933
     144.8     -0.1057028     -0.0609305
     144.9     -0.0774981     -0.0445618
     145.0     -0.0481352     -0.0276092
     145.1     -0.0180063     -0.0103022
     145.2      0.0124844      0.0071250
     145.3      0.0429259      0.0244368
     145.4      0.0729062      0.0413994
     145.5      0.1020181      0.0577837
     145.6      0.1298640      0.0733689
     145.7      0.1560621      0.0879451
     145.8      0.1802509      0.1013161
     145.9      0.2020949      0.1133023
     146.0      0.2212887      0.1237431
     146.1      0.2375613      0.1324987
     146.2      0.2506804      0.1394524
     146.3      0.2604551      0.1445120
     146.4      0.2667389      0.1476111
     146.5      0.2694321      0.1487096
     146.6      0.2684830      0.1477947
     146.7      0.2638891      0.1448811
     146.8      0.2556970      0.1400103
     146.9      0.2440024      0.1332502
     147.0      0.2289488      0.1246944
     147.1      0.2107257      0.1144608
     147.2      0.1895665      0.1026897
     147.3      0.1657454      0.0895423
     147.4      0.1395737      0.0751982
     147.5      0.1113961      0.0598531
     147.6      0.0815860      0.0437160
     147.7      0.0505406      0.0270065
     147.8      0.0186756      0.0099518
     147.9     -0.0135803     -0.0072166
     148.0     -0.0457910     -0.0242656
     148.1     -0.0775192     -0.0409641
     148.2     -0.1083319     -0.0570861
     148.3     -0.1378067     -0.0724135
     148.4     -0.1655371     -0.0867391
     148.5     -0.1911386     -0.0998697
     148.6     -0.2142536     -0.1116282
     148.7     -0.2345566     -0.1218566
     148.8     -0.2517586     -0.1304177
     148.9     -0.2656112     -0.1371970
     149.0     -0.2759104     -0.1421043
     149.1     -0.2824993     -0.1450750
     149.2     -0.2852706     -0.1460708
     149.3     -0.2841683     -0.1450801
     149.4     -0.2791886     -0.1421186
     149.5     -0.2703804     -0.1372284
     149.6     -0.2578447     -0.1304781
     149.7     -0.2417336     -0.1219613
     149.8     -0.2222486     -0.1117955
     149.9     -0.1996379     -0.1001205
     150.0     -0.1741934     -0.0870967
     150.1     -0.1462471     -0.0729024
     150.2     -0.1161666     -0.0577318
     150.3     -0.0843504     -0.0417921
     150.4     -0.0512225     -0.0253010
     150.5     -0.0172273     -0.0084831
     150.6      0.0171771      0.0084323
     150.7      0.0515242      0.0252150
     150.8      0.0853461      0.0416369
     150.9      0.1181793      0.0574748
     151.0      0.1495714      0.0725137
     151.1      0.1790869      0.0865495
     151.2      0.2063135      0.0993923
     151.3      0.2308678      0.1108681
     151.4      0.2524004      0.1208220
     151.5      0.2706011      0.1291197
     151.6      0.2852033      0.1356496
     151.7      0.2959877      0.1403243
     151.8      0.3027856      0.1430816
     151.9      0.3054816      0.1438854
     152.0      0.3040152      0.1427265
     152.1      0.2983823      0.1396220
     152.2      0.2886353      0.1346156
     152.3      0.2748829      0.1277771
     152.4      0.2572889      0.1192009
     152.5      0.2360701      0.1090050
     152.6      0.2114941      0.0973295
     152.7      0.1838757      0.0843345
     152.8      0.1535728      0.0701978
     152.9      0.1209822      0.0551128
     153.0      0.0865341      0.0392857
     153.1      0.0506867      0.0229324
     153.2      0.0139202      0.0062763
     153.3     -0.0232700     -0.0104557
     153.4     -0.0603793     -0.0270354
     153.5     -0.0969012     -0.0432371
     153.6     -0.1323336     -0.0588402
     153.7     -0.1661864     -0.0736324
     153.8     -0.1979874     -0.0874126
     153.9     -0.2272894     -0.0999935
     154.0     -0.2536761     -0.1112043
     154.1     -0.2767681     -0.1208928
     154.2     -0.2962282     -0.1289277
     154.3     -0.3117663     -0.1352003
     154.4     -0.3231435     -0.1396257
     154.5     -0.3301761     -0.1421445
     154.6     -0.3327378     -0.1427229
     154.7     -0.3307624     -0.1413539
     154.8     -0.3242447     -0.1380567
     154.9     -0.3132413     -0.1328768
     155.0     -0.2978701     -0.1258853
     155.1     -0.2783090     -0.1171781
     155.2     -0.2547943     -0.1068740
     155.3     -0.2276174     -0.0951138
     155.4     -0.1971217     -0.0820580
     155.5     -0.1636982     -0.0678846
     155.6     -0.1277804     -0.0527867
     155.7     -0.0898389     -0.0369700
     155.8     -0.0503750     -0.0206499
     155.9     -0.0099149     -0.0040486
     156.0      0.0309981      0.0126081
     156.1      0.0718104      0.0290934
     156.2      0.1119655      0.0451831
     156.3      0.1509115      0.0606585
     156.4      0.1881087      0.0753091
     156.5      0.2230371      0.0889358
     156.6      0.2552030      0.1013533
     156.7      0.2841466      0.1123929
     156.8      0.3094481      0.1219046
     156.9      0.3307335      0.1297590
     157.0      0.3476804      0.1358496
     157.1      0.3600226      0.1400934
     157.2      0.3675539      0.1424329
     157.3      0.3701318      0.1428361
     157.4      0.3676795      0.1412975
     157.5      0.3601877      0.1378379
     157.6      0.3477152      0.1325040
     157.7      0.3303888      0.1253681
     157.8      0.3084018      0.1165268
     157.9      0.2820122      0.1060998
     158.0      0.2515399      0.0942285
     158.1      0.2173625      0.0810736
     158.2      0.1799110      0.0668131
     158.3      0.1396641      0.0516404
     158.4      0.0971428      0.0357607
     158.5      0.0529031      0.0193891
     158.6      0.0075291      0.0027472
     158.7     -0.0383746     -0.0139396
     158.8     -0.0841911     -0.0304456
     158.9     -0.1292990     -0.0465472
     159.0     -0.1730810     -0.0620267
     159.1     -0.2149320     -0.0766744
     159.2     -0.2542676     -0.0902922
     159.3     -0.2905319     -0.1026957
     159.4     -0.3232056     -0.1137172
     159.5     -0.3518126     -0.1232074
     159.6     -0.3759273     -0.1310378
     159.7     -0.3951808     -0.1371023
     159.8     -0.4092661     -0.1413189
     159.9     -0.4179427     -0.1436301
     160.0     -0.4210408     -0.1440044
     160.1     -0.4184638     -0.1424365
     160.2     -0.4101907     -0.1389471
     160.3     -0.3962765     -0.1335829
     160.4     -0.3768529     -0.1264159
     160.5     -0.3521264     -0.1175422
     160.6     -0.3223771     -0.1070811
     160.7     -0.2879549     -0.0951732
     160.8     -0.2492760     -0.0819786
     160.9     -0.2068175     -0.0676744
     161.0     -0.1611122     -0.0524530
     161.1     -0.1127414     -0.0365189
     161.2     -0.0623279     -0.0200862
     161.3     -0.0105283     -0.0033755
     161.4      0.0419761      0.0133887
     161.5      0.0944874      0.0299813
     161.6      0.1463005      0.0461796
     161.7      0.1967129      0.0617664
     161.8      0.2450332      0.0765324
     161.9      0.2905913      0.0902799
     162.0      0.3327468      0.1028244
     162.1      0.3708983      0.1139980
     162.2      0.4044915      0.1236512
     162.3      0.4330275      0.1316547
     162.4      0.4560691      0.1379016
     162.5      0.4732482      0.1423085
     162.6      0.4842708      0.1448167
     162.7      0.4889217      0.1453930
     162.8      0.4870685      0.1440301
     162.9      0.4786639      0.1407465
     163.0      0.4637470      0.1355865
     163.1      0.4424442      0.1286195
     163.2      0.4149681      0.1199390
     163.3      0.3816155      0.1096612
     163.4      0.3427647      0.0979239
     163.5      0.2988708      0.0848839
     163.6      0.2504610      0.0707155
     163.7      0.1981282      0.0556080
     163.8      0.1425237      0.0397628
     163.9      0.0843494      0.0233913
     164.0      0.0243491      0.0067115
     164.1     -0.0367011     -0.0100546
     164.2     -0.0980025     -0.0266841
     164.3     -0.1587441     -0.0429562
     164.4     -0.2181133     -0.0586550
     164.5     -0.2753064     -0.0735724
     164.6     -0.3295394     -0.0875112
     164.7     -0.3800584     -0.1002872
     164.8     -0.4261503     -0.1117320
     164.9     -0.4671518     -0.1216952
     165.0     -0.5024596     -0.1300461
     165.1     -0.5315381     -0.1366759
     165.2     -0.5539279     -0.1414985
     165.3     -0.5692524     -0.1444523
     165.4     -0.5772235     -0.1455004
     165.5     -0.5776466     -0.1446311
     165.6     -0.5704239     -0.1418587
     165.7     -0.5555574     -0.1372221
     165.8     -0.5331491     -0.1307854
     165.9     -0.5034016     -0.1226362
     166.0     -0.4666162     -0.1128847
     166.1     -0.4231900     -0.1016621
     166.2     -0.3736120     -0.0891190
     166.3     -0.3184577     -0.0754229
     166.4     -0.2583827     -0.0607567
     166.5     -0.1941149     -0.0453152
     166.6     -0.1264457     -0.0293035
     166.7     -0.0562208     -0.0129336
     166.8      0.0156703      0.0035783
     166.9      0.0883058      0.0200146
     167.0      0.1607424      0.0361592
     167.1      0.2320282      0.0518003
     167.2      0.3012144      0.0667336
     167.3      0.3673677      0.0807644
     167.4      0.4295830      0.0937106
     167.5      0.4869952      0.1054050
     167.6      0.5387906      0.1156974
     167.7      0.5842189      0.1244564
     167.8      0.6226029      0.1315714
     167.9      0.6533483      0.1369539
     168.0      0.6759530      0.1405385
     168.1      0.6900138      0.1422837
     168.2      0.6952336      0.1421725
     168.3      0.6914262      0.1402124
     168.4      0.6785198      0.1364354
     168.5      0.6565601      0.1308970
     168.6      0.6257105      0.1236763
     168.7      0.5862514      0.1148737
     168.8      0.5385789      0.1046105
     168.9      0.4832000      0.0930266
     169.0      0.4207284      0.0802788
     169.1      0.3518775      0.0665384
     169.2      0.2774526      0.0519894
     169.3      0.1983417      0.0368254
     169.4      0.1155052      0.0212473
     169.5      0.0299646      0.0054606
     169.6     -0.0572101     -0.0103275
     169.7     -0.1449131     -0.0259108
     169.8     -0.2320169     -0.0410866
     169.9     -0.3173859     -0.0556589
     170.0     -0.3998914     -0.0694404
     170.1     -0.4784256     -0.0822553
     170.2     -0.5519166     -0.0939414
     170.3     -0.6193418     -0.1043525
     170.4     -0.6797422     -0.1133598
     170.5     -0.7322353     -0.1208537
     170.6     -0.7760273     -0.1267454
     170.7     -0.8104243     -0.1309677
     170.8     -0.8348427     -0.1334756
     170.9     -0.8488181     -0.1342474
     171.0     -0.8520126     -0.1332841
     171.1     -0.8442211     -0.1306098
     171.2     -0.8253756     -0.1262708
     171.3     -0.7955479     -0.1203352
     171.4     -0.7549510     -0.1128919
     171.5     -0.7039380     -0.1040487
     171.6     -0.6429999     -0.0939314
     171.7     -0.5727611     -0.0826816
     171.8     -0.4939740     -0.0704550
     171.9     -0.4075107     -0.0574188
     172.0     -0.3143544     -0.0437497
     172.1     -0.2155882     -0.0296314
     172.2     -0.1123834     -0.0152522
     172.3     -0.0059857     -0.0008020
     172.4      0.1022988      0.0135297
     172.5      0.2111192      0.0275566
     172.6      0.3190963      0.0410982
     172.7      0.4248388      0.0539820
     172.8      0.5269608      0.0660457
     172.9      0.6240988      0.0771395
     173.0      0.7149295      0.0871280
     173.1      0.7981860      0.0958915
     173.2      0.8726752      0.1033282
     173.3      0.9372932      0.1093547
     173.4      0.9910404      0.1139074
     173.5      1.0330355      0.1169429
     173.6      1.0625283      0.1184389
     173.7      1.0789110      0.1183936
     173.8      1.0817279      0.1168259
     173.9      1.0706834      0.1137752
     174.0      1.0456487      0.1093001
     174.1      1.0066655      0.1034777
     174.2      0.9539487      0.0964025
     174.3      0.8878871      0.0881847
     174.4      0.8090408      0.0789486
     174.5      0.7181384      0.0688305
     174.6      0.6160704      0.0579773
     174.7      0.5038816      0.0465438
     174.8      0.3827617      0.0346907
     174.9      0.2540333      0.0225821
     175.0      0.1191387      0.0103836
     175.1     -0.0203750     -0.0017404
     175.2     -0.1628718     -0.0136288
     175.3     -0.3066450     -0.0251260
     175.4     -0.4499354     -0.0360843
     175.5     -0.5909505     -0.0463654
     175.6     -0.7278850     -0.0558426
     175.7     -0.8589413     -0.0644023
     175.8     -0.9823494     -0.0719455
     175.9     -1.0963885     -0.0783890
     176.0     -1.1994064     -0.0836664
     176.1     -1.2898395     -0.0877288
     176.2     -1.3662318     -0.0905455
     176.3     -1.4272528     -0.0921039
     176.4     -1.4717141     -0.0924097
     176.5     -1.4985846     -0.0914864
     176.6     -1.5070044     -0.0893750
     176.7     -1.4962967     -0.0861329
     176.8     -1.4659775     -0.0818331
     176.9     -1.4157636     -0.0765628
     177.0     -1.3455788     -0.0704222
     177.1     -1.2555566     -0.0635223
     177.2     -1.1460420     -0.0559839
     177.3     -1.0175902     -0.0479351
     177.4     -0.8709632     -0.0395095
     177.5     -0.7071237     -0.0308443
     177.6     -0.5272277     -0.0220780
     177.7     -0.3326136     -0.0133484
     177.8     -0.1247900     -0.0047904
     177.9      0.0945780      0.0034657
     178.0      0.3236856      0.0112965
     178.1      0.5606058      0.0185870
     178.2      0.8033083      0.0252325
     178.3      1.0496804      0.0311401
     178.4      1.2975481      0.0362297
     178.5      1.5446986      0.0404355
     178.6      1.7889029      0.0437068
     178.7      2.0279390      0.0460085
     178.8      2.2596149      0.0473218
     178.9      2.4817919      0.0476441
     179.0      2.6924065      0.0469890
     179.1      2.8894924      0.0453862
     179.2      3.0712014      0.0428807
     179.3      3.2358225      0.0395320
     179.4      3.3818005      0.0354135
     179.5      3.5077524      0.0306105
     179.6      3.6124819      0.0252197
     179.7      3.6949924      0.0193468
     179.8      3.7544975      0.0131056
     179.9      3.7904294      0.0066155
     180.0      3.8024450      0.0000000
