 # List of d(q) for j, j' =           13          42
 #    0  1.00000000
 #    1  0.65794236
 #    2  0.38926554
 #    3  0.24993931
 #    4  0.20690208
 #    5  0.16602208
 #    6  0.13748472
 #    7  0.10994045
 #    8  0.10226417
 #    9  0.09097849
 #   10  0.08471383
 #   11  0.07143172
 #   12  0.06902768
 #   13  0.06133747
 #   14  0.06031492
 #   15  0.05224485
 #   16  0.05227807
 #   17  0.04502273
 #   18  0.04680019
 #   19  0.03879953
 #   20  0.04294196
 #   21  0.03322944
 #   22  0.04061541
 #   23  0.02909382
 #   24  0.04041968
 #   25  0.01958898
 #   26  0.05933561
       0.0     21.1356964      0.0000000
       0.1     21.1316946      0.0368817
       0.2     21.1196934      0.0737215
       0.3     21.0997050      0.1104773
       0.4     21.0717503      0.1471074
       0.5     21.0358579      0.1835702
       0.6     20.9920649      0.2198244
       0.7     20.9404165      0.2558291
       0.8     20.8809659      0.2915438
       0.9     20.8137743      0.3269286
       1.0     20.7389107      0.3619439
       1.1     20.6564521      0.3965510
       1.2     20.5664831      0.4307119
       1.3     20.4690959      0.4643892
       1.4     20.3643902      0.4975464
       1.5     20.2524729      0.5301479
       1.6     20.1334583      0.5621591
       1.7     20.0074677      0.5935464
       1.8     19.8746290      0.6242772
       1.9     19.7350770      0.6543200
       2.0     19.5889531      0.6836446
       2.1     19.4364049      0.7122220
       2.2     19.2775861      0.7400243
       2.3     19.1126562      0.7670252
       2.4     18.9417808      0.7931995
       2.5     18.7651305      0.8185235
       2.6     18.5828814      0.8429750
       2.7     18.3952146      0.8665333
       2.8     18.2023160      0.8891789
       2.9     18.0043759      0.9108943
       3.0     17.8015889      0.9316632
       3.1     17.5941536      0.9514709
       3.2     17.3822726      0.9703046
       3.3     17.1661515      0.9881528
       3.4     16.9459995      1.0050058
       3.5     16.7220285      1.0208554
       3.6     16.4944533      1.0356953
       3.7     16.2634909      1.0495206
       3.8     16.0293603      1.0623282
       3.9     15.7922825      1.0741167
       4.0     15.5524800      1.0848862
       4.1     15.3101763      1.0946385
       4.2     15.0655963      1.1033771
       4.3     14.8189650      1.1111071
       4.4     14.5705082      1.1178352
       4.5     14.3204516      1.1235697
       4.6     14.0690207      1.1283203
       4.7     13.8164406      1.1320985
       4.8     13.5629355      1.1349172
       4.9     13.3087287      1.1367907
       5.0     13.0540421      1.1377347
       5.1     12.7990960      1.1377666
       5.2     12.5441088      1.1369049
       5.3     12.2892969      1.1351696
       5.4     12.0348742      1.1325817
       5.5     11.7810519      1.1291638
       5.6     11.5280385      1.1249394
       5.7     11.2760391      1.1199334
       5.8     11.0252557      1.1141715
       5.9     10.7758864      1.1076807
       6.0     10.5281257      1.1004888
       6.1     10.2821638      1.0926246
       6.2     10.0381868      1.0841177
       6.3      9.7963764      1.0749986
       6.4      9.5569093      1.0652985
       6.5      9.3199575      1.0550491
       6.6      9.0856882      1.0442831
       6.7      8.8542629      1.0330334
       6.8      8.6258380      1.0213335
       6.9      8.4005644      1.0092173
       7.0      8.1785872      0.9967191
       7.1      7.9600456      0.9838734
       7.2      7.7450730      0.9707150
       7.3      7.5337966      0.9572789
       7.4      7.3263375      0.9436000
       7.5      7.1228106      0.9297133
       7.6      6.9233241      0.9156539
       7.7      6.7279802      0.9014564
       7.8      6.5368742      0.8871556
       7.9      6.3500950      0.8727859
       8.0      6.1677248      0.8583814
       8.1      5.9898393      0.8439757
       8.2      5.8165074      0.8296022
       8.3      5.6477911      0.8152937
       8.4      5.4837460      0.8010822
       8.5      5.3244208      0.7869995
       8.6      5.1698574      0.7730764
       8.7      5.0200913      0.7593431
       8.8      4.8751511      0.7458291
       8.9      4.7350588      0.7325628
       9.0      4.5998299      0.7195719
       9.1      4.4694734      0.7068833
       9.2      4.3439919      0.6945226
       9.3      4.2233815      0.6825146
       9.4      4.1076321      0.6708830
       9.5      3.9967275      0.6596503
       9.6      3.8906452      0.6488380
       9.7      3.7893569      0.6384664
       9.8      3.6928285      0.6285545
       9.9      3.6010200      0.6191201
      10.0      3.5138860      0.6101799
      10.1      3.4313755      0.6017491
      10.2      3.3534324      0.5938417
      10.3      3.2799951      0.5864704
      10.4      3.2109975      0.5796465
      10.5      3.1463683      0.5733801
      10.6      3.0860317      0.5676797
      10.7      3.0299075      0.5625527
      10.8      2.9779111      0.5580049
      10.9      2.9299539      0.5540409
      11.0      2.8859434      0.5506640
      11.1      2.8457834      0.5478758
      11.2      2.8093741      0.5456770
      11.3      2.7766125      0.5440665
      11.4      2.7473926      0.5430423
      11.5      2.7216052      0.5426008
      11.6      2.6991388      0.5427372
      11.7      2.6798793      0.5434455
      11.8      2.6637102      0.5447182
      11.9      2.6505132      0.5465469
      12.0      2.6401680      0.5489218
      12.1      2.6325530      0.5518320
      12.2      2.6275448      0.5552654
      12.3      2.6250193      0.5592089
      12.4      2.6248510      0.5636482
      12.5      2.6269140      0.5685682
      12.6      2.6310817      0.5739527
      12.7      2.6372273      0.5797844
      12.8      2.6452239      0.5860454
      12.9      2.6549447      0.5927167
      13.0      2.6662630      0.5997787
      13.1      2.6790530      0.6072109
      13.2      2.6931894      0.6149921
      13.3      2.7085477      0.6231007
      13.4      2.7250047      0.6315141
      13.5      2.7424384      0.6402095
      13.6      2.7607283      0.6491635
      13.7      2.7797555      0.6583521
      13.8      2.7994029      0.6677512
      13.9      2.8195554      0.6773363
      14.0      2.8401001      0.6870824
      14.1      2.8609263      0.6969646
      14.2      2.8819259      0.7069577
      14.3      2.9029933      0.7170365
      14.4      2.9240254      0.7271756
      14.5      2.9449225      0.7373497
      14.6      2.9655873      0.7475337
      14.7      2.9859260      0.7577024
      14.8      3.0058478      0.7678311
      14.9      3.0252654      0.7778949
      15.0      3.0440947      0.7878697
      15.1      3.0622553      0.7977313
      15.2      3.0796702      0.8074562
      15.3      3.0962662      0.8170212
      15.4      3.1119737      0.8264037
      15.5      3.1267270      0.8355815
      15.6      3.1404642      0.8445331
      15.7      3.1531272      0.8532376
      15.8      3.1646620      0.8616749
      15.9      3.1750183      0.8698255
      16.0      3.1841499      0.8776706
      16.1      3.1920146      0.8851924
      16.2      3.1985742      0.8923737
      16.3      3.2037944      0.8991984
      16.4      3.2076450      0.9056512
      16.5      3.2100997      0.9117176
      16.6      3.2111361      0.9173842
      16.7      3.2107358      0.9226387
      16.8      3.2088843      0.9274696
      16.9      3.2055708      0.9318665
      17.0      3.2007885      0.9358200
      17.1      3.1945341      0.9393218
      17.2      3.1868082      0.9423648
      17.3      3.1776149      0.9449428
      17.4      3.1669619      0.9470508
      17.5      3.1548602      0.9486848
      17.6      3.1413244      0.9498419
      17.7      3.1263723      0.9505205
      17.8      3.1100247      0.9507200
      17.9      3.0923059      0.9504407
      18.0      3.0732428      0.9496842
      18.1      3.0528653      0.9484533
      18.2      3.0312063      0.9467516
      18.3      3.0083011      0.9445839
      18.4      2.9841876      0.9419560
      18.5      2.9589062      0.9388747
      18.6      2.9324994      0.9353480
      18.7      2.9050121      0.9313846
      18.8      2.8764911      0.9269944
      18.9      2.8469852      0.9221881
      19.0      2.8165448      0.9169773
      19.1      2.7852220      0.9113745
      19.2      2.7530706      0.9053931
      19.3      2.7201454      0.8990472
      19.4      2.6865028      0.8923518
      19.5      2.6521999      0.8853225
      19.6      2.6172951      0.8779757
      19.7      2.5818472      0.8703285
      19.8      2.5459161      0.8623983
      19.9      2.5095618      0.8542035
      20.0      2.4728451      0.8457628
      20.1      2.4358267      0.8370955
      20.2      2.3985675      0.8282210
      20.3      2.3611285      0.8191597
      20.4      2.3235705      0.8099317
      20.5      2.2859538      0.8005579
      20.6      2.2483385      0.7910591
      20.7      2.2107842      0.7814566
      20.8      2.1733497      0.7717716
      20.9      2.1360930      0.7620255
      21.0      2.0990713      0.7522399
      21.1      2.0623407      0.7424361
      21.2      2.0259562      0.7326355
      21.3      1.9899716      0.7228596
      21.4      1.9544394      0.7131296
      21.5      1.9194105      0.7034663
      21.6      1.8849344      0.6938906
      21.7      1.8510590      0.6844230
      21.8      1.8178304      0.6750837
      21.9      1.7852929      0.6658924
      22.0      1.7534892      0.6568686
      22.1      1.7224597      0.6480311
      22.2      1.6922430      0.6393984
      22.3      1.6628757      0.6309884
      22.4      1.6343920      0.6228184
      22.5      1.6068243      0.6149050
      22.6      1.5802025      0.6072644
      22.7      1.5545544      0.5999119
      22.8      1.5299053      0.5928622
      22.9      1.5062785      0.5861290
      23.0      1.4836946      0.5797257
      23.1      1.4621721      0.5736644
      23.2      1.4417270      0.5679567
      23.3      1.4223728      0.5626132
      23.4      1.4041208      0.5576436
      23.5      1.3869798      0.5530569
      23.6      1.3709561      0.5488610
      23.7      1.3560538      0.5450628
      23.8      1.3422746      0.5416686
      23.9      1.3296176      0.5386834
      24.0      1.3180799      0.5361114
      24.1      1.3076562      0.5339559
      24.2      1.2983388      0.5322190
      24.3      1.2901179      0.5309021
      24.4      1.2829816      0.5300054
      24.5      1.2769156      0.5295283
      24.6      1.2719037      0.5294691
      24.7      1.2679278      0.5298253
      24.8      1.2649675      0.5305932
      24.9      1.2630007      0.5317685
      25.0      1.2620035      0.5333457
      25.1      1.2619502      0.5353185
      25.2      1.2628132      0.5376797
      25.3      1.2645634      0.5404211
      25.4      1.2671704      0.5435339
      25.5      1.2706020      0.5470082
      25.6      1.2748246      0.5508336
      25.7      1.2798036      0.5549985
      25.8      1.2855030      0.5594909
      25.9      1.2918857      0.5642980
      26.0      1.2989134      0.5694062
      26.1      1.3065472      0.5748013
      26.2      1.3147470      0.5804685
      26.3      1.3234723      0.5863924
      26.4      1.3326816      0.5925571
      26.5      1.3423331      0.5989461
      26.6      1.3523843      0.6055424
      26.7      1.3627925      0.6123286
      26.8      1.3735146      0.6192869
      26.9      1.3845075      0.6263993
      27.0      1.3957278      0.6336472
      27.1      1.4071322      0.6410119
      27.2      1.4186774      0.6484745
      27.3      1.4303206      0.6560159
      27.4      1.4420188      0.6636167
      27.5      1.4537298      0.6712577
      27.6      1.4654116      0.6789194
      27.7      1.4770229      0.6865823
      27.8      1.4885228      0.6942272
      27.9      1.4998715      0.7018346
      28.0      1.5110297      0.7093855
      28.1      1.5219589      0.7168607
      28.2      1.5326219      0.7242416
      28.3      1.5429821      0.7315096
      28.4      1.5530042      0.7386464
      28.5      1.5626541      0.7456341
      28.6      1.5718989      0.7524552
      28.7      1.5807069      0.7590926
      28.8      1.5890478      0.7655296
      28.9      1.5968925      0.7717500
      29.0      1.6042137      0.7777382
      29.1      1.6109853      0.7834792
      29.2      1.6171828      0.7889583
      29.3      1.6227834      0.7941617
      29.4      1.6277657      0.7990763
      29.5      1.6321100      0.8036894
      29.6      1.6357985      0.8079893
      29.7      1.6388147      0.8119649
      29.8      1.6411441      0.8156059
      29.9      1.6427738      0.8189026
      30.0      1.6436929      0.8218464
      30.1      1.6438918      0.8244294
      30.2      1.6433630      0.8266444
      30.3      1.6421007      0.8284852
      30.4      1.6401008      0.8299464
      30.5      1.6373611      0.8310235
      30.6      1.6338808      0.8317130
      30.7      1.6296613      0.8320120
      30.8      1.6247053      0.8319188
      30.9      1.6190175      0.8314323
      31.0      1.6126041      0.8305525
      31.1      1.6054730      0.8292803
      31.2      1.5976337      0.8276174
      31.3      1.5890972      0.8255664
      31.4      1.5798762      0.8231307
      31.5      1.5699848      0.8203148
      31.6      1.5594385      0.8171238
      31.7      1.5482544      0.8135638
      31.8      1.5364509      0.8096417
      31.9      1.5240474      0.8053651
      32.0      1.5110651      0.8007425
      32.1      1.4975260      0.7957832
      32.2      1.4834534      0.7904971
      32.3      1.4688716      0.7848950
      32.4      1.4538060      0.7789882
      32.5      1.4382829      0.7727888
      32.6      1.4223296      0.7663096
      32.7      1.4059741      0.7595639
      32.8      1.3892453      0.7525656
      32.9      1.3721725      0.7453290
      33.0      1.3547859      0.7378693
      33.1      1.3371163      0.7302018
      33.2      1.3191946      0.7223425
      33.3      1.3010525      0.7143075
      33.4      1.2827217      0.7061136
      33.5      1.2642345      0.6977778
      33.6      1.2456231      0.6893173
      33.7      1.2269199      0.6807497
      33.8      1.2081573      0.6720926
      33.9      1.1893678      0.6633641
      34.0      1.1705837      0.6545821
      34.1      1.1518371      0.6457648
      34.2      1.1331598      0.6369303
      34.3      1.1145835      0.6280968
      34.4      1.0961393      0.6192825
      34.5      1.0778578      0.6105054
      34.6      1.0597694      0.6017834
      34.7      1.0419037      0.5931344
      34.8      1.0242895      0.5845759
      34.9      1.0069553      0.5761253
      35.0      0.9899285      0.5677996
      35.1      0.9732358      0.5596157
      35.2      0.9569030      0.5515898
      35.3      0.9409551      0.5437381
      35.4      0.9254160      0.5360761
      35.5      0.9103086      0.5286189
      35.6      0.8956548      0.5213812
      35.7      0.8814753      0.5143771
      35.8      0.8677897      0.5076202
      35.9      0.8546164      0.5011234
      36.0      0.8419727      0.4948991
      36.1      0.8298745      0.4889590
      36.2      0.8183366      0.4833142
      36.3      0.8073722      0.4779750
      36.4      0.7969935      0.4729510
      36.5      0.7872113      0.4682512
      36.6      0.7780349      0.4638838
      36.7      0.7694724      0.4598560
      36.8      0.7615303      0.4561746
      36.9      0.7542141      0.4528454
      37.0      0.7475274      0.4498732
      37.1      0.7414730      0.4472624
      37.2      0.7360517      0.4450162
      37.3      0.7312635      0.4431372
      37.4      0.7271066      0.4416270
      37.5      0.7235781      0.4404865
      37.6      0.7206737      0.4397156
      37.7      0.7183876      0.4393135
      37.8      0.7167130      0.4392785
      37.9      0.7156416      0.4396080
      38.0      0.7151638      0.4402988
      38.1      0.7152690      0.4413466
      38.2      0.7159452      0.4427465
      38.3      0.7171794      0.4444928
      38.4      0.7189573      0.4465788
      38.5      0.7212637      0.4489972
      38.6      0.7240821      0.4517400
      38.7      0.7273952      0.4547985
      38.8      0.7311847      0.4581631
      38.9      0.7354313      0.4618237
      39.0      0.7401149      0.4657694
      39.1      0.7452145      0.4699888
      39.2      0.7507085      0.4744698
      39.3      0.7565744      0.4791998
      39.4      0.7627892      0.4841656
      39.5      0.7693290      0.4893534
      39.6      0.7761697      0.4947492
      39.7      0.7832864      0.5003382
      39.8      0.7906541      0.5061053
      39.9      0.7982470      0.5120353
      40.0      0.8060394      0.5181121
      40.1      0.8140049      0.5243198
      40.2      0.8221173      0.5306419
      40.3      0.8303501      0.5370619
      40.4      0.8386765      0.5435629
      40.5      0.8470700      0.5501280
      40.6      0.8555040      0.5567399
      40.7      0.8639519      0.5633817
      40.8      0.8723874      0.5700359
      40.9      0.8807844      0.5766855
      41.0      0.8891168      0.5833131
      41.1      0.8973592      0.5899017
      41.2      0.9054863      0.5964343
      41.3      0.9134734      0.6028940
      41.4      0.9212961      0.6092641
      41.5      0.9289307      0.6155281
      41.6      0.9363540      0.6216700
      41.7      0.9435434      0.6276737
      41.8      0.9504770      0.6335238
      41.9      0.9571337      0.6392050
      42.0      0.9634930      0.6447027
      42.1      0.9695354      0.6500023
      42.2      0.9752421      0.6550902
      42.3      0.9805952      0.6599529
      42.4      0.9855778      0.6645775
      42.5      0.9901739      0.6689518
      42.6      0.9943683      0.6730640
      42.7      0.9981472      0.6769032
      42.8      1.0014975      0.6804587
      42.9      1.0044072      0.6837210
      43.0      1.0068656      0.6866807
      43.1      1.0088628      0.6893295
      43.2      1.0103902      0.6916597
      43.3      1.0114403      0.6936643
      43.4      1.0120067      0.6953371
      43.5      1.0120841      0.6966727
      43.6      1.0116685      0.6976664
      43.7      1.0107570      0.6983142
      43.8      1.0093477      0.6986131
      43.9      1.0074400      0.6985608
      44.0      1.0050345      0.6981556
      44.1      1.0021328      0.6973971
      44.2      0.9987378      0.6962851
      44.3      0.9948532      0.6948207
      44.4      0.9904843      0.6930055
      44.5      0.9856370      0.6908421
      44.6      0.9803186      0.6883337
      44.7      0.9745373      0.6854844
      44.8      0.9683024      0.6822990
      44.9      0.9616242      0.6787832
      45.0      0.9545138      0.6749432
      45.1      0.9469835      0.6707862
      45.2      0.9390464      0.6663199
      45.3      0.9307165      0.6615528
      45.4      0.9220085      0.6564940
      45.5      0.9129381      0.6511535
      45.6      0.9035217      0.6455416
      45.7      0.8937764      0.6396693
      45.8      0.8837201      0.6335483
      45.9      0.8733711      0.6271907
      46.0      0.8627485      0.6206094
      46.1      0.8518720      0.6138173
      46.2      0.8407617      0.6068283
      46.3      0.8294380      0.5996565
      46.4      0.8179221      0.5923162
      46.5      0.8062352      0.5848224
      46.6      0.7943991      0.5771903
      46.7      0.7824356      0.5694353
      46.8      0.7703669      0.5615733
      46.9      0.7582153      0.5536202
      47.0      0.7460033      0.5455923
      47.1      0.7337533      0.5375057
      47.2      0.7214878      0.5293771
      47.3      0.7092292      0.5212229
      47.4      0.6970001      0.5130597
      47.5      0.6848225      0.5049041
      47.6      0.6727185      0.4967726
      47.7      0.6607101      0.4886817
      47.8      0.6488186      0.4806478
      47.9      0.6370653      0.4726870
      48.0      0.6254710      0.4648155
      48.1      0.6140561      0.4570491
      48.2      0.6028407      0.4494032
      48.3      0.5918440      0.4418933
      48.4      0.5810850      0.4345343
      48.5      0.5705821      0.4273407
      48.6      0.5603528      0.4203268
      48.7      0.5504142      0.4135064
      48.8      0.5407826      0.4068929
      48.9      0.5314736      0.4004990
      49.0      0.5225019      0.3943372
      49.1      0.5138816      0.3884192
      49.2      0.5056260      0.3827564
      49.3      0.4977473      0.3773593
      49.4      0.4902570      0.3722381
      49.5      0.4831657      0.3674021
      49.6      0.4764830      0.3628601
      49.7      0.4702177      0.3586202
      49.8      0.4643776      0.3546898
      49.9      0.4589694      0.3510756
      50.0      0.4539991      0.3477835
      50.1      0.4494714      0.3448188
      50.2      0.4453902      0.3421860
      50.3      0.4417584      0.3398887
      50.4      0.4385779      0.3379301
      50.5      0.4358494      0.3363121
      50.6      0.4335730      0.3350364
      50.7      0.4317473      0.3341034
      50.8      0.4303704      0.3335132
      50.9      0.4294392      0.3332647
      51.0      0.4289495      0.3333564
      51.1      0.4288964      0.3337857
      51.2      0.4292738      0.3345494
      51.3      0.4300750      0.3356436
      51.4      0.4312920      0.3370635
      51.5      0.4329163      0.3388038
      51.6      0.4349382      0.3408582
      51.7      0.4373474      0.3432199
      51.8      0.4401327      0.3458813
      51.9      0.4432821      0.3488342
      52.0      0.4467828      0.3520697
      52.1      0.4506215      0.3555782
      52.2      0.4547838      0.3593497
      52.3      0.4592551      0.3633735
      52.4      0.4640199      0.3676382
      52.5      0.4690622      0.3721320
      52.6      0.4743653      0.3768427
      52.7      0.4799122      0.3817574
      52.8      0.4856854      0.3868629
      52.9      0.4916668      0.3921456
      53.0      0.4978381      0.3975912
      53.1      0.5041807      0.4031855
      53.2      0.5106753      0.4089137
      53.3      0.5173029      0.4147608
      53.4      0.5240438      0.4207115
      53.5      0.5308785      0.4267503
      53.6      0.5377870      0.4328615
      53.7      0.5447497      0.4390292
      53.8      0.5517465      0.4452375
      53.9      0.5587575      0.4514704
      54.0      0.5657630      0.4577119
      54.1      0.5727431      0.4639457
      54.2      0.5796782      0.4701560
      54.3      0.5865489      0.4763267
      54.4      0.5933360      0.4824419
      54.5      0.6000205      0.4884860
      54.6      0.6065838      0.4944434
      54.7      0.6130077      0.5002986
      54.8      0.6192742      0.5060368
      54.9      0.6253659      0.5116429
      55.0      0.6312657      0.5171026
      55.1      0.6369572      0.5224016
      55.2      0.6424244      0.5275263
      55.3      0.6476519      0.5324632
      55.4      0.6526250      0.5371994
      55.5      0.6573295      0.5417224
      55.6      0.6617518      0.5460204
      55.7      0.6658793      0.5500817
      55.8      0.6696998      0.5538957
      55.9      0.6732020      0.5574519
      56.0      0.6763753      0.5607406
      56.1      0.6792100      0.5637527
      56.2      0.6816971      0.5664797
      56.3      0.6838285      0.5689139
      56.4      0.6855968      0.5710481
      56.5      0.6869956      0.5728759
      56.6      0.6880194      0.5743915
      56.7      0.6886634      0.5755899
      56.8      0.6889237      0.5764668
      56.9      0.6887976      0.5770186
      57.0      0.6882829      0.5772426
      57.1      0.6873785      0.5771367
      57.2      0.6860842      0.5766995
      57.3      0.6844006      0.5759305
      57.4      0.6823293      0.5748299
      57.5      0.6798726      0.5733987
      57.6      0.6770339      0.5716387
      57.7      0.6738175      0.5695522
      57.8      0.6702281      0.5671425
      57.9      0.6662719      0.5644135
      58.0      0.6619554      0.5613700
      58.1      0.6572861      0.5580173
      58.2      0.6522724      0.5543616
      58.3      0.6469233      0.5504095
      58.4      0.6412486      0.5461687
      58.5      0.6352588      0.5416472
      58.6      0.6289652      0.5368537
      58.7      0.6223796      0.5317978
      58.8      0.6155146      0.5264892
      58.9      0.6083834      0.5209387
      59.0      0.6009996      0.5151572
      59.1      0.5933776      0.5091565
      59.2      0.5855321      0.5029486
      59.3      0.5774784      0.4965462
      59.4      0.5692323      0.4899622
      59.5      0.5608099      0.4832101
      59.6      0.5522276      0.4763038
      59.7      0.5435023      0.4692575
      59.8      0.5346512      0.4620855
      59.9      0.5256916      0.4548028
      60.0      0.5166411      0.4474243
      60.1      0.5075176      0.4399653
      60.2      0.4983389      0.4324413
      60.3      0.4891231      0.4248677
      60.4      0.4798882      0.4172603
      60.5      0.4706523      0.4096349
      60.6      0.4614336      0.4020073
      60.7      0.4522499      0.3943933
      60.8      0.4431193      0.3868086
      60.9      0.4340594      0.3792691
      61.0      0.4250878      0.3717902
      61.1      0.4162219      0.3643875
      61.2      0.4074787      0.3570763
      61.3      0.3988751      0.3498718
      61.4      0.3904274      0.3427886
      61.5      0.3821518      0.3358415
      61.6      0.3740639      0.3290448
      61.7      0.3661790      0.3224123
      61.8      0.3585117      0.3159576
      61.9      0.3510764      0.3096940
      62.0      0.3438868      0.3036340
      62.1      0.3369560      0.2977902
      62.2      0.3302966      0.2921741
      62.3      0.3239204      0.2867971
      62.4      0.3178389      0.2816700
      62.5      0.3120625      0.2768028
      62.6      0.3066013      0.2722053
      62.7      0.3014643      0.2678864
      62.8      0.2966602      0.2638544
      62.9      0.2921966      0.2601172
      63.0      0.2880805      0.2566816
      63.1      0.2843180      0.2535541
      63.2      0.2809147      0.2507404
      63.3      0.2778749      0.2482455
      63.4      0.2752026      0.2460736
      63.5      0.2729007      0.2442282
      63.6      0.2709712      0.2427121
      63.7      0.2694156      0.2415275
      63.8      0.2682344      0.2406755
      63.9      0.2674271      0.2401569
      64.0      0.2669926      0.2399713
      64.1      0.2669289      0.2401180
      64.2      0.2672333      0.2405951
      64.3      0.2679020      0.2414004
      64.4      0.2689308      0.2425305
      64.5      0.2703144      0.2439818
      64.6      0.2720468      0.2457495
      64.7      0.2741214      0.2478284
      64.8      0.2765307      0.2502125
      64.9      0.2792665      0.2528950
      65.0      0.2823199      0.2558687
      65.1      0.2856813      0.2591255
      65.2      0.2893405      0.2626568
      65.3      0.2932867      0.2664534
      65.4      0.2975084      0.2705053
      65.5      0.3019934      0.2748023
      65.6      0.3067293      0.2793333
      65.7      0.3117028      0.2840869
      65.8      0.3169003      0.2890511
      65.9      0.3223077      0.2942134
      66.0      0.3279104      0.2995611
      66.1      0.3336936      0.3050807
      66.2      0.3396418      0.3107586
      66.3      0.3457395      0.3165807
      66.4      0.3519707      0.3225329
      66.5      0.3583193      0.3286003
      66.6      0.3647687      0.3347681
      66.7      0.3713024      0.3410213
      66.8      0.3779036      0.3473446
      66.9      0.3845555      0.3537224
      67.0      0.3912410      0.3601392
      67.1      0.3979432      0.3665795
      67.2      0.4046452      0.3730275
      67.3      0.4113299      0.3794675
      67.4      0.4179805      0.3858838
      67.5      0.4245801      0.3922609
      67.6      0.4311123      0.3985832
      67.7      0.4375606      0.4048353
      67.8      0.4439088      0.4110021
      67.9      0.4501408      0.4170683
      68.0      0.4562411      0.4230194
      68.1      0.4621944      0.4288407
      68.2      0.4679856      0.4345180
      68.3      0.4736003      0.4400374
      68.4      0.4790242      0.4453854
      68.5      0.4842436      0.4505488
      68.6      0.4892454      0.4555148
      68.7      0.4940168      0.4602711
      68.8      0.4985458      0.4648061
      68.9      0.5028206      0.4691082
      69.0      0.5068303      0.4731669
      69.1      0.5105646      0.4769718
      69.2      0.5140137      0.4805132
      69.3      0.5171684      0.4837821
      69.4      0.5200205      0.4867701
      69.5      0.5225621      0.4894694
      69.6      0.5247863      0.4918727
      69.7      0.5266867      0.4939736
      69.8      0.5282579      0.4957663
      69.9      0.5294950      0.4972457
      70.0      0.5303940      0.4984073
      70.1      0.5309516      0.4992475
      70.2      0.5311653      0.4997632
      70.3      0.5310334      0.4999523
      70.4      0.5305549      0.4998132
      70.5      0.5297296      0.4993451
      70.6      0.5285582      0.4985481
      70.7      0.5270420      0.4974228
      70.8      0.5251832      0.4959706
      70.9      0.5229847      0.4941938
      71.0      0.5204502      0.4920953
      71.1      0.5175840      0.4896786
      71.2      0.5143913      0.4869482
      71.3      0.5108780      0.4839089
      71.4      0.5070508      0.4805667
      71.5      0.5029167      0.4769278
      71.6      0.4984839      0.4729995
      71.7      0.4937610      0.4687892
      71.8      0.4887571      0.4643056
      71.9      0.4834821      0.4595574
      72.0      0.4779465      0.4545542
      72.1      0.4721614      0.4493061
      72.2      0.4661382      0.4438239
      72.3      0.4598891      0.4381187
      72.4      0.4534267      0.4322021
      72.5      0.4467639      0.4260863
      72.6      0.4399142      0.4197839
      72.7      0.4328915      0.4133078
      72.8      0.4257100      0.4066715
      72.9      0.4183843      0.3998888
      73.0      0.4109292      0.3929735
      73.1      0.4033598      0.3859402
      73.2      0.3956916      0.3788033
      73.3      0.3879400      0.3715777
      73.4      0.3801209      0.3642784
      73.5      0.3722500      0.3569207
      73.6      0.3643434      0.3495197
      73.7      0.3564169      0.3420909
      73.8      0.3484867      0.3346496
      73.9      0.3405688      0.3272114
      74.0      0.3326791      0.3197917
      74.1      0.3248335      0.3124058
      74.2      0.3170478      0.3050691
      74.3      0.3093376      0.2977967
      74.4      0.3017182      0.2906037
      74.5      0.2942049      0.2835048
      74.6      0.2868126      0.2765147
      74.7      0.2795559      0.2696477
      74.8      0.2724491      0.2629179
      74.9      0.2655062      0.2563390
      75.0      0.2587408      0.2499244
      75.1      0.2521660      0.2436872
      75.2      0.2457945      0.2376398
      75.3      0.2396385      0.2317946
      75.4      0.2337098      0.2261631
      75.5      0.2280195      0.2207566
      75.6      0.2225784      0.2155857
      75.7      0.2173965      0.2106606
      75.8      0.2124833      0.2059909
      75.9      0.2078476      0.2015855
      76.0      0.2034977      0.1974529
      76.1      0.1994411      0.1936008
      76.2      0.1956849      0.1900363
      76.3      0.1922351      0.1867658
      76.4      0.1890973      0.1837952
      76.5      0.1862763      0.1811295
      76.6      0.1837762      0.1787731
      76.7      0.1816004      0.1767297
      76.8      0.1797516      0.1750023
      76.9      0.1782315      0.1735932
      77.0      0.1770413      0.1725037
      77.1      0.1761815      0.1717349
      77.2      0.1756516      0.1712866
      77.3      0.1754506      0.1711582
      77.4      0.1755767      0.1713483
      77.5      0.1760273      0.1718547
      77.6      0.1767990      0.1726746
      77.7      0.1778878      0.1738045
      77.8      0.1792890      0.1752400
      77.9      0.1809972      0.1769760
      78.0      0.1830062      0.1790070
      78.1      0.1853091      0.1813267
      78.2      0.1878986      0.1839278
      78.3      0.1907665      0.1868029
      78.4      0.1939040      0.1899436
      78.5      0.1973019      0.1933410
      78.6      0.2009501      0.1969856
      78.7      0.2048382      0.2008673
      78.8      0.2089551      0.2049756
      78.9      0.2132894      0.2092993
      79.0      0.2178290      0.2138269
      79.1      0.2225613      0.2185461
      79.2      0.2274736      0.2234444
      79.3      0.2325524      0.2285090
      79.4      0.2377841      0.2337264
      79.5      0.2431546      0.2390829
      79.6      0.2486496      0.2445646
      79.7      0.2542544      0.2501571
      79.8      0.2599543      0.2558459
      79.9      0.2657341      0.2616160
      80.0      0.2715785      0.2674526
      80.1      0.2774722      0.2733404
      80.2      0.2833996      0.2792642
      80.3      0.2893452      0.2852086
      80.4      0.2952933      0.2911580
      80.5      0.3012283      0.2970972
      80.6      0.3071346      0.3030105
      80.7      0.3129967      0.3088825
      80.8      0.3187990      0.3146981
      80.9      0.3245263      0.3204418
      81.0      0.3301635      0.3260987
      81.1      0.3356956      0.3316538
      81.2      0.3411079      0.3370926
      81.3      0.3463860      0.3424005
      81.4      0.3515157      0.3475634
      81.5      0.3564832      0.3525675
      81.6      0.3612750      0.3573994
      81.7      0.3658781      0.3620458
      81.8      0.3702798      0.3664942
      81.9      0.3744680      0.3707322
      82.0      0.3784309      0.3747481
      82.1      0.3821573      0.3785305
      82.2      0.3856365      0.3820686
      82.3      0.3888584      0.3853521
      82.4      0.3918133      0.3883714
      82.5      0.3944923      0.3911174
      82.6      0.3968870      0.3935814
      82.7      0.3989897      0.3957556
      82.8      0.4007932      0.3976328
      82.9      0.4022912      0.3992064
      83.0      0.4034778      0.4004704
      83.1      0.4043481      0.4014195
      83.2      0.4048976      0.4020494
      83.3      0.4051227      0.4023560
      83.4      0.4050205      0.4023364
      83.5      0.4045888      0.4019880
      83.6      0.4038260      0.4013093
      83.7      0.4027315      0.4002994
      83.8      0.4013052      0.3989579
      83.9      0.3995478      0.3972855
      84.0      0.3974608      0.3952835
      84.1      0.3950465      0.3929539
      84.2      0.3923077      0.3902993
      84.3      0.3892480      0.3873234
      84.4      0.3858718      0.3840301
      84.5      0.3821841      0.3804246
      84.6      0.3781907      0.3765123
      84.7      0.3738980      0.3722995
      84.8      0.3693130      0.3677931
      84.9      0.3644436      0.3630008
      85.0      0.3592979      0.3579307
      85.1      0.3538851      0.3525918
      85.2      0.3482146      0.3469934
      85.3      0.3422966      0.3411456
      85.4      0.3361418      0.3350590
      85.5      0.3297613      0.3287448
      85.6      0.3231669      0.3222145
      85.7      0.3163707      0.3154802
      85.8      0.3093855      0.3085546
      85.9      0.3022241      0.3014506
      86.0      0.2949000      0.2941817
      86.1      0.2874271      0.2867615
      86.2      0.2798195      0.2792043
      86.3      0.2720916      0.2715245
      86.4      0.2642581      0.2637367
      86.5      0.2563339      0.2558558
      86.6      0.2483342      0.2478971
      86.7      0.2402743      0.2398759
      86.8      0.2321696      0.2318076
      86.9      0.2240356      0.2237078
      87.0      0.2158881      0.2155922
      87.1      0.2077425      0.2074765
      87.2      0.1996146      0.1993763
      87.3      0.1915200      0.1913074
      87.4      0.1834742      0.1832853
      87.5      0.1754926      0.1753256
      87.6      0.1675906      0.1674436
      87.7      0.1597832      0.1596545
      87.8      0.1520855      0.1519734
      87.9      0.1445120      0.1444149
      88.0      0.1370772      0.1369937
      88.1      0.1297952      0.1297238
      88.2      0.1226797      0.1226192
      88.3      0.1157443      0.1156934
      88.4      0.1090019      0.1089594
      88.5      0.1024652      0.1024300
      88.6      0.0961462      0.0961175
      88.7      0.0900567      0.0900335
      88.8      0.0842078      0.0841893
      88.9      0.0786102      0.0785957
      89.0      0.0732741      0.0732629
      89.1      0.0682089      0.0682004
      89.2      0.0634235      0.0634173
      89.3      0.0589264      0.0589220
      89.4      0.0547252      0.0547222
      89.5      0.0508270      0.0508251
      89.6      0.0472381      0.0472370
      89.7      0.0439644      0.0439638
      89.8      0.0410107      0.0410104
      89.9      0.0383815      0.0383814
      90.0      0.0360803      0.0360803
      90.1      0.0341101      0.0341100
      90.2      0.0324730      0.0324728
      90.3      0.0311706      0.0311701
      90.4      0.0302034      0.0302027
      90.5      0.0295716      0.0295704
      90.6      0.0292742      0.0292726
      90.7      0.0293100      0.0293078
      90.8      0.0296767      0.0296738
      90.9      0.0303713      0.0303675
      91.0      0.0313902      0.0313854
      91.1      0.0327290      0.0327230
      91.2      0.0343827      0.0343752
      91.3      0.0363457      0.0363363
      91.4      0.0386113      0.0385998
      91.5      0.0411727      0.0411586
      91.6      0.0440220      0.0440048
      91.7      0.0471509      0.0471301
      91.8      0.0505505      0.0505255
      91.9      0.0542112      0.0541814
      92.0      0.0581229      0.0580875
      92.1      0.0622749      0.0622331
      92.2      0.0666561      0.0666070
      92.3      0.0712548      0.0711974
      92.4      0.0760587      0.0759920
      92.5      0.0810555      0.0809783
      92.6      0.0862319      0.0861431
      92.7      0.0915746      0.0914729
      92.8      0.0970698      0.0969539
      92.9      0.1027035      0.1025720
      93.0      0.1084612      0.1083126
      93.1      0.1143283      0.1141610
      93.2      0.1202899      0.1201023
      93.3      0.1263308      0.1261214
      93.4      0.1324359      0.1322028
      93.5      0.1385897      0.1383312
      93.6      0.1447767      0.1444911
      93.7      0.1509814      0.1506667
      93.8      0.1571882      0.1568426
      93.9      0.1633814      0.1630030
      94.0      0.1695455      0.1691325
      94.1      0.1756650      0.1752154
      94.2      0.1817246      0.1812365
      94.3      0.1877089      0.1871805
      94.4      0.1936030      0.1930324
      94.5      0.1993919      0.1987773
      94.6      0.2050611      0.2044006
      94.7      0.2105962      0.2098880
      94.8      0.2159831      0.2152256
      94.9      0.2212081      0.2203996
      95.0      0.2262579      0.2253969
      95.1      0.2311195      0.2302045
      95.2      0.2357804      0.2348100
      95.3      0.2402285      0.2392015
      95.4      0.2444523      0.2433674
      95.5      0.2484405      0.2472967
      95.6      0.2521826      0.2509791
      95.7      0.2556687      0.2544046
      95.8      0.2588892      0.2575639
      95.9      0.2618354      0.2604484
      96.0      0.2644989      0.2630499
      96.1      0.2668721      0.2653611
      96.2      0.2689482      0.2673751
      96.3      0.2707208      0.2690859
      96.4      0.2721843      0.2704881
      96.5      0.2733338      0.2715768
      96.6      0.2741651      0.2723482
      96.7      0.2746747      0.2727988
      96.8      0.2748597      0.2729262
      96.9      0.2747182      0.2727286
      97.0      0.2742489      0.2722047
      97.1      0.2734510      0.2713542
      97.2      0.2723249      0.2701775
      97.3      0.2708713      0.2686757
      97.4      0.2690919      0.2668506
      97.5      0.2669890      0.2647049
      97.6      0.2645658      0.2622417
      97.7      0.2618260      0.2594652
      97.8      0.2587742      0.2563799
      97.9      0.2554155      0.2529915
      98.0      0.2517559      0.2493058
      98.1      0.2478019      0.2453298
      98.2      0.2435609      0.2410708
      98.3      0.2390407      0.2365369
      98.4      0.2342499      0.2317369
      98.5      0.2291975      0.2266800
      98.6      0.2238934      0.2213760
      98.7      0.2183479      0.2158355
      98.8      0.2125717      0.2100694
      98.9      0.2065764      0.2040892
      99.0      0.2003738      0.1979069
      99.1      0.1939763      0.1915349
      99.2      0.1873967      0.1849861
      99.3      0.1806482      0.1782737
      99.4      0.1737445      0.1714115
      99.5      0.1666995      0.1644133
      99.6      0.1595276      0.1572936
      99.7      0.1522434      0.1500669
      99.8      0.1448618      0.1427480
      99.9      0.1373979      0.1353520
     100.0      0.1298671      0.1278941
     100.1      0.1222848      0.1203897
     100.2      0.1146666      0.1128544
     100.3      0.1070284      0.1053036
     100.4      0.0993859      0.0977531
     100.5      0.0917549      0.0902184
     100.6      0.0841512      0.0827152
     100.7      0.0765906      0.0752589
     100.8      0.0690889      0.0678652
     100.9      0.0616617      0.0605492
     101.0      0.0543243      0.0533262
     101.1      0.0470921      0.0462111
     101.2      0.0399801      0.0392187
     101.3      0.0330032      0.0323635
     101.4      0.0261759      0.0256595
     101.5      0.0195125      0.0191208
     101.6      0.0130268      0.0127607
     101.7      0.0067324      0.0065925
     101.8      0.0006423      0.0006288
     101.9     -0.0052306     -0.0051182
     102.0     -0.0108743     -0.0106366
     102.1     -0.0162769     -0.0159152
     102.2     -0.0214272     -0.0209433
     102.3     -0.0263145     -0.0257105
     102.4     -0.0309287     -0.0302072
     102.5     -0.0352603     -0.0344245
     102.6     -0.0393003     -0.0383538
     102.7     -0.0430404     -0.0419874
     102.8     -0.0464729     -0.0453180
     102.9     -0.0495909     -0.0483393
     103.0     -0.0523879     -0.0510453
     103.1     -0.0548585     -0.0534309
     103.2     -0.0569976     -0.0554917
     103.3     -0.0588011     -0.0572240
     103.4     -0.0602654     -0.0586248
     103.5     -0.0613879     -0.0596918
     103.6     -0.0621665     -0.0604235
     103.7     -0.0626001     -0.0608190
     103.8     -0.0626880     -0.0608785
     103.9     -0.0624306     -0.0606024
     104.0     -0.0618288     -0.0599922
     104.1     -0.0608845     -0.0590501
     104.2     -0.0596001     -0.0577790
     104.3     -0.0579789     -0.0561825
     104.4     -0.0560249     -0.0542648
     104.5     -0.0537428     -0.0520310
     104.6     -0.0511381     -0.0494868
     104.7     -0.0482168     -0.0466386
     104.8     -0.0449860     -0.0434935
     104.9     -0.0414530     -0.0400592
     105.0     -0.0376262     -0.0363441
     105.1     -0.0335142     -0.0323571
     105.2     -0.0291267     -0.0281078
     105.3     -0.0244737     -0.0236063
     105.4     -0.0195659     -0.0188634
     105.5     -0.0144145     -0.0138903
     105.6     -0.0090313     -0.0086986
     105.7     -0.0034287     -0.0033007
     105.8      0.0023807      0.0022908
     105.9      0.0083835      0.0080628
     106.0      0.0145661      0.0140019
     106.1      0.0209144      0.0200941
     106.2      0.0274139      0.0263253
     106.3      0.0340497      0.0326811
     106.4      0.0408068      0.0391466
     106.5      0.0476698      0.0457068
     106.6      0.0546231      0.0523465
     106.7      0.0616507      0.0590504
     106.8      0.0687366      0.0658029
     106.9      0.0758647      0.0725884
     107.0      0.0830188      0.0793912
     107.1      0.0901823      0.0861956
     107.2      0.0973391      0.0929859
     107.3      0.1044726      0.0997463
     107.4      0.1115665      0.1064612
     107.5      0.1186046      0.1131152
     107.6      0.1255707      0.1196928
     107.7      0.1324487      0.1261788
     107.8      0.1392229      0.1325582
     107.9      0.1458775      0.1388162
     108.0      0.1523973      0.1449384
     108.1      0.1587670      0.1509105
     108.2      0.1649720      0.1567187
     108.3      0.1709977      0.1623495
     108.4      0.1768301      0.1677898
     108.5      0.1824556      0.1730270
     108.6      0.1878609      0.1780487
     108.7      0.1930334      0.1828432
     108.8      0.1979607      0.1873993
     108.9      0.2026311      0.1917064
     109.0      0.2070336      0.1957541
     109.1      0.2111574      0.1995330
     109.2      0.2149927      0.2030340
     109.3      0.2185300      0.2062488
     109.4      0.2217607      0.2091697
     109.5      0.2246766      0.2117895
     109.6      0.2272704      0.2141018
     109.7      0.2295355      0.2161009
     109.8      0.2314659      0.2177818
     109.9      0.2330563      0.2191400
     110.0      0.2343022      0.2201721
     110.1      0.2352000      0.2208750
     110.2      0.2357466      0.2212466
     110.3      0.2359399      0.2212854
     110.4      0.2357783      0.2209908
     110.5      0.2352613      0.2203627
     110.6      0.2343889      0.2194020
     110.7      0.2331621      0.2181101
     110.8      0.2315826      0.2164893
     110.9      0.2296527      0.2145426
     111.0      0.2273757      0.2122735
     111.1      0.2247556      0.2096866
     111.2      0.2217972      0.2067868
     111.3      0.2185060      0.2035801
     111.4      0.2148881      0.2000728
     111.5      0.2109506      0.1962722
     111.6      0.2067012      0.1921859
     111.7      0.2021481      0.1878224
     111.8      0.1973004      0.1831906
     111.9      0.1921679      0.1783003
     112.0      0.1867608      0.1731616
     112.1      0.1810902      0.1677852
     112.2      0.1751675      0.1621824
     112.3      0.1690049      0.1563650
     112.4      0.1626150      0.1503451
     112.5      0.1560110      0.1441354
     112.6      0.1492066      0.1377491
     112.7      0.1422158      0.1311995
     112.8      0.1350533      0.1245006
     112.9      0.1277338      0.1176665
     113.0      0.1202728      0.1107117
     113.1      0.1126859      0.1036509
     113.2      0.1049890      0.0964991
     113.3      0.0971983      0.0892714
     113.4      0.0893302      0.0819832
     113.5      0.0814013      0.0746499
     113.6      0.0734284      0.0672871
     113.7      0.0654284      0.0599103
     113.8      0.0574182      0.0525354
     113.9      0.0494150      0.0451778
     114.0      0.0414356      0.0378533
     114.1      0.0334970      0.0305772
     114.2      0.0256164      0.0233652
     114.3      0.0178103      0.0162324
     114.4      0.0100956      0.0091939
     114.5      0.0024888      0.0022647
     114.6     -0.0049939     -0.0045406
     114.7     -0.0123363     -0.0112077
     114.8     -0.0195228     -0.0177224
     114.9     -0.0265379     -0.0240710
     115.0     -0.0333664     -0.0302402
     115.1     -0.0399936     -0.0362170
     115.2     -0.0464053     -0.0419888
     115.3     -0.0525876     -0.0475436
     115.4     -0.0585272     -0.0528697
     115.5     -0.0642111     -0.0579560
     115.6     -0.0696272     -0.0627921
     115.7     -0.0747635     -0.0673677
     115.8     -0.0796091     -0.0716735
     115.9     -0.0841533     -0.0757007
     116.0     -0.0883862     -0.0794410
     116.1     -0.0922987     -0.0828868
     116.2     -0.0958821     -0.0860311
     116.3     -0.0991288     -0.0888676
     116.4     -0.1020314     -0.0913908
     116.5     -0.1045838     -0.0935956
     116.6     -0.1067802     -0.0954780
     116.7     -0.1086159     -0.0970343
     116.8     -0.1100867     -0.0982618
     116.9     -0.1111894     -0.0991584
     117.0     -0.1119215     -0.0997228
     117.1     -0.1122814     -0.0999543
     117.2     -0.1122681     -0.0998531
     117.3     -0.1118817     -0.0994200
     117.4     -0.1111229     -0.0986567
     117.5     -0.1099933     -0.0975653
     117.6     -0.1084953     -0.0961489
     117.7     -0.1066321     -0.0944114
     117.8     -0.1044077     -0.0923571
     117.9     -0.1018269     -0.0899911
     118.0     -0.0988952     -0.0873193
     118.1     -0.0956191     -0.0843482
     118.2     -0.0920056     -0.0810849
     118.3     -0.0880627     -0.0775372
     118.4     -0.0837989     -0.0737135
     118.5     -0.0792235     -0.0696229
     118.6     -0.0743465     -0.0652750
     118.7     -0.0691786     -0.0606798
     118.8     -0.0637312     -0.0558481
     118.9     -0.0580162     -0.0507911
     119.0     -0.0520461     -0.0455205
     119.1     -0.0458341     -0.0400486
     119.2     -0.0393939     -0.0343878
     119.3     -0.0327396     -0.0285512
     119.4     -0.0258860     -0.0225522
     119.5     -0.0188482     -0.0164046
     119.6     -0.0116417     -0.0101224
     119.7     -0.0042826     -0.0037200
     119.8      0.0032128      0.0027880
     119.9      0.0108280      0.0093867
     120.0      0.0185459      0.0160612
     120.1      0.0263494      0.0227962
     120.2      0.0342211      0.0295764
     120.3      0.0421434      0.0363864
     120.4      0.0500986      0.0432107
     120.5      0.0580690      0.0500339
     120.6      0.0660365      0.0568404
     120.7      0.0739835      0.0636149
     120.8      0.0818919      0.0703418
     120.9      0.0897440      0.0770061
     121.0      0.0975220      0.0835926
     121.1      0.1052083      0.0900864
     121.2      0.1127857      0.0964728
     121.3      0.1202367      0.1027373
     121.4      0.1275445      0.1088657
     121.5      0.1346925      0.1148442
     121.6      0.1416642      0.1206592
     121.7      0.1484437      0.1262976
     121.8      0.1550154      0.1317465
     121.9      0.1613641      0.1369936
     122.0      0.1674752      0.1420270
     122.1      0.1733344      0.1468353
     122.2      0.1789280      0.1514077
     122.3      0.1842430      0.1557336
     122.4      0.1892667      0.1598032
     122.5      0.1939874      0.1636073
     122.6      0.1983937      0.1671372
     122.7      0.2024750      0.1703849
     122.8      0.2062214      0.1733429
     122.9      0.2096238      0.1760043
     123.0      0.2126736      0.1783631
     123.1      0.2153632      0.1804138
     123.2      0.2176857      0.1821516
     123.3      0.2196349      0.1835725
     123.4      0.2212055      0.1846729
     123.5      0.2223930      0.1854504
     123.6      0.2231937      0.1859028
     123.7      0.2236049      0.1860290
     123.8      0.2236245      0.1858285
     123.9      0.2232514      0.1853014
     124.0      0.2224853      0.1844487
     124.1      0.2213268      0.1832719
     124.2      0.2197774      0.1817736
     124.3      0.2178394      0.1799568
     124.4      0.2155159      0.1778251
     124.5      0.2128110      0.1753832
     124.6      0.2097296      0.1726361
     124.7      0.2062772      0.1695896
     124.8      0.2024606      0.1662503
     124.9      0.1982868      0.1626253
     125.0      0.1937642      0.1587223
     125.1      0.1889016      0.1545498
     125.2      0.1837086      0.1501166
     125.3      0.1781958      0.1454323
     125.4      0.1723741      0.1405069
     125.5      0.1662555      0.1353512
     125.6      0.1598524      0.1299761
     125.7      0.1531780      0.1243934
     125.8      0.1462461      0.1186150
     125.9      0.1390711      0.1126534
     126.0      0.1316678      0.1065215
     126.1      0.1240518      0.1002326
     126.2      0.1162389      0.0938002
     126.3      0.1082456      0.0872382
     126.4      0.1000888      0.0805609
     126.5      0.0917857      0.0737826
     126.6      0.0833539      0.0669179
     126.7      0.0748113      0.0599818
     126.8      0.0661761      0.0529893
     126.9      0.0574667      0.0459553
     127.0      0.0487019      0.0388951
     127.1      0.0399004      0.0318239
     127.2      0.0310811      0.0247570
     127.3      0.0222631      0.0177097
     127.4      0.0134653      0.0106970
     127.5      0.0047069      0.0037342
     127.6     -0.0039933     -0.0031638
     127.7     -0.0126161     -0.0099822
     127.8     -0.0211430     -0.0167062
     127.9     -0.0295552     -0.0233215
     128.0     -0.0378343     -0.0298138
     128.1     -0.0459622     -0.0361693
     128.2     -0.0539210     -0.0423742
     128.3     -0.0616932     -0.0484154
     128.4     -0.0692616     -0.0542799
     128.5     -0.0766094     -0.0599552
     128.6     -0.0837203     -0.0654292
     128.7     -0.0905785     -0.0706902
     128.8     -0.0971686     -0.0757271
     128.9     -0.1034758     -0.0805293
     129.0     -0.1094859     -0.0850865
     129.1     -0.1151854     -0.0893892
     129.2     -0.1205614     -0.0934284
     129.3     -0.1256015     -0.0971955
     129.4     -0.1302942     -0.1006827
     129.5     -0.1346287     -0.1038828
     129.6     -0.1385949     -0.1067892
     129.7     -0.1421836     -0.1093960
     129.8     -0.1453861     -0.1116978
     129.9     -0.1481950     -0.1136900
     130.0     -0.1506033     -0.1153688
     130.1     -0.1526051     -0.1167309
     130.2     -0.1541953     -0.1177738
     130.3     -0.1553697     -0.1184955
     130.4     -0.1561249     -0.1188951
     130.5     -0.1564586     -0.1189720
     130.6     -0.1563692     -0.1187266
     130.7     -0.1558562     -0.1181599
     130.8     -0.1549199     -0.1172736
     130.9     -0.1535617     -0.1160701
     131.0     -0.1517836     -0.1145525
     131.1     -0.1495888     -0.1127246
     131.2     -0.1469813     -0.1105909
     131.3     -0.1439661     -0.1081565
     131.4     -0.1405489     -0.1054273
     131.5     -0.1367366     -0.1024096
     131.6     -0.1325367     -0.0991107
     131.7     -0.1279576     -0.0955380
     131.8     -0.1230087     -0.0917000
     131.9     -0.1177001     -0.0876056
     132.0     -0.1120428     -0.0832640
     132.1     -0.1060485     -0.0786854
     132.2     -0.0997297     -0.0738802
     132.3     -0.0930995     -0.0688593
     132.4     -0.0861721     -0.0636342
     132.5     -0.0789619     -0.0582168
     132.6     -0.0714842     -0.0526193
     132.7     -0.0637550     -0.0468545
     132.8     -0.0557907     -0.0409353
     132.9     -0.0476084     -0.0348752
     133.0     -0.0392256     -0.0286878
     133.1     -0.0306603     -0.0223870
     133.2     -0.0219310     -0.0159870
     133.3     -0.0130565     -0.0095022
     133.4     -0.0040562     -0.0029472
     133.5      0.0050504      0.0036634
     133.6      0.0142435      0.0103148
     133.7      0.0235031      0.0169919
     133.8      0.0328087      0.0236800
     133.9      0.0421402      0.0303641
     134.0      0.0514768      0.0370293
     134.1      0.0607980      0.0436606
     134.2      0.0700832      0.0502434
     134.3      0.0793118      0.0567629
     134.4      0.0884633      0.0632046
     134.5      0.0975174      0.0695543
     134.6      0.1064537      0.0757978
     134.7      0.1152522      0.0819212
     134.8      0.1238933      0.0879110
     134.9      0.1323573      0.0937539
     135.0      0.1406251      0.0994370
     135.1      0.1486780      0.1049476
     135.2      0.1564976      0.1102736
     135.3      0.1640661      0.1154032
     135.4      0.1713660      0.1203251
     135.5      0.1783805      0.1250285
     135.6      0.1850933      0.1295030
     135.7      0.1914888      0.1337387
     135.8      0.1975520      0.1377263
     135.9      0.2032685      0.1414572
     136.0      0.2086249      0.1449230
     136.1      0.2136082      0.1481163
     136.2      0.2182063      0.1510300
     136.3      0.2224081      0.1536579
     136.4      0.2262031      0.1559941
     136.5      0.2295818      0.1580337
     136.6      0.2325355      0.1597722
     136.7      0.2350563      0.1612059
     136.8      0.2371376      0.1623319
     136.9      0.2387733      0.1631476
     137.0      0.2399586      0.1636514
     137.1      0.2406895      0.1638424
     137.2      0.2409630      0.1637202
     137.3      0.2407771      0.1632853
     137.4      0.2401307      0.1625387
     137.5      0.2390240      0.1614823
     137.6      0.2374580      0.1601185
     137.7      0.2354346      0.1584504
     137.8      0.2329569      0.1564820
     137.9      0.2300290      0.1542175
     138.0      0.2266558      0.1516623
     138.1      0.2228434      0.1488221
     138.2      0.2185989      0.1457032
     138.3      0.2139301      0.1423128
     138.4      0.2088460      0.1386583
     138.5      0.2033565      0.1347481
     138.6      0.1974723      0.1305908
     138.7      0.1912051      0.1261957
     138.8      0.1845675      0.1215727
     138.9      0.1775729      0.1167320
     139.0      0.1702355      0.1116845
     139.1      0.1625702      0.1064414
     139.2      0.1545930      0.1010143
     139.3      0.1463203      0.0954152
     139.4      0.1377693      0.0896567
     139.5      0.1289580      0.0837515
     139.6      0.1199048      0.0777127
     139.7      0.1106287      0.0715535
     139.8      0.1011496      0.0652878
     139.9      0.0914875      0.0589293
     140.0      0.0816631      0.0524920
     140.1      0.0716974      0.0459903
     140.2      0.0616118      0.0394383
     140.3      0.0514282      0.0328507
     140.4      0.0411685      0.0262418
     140.5      0.0308550      0.0196262
     140.6      0.0205103      0.0130185
     140.7      0.0101570      0.0064332
     140.8     -0.0001823     -0.0001152
     140.9     -0.0104846     -0.0066124
     141.0     -0.0207273     -0.0130441
     141.1     -0.0308876     -0.0193963
     141.2     -0.0409430     -0.0256550
     141.3     -0.0508708     -0.0318066
     141.4     -0.0606489     -0.0378376
     141.5     -0.0702552     -0.0437349
     141.6     -0.0796679     -0.0494856
     141.7     -0.0888658     -0.0550772
     141.8     -0.0978278     -0.0604975
     141.9     -0.1065333     -0.0657349
     142.0     -0.1149623     -0.0707779
     142.1     -0.1230953     -0.0756156
     142.2     -0.1309132     -0.0802376
     142.3     -0.1383978     -0.0846340
     142.4     -0.1455313     -0.0887952
     142.5     -0.1522968     -0.0927124
     142.6     -0.1586779     -0.0963772
     142.7     -0.1646594     -0.0997817
     142.8     -0.1702264     -0.1029187
     142.9     -0.1753652     -0.1057817
     143.0     -0.1800629     -0.1083646
     143.1     -0.1843074     -0.1106619
     143.2     -0.1880878     -0.1126690
     143.3     -0.1913938     -0.1143817
     143.4     -0.1942164     -0.1157966
     143.5     -0.1965475     -0.1169109
     143.6     -0.1983801     -0.1177225
     143.7     -0.1997082     -0.1182299
     143.8     -0.2005269     -0.1184323
     143.9     -0.2008323     -0.1183296
     144.0     -0.2006218     -0.1179225
     144.1     -0.1998937     -0.1172121
     144.2     -0.1986476     -0.1162004
     144.3     -0.1968841     -0.1148900
     144.4     -0.1946050     -0.1132841
     144.5     -0.1918133     -0.1113865
     144.6     -0.1885129     -0.1092019
     144.7     -0.1847090     -0.1067355
     144.8     -0.1804078     -0.1039929
     144.9     -0.1756169     -0.1009806
     145.0     -0.1703446     -0.0977057
     145.1     -0.1646005     -0.0941755
     145.2     -0.1583953     -0.0903984
     145.3     -0.1517406     -0.0863828
     145.4     -0.1446492     -0.0821381
     145.5     -0.1371347     -0.0776739
     145.6     -0.1292118     -0.0730004
     145.7     -0.1208962     -0.0681282
     145.8     -0.1122044     -0.0630682
     145.9     -0.1031539     -0.0578321
     146.0     -0.0937629     -0.0524316
     146.1     -0.0840506     -0.0468788
     146.2     -0.0740369     -0.0411864
     146.3     -0.0637424     -0.0353671
     146.4     -0.0531884     -0.0294340
     146.5     -0.0423970     -0.0234005
     146.6     -0.0313907     -0.0172800
     146.7     -0.0201927     -0.0110863
     146.8     -0.0088267     -0.0048332
     146.9      0.0026832      0.0014653
     147.0      0.0143123      0.0077950
     147.1      0.0260358      0.0141420
     147.2      0.0378284      0.0204919
     147.3      0.0496645      0.0268308
     147.4      0.0615185      0.0331443
     147.5      0.0733644      0.0394186
     147.6      0.0851763      0.0456397
     147.7      0.0969281      0.0517938
     147.8      0.1085939      0.0578671
     147.9      0.1201477      0.0638463
     148.0      0.1315636      0.0697181
     148.1      0.1428161      0.0754695
     148.2      0.1538797      0.0810878
     148.3      0.1647294      0.0865606
     148.4      0.1753403      0.0918758
     148.5      0.1856880      0.0970217
     148.6      0.1957488      0.1019870
     148.7      0.2054992      0.1067607
     148.8      0.2149163      0.1113324
     148.9      0.2239779      0.1156921
     149.0      0.2326626      0.1198301
     149.1      0.2409493      0.1237374
     149.2      0.2488182      0.1274056
     149.3      0.2562498      0.1308265
     149.4      0.2632258      0.1339929
     149.5      0.2697287      0.1368977
     149.6      0.2757419      0.1395347
     149.7      0.2812497      0.1418982
     149.8      0.2862376      0.1439832
     149.9      0.2906921      0.1457852
     150.0      0.2946007      0.1473003
     150.1      0.2979521      0.1485255
     150.2      0.3007361      0.1494580
     150.3      0.3029437      0.1500961
     150.4      0.3045672      0.1504385
     150.5      0.3055999      0.1504846
     150.6      0.3060365      0.1502345
     150.7      0.3058730      0.1496889
     150.8      0.3051065      0.1488491
     150.9      0.3037356      0.1477174
     151.0      0.3017600      0.1462962
     151.1      0.2991809      0.1445889
     151.2      0.2960006      0.1425994
     151.3      0.2922230      0.1403323
     151.4      0.2878529      0.1377928
     151.5      0.2828968      0.1349867
     151.6      0.2773623      0.1319202
     151.7      0.2712583      0.1286004
     151.8      0.2645950      0.1250346
     151.9      0.2573839      0.1212309
     152.0      0.2496376      0.1171978
     152.1      0.2413702      0.1129443
     152.2      0.2325967      0.1084800
     152.3      0.2233334      0.1038148
     152.4      0.2135979      0.0989590
     152.5      0.2034085      0.0939236
     152.6      0.1927851      0.0887197
     152.7      0.1817482      0.0833587
     152.8      0.1703196      0.0778528
     152.9      0.1585220      0.0722139
     153.0      0.1463788      0.0664546
     153.1      0.1339146      0.0605876
     153.2      0.1211547      0.0546259
     153.3      0.1081250      0.0485826
     153.4      0.0948525      0.0424711
     153.5      0.0813646      0.0363047
     153.6      0.0676894      0.0300971
     153.7      0.0538555      0.0238618
     153.8      0.0398921      0.0176126
     153.9      0.0258289      0.0113631
     154.0      0.0116958      0.0051271
     154.1     -0.0024768     -0.0010819
     154.2     -0.0166583     -0.0072502
     154.3     -0.0308179     -0.0133645
     154.4     -0.0449247     -0.0194113
     154.5     -0.0589476     -0.0253776
     154.6     -0.0728556     -0.0312503
     154.7     -0.0866178     -0.0370168
     154.8     -0.1002034     -0.0426645
     154.9     -0.1135815     -0.0481812
     155.0     -0.1267220     -0.0535550
     155.1     -0.1395946     -0.0587743
     155.2     -0.1521697     -0.0638279
     155.3     -0.1644180     -0.0687049
     155.4     -0.1763108     -0.0733948
     155.5     -0.1878200     -0.0778877
     155.6     -0.1989181     -0.0821739
     155.7     -0.2095782     -0.0862444
     155.8     -0.2197742     -0.0900905
     155.9     -0.2294811     -0.0937041
     156.0     -0.2386744     -0.0970776
     156.1     -0.2473307     -0.1002040
     156.2     -0.2554276     -0.1030766
     156.3     -0.2629438     -0.1056897
     156.4     -0.2698590     -0.1080378
     156.5     -0.2761540     -0.1101161
     156.6     -0.2818109     -0.1119206
     156.7     -0.2868131     -0.1134476
     156.8     -0.2911450     -0.1146942
     156.9     -0.2947927     -0.1156581
     157.0     -0.2977433     -0.1163376
     157.1     -0.2999855     -0.1167316
     157.2     -0.3015095     -0.1168396
     157.3     -0.3023067     -0.1166620
     157.4     -0.3023701     -0.1161994
     157.5     -0.3016943     -0.1154534
     157.6     -0.3002753     -0.1144260
     157.7     -0.2981107     -0.1131199
     157.8     -0.2951996     -0.1115385
     157.9     -0.2915428     -0.1096855
     158.0     -0.2871426     -0.1075655
     158.1     -0.2820029     -0.1051836
     158.2     -0.2761291     -0.1025455
     158.3     -0.2695283     -0.0996572
     158.4     -0.2622091     -0.0965256
     158.5     -0.2541818     -0.0931579
     158.6     -0.2454580     -0.0895619
     158.7     -0.2360512     -0.0857459
     158.8     -0.2259763     -0.0817186
     158.9     -0.2152494     -0.0774891
     159.0     -0.2038886     -0.0730671
     159.1     -0.1919131     -0.0684627
     159.2     -0.1793437     -0.0636862
     159.3     -0.1662025     -0.0587484
     159.4     -0.1525130     -0.0536604
     159.5     -0.1382999     -0.0484337
     159.6     -0.1235895     -0.0430799
     159.7     -0.1084090     -0.0376110
     159.8     -0.0927870     -0.0320392
     159.9     -0.0767530     -0.0263769
     160.0     -0.0603378     -0.0206368
     160.1     -0.0435732     -0.0148314
     160.2     -0.0264918     -0.0089738
     160.3     -0.0091273     -0.0030768
     160.4      0.0084859      0.0028466
     160.5      0.0263125      0.0087833
     160.6      0.0443166      0.0147203
     160.7      0.0624616      0.0206445
     160.8      0.0807104      0.0265429
     160.9      0.0990252      0.0324028
     161.0      0.1173680      0.0382113
     161.1      0.1357004      0.0439557
     161.2      0.1539837      0.0496237
     161.3      0.1721789      0.0552028
     161.4      0.1902470      0.0606811
     161.5      0.2081491      0.0660467
     161.6      0.2258459      0.0712880
     161.7      0.2432987      0.0763940
     161.8      0.2604688      0.0813535
     161.9      0.2773177      0.0861561
     162.0      0.2938073      0.0907915
     162.1      0.3099001      0.0952499
     162.2      0.3255590      0.0995218
     162.3      0.3407473      0.1035984
     162.4      0.3554294      0.1074711
     162.5      0.3695701      0.1111319
     162.6      0.3831352      0.1145730
     162.7      0.3960914      0.1177876
     162.8      0.4084063      0.1207690
     162.9      0.4200487      0.1235112
     163.0      0.4309883      0.1260088
     163.1      0.4411963      0.1282567
     163.2      0.4506449      0.1302507
     163.3      0.4593077      0.1319869
     163.4      0.4671598      0.1334621
     163.5      0.4741777      0.1346737
     163.6      0.4803392      0.1356197
     163.7      0.4856241      0.1362985
     163.8      0.4900135      0.1367094
     163.9      0.4934901      0.1368520
     164.0      0.4960387      0.1367268
     164.1      0.4976455      0.1363346
     164.2      0.4982987      0.1356769
     164.3      0.4979883      0.1347559
     164.4      0.4967062      0.1335741
     164.5      0.4944461      0.1321350
     164.6      0.4912038      0.1304422
     164.7      0.4869770      0.1285001
     164.8      0.4817653      0.1263137
     164.9      0.4755705      0.1238883
     165.0      0.4683962      0.1212298
     165.1      0.4602481      0.1183449
     165.2      0.4511341      0.1152403
     165.3      0.4410638      0.1119234
     165.4      0.4300492      0.1084022
     165.5      0.4181040      0.1046849
     165.6      0.4052442      0.1007801
     165.7      0.3914875      0.0966970
     165.8      0.3768539      0.0924451
     165.9      0.3613652      0.0880340
     166.0      0.3450450      0.0834740
     166.1      0.3279192      0.0787754
     166.2      0.3100151      0.0739490
     166.3      0.2913622      0.0690057
     166.4      0.2719917      0.0639567
     166.5      0.2519364      0.0588134
     166.6      0.2312310      0.0535873
     166.7      0.2099118      0.0482902
     166.8      0.1880167      0.0429338
     166.9      0.1655851      0.0375301
     167.0      0.1426579      0.0320911
     167.1      0.1192775      0.0266287
     167.2      0.0954875      0.0211551
     167.3      0.0713328      0.0156822
     167.4      0.0468596      0.0102221
     167.5      0.0221153      0.0047866
     167.6     -0.0028520     -0.0006124
     167.7     -0.0279928     -0.0059633
     167.8     -0.0532570     -0.0112545
     167.9     -0.0785937     -0.0164747
     168.0     -0.1039511     -0.0216126
     168.1     -0.1292769     -0.0266574
     168.2     -0.1545183     -0.0315984
     168.3     -0.1796220     -0.0364251
     168.4     -0.2045345     -0.0411274
     168.5     -0.2292018     -0.0456955
     168.6     -0.2535699     -0.0501199
     168.7     -0.2775848     -0.0543917
     168.8     -0.3011924     -0.0585019
     168.9     -0.3243389     -0.0624424
     169.0     -0.3469707     -0.0662051
     169.1     -0.3690344     -0.0697827
     169.2     -0.3904772     -0.0731681
     169.3     -0.4112469     -0.0763548
     169.4     -0.4312916     -0.0793367
     169.5     -0.4505606     -0.0821081
     169.6     -0.4690037     -0.0846641
     169.7     -0.4865717     -0.0870001
     169.8     -0.5032166     -0.0891120
     169.9     -0.5188912     -0.0909962
     170.0     -0.5335497     -0.0926499
     170.1     -0.5471477     -0.0940706
     170.2     -0.5596421     -0.0952564
     170.3     -0.5709911     -0.0962059
     170.4     -0.5811547     -0.0969184
     170.5     -0.5900945     -0.0973937
     170.6     -0.5977737     -0.0976320
     170.7     -0.6041575     -0.0976342
     170.8     -0.6092127     -0.0974016
     170.9     -0.6129083     -0.0969364
     171.0     -0.6152152     -0.0962409
     171.1     -0.6161064     -0.0953181
     171.2     -0.6155570     -0.0941715
     171.3     -0.6135444     -0.0928052
     171.4     -0.6100482     -0.0912238
     171.5     -0.6050502     -0.0894321
     171.6     -0.5985347     -0.0874358
     171.7     -0.5904883     -0.0852406
     171.8     -0.5809001     -0.0828532
     171.9     -0.5697617     -0.0802801
     172.0     -0.5570671     -0.0775288
     172.1     -0.5428128     -0.0746067
     172.2     -0.5269979     -0.0715218
     172.3     -0.5096242     -0.0682826
     172.4     -0.4906959     -0.0648977
     172.5     -0.4702198     -0.0613760
     172.6     -0.4482054     -0.0577269
     172.7     -0.4246647     -0.0539599
     172.8     -0.3996123     -0.0500847
     172.9     -0.3730653     -0.0461114
     173.0     -0.3450437     -0.0420502
     173.1     -0.3155695     -0.0379115
     173.2     -0.2846678     -0.0337058
     173.3     -0.2523657     -0.0294437
     173.4     -0.2186932     -0.0251360
     173.5     -0.1836824     -0.0207934
     173.6     -0.1473678     -0.0164269
     173.7     -0.1097865     -0.0120473
     173.8     -0.0709777     -0.0076655
     173.9     -0.0309829     -0.0032924
     174.0      0.0101543      0.0010614
     174.1      0.0523881      0.0053851
     174.2      0.0956705      0.0096681
     174.3      0.1399519      0.0139000
     174.4      0.1851805      0.0180704
     174.5      0.2313026      0.0221694
     174.6      0.2782629      0.0261869
     174.7      0.3260044      0.0301132
     174.8      0.3744685      0.0339390
     174.9      0.4235950      0.0376552
     175.0      0.4733225      0.0412528
     175.1      0.5235880      0.0447233
     175.2      0.5743275      0.0480585
     175.3      0.6254759      0.0512506
     175.4      0.6769669      0.0542920
     175.5      0.7287334      0.0571758
     175.6      0.7807075      0.0598951
     175.7      0.8328206      0.0624438
     175.8      0.8850035      0.0648161
     175.9      0.9371864      0.0670064
     176.0      0.9892993      0.0690100
     176.1      1.0412720      0.0708224
     176.2      1.0930338      0.0724396
     176.3      1.1445144      0.0738582
     176.4      1.1956434      0.0750751
     176.5      1.2463504      0.0760879
     176.6      1.2965656      0.0768946
     176.7      1.3462196      0.0774938
     176.8      1.3952433      0.0778846
     176.9      1.4435686      0.0780665
     177.0      1.4911278      0.0780396
     177.1      1.5378543      0.0778046
     177.2      1.5836824      0.0773625
     177.3      1.6285476      0.0767151
     177.4      1.6723864      0.0758644
     177.5      1.7151369      0.0748132
     177.6      1.7567381      0.0735646
     177.7      1.7971311      0.0721221
     177.8      1.8362582      0.0704899
     177.9      1.8740636      0.0686726
     178.0      1.9104931      0.0666752
     178.1      1.9454945      0.0645032
     178.2      1.9790175      0.0621624
     178.3      2.0110140      0.0596592
     178.4      2.0414380      0.0570003
     178.5      2.0702454      0.0541927
     178.6      2.0973948      0.0512439
     178.7      2.1228469      0.0481617
     178.8      2.1465648      0.0449543
     178.9      2.1685143      0.0416299
     179.0      2.1886634      0.0381974
     179.1      2.2069830      0.0346658
     179.2      2.2234465      0.0310442
     179.3      2.2380300      0.0273420
     179.4      2.2507121      0.0235690
     179.5      2.2614746      0.0197348
     179.6      2.2703017      0.0158496
     179.7      2.2771806      0.0119232
     179.8      2.2821013      0.0079660
     179.9      2.2850565      0.0039882
     180.0      2.2860421      0.0000000
