 # List of d(q) for j, j' =            7          10
 #    0  1.00000000
 #    1  0.38933786
 #    2  0.37834887
 #    3  0.20163644
 #    4  0.22866443
 #    5  0.13247227
 #    6  0.16435935
 #    7  0.09585043
 #    8  0.13023929
 #    9  0.07217968
 #   10  0.11157766
 #   11  0.05500308
 #   12  0.10527704
 #   13  0.04011753
 #   14  0.12756464
       0.0    232.8390043      0.0000000
       0.1    232.8234854      0.4063534
       0.2    232.7769337      0.8125431
       0.3    232.6993649      1.2184055
       0.4    232.5908045      1.6237769
       0.5    232.4512885      2.0284944
       0.6    232.2808633      2.4323951
       0.7    232.0795852      2.8353165
       0.8    231.8475210      3.2370969
       0.9    231.5847476      3.6375751
       1.0    231.2913520      4.0365907
       1.1    230.9674313      4.4339840
       1.2    230.6130928      4.8295962
       1.3    230.2284537      5.2232697
       1.4    229.8136413      5.6148478
       1.5    229.3687926      6.0041750
       1.6    228.8940547      6.3910971
       1.7    228.3895844      6.7754612
       1.8    227.8555482      7.1571157
       1.9    227.2921223      7.5359109
       2.0    226.6994925      7.9116982
       2.1    226.0778541      8.2843310
       2.2    225.4274118      8.6536644
       2.3    224.7483796      9.0195553
       2.4    224.0409809      9.3818625
       2.5    223.3054479      9.7404468
       2.6    222.5420224     10.0951711
       2.7    221.7509545     10.4459004
       2.8    220.9325037     10.7925019
       2.9    220.0869379     11.1348453
       3.0    219.2145338     11.4728022
       3.1    218.3155763     11.8062472
       3.2    217.3903591     12.1350570
       3.3    216.4391837     12.4591110
       3.4    215.4623601     12.7782912
       3.5    214.4602061     13.0924824
       3.6    213.4330474     13.4015719
       3.7    212.3812173     13.7054502
       3.8    211.3050568     14.0040103
       3.9    210.2049144     14.2971484
       4.0    209.0811457     14.5847635
       4.1    207.9341136     14.8667577
       4.2    206.7641877     15.1430363
       4.3    205.5717448     15.4135077
       4.4    204.3571680     15.6780833
       4.5    203.1208473     15.9366780
       4.6    201.8631786     16.1892098
       4.7    200.5845642     16.4356000
       4.8    199.2854125     16.6757735
       4.9    197.9661374     16.9096583
       5.0    196.6271588     17.1371861
       5.1    195.2689020     17.3582917
       5.2    193.8917973     17.5729139
       5.3    192.4962805     17.7809945
       5.4    191.0827922     17.9824793
       5.5    189.6517777     18.1773173
       5.6    188.2036869     18.3654615
       5.7    186.7389740     18.5468682
       5.8    185.2580976     18.7214974
       5.9    183.7615201     18.8893128
       6.0    182.2497078     19.0502819
       6.1    180.7231305     19.2043756
       6.2    179.1822617     19.3515688
       6.3    177.6275778     19.4918399
       6.4    176.0595584     19.6251710
       6.5    174.4786858     19.7515480
       6.6    172.8854452     19.8709604
       6.7    171.2803239     19.9834016
       6.8    169.6638117     20.0888686
       6.9    168.0364002     20.1873619
       7.0    166.3985830     20.2788861
       7.1    164.7508553     20.3634490
       7.2    163.0937137     20.4410625
       7.3    161.4276559     20.5117419
       7.4    159.7531810     20.5755062
       7.5    158.0707884     20.6323781
       7.6    156.3809786     20.6823837
       7.7    154.6842522     20.7255529
       7.8    152.9811102     20.7619189
       7.9    151.2720535     20.7915187
       8.0    149.5575829     20.8143926
       8.1    147.8381987     20.8305843
       8.2    146.1144007     20.8401412
       8.3    144.3866879     20.8431137
       8.4    142.6555584     20.8395560
       8.5    140.9215090     20.8295253
       8.6    139.1850352     20.8130820
       8.7    137.4466308     20.7902901
       8.8    135.7067881     20.7612165
       8.9    133.9659972     20.7259312
       9.0    132.2247462     20.6845074
       9.1    130.4835208     20.6370215
       9.2    128.7428041     20.5835524
       9.3    127.0030767     20.5241825
       9.4    125.2648161     20.4589966
       9.5    123.5284969     20.3880827
       9.6    121.7945903     20.3115312
       9.7    120.0635641     20.2294354
       9.8    118.3358826     20.1418913
       9.9    116.6120061     20.0489973
      10.0    114.8923912     19.9508544
      10.1    113.1774901     19.8475659
      10.2    111.4677510     19.7392377
      10.3    109.7636173     19.6259779
      10.4    108.0655280     19.5078967
      10.5    106.3739173     19.3851067
      10.6    104.6892144     19.2577224
      10.7    103.0118434     19.1258603
      10.8    101.3422231     18.9896390
      10.9     99.6807671     18.8491788
      11.0     98.0278832     18.7046019
      11.1     96.3839736     18.5560321
      11.2     94.7494348     18.4035950
      11.3     93.1246571     18.2474175
      11.4     91.5100248     18.0876281
      11.5     89.9059161     17.9243568
      11.6     88.3127026     17.7577346
      11.7     86.7307495     17.5878941
      11.8     85.1604155     17.4149687
      11.9     83.6020523     17.2390931
      12.0     82.0560052     17.0604028
      12.1     80.5226121     16.8790342
      12.2     79.0022040     16.6951247
      12.3     77.4951048     16.5088121
      12.4     76.0016311     16.3202351
      12.5     74.5220921     16.1295328
      12.6     73.0567896     15.9368449
      12.7     71.6060177     15.7423112
      12.8     70.1700631     15.5460721
      12.9     68.7492047     15.3482679
      13.0     67.3437134     15.1490393
      13.1     65.9538527     14.9485269
      13.2     64.5798776     14.7468712
      13.3     63.2220356     14.5442127
      13.4     61.8805658     14.3406914
      13.5     60.5556993     14.1364472
      13.6     59.2476590     13.9316197
      13.7     57.9566596     13.7263478
      13.8     56.6829077     13.5207699
      13.9     55.4266011     13.3150239
      14.0     54.1879297     13.1092467
      14.1     52.9670749     12.9035746
      14.2     51.7642095     12.6981429
      14.3     50.5794980     12.4930861
      14.4     49.4130965     12.2885374
      14.5     48.2651525     12.0846291
      14.6     47.1358049     11.8814921
      14.7     46.0251844     11.6792562
      14.8     44.9334128     11.4780497
      14.9     43.8606036     11.2779995
      15.0     42.8068618     11.0792311
      15.1     41.7722837     10.8818682
      15.2     40.7569573     10.6860332
      15.3     39.7609620     10.4918463
      15.4     38.7843686     10.2994264
      15.5     37.8272398     10.1088901
      15.6     36.8896294      9.9203525
      15.7     35.9715832      9.7339264
      15.8     35.0731383      9.5497228
      15.9     34.1943237      9.3678502
      16.0     33.3351600      9.1884154
      16.1     32.4956596      9.0115226
      16.2     31.6758266      8.8372739
      16.3     30.8756571      8.6657691
      16.4     30.0951388      8.4971053
      16.5     29.3342517      8.3313776
      16.6     28.5929676      8.1686782
      16.7     27.8712505      8.0090970
      16.8     27.1690565      7.8527212
      16.9     26.4863338      7.6996353
      17.0     25.8230231      7.5499213
      17.1     25.1790574      7.4036582
      17.2     24.5543621      7.2609225
      17.3     23.9488552      7.1217878
      17.4     23.3624473      6.9863247
      17.5     22.7950417      6.8546012
      17.6     22.2465346      6.7266822
      17.7     21.7168150      6.6026297
      17.8     21.2057650      6.4825028
      17.9     20.7132597      6.3663574
      18.0     20.2391675      6.2542467
      18.1     19.7833502      6.1462206
      18.2     19.3456629      6.0423261
      18.3     18.9259543      5.9426069
      18.4     18.5240668      5.8471038
      18.5     18.1398364      5.7558546
      18.6     17.7730933      5.6688936
      18.7     17.4236615      5.5862522
      18.8     17.0913593      5.5079588
      18.9     16.7759991      5.4340383
      19.0     16.4773879      5.3645128
      19.1     16.1953272      5.2994009
      19.2     15.9296130      5.2387184
      19.3     15.6800364      5.1824777
      19.4     15.4463831      5.1306881
      19.5     15.2284342      5.0833558
      19.6     15.0259659      5.0404838
      19.7     14.8387497      5.0020722
      19.8     14.6665527      4.9681176
      19.9     14.5091377      4.9386138
      20.0     14.3662631      4.9135514
      20.1     14.2376835      4.8929180
      20.2     14.1231494      4.8766980
      20.3     14.0224077      4.8648731
      20.4     13.9352016      4.8574217
      20.5     13.8612708      4.8543194
      20.6     13.8003520      4.8555386
      20.7     13.7521783      4.8610491
      20.8     13.7164803      4.8708176
      20.9     13.6929853      4.8848082
      21.0     13.6814182      4.9029818
      21.1     13.6815014      4.9252968
      21.2     13.6929547      4.9517089
      21.3     13.7154960      4.9821708
      21.4     13.7488408      5.0166328
      21.5     13.7927031      5.0550426
      21.6     13.8467948      5.0973451
      21.7     13.9108264      5.1434829
      21.8     13.9845068      5.1933960
      21.9     14.0675440      5.2470220
      22.0     14.1596445      5.3042962
      22.1     14.2605139      5.3651514
      22.2     14.3698573      5.4295182
      22.3     14.4873787      5.4973251
      22.4     14.6127819      5.5684983
      22.5     14.7457704      5.6429620
      22.6     14.8860472      5.7206383
      22.7     15.0333155      5.8014473
      22.8     15.1872787      5.8853072
      22.9     15.3476402      5.9721344
      23.0     15.5141040      6.0618434
      23.1     15.6863746      6.1543470
      23.2     15.8641571      6.2495563
      23.3     16.0471576      6.3473810
      23.4     16.2350833      6.4477291
      23.5     16.4276421      6.5505070
      23.6     16.6245437      6.6556200
      23.7     16.8254989      6.7629719
      23.8     17.0302202      6.8724653
      23.9     17.2384216      6.9840015
      24.0     17.4498191      7.0974808
      24.1     17.6641307      7.2128026
      24.2     17.8810763      7.3298650
      24.3     18.1003782      7.4485655
      24.4     18.3217609      7.5688006
      24.5     18.5449515      7.6904661
      24.6     18.7696797      7.8134571
      24.7     18.9956777      7.9376682
      24.8     19.2226808      8.0629935
      24.9     19.4504271      8.1893264
      25.0     19.6786578      8.3165602
      25.1     19.9071174      8.4445877
      25.2     20.1355533      8.5733016
      25.3     20.3637169      8.7025945
      25.4     20.5913625      8.8323588
      25.5     20.8182483      8.9624869
      25.6     21.0441363      9.0928714
      25.7     21.2687920      9.2234049
      25.8     21.4919849      9.3539802
      25.9     21.7134887      9.4844907
      26.0     21.9330809      9.6148298
      26.1     22.1505432      9.7448916
      26.2     22.3656616      9.8745705
      26.3     22.5782265     10.0037617
      26.4     22.7880324     10.1323609
      26.5     22.9948787     10.2602646
      26.6     23.1985689     10.3873701
      26.7     23.3989115     10.5135755
      26.8     23.5957193     10.6387799
      26.9     23.7888102     10.7628834
      27.0     23.9780067     10.8857872
      27.1     24.1631361     11.0073936
      27.2     24.3440308     11.1276060
      27.3     24.5205281     11.2463293
      27.4     24.6924701     11.3634694
      27.5     24.8597043     11.4789340
      27.6     25.0220830     11.5926319
      27.7     25.1794638     11.7044735
      27.8     25.3317095     11.8143709
      27.9     25.4786878     11.9222377
      28.0     25.6202721     12.0279892
      28.1     25.7563406     12.1315425
      28.2     25.8867772     12.2328164
      28.3     26.0114707     12.3317316
      28.4     26.1303155     12.4282106
      28.5     26.2432112     12.5221781
      28.6     26.3500628     12.6135605
      28.7     26.4507805     12.7022863
      28.8     26.5452802     12.7882863
      28.9     26.6334828     12.8714931
      29.0     26.7153147     12.9518416
      29.1     26.7907077     13.0292690
      29.2     26.8595988     13.1037147
      29.3     26.9219304     13.1751203
      29.4     26.9776503     13.2434298
      29.5     27.0267115     13.3085895
      29.6     27.0690724     13.3705481
      29.7     27.1046964     13.4292568
      29.8     27.1335525     13.4846691
      29.9     27.1556147     13.5367410
      30.0     27.1708621     13.5854310
      30.1     27.1792792     13.6307003
      30.2     27.1808553     13.6725124
      30.3     27.1755851     13.7108334
      30.4     27.1634682     13.7456321
      30.5     27.1445090     13.7768797
      30.6     27.1187171     13.8045501
      30.7     27.0861069     13.8286200
      30.8     27.0466976     13.8490685
      30.9     27.0005133     13.8658774
      31.0     26.9475827     13.8790311
      31.1     26.8879392     13.8885167
      31.2     26.8216209     13.8943241
      31.3     26.7486704     13.8964455
      31.4     26.6691348     13.8948761
      31.5     26.5830656     13.8896136
      31.6     26.4905186     13.8806584
      31.7     26.3915539     13.8680134
      31.8     26.2862359     13.8516844
      31.9     26.1746331     13.8316795
      32.0     26.0568179     13.8080098
      32.1     25.9328668     13.7806886
      32.2     25.8028602     13.7497320
      32.3     25.6668822     13.7151588
      32.4     25.5250207     13.6769900
      32.5     25.3773673     13.6352495
      32.6     25.2240171     13.5899635
      32.7     25.0650685     13.5411606
      32.8     24.9006235     13.4888722
      32.9     24.7307872     13.4331317
      33.0     24.5556680     13.3739753
      33.1     24.3753774     13.3114414
      33.2     24.1900297     13.2455707
      33.3     23.9997424     13.1764062
      33.4     23.8046355     13.1039933
      33.5     23.6048318     13.0283797
      33.6     23.4004568     12.9496150
      33.7     23.1916383     12.8677513
      33.8     22.9785068     12.7828426
      33.9     22.7611947     12.6949450
      34.0     22.5398368     12.6041168
      34.1     22.3145701     12.5104181
      34.2     22.0855333     12.4139112
      34.3     21.8528672     12.3146599
      34.4     21.6167143     12.2127303
      34.5     21.3772186     12.1081899
      34.6     21.1345259     12.0011083
      34.7     20.8887833     11.8915566
      34.8     20.6401393     11.7796076
      34.9     20.3887437     11.6653356
      35.0     20.1347472     11.5488165
      35.1     19.8783017     11.4301279
      35.2     19.6195601     11.3093485
      35.3     19.3586758     11.1865584
      35.4     19.0958032     11.0618393
      35.5     18.8310971     10.9352738
      35.6     18.5647130     10.8069459
      35.7     18.2968064     10.6769406
      35.8     18.0275336     10.5453441
      35.9     17.7570505     10.4122436
      36.0     17.4855136     10.2777270
      36.1     17.2130790     10.1418834
      36.2     16.9399028     10.0048026
      36.3     16.6661407      9.8665750
      36.4     16.3919484      9.7272918
      36.5     16.1174808      9.5870449
      36.6     15.8428925      9.4459266
      36.7     15.5683372      9.3040298
      36.8     15.2939681      9.1614478
      36.9     15.0199375      9.0182743
      37.0     14.7463967      8.8746031
      37.1     14.4734960      8.7305284
      37.2     14.2013845      8.5861445
      37.3     13.9302104      8.4415459
      37.4     13.6601201      8.2968269
      37.5     13.3912590      8.1520820
      37.6     13.1237709      8.0074054
      37.7     12.8577980      7.8628912
      37.8     12.5934808      7.7186332
      37.9     12.3309582      7.5747251
      38.0     12.0703671      7.4312600
      38.1     11.8118427      7.2883307
      38.2     11.5555181      7.1460294
      38.3     11.3015243      7.0044478
      38.4     11.0499903      6.8636769
      38.5     10.8010428      6.7238072
      38.6     10.5548062      6.5849283
      38.7     10.3114027      6.4471288
      38.8     10.0709520      6.3104969
      38.9      9.8335711      6.1751194
      39.0      9.5993749      6.0410824
      39.1      9.3684753      5.9084707
      39.2      9.1409818      5.7773684
      39.3      8.9170010      5.6478579
      39.4      8.6966368      5.5200207
      39.5      8.4799901      5.3939370
      39.6      8.2671593      5.2696857
      39.7      8.0582395      5.1473440
      39.8      7.8533229      5.0269882
      39.9      7.6524987      4.9086925
      40.0      7.4558531      4.7925300
      40.1      7.2634691      4.6785721
      40.2      7.0754265      4.5668885
      40.3      6.8918021      4.4575472
      40.4      6.7126692      4.3506145
      40.5      6.5380980      4.2461550
      40.6      6.3681555      4.1442314
      40.7      6.2029053      4.0449046
      40.8      6.0424075      3.9482335
      40.9      5.8867190      3.8542752
      41.0      5.7358935      3.7630847
      41.1      5.5899809      3.6747151
      41.2      5.4490279      3.5892173
      41.3      5.3130779      3.5066402
      41.4      5.1821705      3.4270308
      41.5      5.0563421      3.3504336
      41.6      4.9356256      3.2768912
      41.7      4.8200505      3.2064439
      41.8      4.7096426      3.1391297
      41.9      4.6044245      3.0749846
      42.0      4.5044151      3.0140420
      42.1      4.4096301      2.9563334
      42.2      4.3200814      2.9018876
      42.3      4.2357777      2.8507314
      42.4      4.1567243      2.8028891
      42.5      4.0829229      2.7583827
      42.6      4.0143718      2.7172318
      42.7      3.9510660      2.6794536
      42.8      3.8929971      2.6450630
      42.9      3.8401534      2.6140725
      43.0      3.7925197      2.5864922
      43.1      3.7500776      2.5623297
      43.2      3.7128055      2.5415902
      43.3      3.6806784      2.5242768
      43.4      3.6536682      2.5103898
      43.5      3.6317435      2.4999273
      43.6      3.6148699      2.4928849
      43.7      3.6030098      2.4892561
      43.8      3.5961224      2.4890316
      43.9      3.5941642      2.4922000
      44.0      3.5970883      2.4987475
      44.1      3.6048453      2.5086579
      44.2      3.6173824      2.5219128
      44.3      3.6346443      2.5384912
      44.4      3.6565729      2.5583700
      44.5      3.6831071      2.5815239
      44.6      3.7141834      2.6079252
      44.7      3.7497353      2.6375439
      44.8      3.7896941      2.6703481
      44.9      3.8339882      2.7063033
      45.0      3.8825438      2.7453730
      45.1      3.9352845      2.7875188
      45.2      3.9921318      2.8326999
      45.3      4.0530044      2.8808734
      45.4      4.1178194      2.9319947
      45.5      4.1864912      2.9860168
      45.6      4.2589325      3.0428909
      45.7      4.3350536      3.1025664
      45.8      4.4147632      3.1649905
      45.9      4.4979677      3.2301089
      46.0      4.5845721      3.2978652
      46.1      4.6744793      3.3682012
      46.2      4.7675906      3.4410573
      46.3      4.8638058      3.5163718
      46.4      4.9630231      3.5940817
      46.5      5.0651392      3.6741222
      46.6      5.1700494      3.7564269
      46.7      5.2776477      3.8409282
      46.8      5.3878267      3.9275567
      46.9      5.5004782      4.0162417
      47.0      5.6154927      4.1069113
      47.1      5.7327594      4.1994922
      47.2      5.8521671      4.2939098
      47.3      5.9736034      4.3900883
      47.4      6.0969551      4.4879509
      47.5      6.2221084      4.5874195
      47.6      6.3489490      4.6884153
      47.7      6.4773617      4.7908581
      47.8      6.6072311      4.8946672
      47.9      6.7384414      4.9997607
      48.0      6.8708764      5.1060562
      48.1      7.0044195      5.2134703
      48.2      7.1389544      5.3219192
      48.3      7.2743642      5.4313181
      48.4      7.4105324      5.5415820
      48.5      7.5473423      5.6526252
      48.6      7.6846774      5.7643616
      48.7      7.8224216      5.8767048
      48.8      7.9604589      5.9895679
      48.9      8.0986737      6.1028640
      49.0      8.2369510      6.2165058
      49.1      8.3751761      6.3304059
      49.2      8.5132351      6.4444769
      49.3      8.6510147      6.5586313
      49.4      8.7884023      6.6727817
      49.5      8.9252862      6.7868408
      49.6      9.0615554      6.9007215
      49.7      9.1971001      7.0143369
      49.8      9.3318113      7.1276004
      49.9      9.4655813      7.2404257
      50.0      9.5983034      7.3527270
      50.1      9.7298722      7.4644189
      50.2      9.8601836      7.5754166
      50.3      9.9891348      7.6856358
      50.4     10.1166244      7.7949931
      50.5     10.2425525      7.9034053
      50.6     10.3668209      8.0107906
      50.7     10.4893328      8.1170675
      50.8     10.6099930      8.2221556
      50.9     10.7287081      8.3259754
      51.0     10.8453867      8.4284485
      51.1     10.9599388      8.5294973
      51.2     11.0722766      8.6290455
      51.3     11.1823141      8.7270179
      51.4     11.2899672      8.8233405
      51.5     11.3951539      8.9179404
      51.6     11.4977943      9.0107462
      51.7     11.5978107      9.1016878
      51.8     11.6951272      9.1906964
      51.9     11.7896706      9.2777047
      52.0     11.8813695      9.3626470
      52.1     11.9701551      9.4454589
      52.2     12.0559606      9.5260777
      52.3     12.1387219      9.6044424
      52.4     12.2183770      9.6804936
      52.5     12.2948666      9.7541734
      52.6     12.3681334      9.8254260
      52.7     12.4381232      9.8941971
      52.8     12.5047837      9.9604343
      52.9     12.5680655     10.0240871
      53.0     12.6279217     10.0851067
      53.1     12.6843079     10.1434464
      53.2     12.7371822     10.1990614
      53.3     12.7865056     10.2519088
      53.4     12.8322415     10.3019477
      53.5     12.8743560     10.3491394
      53.6     12.9128180     10.3934471
      53.7     12.9475987     10.4348360
      53.8     12.9786725     10.4732736
      53.9     13.0060159     10.5087293
      54.0     13.0296087     10.5411749
      54.1     13.0494330     10.5705841
      54.2     13.0654736     10.5969329
      54.3     13.0777181     10.6201995
      54.4     13.0861570     10.6403642
      54.5     13.0907831     10.6574096
      54.6     13.0915921     10.6713206
      54.7     13.0885824     10.6820841
      54.8     13.0817551     10.6896894
      54.9     13.0711138     10.6941281
      55.0     13.0566650     10.6953938
      55.1     13.0384175     10.6934826
      55.2     13.0163831     10.6883927
      55.3     12.9905759     10.6801246
      55.4     12.9610129     10.6686811
      55.5     12.9277133     10.6540671
      55.6     12.8906991     10.6362898
      55.7     12.8499949     10.6153588
      55.8     12.8056274     10.5912857
      55.9     12.7576263     10.5640843
      56.0     12.7060234     10.5337708
      56.1     12.6508529     10.5003633
      56.2     12.5921515     10.4638824
      56.3     12.5299584     10.4243505
      56.4     12.4643148     10.3817925
      56.5     12.3952643     10.3362352
      56.6     12.3228529     10.2877074
      56.7     12.2471286     10.2362402
      56.8     12.1681416     10.1818667
      56.9     12.0859444     10.1246219
      57.0     12.0005915     10.0645429
      57.1     11.9121392     10.0016687
      57.2     11.8206461      9.9360404
      57.3     11.7261727      9.8677008
      57.4     11.6287813      9.7966947
      57.5     11.5285361      9.7230688
      57.6     11.4255032      9.6468714
      57.7     11.3197502      9.5681528
      57.8     11.2113467      9.4869650
      57.9     11.1003638      9.4033616
      58.0     10.9868743      9.3173978
      58.1     10.8709523      9.2291307
      58.2     10.7526737      9.1386188
      58.3     10.6321157      9.0459221
      58.4     10.5093568      8.9511022
      58.5     10.3844769      8.8542221
      58.6     10.2575572      8.7553462
      58.7     10.1286801      8.6545402
      58.8      9.9979291      8.5518712
      58.9      9.8653887      8.4474077
      59.0      9.7311447      8.3412190
      59.1      9.5952835      8.2333760
      59.2      9.4578927      8.1239506
      59.3      9.3190607      8.0130155
      59.4      9.1788764      7.9006447
      59.5      9.0374298      7.7869131
      59.6      8.8948113      7.6718964
      59.7      8.7511121      7.5556712
      59.8      8.6064237      7.4383151
      59.9      8.4608381      7.3199061
      60.0      8.3144479      7.2005231
      60.1      8.1673459      7.0802456
      60.2      8.0196251      6.9591536
      60.3      7.8713788      6.8373277
      60.4      7.7227005      6.7148489
      60.5      7.5736836      6.5917987
      60.6      7.4244218      6.4682588
      60.7      7.2750085      6.3443114
      60.8      7.1255371      6.2200386
      60.9      6.9761008      6.0955231
      61.0      6.8267926      5.9708473
      61.1      6.6777052      5.8460940
      61.2      6.5289309      5.7213457
      61.3      6.3805616      5.5966851
      61.4      6.2326888      5.4721946
      61.5      6.0854033      5.3479566
      61.6      5.9387955      5.2240530
      61.7      5.7929550      5.1005657
      61.8      5.6479707      4.9775761
      61.9      5.5039308      4.8551652
      62.0      5.3609225      4.7334136
      62.1      5.2190323      4.6124014
      62.2      5.0783456      4.4922079
      62.3      4.9389469      4.3729121
      62.4      4.8009197      4.2545922
      62.5      4.6643461      4.1373256
      62.6      4.5293074      4.0211888
      62.7      4.3958835      3.9062578
      62.8      4.2641530      3.7926075
      62.9      4.1341932      3.6803117
      63.0      4.0060802      3.5694436
      63.1      3.8798884      3.4600749
      63.2      3.7556910      3.3522765
      63.3      3.6335595      3.2461181
      63.4      3.5135641      3.1416682
      63.5      3.3957730      3.0389940
      63.6      3.2802532      2.9381614
      63.7      3.1670698      2.8392351
      63.8      3.0562861      2.7422783
      63.9      2.9479639      2.6473529
      64.0      2.8421629      2.5545191
      64.1      2.7389412      2.4638359
      64.2      2.6383550      2.3753605
      64.3      2.5404585      2.2891488
      64.4      2.4453040      2.2052547
      64.5      2.3529419      2.1237307
      64.6      2.2634206      2.0446277
      64.7      2.1767863      1.9679945
      64.8      2.0930835      1.8938786
      64.9      2.0123543      1.8223253
      65.0      1.9346389      1.7533783
      65.1      1.8599753      1.6870795
      65.2      1.7883993      1.6234686
      65.3      1.7199447      1.5625839
      65.4      1.6546431      1.5044612
      65.5      1.5925236      1.4491348
      65.6      1.5336136      1.3966368
      65.7      1.4779379      1.3469974
      65.8      1.4255191      1.3002446
      65.9      1.3763778      1.2564047
      66.0      1.3305320      1.2155015
      66.1      1.2879978      1.1775571
      66.2      1.2487887      1.1425913
      66.3      1.2129162      1.1106220
      66.4      1.1803893      1.0816648
      66.5      1.1512150      1.0557333
      66.6      1.1253977      1.0328389
      66.7      1.1029397      1.0129910
      66.8      1.0838411      0.9961966
      66.9      1.0680995      0.9824609
      67.0      1.0557106      0.9717867
      67.1      1.0466675      0.9641748
      67.2      1.0409612      0.9596238
      67.3      1.0385806      0.9581301
      67.4      1.0395121      0.9596882
      67.5      1.0437400      0.9642901
      67.6      1.0512466      0.9719259
      67.7      1.0620119      0.9825837
      67.8      1.0760136      0.9962493
      67.9      1.0932274      1.0129064
      68.0      1.1136269      1.0325368
      68.1      1.1371835      1.0551201
      68.2      1.1638668      1.0806338
      68.3      1.1936440      1.1090535
      68.4      1.2264805      1.1403527
      68.5      1.2623396      1.1745029
      68.6      1.3011827      1.2114738
      68.7      1.3429694      1.2512328
      68.8      1.3876570      1.2937457
      68.9      1.4352014      1.3389762
      69.0      1.4855563      1.3868862
      69.1      1.5386737      1.4374359
      69.2      1.5945041      1.4905834
      69.3      1.6529959      1.5462851
      69.4      1.7140959      1.6044959
      69.5      1.7777495      1.6651685
      69.6      1.8439001      1.7282544
      69.7      1.9124898      1.7937031
      69.8      1.9834592      1.8614626
      69.9      2.0567471      1.9314794
      70.0      2.1322912      2.0036983
      70.1      2.2100277      2.0780628
      70.2      2.2898914      2.1545148
      70.3      2.3718157      2.2329947
      70.4      2.4557331      2.3134416
      70.5      2.5415744      2.3957935
      70.6      2.6292696      2.4799867
      70.7      2.7187476      2.5659565
      70.8      2.8099359      2.6536371
      70.9      2.9027614      2.7429612
      71.0      2.9971497      2.8338607
      71.1      3.0930258      2.9262664
      71.2      3.1903136      3.0201080
      71.3      3.2889363      3.1153143
      71.4      3.3888164      3.2118131
      71.5      3.4898755      3.3095315
      71.6      3.5920349      3.4083958
      71.7      3.6952150      3.5083313
      71.8      3.7993359      3.6092629
      71.9      3.9043170      3.7111147
      72.0      4.0100774      3.8138103
      72.1      4.1165360      3.9172726
      72.2      4.2236110      4.0214242
      72.3      4.3312207      4.1261871
      72.4      4.4392830      4.2314831
      72.5      4.5477157      4.3372336
      72.6      4.6564366      4.4433596
      72.7      4.7653635      4.5497822
      72.8      4.8744139      4.6564221
      72.9      4.9835058      4.7632000
      73.0      5.0925571      4.8700365
      73.1      5.2014858      4.9768523
      73.2      5.3102105      5.0835680
      73.3      5.4186497      5.1901046
      73.4      5.5267225      5.2963830
      73.5      5.6343484      5.4023244
      73.6      5.7414472      5.5078506
      73.7      5.8479395      5.6128832
      73.8      5.9537460      5.7173447
      73.9      6.0587886      5.8211578
      74.0      6.1629895      5.9242457
      74.1      6.2662716      6.0265322
      74.2      6.3685588      6.1279418
      74.3      6.4697756      6.2283996
      74.4      6.5698477      6.3278313
      74.5      6.6687013      6.4261636
      74.6      6.7662639      6.5233239
      74.7      6.8624639      6.6192404
      74.8      6.9572307      6.7138424
      74.9      7.0504950      6.8070599
      75.0      7.1421884      6.8988242
      75.1      7.2322440      6.9890676
      75.2      7.3205960      7.0777234
      75.3      7.4071797      7.1647261
      75.4      7.4919321      7.2500114
      75.5      7.5747914      7.3335164
      75.6      7.6556970      7.4151792
      75.7      7.7345902      7.4949396
      75.8      7.8114134      7.5727384
      75.9      7.8861106      7.6485180
      76.0      7.9586276      7.7222224
      76.1      8.0289116      7.7937968
      76.2      8.0969113      7.8631881
      76.3      8.1625773      7.9303448
      76.4      8.2258618      7.9952169
      76.5      8.2867187      8.0577560
      76.6      8.3451038      8.1179156
      76.7      8.4009743      8.1756507
      76.8      8.4542897      8.2309181
      76.9      8.5050109      8.2836762
      77.0      8.5531010      8.3338856
      77.1      8.5985247      8.3815082
      77.2      8.6412488      8.4265082
      77.3      8.6812418      8.4688513
      77.4      8.7184744      8.5085053
      77.5      8.7529190      8.5454399
      77.6      8.7845502      8.5796266
      77.7      8.8133444      8.6110391
      77.8      8.8392800      8.6396528
      77.9      8.8623376      8.6654452
      78.0      8.8824997      8.6883957
      78.1      8.8997507      8.7084860
      78.2      8.9140772      8.7256995
      78.3      8.9254679      8.7400217
      78.4      8.9339133      8.7514404
      78.5      8.9394062      8.7599450
      78.6      8.9419414      8.7655274
      78.7      8.9415155      8.7681812
      78.8      8.9381276      8.7679023
      78.9      8.9317785      8.7646887
      79.0      8.9224712      8.7585402
      79.1      8.9102106      8.7494589
      79.2      8.8950039      8.7374490
      79.3      8.8768602      8.7225164
      79.4      8.8557904      8.7046695
      79.5      8.8318078      8.6839184
      79.6      8.8049275      8.6602755
      79.7      8.7751666      8.6337551
      79.8      8.7425441      8.6043735
      79.9      8.7070811      8.5721491
      80.0      8.6688007      8.5371021
      80.1      8.6277276      8.4992549
      80.2      8.5838887      8.4586318
      80.3      8.5373128      8.4152589
      80.4      8.4880304      8.3691643
      80.5      8.4360739      8.3203782
      80.6      8.3814775      8.2689324
      80.7      8.3242773      8.2148607
      80.8      8.2645111      8.1581986
      80.9      8.2022183      8.0989836
      81.0      8.1374403      8.0372549
      81.1      8.0702199      7.9730533
      81.2      8.0006017      7.9064216
      81.3      7.9286318      7.8374041
      81.4      7.8543581      7.7660467
      81.5      7.7778298      7.6923971
      81.6      7.6990978      7.6165045
      81.7      7.6182145      7.5384197
      81.8      7.5352334      7.4581949
      81.9      7.4502098      7.3758840
      82.0      7.3632003      7.2915421
      82.1      7.2742626      7.2052259
      82.2      7.1834559      7.1169934
      82.3      7.0908405      7.0269038
      82.4      6.9964780      6.9350178
      82.5      6.9004312      6.8413971
      82.6      6.8027639      6.7461048
      82.7      6.7035410      6.6492050
      82.8      6.6028284      6.5507631
      82.9      6.5006931      6.4508454
      83.0      6.3972028      6.3495191
      83.1      6.2924265      6.2468526
      83.2      6.1864335      6.1429151
      83.3      6.0792943      6.0377766
      83.4      5.9710799      5.9315082
      83.5      5.8618623      5.8241814
      83.6      5.7517137      5.7158686
      83.7      5.6407073      5.6066428
      83.8      5.5289166      5.4965778
      83.9      5.4164158      5.3857477
      84.0      5.3032792      5.2742273
      84.1      5.1895818      5.1620916
      84.2      5.0753989      5.0494164
      84.3      4.9608060      4.9362776
      84.4      4.8458788      4.8227514
      84.5      4.7306934      4.7089142
      84.6      4.6153257      4.5948427
      84.7      4.4998520      4.4806138
      84.8      4.3843486      4.3663043
      84.9      4.2688914      4.2519912
      85.0      4.1535568      4.1377512
      85.1      4.0384206      4.0236613
      85.2      3.9235586      3.9097982
      85.3      3.8090465      3.7962382
      85.4      3.6949596      3.6830577
      85.5      3.5813727      3.5703325
      85.6      3.4683606      3.4581385
      85.7      3.3559973      3.3465506
      85.8      3.2443565      3.2356437
      85.9      3.1335115      3.1254922
      86.0      3.0235347      3.0161695
      86.1      2.9144981      2.9077489
      86.2      2.8064730      2.8003028
      86.3      2.6995298      2.6939030
      86.4      2.5937385      2.5886203
      86.5      2.4891678      2.4845250
      86.6      2.3858859      2.3816864
      86.7      2.2839600      2.2801728
      86.8      2.1834563      2.1800518
      86.9      2.0844400      2.0813897
      87.0      1.9869752      1.9842521
      87.1      1.8911250      1.8887032
      87.2      1.7969515      1.7948062
      87.3      1.7045153      1.7026231
      87.4      1.6138760      1.6122147
      87.5      1.5250921      1.5236405
      87.6      1.4382203      1.4369588
      87.7      1.3533166      1.3522264
      87.8      1.2704352      1.2694988
      87.9      1.1896291      1.1888301
      88.0      1.1109497      1.1102729
      88.1      1.0344471      1.0338783
      88.2      0.9601697      0.9596959
      88.3      0.8881647      0.8877738
      88.4      0.8184774      0.8181583
      88.5      0.7511516      0.7508942
      88.6      0.6862296      0.6860247
      88.7      0.6237518      0.6235912
      88.8      0.5637571      0.5636335
      88.9      0.5062828      0.5061895
      89.0      0.4513642      0.4512954
      89.1      0.3990349      0.3989857
      89.2      0.3493270      0.3492929
      89.3      0.3022704      0.3022479
      89.4      0.2578936      0.2578794
      89.5      0.2162228      0.2162146
      89.6      0.1772828      0.1772785
      89.7      0.1410962      0.1410943
      89.8      0.1076839      0.1076833
      89.9      0.0770649      0.0770648
      90.0      0.0492562      0.0492562
      90.1      0.0242728      0.0242728
      90.2      0.0021281      0.0021281
      90.3     -0.0171667     -0.0171665
      90.4     -0.0336024     -0.0336015
      90.5     -0.0471714     -0.0471696
      90.6     -0.0578686     -0.0578654
      90.7     -0.0656902     -0.0656853
      90.8     -0.0706350     -0.0706281
      90.9     -0.0727033     -0.0726943
      91.0     -0.0718975     -0.0718866
      91.1     -0.0682221     -0.0682095
      91.2     -0.0616832     -0.0616697
      91.3     -0.0522893     -0.0522759
      91.4     -0.0400505     -0.0400386
      91.5     -0.0249790     -0.0249704
      91.6     -0.0070888     -0.0070860
      91.7      0.0136041      0.0135981
      91.8      0.0370818      0.0370636
      91.9      0.0633246      0.0632898
      92.0      0.0923108      0.0922545
      92.1      0.1240168      0.1239335
      92.2      0.1584173      0.1583006
      92.3      0.1954852      0.1953278
      92.4      0.2351915      0.2349852
      92.5      0.2775053      0.2772412
      92.6      0.3223942      0.3220623
      92.7      0.3698238      0.3694132
      92.8      0.4197581      0.4192570
      92.9      0.4721595      0.4715548
      93.0      0.5269885      0.5262663
      93.1      0.5842041      0.5833492
      93.2      0.6437638      0.6427600
      93.3      0.7056232      0.7044532
      93.4      0.7697366      0.7683818
      93.5      0.8360568      0.8344974
      93.6      0.9045349      0.9027500
      93.7      0.9751206      0.9730881
      93.8      1.0477624      1.0454588
      93.9      1.1224070      1.1198078
      94.0      1.1990002      1.1960795
      94.1      1.2774862      1.2742169
      94.2      1.3578080      1.3541616
      94.3      1.4399073      1.4358542
      94.4      1.5237247      1.5192339
      94.5      1.6091996      1.6042390
      94.6      1.6962702      1.6908064
      94.7      1.7848739      1.7788720
      94.8      1.8749466      1.8683709
      94.9      1.9664236      1.9592369
      95.0      2.0592392      2.0514032
      95.1      2.1533266      2.1448017
      95.2      2.2486184      2.2393640
      95.3      2.3450461      2.3350204
      95.4      2.4425408      2.4317007
      95.5      2.5410325      2.5293341
      95.6      2.6404509      2.6278491
      95.7      2.7407247      2.7271734
      95.8      2.8417823      2.8272344
      95.9      2.9435515      2.9279590
      96.0      3.0459596      3.0292736
      96.1      3.1489335      3.1311041
      96.2      3.2523998      3.2333764
      96.3      3.3562845      3.3360157
      96.4      3.4605136      3.4389474
      96.5      3.5650127      3.5420963
      96.6      3.6697075      3.6453875
      96.7      3.7745231      3.7487456
      96.8      3.8793851      3.8520956
      96.9      3.9842185      3.9553622
      97.0      4.0889488      4.0584704
      97.1      4.1935012      4.1613452
      97.2      4.2978014      4.2639119
      97.3      4.4017749      4.3660960
      97.4      4.5053476      4.4678233
      97.5      4.6084459      4.5690200
      97.6      4.7109960      4.6696125
      97.7      4.8129251      4.7695279
      97.8      4.9141602      4.8686936
      97.9      5.0146294      4.9670378
      98.0      5.1142608      5.0644891
      98.1      5.2129833      5.1609768
      98.2      5.3107265      5.2564309
      98.3      5.4074206      5.3507821
      98.4      5.5029964      5.4439621
      98.5      5.5973856      5.5359031
      98.6      5.6905206      5.6265386
      98.7      5.7823349      5.7158027
      98.8      5.8727626      5.8036307
      98.9      5.9617390      5.8899588
      99.0      6.0492001      5.9747244
      99.1      6.1350832      6.0578659
      99.2      6.2193266      6.1393228
      99.3      6.3018697      6.2190361
      99.4      6.3826529      6.2969477
      99.5      6.4616182      6.3730010
      99.6      6.5387085      6.4471406
      99.7      6.6138680      6.5193126
      99.8      6.6870424      6.5894644
      99.9      6.7581787      6.6575448
     100.0      6.8272251      6.7235042
     100.1      6.8941314      6.7872943
     100.2      6.9588489      6.8488685
     100.3      7.0213303      6.9081819
     100.4      7.0815299      6.9651908
     100.5      7.1394034      7.0198535
     100.6      7.1949083      7.0721297
     100.7      7.2480036      7.1219811
     100.8      7.2986499      7.1693708
     100.9      7.3468096      7.2142637
     101.0      7.3924468      7.2566267
     101.1      7.4355271      7.2964282
     101.2      7.4760181      7.3336385
     101.3      7.5138890      7.3682297
     101.4      7.5491111      7.4001760
     101.5      7.5816570      7.4294530
     101.6      7.6115017      7.4560386
     101.7      7.6386215      7.4799124
     101.8      7.6629950      7.5010559
     101.9      7.6846025      7.5194526
     102.0      7.7034261      7.5350878
     102.1      7.7194501      7.5479489
     102.2      7.7326604      7.5580252
     102.3      7.7430450      7.5653078
     102.4      7.7505938      7.5697901
     102.5      7.7552987      7.5714672
     102.6      7.7571535      7.5703361
     102.7      7.7561539      7.5663961
     102.8      7.7522977      7.5596481
     102.9      7.7455846      7.5500953
     103.0      7.7360163      7.5377427
     103.1      7.7235962      7.5225971
     103.2      7.7083302      7.5046676
     103.3      7.6902256      7.4839651
     103.4      7.6692921      7.4605023
     103.5      7.6455410      7.4342941
     103.6      7.6189858      7.4053570
     103.7      7.5896418      7.3737098
     103.8      7.5575263      7.3393729
     103.9      7.5226585      7.3023686
     104.0      7.4850594      7.2627212
     104.1      7.4447521      7.2204567
     104.2      7.4017614      7.1756032
     104.3      7.3561140      7.1281902
     104.4      7.3078386      7.0782494
     104.5      7.2569654      7.0258139
     104.6      7.2035267      6.9709189
     104.7      7.1475565      6.9136009
     104.8      7.0890906      6.8538986
     104.9      7.0281663      6.7918518
     105.0      6.9648230      6.7275024
     105.1      6.8991015      6.6608937
     105.2      6.8310445      6.5920706
     105.3      6.7606960      6.5210795
     105.4      6.6881019      6.4479683
     105.5      6.6133096      6.3727866
     105.6      6.5363681      6.2955851
     105.7      6.4573277      6.2164161
     105.8      6.3762405      6.1353333
     105.9      6.2931597      6.0523917
     106.0      6.2081403      5.9676475
     106.1      6.1212383      5.8811582
     106.2      6.0325113      5.7929825
     106.3      5.9420181      5.7031804
     106.4      5.8498187      5.6118128
     106.5      5.7559745      5.5189419
     106.6      5.6605479      5.4246308
     106.7      5.5636026      5.3289437
     106.8      5.4652032      5.2319456
     106.9      5.3654156      5.1337026
     107.0      5.2643066      5.0342814
     107.1      5.1619439      4.9337499
     107.2      5.0583962      4.8321764
     107.3      4.9537330      4.7296301
     107.4      4.8480247      4.6261807
     107.5      4.7413426      4.5218988
     107.6      4.6337585      4.4168553
     107.7      4.5253450      4.3111219
     107.8      4.4161754      4.2047704
     107.9      4.3063234      4.0978733
     108.0      4.1958636      3.9905034
     108.1      4.0848706      3.8827338
     108.2      3.9734199      3.7746379
     108.3      3.8615871      3.6662892
     108.4      3.7494483      3.5577616
     108.5      3.6370798      3.4491288
     108.6      3.5245581      3.3404649
     108.7      3.4119601      3.2318437
     108.8      3.2993626      3.1233391
     108.9      3.1868425      3.0150250
     109.0      3.0744768      2.9069750
     109.1      2.9623427      2.7992625
     109.2      2.8505168      2.6919607
     109.3      2.7390761      2.5851427
     109.4      2.6280972      2.4788808
     109.5      2.5176563      2.3732473
     109.6      2.4078296      2.2683139
     109.7      2.2986929      2.1641517
     109.8      2.1903216      2.0608314
     109.9      2.0827905      1.9584232
     110.0      1.9761741      1.8569962
     110.1      1.8705464      1.7566194
     110.2      1.7659807      1.6573605
     110.3      1.6625496      1.5592869
     110.4      1.5603252      1.4624647
     110.5      1.4593788      1.3669595
     110.6      1.3597808      1.2728358
     110.7      1.2616009      1.1801570
     110.8      1.1649078      1.0889857
     110.9      1.0697694      0.9993834
     111.0      0.9762525      0.9114103
     111.1      0.8844231      0.8251256
     111.2      0.7943457      0.7405874
     111.3      0.7060842      0.6578525
     111.4      0.6197010      0.5769763
     111.5      0.5352575      0.4980129
     111.6      0.4528135      0.4210154
     111.7      0.3724281      0.3460351
     111.8      0.2941585      0.2731220
     111.9      0.2180609      0.2023248
     112.0      0.1441900      0.1336906
     112.1      0.0725989      0.0672650
     112.2      0.0033395      0.0030919
     112.3     -0.0635381     -0.0587861
     112.4     -0.1279851     -0.1183282
     112.5     -0.1899545     -0.1754951
     112.6     -0.2494009     -0.2302494
     112.7     -0.3062803     -0.2825552
     112.8     -0.3605507     -0.3323784
     112.9     -0.4121716     -0.3796865
     113.0     -0.4611045     -0.4244489
     113.1     -0.5073123     -0.4666368
     113.2     -0.5507601     -0.5062231
     113.3     -0.5914146     -0.5431826
     113.4     -0.6292444     -0.5774919
     113.5     -0.6642198     -0.6091295
     113.6     -0.6963134     -0.6380757
     113.7     -0.7254994     -0.6643127
     113.8     -0.7517540     -0.6878246
     113.9     -0.7750553     -0.7085974
     114.0     -0.7953837     -0.7266191
     114.1     -0.8127211     -0.7418796
     114.2     -0.8270517     -0.7543705
     114.3     -0.8383618     -0.7640857
     114.4     -0.8466395     -0.7710208
     114.5     -0.8518750     -0.7751733
     114.6     -0.8540607     -0.7765429
     114.7     -0.8531909     -0.7751309
     114.8     -0.8492620     -0.7709409
     114.9     -0.8422724     -0.7639781
     115.0     -0.8322228     -0.7542500
     115.1     -0.8191157     -0.7417657
     115.2     -0.8029560     -0.7265363
     115.3     -0.7837502     -0.7085749
     115.4     -0.7615074     -0.6878965
     115.5     -0.7362385     -0.6645180
     115.6     -0.7079564     -0.6384581
     115.7     -0.6766761     -0.6097373
     115.8     -0.6424150     -0.5783782
     115.9     -0.6051920     -0.5444051
     116.0     -0.5650283     -0.5078441
     116.1     -0.5219473     -0.4687231
     116.2     -0.4759741     -0.4270718
     116.3     -0.4271360     -0.3829216
     116.4     -0.3754621     -0.3363058
     116.5     -0.3209837     -0.2872594
     116.6     -0.2637339     -0.2358188
     116.7     -0.2037477     -0.1820224
     116.8     -0.1410621     -0.1259100
     116.9     -0.0757159     -0.0675233
     117.0     -0.0077499     -0.0069052
     117.1      0.0627934      0.0558995
     117.2      0.1358697      0.1208447
     117.3      0.2114327      0.1878828
     117.4      0.2894347      0.2569646
     117.5      0.3698260      0.3280396
     117.6      0.4525552      0.4010560
     117.7      0.5375694      0.4759605
     117.8      0.6248139      0.5526985
     117.9      0.7142326      0.6312142
     118.0      0.8057677      0.7114506
     118.1      0.8993598      0.7933494
     118.2      0.9949482      0.8768513
     118.3      1.0924707      0.9618957
     118.4      1.1918635      1.0484210
     118.5      1.2930617      1.1363648
     118.6      1.3959990      1.2256633
     118.7      1.5006077      1.3162522
     118.8      1.6068188      1.4080661
     118.9      1.7145625      1.5010386
     119.0      1.8237674      1.5951029
     119.1      1.9343612      1.6901911
     119.2      2.0462705      1.7862347
     119.3      2.1594209      1.8831646
     119.4      2.2737371      1.9809111
     119.5      2.3891427      2.0794040
     119.6      2.5055607      2.1785723
     119.7      2.6229130      2.2783449
     119.8      2.7411209      2.3786500
     119.9      2.8601050      2.4794157
     120.0      2.9797852      2.5805697
     120.1      3.1000808      2.6820393
     120.2      3.2209106      2.7837518
     120.3      3.3421927      2.8856343
     120.4      3.4638449      2.9876136
     120.5      3.5857847      3.0896166
     120.6      3.7079291      3.1915704
     120.7      3.8301948      3.2934017
     120.8      3.9524985      3.3950377
     120.9      4.0747565      3.4964056
     121.0      4.1968851      3.5974327
     121.1      4.3188005      3.6980467
     121.2      4.4404189      3.7981756
     121.3      4.5616564      3.8977476
     121.4      4.6824296      3.9966915
     121.5      4.8026549      4.0949364
     121.6      4.9222490      4.1924121
     121.7      5.0411291      4.2890486
     121.8      5.1592124      4.3847769
     121.9      5.2764166      4.4795283
     122.0      5.3926601      4.5732352
     122.1      5.5078615      4.6658302
     122.2      5.6219401      4.7572473
     122.3      5.7348156      4.8474208
     122.4      5.8464088      4.9362862
     122.5      5.9566407      5.0237798
     122.6      6.0654335      5.1098390
     122.7      6.1727101      5.1944021
     122.8      6.2783941      5.2774084
     122.9      6.3824103      5.3587985
     123.0      6.4846843      5.4385139
     123.1      6.5851429      5.5164975
     123.2      6.6837139      5.5926933
     123.3      6.7803262      5.6670466
     123.4      6.8749100      5.7395039
     123.5      6.9673967      5.8100133
     123.6      7.0577189      5.8785240
     123.7      7.1458107      5.9449866
     123.8      7.2316074      6.0093534
     123.9      7.3150460      6.0715780
     124.0      7.3960647      6.1316155
     124.1      7.4746034      6.1894226
     124.2      7.5506034      6.2449574
     124.3      7.6240079      6.2981799
     124.4      7.6947613      6.3490514
     124.5      7.7628102      6.3975352
     124.6      7.8281026      6.4435959
     124.7      7.8905882      6.4872001
     124.8      7.9502189      6.5283160
     124.9      8.0069481      6.5669135
     125.0      8.0607311      6.6029643
     125.1      8.1115252      6.6364421
     125.2      8.1592897      6.6673220
     125.3      8.2039859      6.6955812
     125.4      8.2455768      6.7211988
     125.5      8.2840277      6.7441555
     125.6      8.3193061      6.7644341
     125.7      8.3513812      6.7820191
     125.8      8.3802246      6.7968969
     125.9      8.4058099      6.8090560
     126.0      8.4281130      6.8184866
     126.1      8.4471119      6.8251809
     126.2      8.4627867      6.8291330
     126.3      8.4751200      6.8303389
     126.4      8.4840963      6.8287965
     126.5      8.4897027      6.8245057
     126.6      8.4919282      6.8174684
     126.7      8.4907644      6.8076881
     126.8      8.4862050      6.7951705
     126.9      8.4782460      6.7799233
     127.0      8.4668860      6.7619558
     127.1      8.4521254      6.7412794
     127.2      8.4339674      6.7179074
     127.3      8.4124173      6.6918549
     127.4      8.3874828      6.6631389
     127.5      8.3591737      6.6317784
     127.6      8.3275026      6.5977940
     127.7      8.2924839      6.5612084
     127.8      8.2541347      6.5220459
     127.9      8.2124742      6.4803327
     128.0      8.1675241      6.4360968
     128.1      8.1193081      6.3893679
     128.2      8.0678526      6.3401776
     128.3      8.0131859      6.2885589
     128.4      7.9553387      6.2345469
     128.5      7.8943441      6.1781781
     128.6      7.8302372      6.1194907
     128.7      7.7630555      6.0585246
     128.8      7.6928385      5.9953211
     128.9      7.6196281      5.9299234
     129.0      7.5434682      5.8623758
     129.1      7.4644048      5.7927246
     129.2      7.3824863      5.7210171
     129.3      7.2977627      5.6473023
     129.4      7.2102865      5.5716305
     129.5      7.1201120      5.4940535
     129.6      7.0272955      5.4146243
     129.7      6.9318953      5.3333972
     129.8      6.8339716      5.2504278
     129.9      6.7335865      5.1657729
     130.0      6.6308040      5.0794906
     130.1      6.5256898      4.9916398
     130.2      6.4183116      4.9022809
     130.3      6.3087385      4.8114750
     130.4      6.1970416      4.7192846
     130.5      6.0832935      4.6257727
     130.6      5.9675686      4.5310036
     130.7      5.8499425      4.4350423
     130.8      5.7304927      4.3379547
     130.9      5.6092980      4.2398074
     131.0      5.4864386      4.1406678
     131.1      5.3619962      4.0406040
     131.2      5.2360537      3.9396848
     131.3      5.1086952      3.8379795
     131.4      4.9800064      3.7355579
     131.5      4.8500737      3.6324904
     131.6      4.7189849      3.5288479
     131.7      4.5868288      3.4247015
     131.8      4.4536952      3.3201229
     131.9      4.3196748      3.2151838
     132.0      4.1848593      3.1099566
     132.1      4.0493412      3.0045134
     132.2      3.9132137      2.8989267
     132.3      3.7765707      2.7932691
     132.4      3.6395068      2.6876133
     132.5      3.5021174      2.5820318
     132.6      3.3644980      2.4765972
     132.7      3.2267450      2.3713820
     132.8      3.0889550      2.2664585
     132.9      2.9512248      2.1618988
     133.0      2.8136518      2.0577747
     133.1      2.6763335      1.9541578
     133.2      2.5393675      1.8511192
     133.3      2.4028514      1.7487298
     133.4      2.2668832      1.6470599
     133.5      2.1315603      1.5461792
     133.6      1.9969806      1.4461572
     133.7      1.8632414      1.3470623
     133.8      1.7304400      1.2489628
     133.9      1.5986733      1.1519258
     134.0      1.4680378      1.0560180
     134.1      1.3386297      0.9613052
     134.2      1.2105446      0.8678523
     134.3      1.0838777      0.7757234
     134.4      0.9587234      0.6849817
     134.5      0.8351755      0.5956893
     134.6      0.7133271      0.5079075
     134.7      0.5932705      0.4216963
     134.8      0.4750969      0.3371148
     134.9      0.3588968      0.2542209
     135.0      0.2447597      0.1730713
     135.1      0.1327739      0.0937214
     135.2      0.0230268      0.0162255
     135.3     -0.0843957     -0.0593635
     135.4     -0.1894088     -0.1329939
     135.5     -0.2919288     -0.2046156
     135.6     -0.3918736     -0.2741796
     135.7     -0.4891625     -0.3416386
     135.8     -0.5837162     -0.4069466
     135.9     -0.6754571     -0.4700592
     136.0     -0.7643089     -0.5309335
     136.1     -0.8501971     -0.5895282
     136.2     -0.9330490     -0.6458035
     136.3     -1.0127936     -0.6997213
     136.4     -1.0893616     -0.7512450
     136.5     -1.1626856     -0.8003400
     136.6     -1.2327002     -0.8469729
     136.7     -1.2993419     -0.8911125
     136.8     -1.3625492     -0.9327291
     136.9     -1.4222626     -0.9717947
     137.0     -1.4784248     -1.0082833
     137.1     -1.5309807     -1.0421705
     137.2     -1.5798771     -1.0734337
     137.3     -1.6250633     -1.1020524
     137.4     -1.6664908     -1.1280076
     137.5     -1.7041135     -1.1512824
     137.6     -1.7378873     -1.1718616
     137.7     -1.7677710     -1.1897320
     137.8     -1.7937254     -1.2048823
     137.9     -1.8157139     -1.2173029
     138.0     -1.8337025     -1.2269865
     138.1     -1.8476595     -1.2339272
     138.2     -1.8575560     -1.2381214
     138.3     -1.8633654     -1.2395672
     138.4     -1.8650639     -1.2382648
     138.5     -1.8626303     -1.2342162
     138.6     -1.8560460     -1.2274252
     138.7     -1.8452951     -1.2178978
     138.8     -1.8303643     -1.2056417
     138.9     -1.8112432     -1.1906664
     139.0     -1.7879240     -1.1729837
     139.1     -1.7604016     -1.1526068
     139.2     -1.7286739     -1.1295511
     139.3     -1.6927411     -1.1038338
     139.4     -1.6526067     -1.0754739
     139.5     -1.6082767     -1.0444922
     139.6     -1.5597599     -1.0109114
     139.7     -1.5070679     -0.9747561
     139.8     -1.4502153     -0.9360526
     139.9     -1.3892191     -0.8948288
     140.0     -1.3240995     -0.8511147
     140.1     -1.2548793     -0.8049418
     140.2     -1.1815841     -0.7563434
     140.3     -1.1042423     -0.7053544
     140.4     -1.0228850     -0.6520115
     140.5     -0.9375464     -0.5963528
     140.6     -0.8482630     -0.5384184
     140.7     -0.7550743     -0.4782496
     140.8     -0.6580225     -0.4158895
     140.9     -0.5571526     -0.3513826
     141.0     -0.4525120     -0.2847750
     141.1     -0.3441510     -0.2161141
     141.2     -0.2321226     -0.1454489
     141.3     -0.1164823     -0.0728297
     141.4      0.0027119      0.0016919
     141.5      0.1253990      0.0780627
     141.6      0.2515161      0.1562286
     141.7      0.3809971      0.2361340
     141.8      0.5137740      0.3177222
     141.9      0.6497761      0.4009352
     142.0      0.7889301      0.4857139
     142.1      0.9311608      0.5719983
     142.2      1.0763902      0.6597271
     142.3      1.2245383      0.7488383
     142.4      1.3755227      0.8392685
     142.5      1.5292588      0.9309538
     142.6      1.6856601      1.0238292
     142.7      1.8446377      1.1178290
     142.8      2.0061006      1.2128866
     142.9      2.1699560      1.3089348
     143.0      2.3361091      1.4059055
     143.1      2.5044630      1.5037303
     143.2      2.6749193      1.6023398
     143.3      2.8473774      1.7016643
     143.4      3.0217352      1.8016337
     143.5      3.1978889      1.9021772
     143.6      3.3757330      2.0032237
     143.7      3.5551606      2.1047019
     143.8      3.7360630      2.2065400
     143.9      3.9183305      2.3086661
     144.0      4.1018516      2.4110079
     144.1      4.2865138      2.5134932
     144.2      4.4722031      2.6160496
     144.3      4.6588047      2.7186045
     144.4      4.8462023      2.8210857
     144.5      5.0342788      2.9234206
     144.6      5.2229161      3.0255370
     144.7      5.4119953      3.1273627
     144.8      5.6013964      3.2288259
     144.9      5.7909990      3.3298548
     145.0      5.9806818      3.4303781
     145.1      6.1703230      3.5303249
     145.2      6.3598004      3.6296244
     145.3      6.5489911      3.7282065
     145.4      6.7377720      3.8260017
     145.5      6.9260197      3.9229408
     145.6      7.1136106      4.0189553
     145.7      7.3004209      4.1139774
     145.8      7.4863269      4.2079399
     145.9      7.6712047      4.3007765
     146.0      7.8549307      4.3924215
     146.1      8.0373814      4.4828102
     146.2      8.2184337      4.5718786
     146.3      8.3979646      4.6595638
     146.4      8.5758516      4.7458038
     146.5      8.7519730      4.8305376
     146.6      8.9262073      4.9137052
     146.7      9.0984339      4.9952478
     146.8      9.2685328      5.0751077
     146.9      9.4363850      5.1532284
     147.0      9.6018723      5.2295544
     147.1      9.7648774      5.3040319
     147.2      9.9252843      5.3766080
     147.3     10.0829779      5.4472312
     147.4     10.2378445      5.5158515
     147.5     10.3897717      5.5824203
     147.6     10.5386484      5.6468902
     147.7     10.6843649      5.7092155
     147.8     10.8268132      5.7693519
     147.9     10.9658869      5.8272567
     148.0     11.1014811      5.8828887
     148.1     11.2334929      5.9362083
     148.2     11.3618211      5.9871775
     148.3     11.4863664      6.0357599
     148.4     11.6070315      6.0819209
     148.5     11.7237213      6.1256276
     148.6     11.8363426      6.1668485
     148.7     11.9448045      6.2055542
     148.8     12.0490185      6.2417170
     148.9     12.1488981      6.2753108
     149.0     12.2443595      6.3063114
     149.1     12.3353213      6.3346963
     149.2     12.4217045      6.3604452
     149.3     12.5034329      6.3835391
     149.4     12.5804327      6.4039613
     149.5     12.6526330      6.4216967
     149.6     12.7199657      6.4367321
     149.7     12.7823654      6.4490564
     149.8     12.8397696      6.4586602
     149.9     12.8921188      6.4655360
     150.0     12.9393565      6.4696783
     150.1     12.9814293      6.4710833
     150.2     13.0182867      6.4697495
     150.3     13.0498815      6.4656769
     150.4     13.0761697      6.4588677
     150.5     13.0971104      6.4493257
     150.6     13.1126662      6.4370571
     150.7     13.1228029      6.4220695
     150.8     13.1274896      6.4043726
     150.9     13.1266989      6.3839781
     151.0     13.1204068      6.3608994
     151.1     13.1085928      6.3351519
     151.2     13.0912398      6.3067529
     151.3     13.0683343      6.2757212
     151.4     13.0398665      6.2420779
     151.5     13.0058300      6.2058457
     151.6     12.9662221      6.1670491
     151.7     12.9210436      6.1257144
     151.8     12.8702993      6.0818698
     151.9     12.8139972      6.0355449
     152.0     12.7521495      5.9867715
     152.1     12.6847716      5.9355828
     152.2     12.6118830      5.8820138
     152.3     12.5335068      5.8261010
     152.4     12.4496699      5.7678827
     152.5     12.3604027      5.7073988
     152.6     12.2657396      5.6446907
     152.7     12.1657188      5.5798015
     152.8     12.0603819      5.5127756
     152.9     11.9497746      5.4436590
     153.0     11.8339463      5.3724992
     153.1     11.7129499      5.2993451
     153.2     11.5868421      5.2242469
     153.3     11.4556836      5.1472563
     153.4     11.3195383      5.0684262
     153.5     11.1784743      4.9878108
     153.6     11.0325630      4.9054656
     153.7     10.8818796      4.8214473
     153.8     10.7265028      4.7358138
     153.9     10.5665151      4.6486239
     154.0     10.4020023      4.5599377
     154.1     10.2330541      4.4698163
     154.2     10.0597633      4.3783218
     154.3      9.8822264      4.2855173
     154.4      9.7005434      4.1914666
     154.5      9.5148175      4.0962345
     154.6      9.3251555      3.9998868
     154.7      9.1316673      3.9024898
     154.8      8.9344663      3.8041107
     154.9      8.7336688      3.7048172
     155.0      8.5293945      3.6046779
     155.1      8.3217664      3.5037617
     155.2      8.1109103      3.4021382
     155.3      7.8969550      3.2998775
     155.4      7.6800325      3.1970500
     155.5      7.4602776      3.0937267
     155.6      7.2378279      2.9899788
     155.7      7.0128239      2.8858777
     155.8      6.7854087      2.7814953
     155.9      6.5557281      2.6769035
     156.0      6.3239306      2.5721743
     156.1      6.0901670      2.4673799
     156.2      5.8545908      2.3625926
     156.3      5.6173578      2.2578845
     156.4      5.3786260      2.1533277
     156.5      5.1385557      2.0489943
     156.6      4.8973093      1.9449561
     156.7      4.6550515      1.8412847
     156.8      4.4119487      1.7380515
     156.9      4.1681694      1.6353276
     157.0      3.9238838      1.5331835
     157.1      3.6792639      1.4316897
     157.2      3.4344834      1.3309159
     157.3      3.1897176      1.2309313
     157.4      2.9451431      1.1318047
     157.5      2.7009381      1.0336042
     157.6      2.4572819      0.9363973
     157.7      2.2143552      0.8402507
     157.8      1.9723397      0.7452304
     157.9      1.7314182      0.6514015
     158.0      1.4917744      0.5588285
     158.1      1.2535927      0.4675748
     158.2      1.0170584      0.3777028
     158.3      0.7823574      0.2892741
     158.4      0.5496761      0.2023493
     158.5      0.3192013      0.1169877
     158.6      0.0911203      0.0332477
     158.7     -0.1343796     -0.0488135
     158.8     -0.3571107     -0.1291400
     158.9     -0.5768855     -0.2076769
     159.0     -0.7935164     -0.2843708
     159.1     -1.0068161     -0.3591695
     159.2     -1.2165974     -0.4320222
     159.3     -1.4226737     -0.5028794
     159.4     -1.6248588     -0.5716930
     159.5     -1.8229669     -0.6384165
     159.6     -2.0168131     -0.7030047
     159.7     -2.2062132     -0.7654140
     159.8     -2.3909840     -0.8256025
     159.9     -2.5709431     -0.8835295
     160.0     -2.7459093     -0.9391563
     160.1     -2.9157027     -0.9924456
     160.2     -3.0801446     -1.0433618
     160.3     -3.2390577     -1.0918710
     160.4     -3.3922662     -1.1379410
     160.5     -3.5395960     -1.1815414
     160.6     -3.6808746     -1.2226435
     160.7     -3.8159315     -1.2612203
     160.8     -3.9445978     -1.2972467
     160.9     -4.0667070     -1.3306993
     161.0     -4.1820945     -1.3615568
     161.1     -4.2905979     -1.3897994
     161.2     -4.3920570     -1.4154093
     161.3     -4.4863144     -1.4383707
     161.4     -4.5732148     -1.4586694
     161.5     -4.6526058     -1.4762935
     161.6     -4.7243374     -1.4912325
     161.7     -4.7882625     -1.5034783
     161.8     -4.8442371     -1.5130244
     161.9     -4.8921199     -1.5198663
     162.0     -4.9317726     -1.5240016
     162.1     -4.9630604     -1.5254295
     162.2     -4.9858513     -1.5241513
     162.3     -5.0000169     -1.5201705
     162.4     -5.0054322     -1.5134920
     162.5     -5.0019755     -1.5041231
     162.6     -4.9895289     -1.4920727
     162.7     -4.9679778     -1.4773518
     162.8     -4.9372117     -1.4599732
     162.9     -4.8971236     -1.4399518
     163.0     -4.8476107     -1.4173042
     163.1     -4.7885737     -1.3920489
     163.2     -4.7199177     -1.3642063
     163.3     -4.6415517     -1.3337987
     163.4     -4.5533888     -1.3008502
     163.5     -4.4553465     -1.2653868
     163.6     -4.3473465     -1.2274361
     163.7     -4.2293147     -1.1870278
     163.8     -4.1011816     -1.1441932
     163.9     -3.9628820     -1.0989652
     164.0     -3.8143552     -1.0513788
     164.1     -3.6555453     -1.0014703
     164.2     -3.4864008     -0.9492781
     164.3     -3.3068748     -0.8948418
     164.4     -3.1169253     -0.8382030
     164.5     -2.9165149     -0.7794047
     164.6     -2.7056111     -0.7184916
     164.7     -2.4841861     -0.6555098
     164.8     -2.2522171     -0.5905070
     164.9     -2.0096862     -0.5235323
     165.0     -1.7565802     -0.4546364
     165.1     -1.4928912     -0.3838713
     165.2     -1.2186161     -0.3112903
     165.3     -0.9337568     -0.2369482
     165.4     -0.6383203     -0.1609010
     165.5     -0.3323185     -0.0832059
     165.6     -0.0157687     -0.0039215
     165.7      0.3113070      0.0768925
     165.8      0.6488813      0.1591754
     165.9      0.9969219      0.2428651
     166.0      1.3553913      0.3278988
     166.1      1.7242467      0.4142124
     166.2      2.1034406      0.5017410
     166.3      2.4929200      0.5904185
     166.4      2.8926269      0.6801784
     166.5      3.3024984      0.7709529
     166.6      3.7224662      0.8626737
     166.7      4.1524571      0.9552717
     166.8      4.5923927      1.0486769
     166.9      5.0421897      1.1428189
     167.0      5.5017597      1.2376266
     167.1      5.9710092      1.3330285
     167.2      6.4498398      1.4289523
     167.3      6.9381482      1.5253255
     167.4      7.4358260      1.6220752
     167.5      7.9427601      1.7191279
     167.6      8.4588323      1.8164101
     167.7      8.9839198      1.9138479
     167.8      9.5178950      2.0113672
     167.9     10.0606253      2.1088938
     168.0     10.6119738      2.2063534
     168.1     11.1717986      2.3036716
     168.2     11.7399533      2.4007741
     168.3     12.3162872      2.4975866
     168.4     12.9006447      2.5940348
     168.5     13.4928662      2.6900449
     168.6     14.0927873      2.7855429
     168.7     14.7002396      2.8804553
     168.8     15.3150504      2.9747089
     168.9     15.9370426      3.0682308
     169.0     16.5660354      3.1609486
     169.1     17.2018436      3.2527902
     169.2     17.8442782      3.3436843
     169.3     18.4931462      3.4335599
     169.4     19.1482510      3.5223466
     169.5     19.8093921      3.6099750
     169.6     20.4763654      3.6963760
     169.7     21.1489633      3.7814815
     169.8     21.8269745      3.8652241
     169.9     22.5101845      3.9475374
     170.0     23.1983757      4.0283557
     170.1     23.8913268      4.1076143
     170.2     24.5888138      4.1852497
     170.3     25.2906094      4.2611991
     170.4     25.9964838      4.3354010
     170.5     26.7062038      4.4077950
     170.6     27.4195339      4.4783218
     170.7     28.1362360      4.5469232
     170.8     28.8560691      4.6135426
     170.9     29.5787902      4.6781243
     171.0     30.3041538      4.7406141
     171.1     31.0319122      4.8009591
     171.2     31.7618157      4.8591079
     171.3     32.4936126      4.9150105
     171.4     33.2270494      4.9686182
     171.5     33.9618705      5.0198841
     171.6     34.6978192      5.0687625
     171.7     35.4346369      5.1152096
     171.8     36.1720637      5.1591829
     171.9     36.9098385      5.2006417
     172.0     37.6476988      5.2395470
     172.1     38.3853813      5.2758613
     172.2     39.1226217      5.3095490
     172.3     39.8591547      5.3405761
     172.4     40.5947146      5.3689104
     172.5     41.3290349      5.3945216
     172.6     42.0618488      5.4173809
     172.7     42.7928890      5.4374617
     172.8     43.5218883      5.4547390
     172.9     44.2485790      5.4691897
     173.0     44.9726938      5.4807927
     173.1     45.6939653      5.4895286
     173.2     46.4121267      5.4953800
     173.3     47.1269113      5.4983315
     173.4     47.8380531      5.4983695
     173.5     48.5452867      5.4954825
     173.6     49.2483474      5.4896607
     173.7     49.9469717      5.4808965
     173.8     50.6408968      5.4691842
     173.9     51.3298612      5.4545200
     174.0     52.0136047      5.4369022
     174.1     52.6918684      5.4163308
     174.2     53.3643949      5.3928082
     174.3     54.0309286      5.3663383
     174.4     54.6912156      5.3369274
     174.5     55.3450036      5.3045835
     174.6     55.9920427      5.2693167
     174.7     56.6320848      5.2311389
     174.8     57.2648843      5.1900642
     174.9     57.8901976      5.1461084
     175.0     58.5077840      5.0992894
     175.1     59.1174049      5.0496268
     175.2     59.7188248      4.9971425
     175.3     60.3118107      4.9418598
     175.4     60.8961326      4.8838043
     175.5     61.4715636      4.8230033
     175.6     62.0378798      4.7594858
     175.7     62.5948607      4.6932830
     175.8     63.1422888      4.6244274
     175.9     63.6799505      4.5529537
     176.0     64.2076353      4.4788982
     176.1     64.7251367      4.4022990
     176.2     65.2322517      4.3231958
     176.3     65.7287812      4.2416300
     176.4     66.2145300      4.1576447
     176.5     66.6893071      4.0712848
     176.6     67.1529254      3.9825965
     176.7     67.6052021      3.8916277
     176.8     68.0459586      3.7984278
     176.9     68.4750209      3.7030479
     177.0     68.8922193      3.6055402
     177.1     69.2973885      3.5059586
     177.2     69.6903682      3.4043584
     177.3     70.0710024      3.3007962
     177.4     70.4391402      3.1953299
     177.5     70.7946352      3.0880186
     177.6     71.1373463      2.9789229
     177.7     71.4671371      2.8681043
     177.8     71.7838764      2.7556257
     177.9     72.0874381      2.6415511
     178.0     72.3777011      2.5259453
     178.1     72.6545497      2.4088746
     178.2     72.9178736      2.2904058
     178.3     73.1675675      2.1706069
     178.4     73.4035317      2.0495469
     178.5     73.6256720      1.9272954
     178.6     73.8338996      1.8039230
     178.7     74.0281312      1.6795009
     178.8     74.2082891      1.5541011
     178.9     74.3743012      1.4277964
     179.0     74.5261010      1.3006598
     179.1     74.6636278      1.1727653
     179.2     74.7868264      1.0441872
     179.3     74.8956476      0.9150002
     179.4     74.9900476      0.7852796
     179.5     75.0699888      0.6551009
     179.6     75.1354389      0.5245401
     179.7     75.1863718      0.3936731
     179.8     75.2227670      0.2625765
     179.9     75.2446100      0.1313266
     180.0     75.2518919      0.0000000
