#Theta He10 He15 diff
0.0 0.0000000 0.0000000 0
0.1 3.6356441 3.6217748 0.0138693
0.2 7.2434566 7.2158239 0.0276327
0.3 10.7958842 10.7546995 0.0411847
0.4 14.2659282 14.2115053 0.0544229
0.5 17.6274133 17.5601657 0.0672476
0.6 20.8552486 20.7756850 0.0795636
0.7 23.9256758 23.8343948 0.091281
0.8 26.8165037 26.7141874 0.102316
0.9 29.5073247 29.3947318 0.112593
1.0 31.9797126 31.8576703 0.122042
1.1 34.2173983 34.0867938 0.130604
1.2 36.2064222 36.0681938 0.138228
1.3 37.9352620 37.7903887 0.144873
1.4 39.3949328 39.2444248 0.150508
1.5 40.5790616 40.4239496 0.155112
1.6 41.4839319 41.3252568 0.158675
1.7 42.1085012 41.9473032 0.161198
1.8 42.4543888 42.2916968 0.162692
1.9 42.5258358 42.3626574 0.163178
2.0 42.3296374 42.1669486 0.162689
2.1 41.8750480 41.7137834 0.161265
2.2 41.1736608 41.0147046 0.158956
2.3 40.2392629 40.0834402 0.155823
2.4 39.0876682 38.9357373 0.151931
2.5 37.7365294 37.5891748 0.147355
2.6 36.2051324 36.0629580 0.142174
2.7 34.5141735 34.3776983 0.136475
2.8 32.6855250 32.5551778 0.130347
2.9 30.7419882 30.6181051 0.123883
3.0 28.7070405 28.5898626 0.117178
3.1 26.6045763 26.4942482 0.110328
3.2 24.4586462 24.3552166 0.10343
3.3 22.2931977 22.1966202 0.0965775
3.4 20.1318190 20.0419543 0.0898647
3.5 17.9974901 17.9141095 0.0833806
3.6 15.9123431 15.8351327 0.0772104
3.7 13.8974346 13.8260006 0.071434
3.8 11.9725331 11.9064079 0.0661252
3.9 10.1559224 10.0945719 0.0613505
4.0 8.4642250 8.4070561 0.0571689
4.1 6.9122456 6.8586147 0.0536309
4.2 5.5128367 5.4620592 0.0507775
4.3 4.2767894 4.2281484 0.048641
4.4 3.2127468 3.1655039 0.0472429
4.5 2.3271449 2.2805497 0.0465952
4.6 1.6241781 1.5774785 0.0466996
4.7 1.1057912 1.0582440 0.0475472
4.8 0.7716978 0.7225786 0.0491192
4.9 0.6194232 0.5680365 0.0513867
5.0 0.6443727 0.5900613 0.0543114
5.1 0.8399234 0.7820777 0.0578457
5.2 1.1975378 1.1356046 0.0619332
5.3 1.7068993 1.6403892 0.0665101
5.4 2.3560653 2.2845606 0.0715047
5.5 3.1316385 3.0547988 0.0768397
5.6 4.0189519 3.9365202 0.0824317
5.7 5.0022672 4.9140740 0.0881932
5.8 6.0649824 5.9709493 0.0940331
5.9 7.1898476 7.0899895 0.0998581
6.0 8.3591846 8.2536111 0.105574
6.1 9.5551094 9.4440249 0.111084
6.2 10.7597540 10.6434567 0.116297
6.3 11.9554848 11.8343646 0.12112
6.4 13.1251153 12.9996506 0.125465
6.5 14.2521107 14.1228640 0.129247
6.6 15.3207819 15.1883944 0.132388
6.7 16.3164662 16.1816518 0.134814
6.8 17.2256939 17.0892318 0.136462
6.9 18.0363379 17.8990646 0.137273
7.0 18.7377444 18.6005451 0.137199
7.1 19.3208449 19.1846439 0.136201
7.2 19.7782465 19.6439975 0.134249
7.3 20.1043011 19.9729765 0.131325
7.4 20.2951514 20.1677322 0.127419
7.5 20.3487556 20.2262200 0.122536
7.6 20.2648877 20.1482007 0.116687
7.7 20.0451169 19.9352190 0.109898
7.8 19.6927636 19.5905608 0.102203
7.9 19.2128356 19.1191884 0.0936472
8.0 18.6119424 18.5276564 0.084286
8.1 17.8981924 17.8240086 0.0741838
8.2 17.0810708 17.0176572 0.0634136
8.3 16.1713029 16.1192466 0.0520563
8.4 15.1807033 15.1405030 0.0402003
8.5 14.1220122 14.0940726 0.0279396
8.6 13.0087232 12.9933496 0.0153736
8.7 11.8549023 11.8522967 0.0026056
8.8 10.6750026 10.6852608 -0.0102582
8.9 9.4836756 9.5067853 -0.0231097
9.0 8.2955819 8.3314225 -0.0358406
9.1 7.1252037 7.1735469 -0.0483432
9.2 5.9866621 6.0471736 -0.0605115
9.3 4.8935399 4.9657829 -0.072243
9.4 3.8587134 3.9421525 -0.0834391
9.5 2.8941948 2.9882017 -0.0940069
9.6 2.0109867 2.1148466 -0.10386
9.7 1.2189514 1.3318704 -0.112919
9.8 0.5266949 0.6478089 -0.121114
9.9 -0.0585310 0.0698523 -0.128383
10.0 -0.5309094 -0.3962337 -0.134676
10.1 -0.8861197 -0.7461691 -0.139951
10.2 -1.1213797 -0.9772011 -0.144179
10.3 -1.2354674 -1.0881257 -0.147342
10.4 -1.2287233 -1.0792895 -0.149434
10.5 -1.1030322 -0.9525715 -0.150461
10.6 -0.8617864 -0.7113463 -0.15044
10.7 -0.5098294 -0.3604279 -0.149401
10.8 -0.0533815 0.0940043 -0.147386
10.9 0.5000507 0.6444959 -0.144445
11.0 1.1417814 1.2824237 -0.140642
11.1 1.8620662 1.9981156 -0.136049
11.2 2.6502351 2.7809834 -0.130748
11.3 3.4948372 3.6196656 -0.124828
11.4 4.3837926 4.5021797 -0.118387
11.5 5.3045530 5.4160802 -0.111527
11.6 6.2442655 6.3486223 -0.104357
11.7 7.1899397 7.2869275 -0.0969878
11.8 8.1286155 8.2181500 -0.0895345
11.9 9.0475287 9.1296409 -0.0821122
12.0 9.9342732 10.0091097 -0.0748365
12.1 10.7769575 10.8447785 -0.067821
12.2 11.5643535 11.6255301 -0.0611766
12.3 12.2860350 12.3410454 -0.0550104
12.4 12.9325065 12.9819301 -0.0494236
12.5 13.4953178 13.5398288 -0.044511
12.6 13.9671648 14.0075246 -0.0403598
12.7 14.3419758 14.3790237 -0.0370479
12.8 14.6149798 14.6496237 -0.0346439
12.9 14.7827597 14.8159649 -0.0332052
13.0 14.8432860 14.8760642 -0.0327782
13.1 14.7959338 14.8293306 -0.0333968
13.2 14.6414810 14.6765636 -0.0350826
13.3 14.3820891 14.4199332 -0.0378441
13.4 14.0212660 14.0629426 -0.0416766
13.5 13.5638119 13.6103743 -0.0465624
13.6 13.0157493 13.0682198 -0.0524705
13.7 12.3842374 12.4435944 -0.059357
13.8 11.6774731 11.7446384 -0.0671653
13.9 10.9045782 10.9804052 -0.075827
14.0 10.0754770 10.1607394 -0.0852624
14.1 9.2007630 9.2961441 -0.0953811
14.2 8.2915589 8.3976420 -0.106083
14.3 7.3593698 7.4766296 -0.11726
14.4 6.4159329 6.5447285 -0.128796
14.5 5.4730655 5.6136336 -0.140568
14.6 4.5425118 4.6949622 -0.15245
14.7 3.6357924 3.8001045 -0.164312
14.8 2.7640576 2.9400782 -0.176021
14.9 1.9379455 2.1253887 -0.187443
15.0 1.1674486 1.3658961 -0.198448
15.1 0.4617885 0.6706925 -0.208904
15.2 -0.1706983 0.0479885 -0.218687
15.3 -0.7226630 -0.4949872 -0.227676
15.4 -1.1878329 -0.9520758 -0.235757
15.5 -1.5610869 -1.3182618 -0.242825
15.6 -1.8385147 -1.5897310 -0.248784
15.7 -2.0174606 -1.7639135 -0.253547
15.8 -2.0965509 -1.8395098 -0.257041
15.9 -2.0757046 -1.8165006 -0.259204
16.0 -1.9561275 -1.6961403 -0.259987
16.1 -1.7402902 -1.4809338 -0.259356
16.2 -1.4318891 -1.1745978 -0.257291
16.3 -1.0357926 -0.7820060 -0.253787
16.4 -0.5579726 -0.3091204 -0.248852
16.5 -0.0054214 0.2370910 -0.242512
16.6 0.6139432 0.8487501 -0.234807
16.7 1.2913845 1.5171743 -0.22579
16.8 2.0174639 2.2329931 -0.215529
16.9 2.7821656 2.9862722 -0.204107
17.0 3.5750287 3.7666450 -0.191616
17.1 4.3852838 4.5634482 -0.178164
17.2 5.2019935 5.3658608 -0.163867
17.3 6.0141937 6.1630451 -0.148851
17.4 6.8110353 6.9442861 -0.133251
17.5 7.5819229 7.6991298 -0.117207
17.6 8.3166503 8.4175162 -0.100866
17.7 9.0055300 9.0899080 -0.084378
17.8 9.6395150 9.7074108 -0.0678958
17.9 10.2103132 10.2618850 -0.0515718
18.0 10.7104894 10.7460476 -0.0355582
18.1 11.1335581 11.1535618 -0.0200037
18.2 11.4740618 11.4791149 -0.0050531
18.3 11.7276367 11.7184820 0.0091547
18.4 11.8910642 11.8685754 0.0224888
18.5 11.9623065 11.9274797 0.0348268
18.6 11.9405276 11.8944711 0.0460565
18.7 11.8260989 11.7700213 0.0560776
18.8 11.6205884 11.5557865 0.0648019
18.9 11.3267356 11.2545801 0.0721555
19.0 10.9484104 10.8703320 0.0780784
19.1 10.4905588 10.4080328 0.082526
19.2 9.9591339 9.8736643 0.0854696
19.3 9.3610148 9.2741186 0.0868962
19.4 8.7039141 8.6171051 0.086809
19.5 7.9962748 7.9110470 0.0852278
19.6 7.2471582 7.1649700 0.0821882
19.7 6.4661243 6.3883830 0.0777413
19.8 5.6631070 5.5911532 0.0719538
19.9 4.8482839 4.7833775 0.0649064
20.0 4.0319441 3.9752506 0.0566935
20.1 3.2243554 3.1769334 0.047422
20.2 2.4356320 2.3984215 0.0372105
20.3 1.6756044 1.6494171 0.0261873
20.4 0.9536942 0.9392044 0.0144898
20.5 0.2787940 0.2765318 0.0022622
20.6 -0.3408449 -0.3304994 -0.0103455
20.7 -0.8977162 -0.8745368 -0.0231794
20.8 -1.3851527 -1.3490694 -0.0360833
20.9 -1.7974085 -1.7485080 -0.0489005
21.0 -2.1297299 -2.0682542 -0.0614757
21.1 -2.3784123 -2.3047561 -0.0736562
21.2 -2.5408441 -2.4555497 -0.0852944
21.3 -2.6155360 -2.5192874 -0.0962486
21.4 -2.6021359 -2.4957506 -0.106385
21.5 -2.5014290 -2.3858489 -0.11558
21.6 -2.3153234 -2.1916037 -0.12372
21.7 -2.0468211 -1.9161185 -0.130703
21.8 -1.6999751 -1.5635343 -0.136441
21.9 -1.2798333 -1.1389731 -0.14086
22.0 -0.7923695 -0.6484677 -0.143902
22.1 -0.2444032 -0.0988806 -0.145523
22.2 0.3564918 0.5021872 -0.145695
22.3 1.0020876 1.1464974 -0.14441
22.4 1.6836108 1.8252828 -0.141672
22.5 2.3918578 2.5293623 -0.137504
22.6 3.1173144 3.2492610 -0.131947
22.7 3.8502805 3.9753335 -0.125053
22.8 4.5809948 4.6978891 -0.116894
22.9 5.2997619 5.4073169 -0.107555
23.0 5.9970762 6.0942095 -0.0971333
23.1 6.6637442 6.7494844 -0.0857402
23.2 7.2910019 7.3644993 -0.0734974
23.3 7.8706261 7.9311627 -0.0605366
23.4 8.3950385 8.4420365 -0.046998
23.5 8.8574014 8.8904295 -0.0330281
23.6 9.2517028 9.2704818 -0.018779
23.7 9.5728315 9.5772372 -0.0044057
23.8 9.8166395 9.8067045 0.009935
23.9 9.9799924 9.9559057 0.0240867
24.0 10.0608060 10.0229114 0.0378946
24.1 10.0580700 10.0068618 0.0512082
24.2 9.9718569 9.9079749 0.063882
24.3 9.8033177 9.7275399 0.0757778
24.4 9.5546632 9.4678969 0.0867663
24.5 9.2291320 9.1324040 0.096728
24.6 8.8309453 8.7253901 0.105555
24.7 8.3652492 8.2520961 0.113153
24.8 7.8380451 7.7186044 0.119441
24.9 7.2561096 7.1317580 0.124352
25.0 6.6269046 6.4990692 0.127835
25.1 5.9584786 5.8286213 0.129857
25.2 5.2593613 5.1289616 0.1304
25.3 4.5384517 4.4089904 0.129461
25.4 3.8049024 3.6778445 0.127058
25.5 3.0680006 2.9447790 0.123222
25.6 2.3370481 2.2190469 0.118001
25.7 1.6212409 1.5097800 0.111461
25.8 0.9295514 0.8258715 0.10368
25.9 0.2706130 0.1758614 0.0947516
26.0 -0.3473899 -0.4321721 0.0847822
26.1 -0.9168259 -0.9907161 0.0738902
26.2 -1.4307139 -1.4929177 0.0622038
26.3 -1.8828103 -1.9326711 0.0498608
26.4 -2.2676879 -2.3046940 0.0370061
26.5 -2.5808028 -2.6045933 0.0237905
26.6 -2.8185507 -2.8289194 0.0103687
26.7 -2.9783103 -2.9752079 -0.0031024
26.8 -3.0584741 -3.0420086 -0.0164655
26.9 -3.0584660 -3.0289016 -0.0295644
27.0 -2.9787455 -2.9364993 -0.0422462
27.1 -2.8207990 -2.7664359 -0.0543631
27.2 -2.5871169 -2.5213433 -0.0657736
27.3 -2.2811592 -2.2048146 -0.0763446
27.4 -1.9073073 -1.8213543 -0.085953
27.5 -1.4708050 -1.3763187 -0.0944863
27.6 -0.9776884 -0.8758435 -0.101845
27.7 -0.4347053 -0.3267626 -0.107943
27.8 0.1507733 0.2634814 -0.112708
27.9 0.7708510 0.8869360 -0.116085
28.0 1.4172084 1.5352418 -0.118033
28.1 2.0812127 2.1997422 -0.11853
28.2 2.7540290 2.8715956 -0.117567
28.3 3.4267358 3.5418902 -0.115154
28.4 4.0904393 4.2017592 -0.11132
28.5 4.7363892 4.8424951 -0.106106
28.6 5.3560903 5.4556615 -0.0995712
28.7 5.9414117 6.0332017 -0.09179
28.8 6.4846906 6.5675412 -0.0828506
28.9 6.9788301 7.0516845 -0.0728544
29.0 7.4173887 7.4793040 -0.0619153
29.1 7.7946618 7.8448195 -0.0501577
29.2 8.1057536 8.1434687 -0.0377151
29.3 8.3466372 8.3713663 -0.0247291
29.4 8.5142048 8.5255519 -0.0113471
29.5 8.6063050 8.6040261 0.0022789
29.6 8.6217681 8.6057735 0.0159946
29.7 8.5604182 8.5307736 0.0296446
29.8 8.4230728 8.3799982 0.0430746
29.9 8.2115299 8.1553967 0.0561332
30.0 7.9285417 7.8598683 0.0686734
30.1 7.5777767 7.4972222 0.0805545
30.2 7.1637698 7.0721262 0.0916436
30.3 6.6918616 6.5900441 0.101818
30.4 6.1681271 6.0571637 0.110963
30.5 5.5992957 5.4803145 0.118981
30.6 4.9926621 4.8668786 0.125784
30.7 4.3559911 4.2246937 0.131297
30.8 3.6974160 3.5619506 0.135465
30.9 3.0253326 2.8870872 0.138245
31.0 2.3482902 2.2086787 0.139611
31.1 1.6748809 1.5353264 0.139555
31.2 1.0136287 0.8755468 0.138082
31.3 0.3728792 0.2376619 0.135217
31.4 -0.2393071 -0.3703077 0.131001
31.5 -0.8152583 -0.9407460 0.125488
31.6 -1.3477894 -1.4665383 0.118749
31.7 -1.8302935 -1.9411624 0.110869
31.8 -2.2568257 -2.3587715 0.101946
31.9 -2.6221782 -2.7142674 0.0920892
32.0 -2.9219458 -3.0033652 0.0814194
32.1 -3.1525806 -3.2226467 0.0700661
32.2 -3.3114355 -3.3696021 0.0581666
32.3 -3.3967968 -3.4426608 0.045864
32.4 -3.4079032 -3.4412093 0.0333061
32.5 -3.3449542 -3.3655969 0.0206427
32.6 -3.2091043 -3.2171293 0.008025
32.7 -3.0024465 -2.9980494 -0.0043971
32.8 -2.7279826 -2.7115063 -0.0164763
32.9 -2.3895825 -2.3615125 -0.02807
33.0 -1.9919323 -1.9528906 -0.0390417
33.1 -1.5404714 -1.4912089 -0.0492625
33.2 -1.0413212 -0.9827083 -0.0586129
33.3 -0.5012040 -0.4342199 -0.0669841
33.4 0.0726452 0.1469243 -0.0742791
33.5 0.6725726 0.7529868 -0.0804142
33.6 1.2906062 1.3759257 -0.0853195
33.7 1.9185588 2.0074989 -0.0889401
33.8 2.5481343 2.6393709 -0.0912366
33.9 3.1710351 3.2632203 -0.0921852
34.0 3.7790691 3.8708477 -0.0917786
34.1 4.3642550 4.4542805 -0.0900255
34.2 4.9189250 5.0058759 -0.0869509
34.3 5.4358230 5.5184183 -0.0825953
34.4 5.9081971 5.9852115 -0.0770144
34.5 6.3298857 6.4001645 -0.0702788
34.6 6.6953955 6.7578681 -0.0624726
34.7 6.9999711 7.0536637 -0.0536926
34.8 7.2396547 7.2837014 -0.0440467
34.9 7.4113348 7.4449885 -0.0336537
35.0 7.5127854 7.5354258 -0.0226404
35.1 7.5426917 7.5538332 -0.0111415
35.2 7.5006658 7.4999627 0.0007031
35.3 7.3872495 7.3744998 0.0127497
35.4 7.2039048 7.1790527 0.0248521
35.5 6.9529935 6.9161299 0.0368636
35.6 6.6377447 6.5891055 0.0486392
35.7 6.2622110 6.2021744 0.0600366
35.8 5.8312144 5.7602963 0.0709181
35.9 5.3502829 5.2691300 0.0811529
36.0 4.8255770 4.7349594 0.0906176
36.1 4.2638094 4.1646110 0.0991984
36.2 3.6721569 3.5653647 0.106792
36.3 3.0581670 2.9448591 0.113308
36.4 2.4296595 2.3109924 0.118667
36.5 1.7946255 1.6718197 0.122806
36.6 1.1611234 1.0354492 0.125674
36.7 0.5371755 0.4099373 0.127238
36.8 -0.0693362 -0.1968151 0.127479
36.9 -0.6507705 -0.7771640 0.126393
37.0 -1.1998258 -1.3238205 0.123995
37.1 -1.7096329 -1.8299442 0.120311
37.2 -2.1738432 -2.2892303 0.115387
37.3 -2.5867090 -2.6959896 0.109281
37.4 -2.9431567 -3.0452212 0.102065
37.5 -3.2388505 -3.3326750 0.0938245
37.6 -3.4702472 -3.5549054 0.0846582
37.7 -3.6346396 -3.7093141 0.0746745
37.8 -3.7301900 -3.7941814 0.0639914
37.9 -3.7559523 -3.8086876 0.0527353
38.0 -3.7118816 -3.7529207 0.0410391
38.1 -3.5988336 -3.6278743 0.0290407
38.2 -3.4185512 -3.4354326 0.0168814
38.3 -3.1736404 -3.1783443 0.0047039
38.4 -2.8675345 -2.8601858 -0.0073487
38.5 -2.5044487 -2.4853129 -0.0191358
38.6 -2.0893233 -2.0588038 -0.0305195
38.7 -1.6277592 -1.5863916 -0.0413676
38.8 -1.1259436 -1.0743893 -0.0515543
38.9 -0.5905696 -0.5296074 -0.0609622
39.0 -0.0287480 0.0407351 -0.0694831
39.1 0.5520845 0.6291047 -0.0770202
39.2 1.1442624 1.2277507 -0.0834883
39.3 1.7399908 1.8288060 -0.0888152
39.4 2.3314461 2.4243888 -0.0929427
39.5 2.9108770 3.0067040 -0.095827
39.6 3.4707044 3.5681437 -0.0974393
39.7 4.0036191 4.1013853 -0.0977662
39.8 4.5026752 4.5994847 -0.0968095
39.9 4.9613794 5.0559658 -0.0945864
40.0 5.3737735 5.4649030 -0.0911295
40.1 5.7345105 5.8209963 -0.0864858
40.2 6.0389224 6.1196388 -0.0807164
40.3 6.2830788 6.3569747 -0.0738959
40.4 6.4638366 6.5299476 -0.066111
40.5 6.5788787 6.6363387 -0.05746
40.6 6.6267423 6.6747934 -0.0480511
40.7 6.6068365 6.6448376 -0.0380011
40.8 6.5194476 6.5468821 -0.0274345
40.9 6.3657341 6.3822153 -0.0164812
41.0 6.1477100 6.1529856 -0.0052756
41.1 5.8682172 5.8621715 0.0060457
41.2 5.5308870 5.5135422 0.0173448
41.3 5.1400919 5.1116071 0.0284848
41.4 4.7008879 4.6615565 0.0393314
41.5 4.2189475 4.1691934 0.0497541
41.6 3.7004857 3.6408575 0.0596282
41.7 3.1521785 3.0833425 0.068836
41.8 2.5810760 2.5038076 0.0772684
41.9 1.9945108 1.9096844 0.0848264
42.0 1.4000025 1.3085807 0.0914218
42.1 0.8051605 0.7081819 0.0969786
42.2 0.2175857 0.1161519 0.101434
42.3 -0.3552280 -0.4599658 0.104738
42.4 -0.9059897 -1.0128457 0.106856
42.5 -1.4277055 -1.5354734 0.107768
42.6 -1.9137685 -2.0212366 0.107468
42.7 -2.3580429 -2.4640090 0.105966
42.8 -2.7549427 -2.8582289 0.103286
42.9 -3.0995025 -3.1989699 0.0994674
43.0 -3.3874408 -3.4820030 0.0945622
43.1 -3.6152139 -3.7038506 0.0886367
43.2 -3.7800603 -3.8618296 0.0817693
43.3 -3.8800348 -3.9540849 0.0740501
43.4 -3.9140327 -3.9796119 0.0655792
43.5 -3.8818020 -3.9382678 0.0564658
43.6 -3.7839451 -3.8307723 0.0468272
43.7 -3.6219104 -3.6586968 0.0367864
43.8 -3.3979708 -3.4244427 0.0264719
43.9 -3.1151943 -3.1312089 0.0160146
44.0 -2.7774020 -2.7829494 0.0055474
44.1 -2.3891178 -2.3843209 -0.0047969
44.2 -1.9555091 -1.9406219 -0.0148872
44.3 -1.4823187 -1.4577228 -0.0245959
44.4 -0.9757897 -0.9419896 -0.0338001
44.5 -0.4425842 -0.4002011 -0.0423831
44.6 0.1103034 0.1605398 -0.0502364
44.7 0.6756373 0.7328975 -0.0572602
44.8 1.2460339 1.3093990 -0.0633651
44.9 1.8140574 1.8825307 -0.0684733
45.0 2.3723160 2.4448350 -0.072519
45.1 2.9135568 2.9890066 -0.0754498
45.2 3.4307596 3.5079864 -0.0772268
45.3 3.9172266 3.9950520 -0.0778254
45.4 4.3666687 4.4439041 -0.0772354
45.5 4.7732855 4.8487468 -0.0754613
45.6 5.1318396 5.2043615 -0.0725219
45.7 5.4377232 5.5061736 -0.0684504
45.8 5.6870163 5.7503100 -0.0632937
45.9 5.8765361 5.9336481 -0.057112
46.0 6.0038771 6.0538551 -0.049978
46.1 6.0674405 6.1094161 -0.0419756
46.2 6.0664534 6.0996532 -0.0331998
46.3 6.0009777 6.0247322 -0.0237545
46.4 5.8719076 5.8856593 -0.0137517
46.5 5.6809567 5.6842670 -0.0033103
46.6 5.4306348 5.4231887 0.0074461
46.7 5.1242135 5.1058238 0.0183897
46.8 4.7656834 4.7362926 0.0293908
46.9 4.3597010 4.3193818 0.0403192
47.0 3.9115276 3.8604817 0.0510459
47.1 3.4269604 3.3655161 0.0614443
47.2 2.9122567 2.8408644 0.0713923
47.3 2.3740524 2.2932795 0.0807729
47.4 1.8192760 1.7297989 0.0894771
47.5 1.2550583 1.1576547 0.0974036
47.6 0.6886402 0.5841793 0.104461
47.7 0.1272791 0.0167106 0.110569
47.8 -0.4218446 -0.5375021 0.115657
47.9 -0.9517206 -1.0713919 0.119671
48.0 -1.4555983 -1.5781653 0.122567
48.1 -1.9270739 -2.0513887 0.124315
48.2 -2.3601721 -2.4850717 0.1249
48.3 -2.7494230 -2.8737430 0.12432
48.4 -3.0899315 -3.2125205 0.122589
48.5 -3.3774397 -3.4971734 0.119734
48.6 -3.6083808 -3.7241754 0.115795
48.7 -3.7799240 -3.8907495 0.110826
48.8 -3.8900098 -3.9949026 0.104893
48.9 -3.9373755 -4.0354497 0.0980742
49.0 -3.9215701 -4.0120282 0.0904581
49.1 -3.8429588 -3.9251014 0.0821426
49.2 -3.7027170 -3.7759508 0.0732338
49.3 -3.5028139 -3.5666590 0.0638451
49.4 -3.2459856 -3.3000809 0.0540953
49.5 -2.9356990 -2.9798063 0.0441073
49.6 -2.5761054 -2.6101120 0.0340066
49.7 -2.1719860 -2.1959057 0.0239197
49.8 -1.7286892 -1.7426621 0.0139729
49.9 -1.2520609 -1.2563507 0.0042898
50.0 -0.7483678 -0.7433588 -0.005009
50.1 -0.2242160 -0.2104079 -0.0138081
50.2 0.3135347 0.3355335 -0.0219988
50.3 0.8578598 0.8873396 -0.0294798
50.4 1.4016612 1.4378204 -0.0361592
50.5 1.9378588 1.9798138 -0.041955
50.6 2.4594819 2.5062783 -0.0467964
50.7 2.9597593 3.0103836 -0.0506243
50.8 3.4322060 3.4855988 -0.0533928
50.9 3.8707068 3.9257755 -0.0550687
51.0 4.2695948 4.3252273 -0.0556325
51.1 4.6237235 4.6788021 -0.0550786
51.2 4.9285328 4.9819481 -0.0534153
51.3 5.1801071 5.2307714 -0.0506643
51.4 5.3752244 5.4220853 -0.0468609
51.5 5.5113976 5.5534508 -0.0420532
51.6 5.5869048 5.6232067 -0.0363019
51.7 5.6008109 5.6304899 -0.029679
51.8 5.5529785 5.5752455 -0.022267
51.9 5.4440682 5.4582265 -0.0141583
52.0 5.2755291 5.2809826 -0.0054535
52.1 5.0495792 5.0458397 0.0037395
52.2 4.7691751 4.7558679 0.0133072
52.3 4.4379733 4.4148419 0.0231314
52.4 4.0602815 4.0271903 0.0330912
52.5 3.6410025 3.5979384 0.0430641
52.6 3.1855697 3.1326418 0.0529279
52.7 2.6998765 2.6373147 0.0625618
52.8 2.1901990 2.1183510 0.071848
52.9 1.6631152 1.5824418 0.0806734
53.0 1.1254191 1.0364881 0.088931
53.1 0.5840326 0.4875121 0.0965205
53.2 0.0459163 -0.0574340 0.10335
53.3 -0.4820205 -0.5913591 0.109339
53.4 -0.9930093 -1.1074230 0.114414
53.5 -1.4805090 -1.5990248 0.118516
53.6 -1.9382908 -2.0598875 0.121597
53.7 -2.3605175 -2.4841388 0.123621
53.8 -2.7418188 -2.8663861 0.124567
53.9 -3.0773598 -3.2017857 0.124426
54.0 -3.3629028 -3.4861046 0.123202
54.1 -3.5948609 -3.7157738 0.120913
54.2 -3.7703442 -3.8879344 0.11759
54.3 -3.8871954 -4.0004726 0.113277
54.4 -3.9440169 -4.0520468 0.10803
54.5 -3.9401881 -4.0421035 0.101915
54.6 -3.8758722 -3.9708835 0.0950113
54.7 -3.7520129 -3.8394177 0.0874048
54.8 -3.5703216 -3.6495132 0.0791916
54.9 -3.3332539 -3.4037284 0.0704745
55.0 -3.0439772 -3.1053395 0.0613623
55.1 -2.7063287 -2.7582972 0.0519685
55.2 -2.3247651 -2.3671746 0.0424095
55.3 -1.9043044 -1.9371079 0.0328035
55.4 -1.4504600 -1.4737292 0.0232692
55.5 -0.9691695 -0.9830932 0.0139237
55.6 -0.4667169 -0.4715985 0.0048816
55.7 0.0503485 0.0540951 -0.0037466
55.8 0.5752974 0.5871532 -0.0118558
55.9 1.1013070 1.1206548 -0.0193478
56.0 1.6215497 1.6476820 -0.0261323
56.1 2.1292811 2.1614090 -0.0321279
56.2 2.6179267 2.6551900 -0.0372633
56.3 3.0811667 3.1226452 -0.0414785
56.4 3.5130176 3.5577419 -0.0447243
56.5 3.9079082 3.9548726 -0.0469644
56.6 4.2607516 4.3089265 -0.0481749
56.7 4.5670102 4.6153549 -0.0483447
56.8 4.8227533 4.8702290 -0.0474757
56.9 5.0247071 5.0702901 -0.045583
57.0 5.1702965 5.2129904 -0.0426939
57.1 5.2576769 5.2965256 -0.0388487
57.2 5.2857574 5.3198564 -0.034099
57.3 5.2542143 5.2827219 -0.0285076
57.4 5.1634933 5.1856413 -0.022148
57.5 5.0148040 5.0299066 -0.0151026
57.6 4.8101023 4.8175649 -0.0074626
57.7 4.5520651 4.5513911 0.000674
57.8 4.2440541 4.2348511 0.009203
57.9 3.8900723 3.8720566 0.0180157
58.0 3.4947110 3.4677108 0.0270002
58.1 3.0630898 3.0270476 0.0360422
58.2 2.6007906 2.5557628 0.0450278
58.3 2.1137842 2.0599406 0.0538436
58.4 1.6083531 1.5459746 0.0623785
58.5 1.0910100 1.0204846 0.0705254
58.6 0.5684138 0.4902315 0.0781823
58.7 0.0472828 -0.0379706 0.0852534
58.8 -0.4656912 -0.5573419 0.0916507
58.9 -0.9639301 -1.0612247 0.0972946
59.0 -1.4410535 -1.5431688 0.102115
59.1 -1.8909613 -1.9970145 0.106053
59.2 -2.3079117 -2.4169718 0.10906
59.3 -2.6865953 -2.7976947 0.111099
59.4 -3.0222025 -3.1343494 0.112147
59.5 -3.3104857 -3.4226761 0.11219
59.6 -3.5478126 -3.6590435 0.111231
59.7 -3.7312132 -3.8404945 0.109281
59.8 -3.8584166 -3.9647839 0.106367
59.9 -3.9278799 -4.0304064 0.102527
60.0 -3.9388073 -4.0366149 0.0978076
60.1 -3.8911589 -3.9834298 0.0922709
60.2 -3.7856512 -3.8716373 0.0859861
60.3 -3.6237464 -3.7027787 0.0790323
60.4 -3.4076325 -3.4791296 0.0714971
60.5 -3.1401948 -3.2036695 0.0634747
60.6 -2.8249775 -2.8800428 0.0550653
60.7 -2.4661372 -2.5125110 0.0463738
60.8 -2.0683886 -2.1058970 0.0375084
60.9 -1.6369431 -1.6655221 0.028579
61.0 -1.1774409 -1.1971371 0.0196962
61.1 -0.6958778 -0.7068475 0.0109697
61.2 -0.1985272 -0.2010342 0.002507
61.3 0.3081407 0.3137287 -0.005588
61.4 0.8175431 0.8307593 -0.0132162
61.5 1.3230694 1.3433540 -0.0202846
61.6 1.8181664 1.8448741 -0.0267077
61.7 2.2964231 2.3288311 -0.032408
61.8 2.7516532 2.7889704 -0.0373172
61.9 3.1779744 3.2193516 -0.0413772
62.0 3.5698842 3.6144251 -0.0445409
62.1 3.9223303 3.9691025 -0.0467722
62.2 4.2307755 4.2788225 -0.048047
62.3 4.4912554 4.5396086 -0.0483532
62.4 4.7004292 4.7481200 -0.0476908
62.5 4.8556217 4.9016939 -0.0460722
62.6 4.9548577 4.9983791 -0.0435214
62.7 4.9968858 5.0369602 -0.0400744
62.8 4.9811949 5.0169728 -0.0357779
62.9 4.9080189 4.9387087 -0.0306898
63.0 4.7783335 4.8032108 -0.0248773
63.1 4.5938428 4.6122593 -0.0184165
63.2 4.3569560 4.3683479 -0.0113919
63.3 4.0707562 4.0746506 -0.0038944
63.4 3.7389597 3.7349805 0.0039792
63.5 3.3658670 3.3537395 0.0121275
63.6 2.9563074 2.9358612 0.0204462
63.7 2.5155753 2.4867466 0.0288287
63.8 2.0493624 2.0121939 0.0371685
63.9 1.5636828 1.5183237 0.0453591
64.0 1.0647961 1.0114991 0.053297
64.1 0.5591256 0.4982442 0.0608814
64.2 0.0531758 -0.0148409 0.0680167
64.3 -0.4465518 -0.5211649 0.0746131
64.4 -0.9336426 -1.0142302 0.0805876
64.5 -1.4018511 -1.4877167 0.0858656
64.6 -1.8451818 -1.9355632 0.0903814
64.7 -2.2579662 -2.3520450 0.0940788
64.8 -2.6349349 -2.7318473 0.0969124
64.9 -2.9712859 -3.0701336 0.0988477
65.0 -3.2627457 -3.3626073 0.0998616
65.1 -3.5056239 -3.6055667 0.0999428
65.2 -3.6968598 -3.7959516 0.0990918
65.3 -3.8340619 -3.9313828 0.0973209
65.4 -3.9155375 -4.0101914 0.0946539
65.5 -3.9403138 -4.0314399 0.0911261
65.6 -3.9081501 -3.9949335 0.0867834
65.7 -3.8195396 -3.9012217 0.0816821
65.8 -3.6757025 -3.7515905 0.075888
65.9 -3.4785698 -3.5480451 0.0694753
66.0 -3.2307570 -3.2932831 0.0625261
66.1 -2.9355303 -2.9906593 0.055129
66.2 -2.5967634 -2.6441417 0.0473783
66.3 -2.2188871 -2.2582595 0.0393724
66.4 -1.8068316 -1.8380443 0.0312127
66.5 -1.3659622 -1.3889649 0.0230027
66.6 -0.9020102 -0.9168560 0.0148458
66.7 -0.4209979 -0.4278429 0.006845
66.8 0.0708387 0.0717378 -0.0008991
66.9 0.5671309 0.5754201 -0.0082892
67.0 1.0614592 1.0766921 -0.0152329
67.1 1.5474365 1.5690798 -0.0216433
67.2 2.0187899 2.0462308 -0.0274409
67.3 2.4694421 2.5019957 -0.0325536
67.4 2.8935887 2.9305071 -0.0369184
67.5 3.2857734 3.3262553 -0.0404819
67.6 3.6409577 3.6841586 -0.0432009
67.7 3.9545854 3.9996283 -0.0450429
67.8 4.2226406 4.2686274 -0.0459868
67.9 4.4416995 4.4877223 -0.0460228
68.0 4.6089731 4.6541258 -0.0451527
68.1 4.7223431 4.7657328 -0.0433897
68.2 4.7803882 4.8211467 -0.0407585
68.3 4.7824016 4.8196964 -0.0372948
68.4 4.7283997 4.7614442 -0.0330445
68.5 4.6191207 4.6471846 -0.0280639
68.6 4.4560145 4.4784326 -0.0224181
68.7 4.2412233 4.2574042 -0.0161809
68.8 3.9775532 3.9869865 -0.0094333
68.9 3.6684374 3.6707000 -0.0022626
69.0 3.3178909 3.3126527 0.0052382
69.1 2.9304587 2.9174863 0.0129724
69.2 2.5111562 2.4903159 0.0208403
69.3 2.0654044 2.0366637 0.0287407
69.4 1.5989593 1.5623872 0.0365721
69.5 1.1178375 1.0736037 0.0442338
69.6 0.6282382 0.5766107 0.0516275
69.7 0.1364634 0.0778051 0.0586583
69.8 -0.3511637 -0.4163998 0.0652361
69.9 -0.8283799 -0.8996565 0.0712766
70.0 -1.2890632 -1.3657656 0.0767024
70.1 -1.7273109 -1.8087549 0.081444
70.2 -2.1375162 -2.2229566 0.0854404
70.3 -2.5144395 -2.6030798 0.0886403
70.4 -2.8532756 -2.9442783 0.0910027
70.5 -3.1497157 -3.2422126 0.0924969
70.6 -3.4000019 -3.4931054 0.0931035
70.7 -3.6009751 -3.6937893 0.0928142
70.8 -3.7501155 -3.8417475 0.091632
70.9 -3.8455736 -3.9351451 0.0895715
71.0 -3.8861942 -3.9728523 0.0866581
71.1 -3.8715299 -3.9544580 0.0829281
71.2 -3.8018466 -3.8802746 0.078428
71.3 -3.6781188 -3.7513330 0.0732142
71.4 -3.5020166 -3.5693685 0.0673519
71.5 -3.2758834 -3.3367980 0.0609146
71.6 -3.0027050 -3.0566878 0.0539828
71.7 -2.6860703 -2.7327135 0.0466432
71.8 -2.3301244 -2.3691122 0.0389878
71.9 -1.9395146 -1.9706270 0.0311124
72.0 -1.5193301 -1.5424455 0.0231154
72.1 -1.0750357 -1.0901324 0.0150967
72.2 -0.6124012 -0.6195575 0.0071563
72.3 -0.1374263 -0.1368196 -0.0006067
72.4 0.3437365 0.3518323 -0.0080958
72.5 0.8248616 0.8400796 -0.015218
72.6 1.2997308 1.3216157 -0.0218849
72.7 1.7622133 1.7902273 -0.028014
72.8 2.2063444 2.2398743 -0.0335299
72.9 2.6264026 2.6647674 -0.0383648
73.0 3.0169829 3.0594428 -0.0424599
73.1 3.3730662 3.4188317 -0.0457655
73.2 3.6900836 3.7383258 -0.0482422
73.3 3.9639747 4.0138356 -0.0498609
73.4 4.1912394 4.2418432 -0.0506038
73.5 4.3689828 4.4194467 -0.0504639
73.6 4.4949512 4.5443968 -0.0494456
73.7 4.5675612 4.6151254 -0.0475642
73.8 4.5859187 4.6307650 -0.0448463
73.9 4.5498302 4.5911592 -0.041329
74.0 4.4598045 4.4968637 -0.0370592
74.1 4.3170450 4.3491386 -0.0320936
74.2 4.1234337 4.1499317 -0.026498
74.3 3.8815065 3.9018519 -0.0203454
74.4 3.5944193 3.6081356 -0.0137163
74.5 3.2659066 3.2726040 -0.0066974
74.6 2.9002335 2.8996133 0.0006202
74.7 2.5021392 2.4939979 0.0081413
74.8 2.0767760 2.0610077 0.0157683
74.9 1.6296421 1.6062398 0.0234023
75.0 1.1665104 1.1355662 0.0309442
75.1 0.6933541 0.6550577 0.0382964
75.2 0.2162689 0.1709052 0.0453637
75.3 -0.2586055 -0.3106596 0.0520541
75.4 -0.7251644 -0.7834455 0.0582811
75.5 -1.1774171 -1.2413806 0.0639635
75.6 -1.6095639 -1.6785914 0.0690275
75.7 -2.0160708 -2.0894777 0.0734069
75.8 -2.3917403 -2.4687846 0.0770443
75.9 -2.7317784 -2.8116701 0.0798917
76.0 -3.0318561 -3.1137672 0.0819111
76.1 -3.2881642 -3.3712393 0.0830751
76.2 -3.4974625 -3.5808294 0.0833669
76.3 -3.6571205 -3.7399017 0.0827812
76.4 -3.7651510 -3.8464744 0.0813234
76.5 -3.8202351 -3.8992452 0.0790101
76.6 -3.8217381 -3.8976070 0.0758689
76.7 -3.7697176 -3.8416553 0.0719377
76.8 -3.6649214 -3.7321857 0.0672643
76.9 -3.5087776 -3.5706839 0.0619063
77.0 -3.3033754 -3.3593049 0.0559295
77.1 -3.0514371 -3.1008450 0.0494079
77.2 -2.7562828 -2.7987050 0.0424222
77.3 -2.4217869 -2.4568459 0.035059
77.4 -2.0523272 -2.0797370 0.0274098
77.5 -1.6527281 -1.6722977 0.0195696
77.6 -1.2281983 -1.2398342 0.0116359
77.7 -0.7842624 -0.7879698 0.0037074
77.8 -0.3266902 -0.3225728 -0.0041174
77.9 0.1385789 0.1503198 -0.0117409
78.0 0.6055117 0.6245802 -0.0190685
78.1 1.0680599 1.0940689 -0.026009
78.2 1.5202379 1.5527141 -0.0324762
78.3 1.9561999 1.9945895 -0.0383896
78.4 2.3703152 2.4139911 -0.0436759
78.5 2.7572405 2.8055103 -0.0482698
78.6 3.1119890 3.1641032 -0.0521142
78.7 3.4299937 3.4851557 -0.055162
78.8 3.7071665 3.7645422 -0.0573757
78.9 3.9399503 3.9986786 -0.0587283
79.0 4.1253640 4.1845678 -0.0592038
79.1 4.2610409 4.3198381 -0.0587972
79.2 4.3452584 4.4027726 -0.0575142
79.3 4.3769595 4.4323315 -0.055372
79.4 4.3557659 4.4081642 -0.0523983
79.5 4.2819824 4.3306134 -0.048631
79.6 4.1565917 4.2007102 -0.0441185
79.7 3.9812418 4.0201596 -0.0389178
79.8 3.7582235 3.7913187 -0.0330952
79.9 3.4904404 3.5171647 -0.0267243
80.0 3.1813711 3.2012567 -0.0198856
80.1 2.8350234 2.8476889 -0.0126655
80.2 2.4558820 2.4610373 -0.0051553
80.3 2.0488507 2.0463001 0.0025506
80.4 1.6191882 1.6088331 0.0103551
80.5 1.1724401 1.1542802 0.0181599
80.6 0.7143671 0.6885001 0.025867
80.7 0.2508702 0.2174908 0.0333794
80.8 -0.2120851 -0.2526880 0.0406029
80.9 -0.6685463 -0.7159933 0.047447
81.0 -1.1126505 -1.1664763 0.0538258
81.1 -1.5386999 -1.5983596 0.0596597
81.2 -1.9412354 -2.0061111 0.0648757
81.3 -2.3151067 -2.3845155 0.0694088
81.4 -2.6555383 -2.7287408 0.0732025
81.5 -2.9581910 -3.0344010 0.07621
81.6 -3.2192176 -3.2976116 0.078394
81.7 -3.4353117 -3.5150395 0.0797278
81.8 -3.6037502 -3.6839458 0.0801956
81.9 -3.7224277 -3.8022199 0.0797922
82.0 -3.7898832 -3.8684067 0.0785235
82.1 -3.8053184 -3.8817249 0.0764065
82.2 -3.7686071 -3.8420757 0.0734686
82.3 -3.6802968 -3.7500445 0.0697477
82.4 -3.5416003 -3.6068916 0.0652913
82.5 -3.3543800 -3.4145364 0.0601564
82.6 -3.1211228 -3.1755314 0.0544086
82.7 -2.8449081 -2.8930287 0.0481206
82.8 -2.5293666 -2.5707392 0.0413726
82.9 -2.1786339 -2.2128838 0.0342499
83.0 -1.7972958 -1.8241389 0.0268431
83.1 -1.3903295 -1.4095751 0.0192456
83.2 -0.9630383 -0.9745921 0.0115538
83.3 -0.5209834 -0.5248483 0.0038649
83.4 -0.0699115 -0.0661875 -0.003724
83.5 0.3843192 0.3954362 -0.011117
83.6 0.8358149 0.8540358 -0.0182209
83.7 1.2787225 1.3036685 -0.024946
83.8 1.7073046 1.7385121 -0.0312075
83.9 2.1160140 2.1529405 -0.0369265
84.0 2.4995648 2.5415958 -0.042031
84.1 2.8530004 2.8994571 -0.0464567
84.2 3.1717573 3.2219054 -0.0501481
84.3 3.4517239 3.5047826 -0.0530587
84.4 3.6892927 3.7444447 -0.055152
84.5 3.8814068 3.9378086 -0.0564018
84.6 4.0255987 4.0823913 -0.0567926
84.7 4.1200217 4.1763413 -0.0563196
84.8 4.1634734 4.2184625 -0.0549891
84.9 4.1554104 4.2082282 -0.0528178
85.0 4.0959549 4.1457885 -0.0498336
85.1 3.9858928 4.0319667 -0.0460739
85.2 3.8266624 3.8682489 -0.0415865
85.3 3.6203360 3.6567639 -0.0364279
85.4 3.3695923 3.4002555 -0.0306632
85.5 3.0776812 3.1020465 -0.0243653
85.6 2.7483818 2.7659951 -0.0176133
85.7 2.3859527 2.3964453 -0.0104926
85.8 1.9950772 1.9981699 -0.0030927
85.9 1.5808021 1.5763090 0.0044931
86.0 1.1484725 1.1363031 0.0121694
86.1 0.7036624 0.6838230 0.0198394
86.2 0.2521030 0.2246962 0.0274068
86.3 -0.2003921 -0.2351681 0.034776
86.4 -0.6480012 -0.6898558 0.0418546
86.5 -1.0849701 -1.1335234 0.0485533
86.6 -1.5056861 -1.5604741 0.054788
86.7 -1.9047505 -1.9652307 0.0604802
86.8 -2.2770479 -2.3426060 0.0655581
86.9 -2.6178121 -2.6877701 0.069958
87.0 -2.9226873 -2.9963116 0.0736243
87.1 -3.1877838 -3.2642946 0.0765108
87.2 -3.4097281 -3.4883092 0.0785811
87.3 -3.5857060 -3.6655149 0.0798089
87.4 -3.7134983 -3.7936767 0.0801784
87.5 -3.7915091 -3.8711937 0.0796846
87.6 -3.8187857 -3.8971192 0.0783335
87.7 -3.7950308 -3.8711722 0.0761414
87.8 -3.7206055 -3.7937408 0.0731353
87.9 -3.5965242 -3.6658766 0.0693524
88.0 -3.4244411 -3.4892805 0.0648394
88.1 -3.2066283 -3.2662806 0.0596523
88.2 -2.9459462 -2.9998013 0.0538551
88.3 -2.6458056 -2.6933253 0.0475197
88.4 -2.3101241 -2.3508487 0.0407246
88.5 -1.9432746 -1.9768283 0.0335537
88.6 -1.5500285 -1.5761243 0.0260958
88.7 -1.1354944 -1.1539375 0.0184431
88.8 -0.7050514 -0.7157414 0.01069
88.9 -0.2642796 -0.2672118 0.0029322
89.0 0.1811117 0.1858464 -0.0047347
89.1 0.6253580 0.6375745 -0.0122165
89.2 1.0627141 1.0821353 -0.0194212
89.3 1.4875281 1.5137884 -0.0262603
89.4 1.8943139 1.9269644 -0.0326505
89.5 2.2778225 2.3163362 -0.0385137
89.6 2.6331089 2.6768876 -0.0437787
89.7 2.9555960 3.0039778 -0.0483818
89.8 3.2411332 3.2934011 -0.0522679
89.9 3.4860500 3.5414405 -0.0553905
90.0 3.6872023 3.7449156 -0.0577133
90.1 3.8420132 3.9012227 -0.0592095
90.2 3.9485056 4.0083686 -0.059863
90.3 4.0053270 4.0649953 -0.0596683
90.4 4.0117669 4.0703972 -0.0586303
90.5 3.9677653 4.0245300 -0.0567647
90.6 3.8739130 3.9280104 -0.0540974
90.7 3.7314435 3.7821078 -0.0506643
90.8 3.5422166 3.5887276 -0.046511
90.9 3.3086943 3.3503859 -0.0416916
91.0 3.0339078 3.0701770 -0.0362692
91.1 2.7214190 2.7517327 -0.0303137
91.2 2.3752734 2.3991753 -0.0239019
91.3 1.9999480 2.0170643 -0.0171163
91.4 1.6002931 1.6103368 -0.0100437
91.5 1.1814697 1.1842440 -0.0027743
91.6 0.7488821 0.7442832 0.0045989
91.7 0.3081090 0.2961268 0.0119822
91.8 -0.1351695 -0.1544511 0.0192816
91.9 -0.5752444 -0.6016490 0.0264046
92.0 -1.0064523 -1.0397130 0.0332607
92.1 -1.4232474 -1.4630108 0.0397634
92.2 -1.8202740 -1.8661040 0.04583
92.3 -2.1924344 -2.2438186 0.0513842
92.4 -2.5349553 -2.5913110 0.0563557
92.5 -2.8434483 -2.9041303 0.060682
92.6 -3.1139671 -3.1782755 0.0643084
92.7 -3.3430574 -3.4102468 0.0671894
92.8 -3.5278012 -3.5970900 0.0692888
92.9 -3.6658544 -3.7364346 0.0705802
93.0 -3.7554761 -3.8265237 0.0710476
93.1 -3.7955511 -3.8662363 0.0706852
93.2 -3.7856034 -3.8551011 0.0694977
93.3 -3.7258024 -3.7933025 0.0675001
93.4 -3.6169597 -3.6816774 0.0647177
93.5 -3.4605186 -3.5217041 0.0611855
93.6 -3.2585349 -3.3154828 0.0569479
93.7 -3.0136499 -3.0657081 0.0520582
93.8 -2.7290562 -2.7756338 0.0465776
93.9 -2.4084558 -2.4490308 0.040575
94.0 -2.0560122 -2.0901377 0.0341255
94.1 -1.6762967 -1.7036065 0.0273098
94.2 -1.2742286 -1.2944416 0.020213
94.3 -0.8550120 -0.8679358 0.0129238
94.4 -0.4240683 -0.4296015 0.0055332
94.5 0.0130335 0.0149003 -0.0018668
94.6 0.4506494 0.4598334 -0.009184
94.7 0.8831321 0.8994598 -0.0163277
94.8 1.3049050 1.3281139 -0.0232089
94.9 1.7105331 1.7402756 -0.0297425
95.0 2.0947934 2.1306409 -0.0358475
95.1 2.4527418 2.4941906 -0.0414488
95.2 2.7797769 2.8262542 -0.0464773
95.3 3.0716989 3.1225703 -0.0508714
95.4 3.3247635 3.3793409 -0.0545774
95.5 3.5357297 3.5932800 -0.0575503
95.6 3.7019015 3.7616558 -0.0597543
95.7 3.8211618 3.8823251 -0.0611633
95.8 3.8919997 3.9537611 -0.0617614
95.9 3.9135294 3.9750718 -0.0615424
96.0 3.8855012 3.9460119 -0.0605107
96.1 3.8083040 3.8669848 -0.0586808
96.2 3.6829603 3.7390373 -0.056077
96.3 3.5111122 3.5638456 -0.0527334
96.4 3.2949999 3.3436930 -0.0486931
96.5 3.0374326 3.0814406 -0.044008
96.6 2.7417515 2.7804896 -0.0387381
96.7 2.4117868 2.4447370 -0.0329502
96.8 2.0518076 2.0785253 -0.0267177
96.9 1.6664669 1.6865865 -0.0201196
97.0 1.2607411 1.2739801 -0.013239
97.1 0.8398660 0.8460285 -0.0061625
97.2 0.4092686 0.4082477 0.0010209
97.3 -0.0255024 -0.0337237 0.0082213
97.4 -0.4588486 -0.4741971 0.0153485
97.5 -0.8851938 -0.9075073 0.0223135
97.6 -1.2990560 -1.3280856 0.0290296
97.7 -1.6951180 -1.7305312 0.0354132
97.8 -2.0682955 -2.1096809 0.0413854
97.9 -2.4138030 -2.4606752 0.0468722
98.0 -2.7272147 -2.7790206 0.0518059
98.1 -3.0045214 -3.0606478 0.0561264
98.2 -3.2421823 -3.3019629 0.0597806
98.3 -3.4371697 -3.4998941 0.0627244
98.4 -3.5870078 -3.6519306 0.0649228
98.5 -3.6898046 -3.7561544 0.0663498
98.6 -3.7442752 -3.8112648 0.0669896
98.7 -3.7497587 -3.8165944 0.0668357
98.8 -3.7062254 -3.7721178 0.0658924
98.9 -3.6142775 -3.6784507 0.0641732
99.0 -3.4751405 -3.5368421 0.0617016
99.1 -3.2906469 -3.3491575 0.0585106
99.2 -3.0632125 -3.1178544 0.0546419
99.3 -2.7958043 -2.8459503 0.050146
99.4 -2.4919026 -2.5369835 0.0450809
99.5 -2.1554552 -2.1949669 0.0395117
99.6 -1.7908264 -1.8243360 0.0335096
99.7 -1.4027404 -1.4298918 0.0271514
99.8 -0.9962205 -1.0167383 0.0205178
99.9 -0.5765235 -0.5902168 0.0136933
100.0 -0.1490726 -0.1558367 0.0067641
100.1 0.2806133 0.2807953 -0.000182
100.2 0.7069903 0.7140478 -0.0070575
100.3 1.1245612 1.1383370 -0.0137758
100.4 1.5279461 1.5481987 -0.0202526
100.5 1.9119521 1.9383585 -0.0264064
100.6 2.2716393 2.3037998 -0.0321605
100.7 2.6023850 2.6398280 -0.037443
100.8 2.8999426 2.9421307 -0.0421881
100.9 3.1604962 3.2068333 -0.0463371
101.0 3.3807095 3.4305483 -0.0498388
101.1 3.5577684 3.6104184 -0.05265
101.2 3.6894167 3.7441533 -0.0547366
101.3 3.7739851 3.8300589 -0.0560738
101.4 3.8104122 3.8670579 -0.0566457
101.5 3.7982575 3.8547040 -0.0564465
101.6 3.7377068 3.7931871 -0.0554803
101.7 3.6295696 3.6833298 -0.0537602
101.8 3.4752678 3.5265770 -0.0513092
101.9 3.2768171 3.3249765 -0.0481594
102.0 3.0368009 3.0811525 -0.0443516
102.1 2.7583361 2.7982708 -0.0399347
102.2 2.4450328 2.4799982 -0.0349654
102.3 2.1009478 2.1304546 -0.0295068
102.4 1.7305312 1.7541598 -0.0236286
102.5 1.3385698 1.3559749 -0.0174051
102.6 0.9301241 0.9410392 -0.0109151
102.7 0.5104638 0.5147044 -0.0042406
102.8 0.0849993 0.0824649 0.0025344
102.9 -0.3407880 -0.3501126 0.0093246
103.0 -0.7614162 -0.7774613 0.0160451
103.1 -1.1714740 -1.1940854 0.0226114
103.2 -1.5656897 -1.5946314 0.0289417
103.3 -1.9389997 -1.9739566 0.0349569
103.4 -2.2866131 -2.3271954 0.0405823
103.5 -2.6040734 -2.6498216 0.0457482
103.6 -2.8873156 -2.9377063 0.0503907
103.7 -3.1327187 -3.1871714 0.0544527
103.8 -3.3371512 -3.3950357 0.0578845
103.9 -3.4980121 -3.5586563 0.0606442
104.0 -3.6132631 -3.6759621 0.062699
104.1 -3.6814553 -3.7454797 0.0640244
104.2 -3.7017467 -3.7663521 0.0646054
104.3 -3.6739132 -3.7383496 0.0644364
104.4 -3.5983508 -3.6618720 0.0635212
104.5 -3.4760699 -3.5379427 0.0618728
104.6 -3.3086823 -3.3681960 0.0595137
104.7 -3.0983796 -3.1548544 0.0564748
104.8 -2.8479046 -2.9007007 0.0527961
104.9 -2.5605159 -2.6090409 0.048525
105.0 -2.2399451 -2.2836617 0.0437166
105.1 -1.8903489 -1.9287812 0.0384323
105.2 -1.5162547 -1.5489944 0.0327397
105.3 -1.1225026 -1.1492135 0.0267109
105.4 -0.7141822 -0.7346048 0.0204226
105.5 -0.2965675 -0.3105216 0.0139541
105.6 0.1249518 0.1175646 0.0073872
105.7 0.5449393 0.5441349 0.0008044
105.8 0.9579821 0.9636937 -0.0057116
105.9 1.3587609 1.3708400 -0.0120791
106.0 1.7421178 1.7603364 -0.0182186
106.1 2.1031232 2.1271767 -0.0240535
106.2 2.4371388 2.4666502 -0.0295114
106.3 2.7398773 2.7744019 -0.0345246
106.4 3.0074574 3.0464887 -0.0390313
106.5 3.2364535 3.2794294 -0.0429759
106.6 3.4239393 3.4702498 -0.0463105
106.7 3.5675254 3.6165201 -0.0489947
106.8 3.6653899 3.7163860 -0.0509961
106.9 3.7163007 3.7685921 -0.0522914
107.0 3.7196320 3.7724980 -0.052866
107.1 3.6753711 3.7280854 -0.0527143
107.2 3.5841184 3.6359585 -0.0518401
107.3 3.4470796 3.4973355 -0.0502559
107.4 3.2660491 3.3140325 -0.0479834
107.5 3.0433869 3.0884397 -0.0450528
107.6 2.7819880 2.8234902 -0.0415022
107.7 2.4852441 2.5226219 -0.0373778
107.8 2.1570000 2.1897326 -0.0327326
107.9 1.8015039 1.8291301 -0.0276262
108.0 1.4233519 1.4454755 -0.0221236
108.1 1.0274292 1.0437238 -0.0162946
108.2 0.6188462 0.6290594 -0.0102132
108.3 0.2028732 0.2068294 -0.0039562
108.4 -0.2151279 -0.2175257 0.0023978
108.5 -0.6297726 -0.6385415 0.0087689
108.6 -1.0357235 -1.0508009 0.0150774
108.7 -1.4277585 -1.4490031 0.0212446
108.8 -1.8008386 -1.8280322 0.0271936
108.9 -2.1501719 -2.1830226 0.0328507
109.0 -2.4712760 -2.5094219 0.0381459
109.1 -2.7600348 -2.8030488 0.043014
109.2 -3.0127519 -3.0601473 0.0473954
109.3 -3.2261972 -3.2774340 0.0512368
109.4 -3.3976490 -3.4521407 0.0544917
109.5 -3.5249281 -3.5820491 0.057121
109.6 -3.6064255 -3.6655195 0.059094
109.7 -3.6411233 -3.7015112 0.0603879
109.8 -3.6286069 -3.6895954 0.0609885
109.9 -3.5690699 -3.6299606 0.0608907
110.0 -3.4633116 -3.5234094 0.0600978
110.1 -3.3127258 -3.3713479 0.0586221
110.2 -3.1192831 -3.1757671 0.056484
110.3 -2.8855042 -2.9392167 0.0537125
110.4 -2.6144280 -2.6647725 0.0503445
110.5 -2.3095715 -2.3559954 0.0464239
110.6 -1.9748846 -2.0168861 0.0420015
110.7 -1.6146984 -1.6518328 0.0371344
110.8 -1.2336698 -1.2655548 0.031885
110.9 -0.8367209 -0.8630408 0.0263199
111.0 -0.4289753 -0.4494855 0.0205102
111.1 -0.0156926 -0.0302217 0.0145291
111.2 0.3978000 0.3893482 0.0084518
111.3 0.8061762 0.8038216 0.0023546
111.4 1.2041790 1.2078653 -0.0036863
111.5 1.5866887 1.5962843 -0.0095956
111.6 1.9487882 1.9640886 -0.0153004
111.7 2.2858267 2.3065569 -0.0207302
111.8 2.5934793 2.6192977 -0.0258184
111.9 2.8678021 2.8983051 -0.030503
112.0 3.1052833 3.1400107 -0.0347274
112.1 3.3028876 3.3413283 -0.0384407
112.2 3.4580952 3.4996945 -0.0415993
112.3 3.5689341 3.6131002 -0.0441661
112.4 3.6340045 3.6801166 -0.0461121
112.5 3.6524972 3.6999132 -0.047416
112.6 3.6242031 3.6722679 -0.0480648
112.7 3.5495157 3.5975694 -0.0480537
112.8 3.4294253 3.4768120 -0.0473867
112.9 3.2655064 3.3115819 -0.0460755
113.0 3.0598966 3.1040370 -0.0441404
113.1 2.8152689 2.8568779 -0.041609
113.2 2.5347967 2.5733135 -0.0385168
113.3 2.2221129 2.2570189 -0.034906
113.4 1.8812626 1.9120878 -0.0308252
113.5 1.5166506 1.5429796 -0.026329
113.6 1.1329851 1.1544616 -0.0214765
113.7 0.7352160 0.7515476 -0.0163316
113.8 0.3284715 0.3394329 -0.0109614
113.9 -0.0820078 -0.0765724 -0.0054354
114.0 -0.4909372 -0.4911120 0.0001748
114.1 -0.8930553 -0.8988526 0.0057973
114.2 -1.2831919 -1.2945519 0.01136
114.3 -1.6563347 -1.6731268 0.0167921
114.4 -2.0076933 -2.0297182 0.0220249
114.5 -2.3327614 -2.3597535 0.0269921
114.6 -2.6273737 -2.6590053 0.0316316
114.7 -2.8877601 -2.9236456 0.0358855
114.8 -3.1105937 -3.1502945 0.0397008
114.9 -3.2930331 -3.3360640 0.0430309
115.0 -3.4327587 -3.4785940 0.0458353
115.1 -3.5280027 -3.5760830 0.0480803
115.2 -3.5775707 -3.6273105 0.0497398
115.3 -3.5808575 -3.6316524 0.0507949
115.4 -3.5378535 -3.5890885 0.051235
115.5 -3.4491456 -3.5002025 0.0510569
115.6 -3.3159081 -3.3661739 0.0502658
115.7 -3.1398880 -3.1887624 0.0488744
115.8 -2.9233818 -2.9702849 0.0469031
115.9 -2.6692054 -2.7135853 0.0443799
116.0 -2.3806578 -2.4219971 0.0413393
116.1 -2.0614782 -2.0993009 0.0378227
116.2 -1.7157974 -1.7496746 0.0338772
116.3 -1.3480848 -1.3776400 0.0295552
116.4 -0.9630899 -0.9880039 0.024914
116.5 -0.5657818 -0.5857961 0.0200143
116.6 -0.1612845 -0.1762047 0.0149202
116.7 0.2451888 0.2354909 0.0096979
116.8 0.6484031 0.6439881 0.004415
116.9 1.0431689 1.0440295 -0.0008606
117.0 1.4244091 1.4304701 -0.006061
117.1 1.7872239 1.7983438 -0.0111199
117.2 2.1269541 2.1429271 -0.015973
117.3 2.4392408 2.4597997 -0.0205589
117.4 2.7200812 2.7449011 -0.0248199
117.5 2.9658801 2.9945828 -0.0287027
117.6 3.1734955 3.2056550 -0.0321595
117.7 3.3402792 3.3754268 -0.0351476
117.8 3.4641102 3.5017411 -0.0376309
117.9 3.5434216 3.5830016 -0.03958
118.0 3.5772208 3.6181933 -0.0409725
118.1 3.5651014 3.6068947 -0.0417933
118.2 3.5072483 3.5492829 -0.0420346
118.3 3.4044348 3.4461313 -0.0416965
118.4 3.2580123 3.2987987 -0.0407864
118.5 3.0698925 3.1092117 -0.0393192
118.6 2.8425223 2.8798393 -0.037317
118.7 2.5788521 2.6136609 -0.0348088
118.8 2.2822976 2.3141274 -0.0318298
118.9 1.9566951 1.9851167 -0.0284216
119.0 1.6062522 1.6308834 -0.0246312
119.1 1.2354933 1.2560035 -0.0205102
119.2 0.8492011 0.8653156 -0.0161145
119.3 0.4523550 0.4638585 -0.0115035
119.4 0.0500667 0.0568057 -0.006739
119.5 -0.3524853 -0.3506006 -0.0018847
119.6 -0.7501229 -0.7531174 0.0029945
119.7 -1.1377345 -1.1455685 0.007834
119.8 -1.5103413 -1.5229107 0.0125694
119.9 -1.8631606 -1.8802987 0.0171381
120.0 -2.1916677 -2.2131477 0.02148
120.1 -2.4916539 -2.5171916 0.0255377
120.2 -2.7592801 -2.7885381 0.029258
120.3 -2.9911263 -3.0237184 0.0325921
120.4 -3.1842350 -3.2197315 0.0354965
120.5 -3.3361493 -3.3740825 0.0379332
120.6 -3.4449439 -3.4848144 0.0398705
120.7 -3.5092495 -3.5505329 0.0412834
120.8 -3.5282701 -3.5704236 0.0421535
120.9 -3.5017928 -3.5442628 0.04247
121.0 -3.4301903 -3.4724193 0.042229
121.1 -3.3144153 -3.3558494 0.0414341
121.2 -3.1559883 -3.1960843 0.040096
121.3 -2.9569774 -2.9952100 0.0382326
121.4 -2.7199715 -2.7558399 0.0358684
121.5 -2.4480461 -2.4810810 0.0330349
121.6 -2.1447241 -2.1744933 0.0297692
121.7 -1.8139299 -1.8400442 0.0261143
121.8 -1.4599383 -1.4820565 0.0221182
121.9 -1.0873199 -1.1051529 0.017833
122.0 -0.7008814 -0.7141966 0.0133152
122.1 -0.3056044 -0.3142279 0.0086235
122.2 0.0934196 0.0896002 0.0038194
122.3 0.4910542 0.4920887 -0.0010345
122.4 0.8821844 0.8880593 -0.0058749
122.5 1.2617824 1.2724209 -0.0106385
122.6 1.6249721 1.6402357 -0.0152636
122.7 1.9670920 1.9867815 -0.0196895
122.8 2.2837544 2.3076134 -0.023859
122.9 2.5709023 2.5986200 -0.0277177
123.0 2.8248609 2.8560762 -0.0312153
123.1 3.0423847 3.0766913 -0.0343066
123.2 3.2206993 3.2576503 -0.036951
123.3 3.3575359 3.3966505 -0.0391146
123.4 3.4511610 3.4919300 -0.040769
123.5 3.5003979 3.5422906 -0.0418927
123.6 3.5046413 3.5471125 -0.0424712
123.7 3.4638651 3.5063619 -0.0424968
123.8 3.3786219 3.4205911 -0.0419692
123.9 3.2500358 3.2909308 -0.040895
124.0 3.0797872 3.1190754 -0.0392882
124.1 2.8700912 2.9072607 -0.0371695
124.2 2.6236684 2.6582347 -0.0345663
124.3 2.3437098 2.3752219 -0.0315121
124.4 2.0338353 2.0618815 -0.0280462
124.5 1.6980468 1.7222604 -0.0242136
124.6 1.3406765 1.3607402 -0.0200637
124.7 0.9663313 0.9819812 -0.0156499
124.8 0.5798328 0.5908623 -0.0110295
124.9 0.1861557 0.1924175 -0.0062618
125.0 -0.2096368 -0.2082281 -0.0014087
125.1 -0.6024576 -0.6059250 0.0034674
125.2 -0.9872613 -0.9955648 0.0083035
125.3 -1.3591094 -1.3721464 0.013037
125.4 -1.7132332 -1.7308400 0.0176068
125.5 -2.0450950 -2.0670491 0.0219541
125.6 -2.3504467 -2.3764691 0.0260224
125.7 -2.6253837 -2.6551429 0.0297592
125.8 -2.8663951 -2.8995112 0.0331161
125.9 -3.0704084 -3.1064580 0.0360496
126.0 -3.2348288 -3.2733504 0.0385216
126.1 -3.3575719 -3.3980718 0.0404999
126.2 -3.4370905 -3.4790492 0.0419587
126.3 -3.4723938 -3.5152725 0.0428787
126.4 -3.4630598 -3.5063075 0.0432477
126.5 -3.4092403 -3.4523006 0.0430603
126.6 -3.3116584 -3.3539768 0.0423184
126.7 -3.1715991 -3.2126300 0.0410309
126.8 -2.9908917 -3.0301055 0.0392138
126.9 -2.7718868 -2.8087764 0.0368896
127.0 -2.5174248 -2.5515123 0.0340875
127.1 -2.2307996 -2.2616424 0.0308428
127.2 -1.9157157 -1.9429121 0.0271964
127.3 -1.5762403 -1.5994345 0.0231942
127.4 -1.2167508 -1.2356375 0.0188867
127.5 -0.8418783 -0.8562068 0.0143285
127.6 -0.4564480 -0.4660251 0.0095771
127.7 -0.0654168 -0.0701093 0.0046925
127.8 0.3261904 0.3264538 -0.0002634
127.9 0.7133449 0.7185729 -0.005228
128.0 1.0910794 1.1012181 -0.0101387
128.1 1.4545515 1.4694847 -0.0149332
128.2 1.7991057 1.8186568 -0.0195511
128.3 2.1203333 2.1442673 -0.023934
128.4 2.4141285 2.4421551 -0.0280266
128.5 2.6767413 2.7085186 -0.0317773
128.6 2.9048249 2.9399638 -0.0351389
128.7 3.0954788 3.1335479 -0.0380691
128.8 3.2462855 3.2868164 -0.0405309
128.9 3.3553411 3.3978346 -0.0424935
129.0 3.4212792 3.4652118 -0.0439326
129.1 3.4432884 3.4881185 -0.0448301
129.2 3.4211220 3.4662969 -0.0451749
129.3 3.3551006 3.4000637 -0.0449631
129.4 3.2461076 3.2903054 -0.0441978
129.5 3.0955773 3.1384664 -0.0428891
129.6 2.9054764 2.9465300 -0.0410536
129.7 2.6782776 2.7169926 -0.038715
129.8 2.4169279 2.4528311 -0.0359032
129.9 2.1248102 2.1574642 -0.032654
130.0 1.8056995 1.8347083 -0.0290088
130.1 1.4637138 1.4887276 -0.0250138
130.2 1.1032615 1.1239813 -0.0207198
130.3 0.7289839 0.7451649 -0.016181
130.4 0.3456957 0.3571507 -0.011455
130.5 -0.0416769 -0.0350754 -0.0066015
130.6 -0.4281598 -0.4264782 -0.0016816
130.7 -0.8087949 -0.8120374 0.0032425
130.8 -1.1787035 -1.1868125 0.008109
130.9 -1.5331492 -1.5460058 0.0128566
131.0 -1.8675985 -1.8850243 0.0174258
131.1 -2.1777787 -2.1995379 0.0217592
131.2 -2.4597325 -2.4855355 0.025803
131.3 -2.7098690 -2.7393754 0.0295064
131.4 -2.9250088 -2.9578324 0.0328236
131.5 -3.1024250 -3.1381385 0.0357135
131.6 -3.2398773 -3.2780179 0.0381406
131.7 -3.3356410 -3.3757159 0.0400749
131.8 -3.3885278 -3.4300211 0.0414933
131.9 -3.3979011 -3.4402802 0.0423791
132.0 -3.3636838 -3.4064057 0.0427219
132.1 -3.2863583 -3.3288771 0.0425188
132.2 -3.1669597 -3.2087333 0.0417736
132.3 -3.0070628 -3.0475595 0.0404967
132.4 -2.8087602 -2.8474659 0.0387057
132.5 -2.5746359 -2.6110603 0.0364244
132.6 -2.3077311 -2.3414137 0.0336826
132.7 -2.0115047 -2.0420211 0.0305164
132.8 -1.6897889 -1.7167556 0.0269667
132.9 -1.3467390 -1.3698184 0.0230794
133.0 -0.9867802 -1.0056847 0.0189045
133.1 -0.6145502 -0.6290460 0.0144958
133.2 -0.2348396 -0.2447494 0.0099098
133.3 0.1474697 0.1422649 0.0052048
133.4 0.5274676 0.5270266 0.000441
133.5 0.9002788 0.9045997 -0.0043209
133.6 1.2611250 1.2701457 -0.0090207
133.7 1.6053869 1.6189854 -0.0135985
133.8 1.9286625 1.9466592 -0.0179967
133.9 2.2268242 2.2489839 -0.0221597
134.0 2.4960711 2.5221064 -0.0260353
134.1 2.7329776 2.7625523 -0.0295747
134.2 2.9345369 2.9672709 -0.032734
134.3 3.0981995 3.1336731 -0.0354736
134.4 3.2219051 3.2596651 -0.03776
134.5 3.3041088 3.3436738 -0.039565
134.6 3.3438004 3.3846673 -0.0408669
134.7 3.3405167 3.3821670 -0.0416503
134.8 3.2943470 3.3362536 -0.0419066
134.9 3.2059312 3.2475651 -0.0416339
135.0 3.0764512 3.1172883 -0.0408371
135.1 2.9076153 2.9471426 -0.0395273
135.2 2.7016351 2.7393579 -0.0377228
135.3 2.4611971 2.4966451 -0.035448
135.4 2.1894277 2.2221606 -0.0327329
135.5 1.8898522 1.9194656 -0.0296134
135.6 1.5663493 1.5924798 -0.0261305
135.7 1.2231009 1.2454305 -0.0223296
135.8 0.8645382 0.8827983 -0.0182601
135.9 0.4952842 0.5092589 -0.0139747
136.0 0.1200942 0.1296232 -0.009529
136.1 -0.2562052 -0.2512250 -0.0049802
136.2 -0.6287785 -0.6283915 -0.000387
136.3 -0.9928434 -0.9970350 0.0041916
136.4 -1.3437317 -1.3524288 0.0086971
136.5 -1.6769500 -1.6900216 0.0130716
136.6 -1.9882366 -2.0054959 0.0172593
136.7 -2.2736160 -2.2948229 0.0212069
136.8 -2.5294503 -2.5543143 0.024864
136.9 -2.7524848 -2.7806692 0.0281844
137.0 -2.9398898 -2.9710160 0.0311262
137.1 -3.0892966 -3.1229488 0.0336522
137.2 -3.1988272 -3.2345579 0.0357307
137.3 -3.2671180 -3.3044540 0.037336
137.4 -3.2933368 -3.3317851 0.0384483
137.5 -3.2771929 -3.3162471 0.0390542
137.6 -3.2189401 -3.2580871 0.039147
137.7 -3.1193731 -3.1580994 0.0387263
137.8 -2.9798167 -3.0176153 0.0377986
137.9 -2.8021080 -2.8384845 0.0363765
138.0 -2.5885722 -2.6230516 0.0344794
138.1 -2.3419926 -2.3741251 0.0321325
138.2 -2.0655740 -2.0949408 0.0293668
138.3 -1.7629010 -1.7891197 0.0262187
138.4 -1.4378919 -1.4606212 0.0227293
138.5 -1.0947477 -1.1136920 0.0189443
138.6 -0.7378978 -0.7528107 0.0149129
138.7 -0.3719430 -0.3826306 0.0106876
138.8 -0.0015963 -0.0079193 0.006323
138.9 0.3683782 0.3665023 0.0018759
139.0 0.7332262 0.7358223 -0.0025961
139.1 1.0882644 1.0952996 -0.0070352
139.2 1.4289405 1.4403247 -0.0113842
139.3 1.7508917 1.7664784 -0.0155867
139.4 2.0500005 2.0695892 -0.0195887
139.5 2.3224473 2.3457856 -0.0233383
139.6 2.5647591 2.5915465 -0.0267874
139.7 2.7738538 2.8037454 -0.0298916
139.8 2.9470795 2.9796902 -0.0326107
139.9 3.0822478 3.1171577 -0.0349099
140.0 3.1776617 3.2144212 -0.0367595
140.1 3.2321368 3.2702725 -0.0381357
140.2 3.2450159 3.2840366 -0.0390207
140.3 3.2161767 3.2555800 -0.0394033
140.4 3.1460332 3.1853115 -0.0392783
140.5 3.0355294 3.0741769 -0.0386475
140.6 2.8861269 2.9236456 -0.0375187
140.7 2.6997853 2.7356919 -0.0359066
140.8 2.4789368 2.5127683 -0.0338315
140.9 2.2264540 2.2577741 -0.0313201
141.0 1.9456129 1.9740175 -0.0284046
141.1 1.6400502 1.6651725 -0.0251223
141.2 1.3137163 1.3352314 -0.0215151
141.3 0.9708240 0.9884534 -0.0176294
141.4 0.6157946 0.6293092 -0.0135146
141.5 0.2532002 0.2624238 -0.0092236
141.6 -0.1122947 -0.1074835 -0.0048112
141.7 -0.4759934 -0.4756594 -0.000334
141.8 -0.8332272 -0.8373780 0.0041508
141.9 -1.1794155 -1.1880011 0.0085856
142.0 -1.5101245 -1.5230381 0.0129136
142.1 -1.8211237 -1.8382033 0.0170796
142.2 -2.1084405 -2.1294703 0.0210298
142.3 -2.3684105 -2.3931242 0.0247137
142.4 -2.5977243 -2.6258083 0.028084
142.5 -2.7934697 -2.8245670 0.0310973
142.6 -2.9531687 -2.9868834 0.0337147
142.7 -3.0748084 -3.1107110 0.0359026
142.8 -3.1568670 -3.1944995 0.0376325
142.9 -3.1983322 -3.2372140 0.0388818
143.0 -3.1987139 -3.2383480 0.0396341
143.1 -3.1580499 -3.1979291 0.0398792
143.2 -3.0769045 -3.1165180 0.0396135
143.3 -2.9563614 -2.9952009 0.0388395
143.4 -2.7980081 -2.8355748 0.0375667
143.5 -2.6039161 -2.6397264 0.0358103
143.6 -2.3766130 -2.4102049 0.0335919
143.7 -2.1190496 -2.1499889 0.0309393
143.8 -1.8345620 -1.8624472 0.0278852
143.9 -1.5268277 -1.5512955 0.0244678
144.0 -1.1998187 -1.2205485 0.0207298
144.1 -0.8577495 -0.8744674 0.0167179
144.2 -0.5050234 -0.5175057 0.0124823
144.3 -0.1461751 -0.1542513 0.0080762
144.4 0.2141869 0.2106323 0.0035546
144.5 0.5714404 0.5724658 -0.0010254
144.6 0.9210078 0.9266144 -0.0056066
144.7 1.2584156 1.2685470 -0.0101314
144.8 1.5793515 1.5938943 -0.0145428
144.9 1.8797190 1.8985045 -0.0187855
145.0 2.1556904 2.1784965 -0.0228061
145.1 2.4037552 2.4303091 -0.0265539
145.2 2.6207647 2.6507466 -0.0299819
145.3 2.8039723 2.8370189 -0.0330466
145.4 2.9510676 2.9867772 -0.0357096
145.5 3.0602064 3.0981435 -0.0379371
145.6 3.1300327 3.1697337 -0.039701
145.7 3.1596967 3.2006753 -0.0409786
145.8 3.1488638 3.1906177 -0.0417539
145.9 3.0977193 3.1397358 -0.0420165
146.0 3.0069649 3.0487278 -0.0417629
146.1 2.8778089 2.9188047 -0.0409958
146.2 2.7119504 2.7516747 -0.0397243
146.3 2.5115569 2.5495208 -0.0379639
146.4 2.2792356 2.3149716 -0.035736
146.5 2.0179996 2.0510677 -0.0330681
146.6 1.7312289 1.7612218 -0.0299929
146.7 1.4226262 1.4491746 -0.0265484
146.8 1.0961695 1.1189464 -0.0227769
146.9 0.7560604 0.7747854 -0.018725
147.0 0.4066699 0.4211126 -0.0144427
147.1 0.0524827 0.0624654 -0.0099827
147.2 -0.3019612 -0.2965611 -0.0054001
147.3 -0.6521243 -0.6513728 -0.0007515
147.4 -0.9935295 -0.9974356 0.0039061
147.5 -1.3218182 -1.3303333 0.0085151
147.6 -1.6328052 -1.6458240 0.0130188
147.7 -1.9225326 -1.9398943 0.0173617
147.8 -2.1873197 -2.2088104 0.0214907
147.9 -2.4238104 -2.4491654 0.025355
148.0 -2.6290154 -2.6579227 0.0289073
148.1 -2.8003499 -2.8324539 0.032104
148.2 -2.9356662 -2.9705725 0.0349063
148.3 -3.0332810 -3.0705610 0.03728
148.4 -3.0919957 -3.1311920 0.0391963
148.5 -3.1111114 -3.1517437 0.0406323
148.6 -3.0904371 -3.1320078 0.0415707
148.7 -3.0302913 -3.0722921 0.0420008
148.8 -2.9314975 -2.9734153 0.0419178
148.9 -2.7953724 -2.8366958 0.0413234
149.0 -2.6237087 -2.6639344 0.0402257
149.1 -2.4187514 -2.4573903 0.0386389
149.2 -2.1831681 -2.2197514 0.0365833
149.3 -1.9200146 -1.9540994 0.0340848
149.4 -1.6326949 -1.6638698 0.0311749
149.5 -1.3249171 -1.3528071 0.02789
149.6 -1.0006455 -1.0249169 0.0242714
149.7 -0.6640496 -0.6844134 0.0203638
149.8 -0.3194501 -0.3356661 0.016216
149.9 0.0287365 0.0168571 0.0118794
150.0 0.3760545 0.3686470 0.0074075
150.1 0.7180665 0.7152107 0.0028558
150.2 1.0504096 1.0521293 -0.0017197
150.3 1.3688516 1.3751144 -0.0062628
150.4 1.6693449 1.6800624 -0.0107175
150.5 1.9480779 1.9631072 -0.0150293
150.6 2.2015232 2.2206689 -0.0191457
150.7 2.4264830 2.4494993 -0.0230163
150.8 2.6201286 2.6467229 -0.0265943
150.9 2.7800367 2.8098729 -0.0298362
151.0 2.9042194 2.9369225 -0.0327031
151.1 2.9911489 3.0263095 -0.0351606
151.2 3.0397765 3.0769560 -0.0371795
151.3 3.0495448 3.0882811 -0.0387363
151.4 3.0203946 3.0602073 -0.0398127
151.5 2.9527640 2.9931612 -0.0403972
151.6 2.8475828 2.8880664 -0.0404836
151.7 2.7062589 2.7463313 -0.0400724
151.8 2.5306601 2.5698301 -0.03917
151.9 2.3230889 2.3608779 -0.037789
152.0 2.0862526 2.1222003 -0.0359477
152.1 1.8232276 1.8568980 -0.0336704
152.2 1.5374197 1.5684059 -0.0309862
152.3 1.2325195 1.2604492 -0.0279297
152.4 0.9124551 0.9369947 -0.0245396
152.5 0.5813409 0.6021998 -0.0208589
152.6 0.2434251 0.2603589 -0.0169338
152.7 -0.0969653 -0.0841516 -0.0128137
152.8 -0.4354799 -0.4269297 -0.0085502
152.9 -0.7678007 -0.7636043 -0.0041964
153.0 -1.0896970 -1.0898905 0.0001935
153.1 -1.3970798 -1.4016447 0.0045649
153.2 -1.6860535 -1.6949174 0.0088639
153.3 -1.9529656 -1.9660030 0.0130374
153.4 -2.1944529 -2.2114868 0.0170339
153.5 -2.4074839 -2.4282882 0.0208043
153.6 -2.5893970 -2.6136995 0.0243025
153.7 -2.7379337 -2.7654196 0.0274859
153.8 -2.8512668 -2.8815827 0.0303159
153.9 -2.9280231 -2.9607812 0.0327581
154.0 -2.9672996 -3.0020830 0.0347834
154.1 -2.9686743 -3.0050419 0.0363676
154.2 -2.9322107 -2.9697028 0.0374921
154.3 -2.8584558 -2.8965999 0.0381441
154.4 -2.7484322 -2.7867488 0.0383166
154.5 -2.6036238 -2.6416325 0.0380087
154.6 -2.4259562 -2.4631812 0.037225
154.7 -2.2177707 -2.2537471 0.0359764
154.8 -1.9817935 -2.0160729 0.0342794
154.9 -1.7211004 -1.7532562 0.0321558
155.0 -1.4390758 -1.4687087 0.0296329
155.1 -1.1393698 -1.1661124 0.0267426
155.2 -0.8258498 -0.8493712 0.0235214
155.3 -0.5025513 -0.5225609 0.0200096
155.4 -0.1736255 -0.1898768 0.0162513
155.5 0.1567141 0.1444210 0.0122931
155.6 0.4842458 0.4760613 0.0081845
155.7 0.8047935 0.8008173 0.0039762
155.8 1.1142803 1.1145601 -0.0002798
155.9 1.4087806 1.4133116 -0.004531
156.0 1.6845696 1.6932947 -0.0087251
156.1 1.9381710 1.9509815 -0.0128105
156.2 2.1664004 2.1831379 -0.0167375
156.3 2.3664059 2.3868638 -0.0204579
156.4 2.5357035 2.5596301 -0.0239266
156.5 2.6722082 2.6993094 -0.0271012
156.6 2.7742595 2.8042031 -0.0299436
156.7 2.8406419 2.8730613 -0.0324194
156.8 2.8705992 2.9050981 -0.0344989
156.9 2.8638434 2.9000007 -0.0361573
157.0 2.8205565 2.8579316 -0.0373751
157.1 2.7413879 2.7795259 -0.038138
157.2 2.6274441 2.6658817 -0.0384376
157.3 2.4802742 2.5185449 -0.0382707
157.4 2.3018480 2.3394882 -0.0376402
157.5 2.0945305 2.1310850 -0.0365545
157.6 1.8610503 1.8960775 -0.0350272
157.7 1.6044635 1.6375413 -0.0330778
157.8 1.3281141 1.3588443 -0.0307302
157.9 1.0355900 1.0636036 -0.0280136
158.0 0.7306766 0.7556380 -0.0249614
158.1 0.4173079 0.4389186 -0.0216107
158.2 0.0995155 0.1175180 -0.0180025
158.3 -0.2186235 -0.2044430 -0.0141805
158.4 -0.5330383 -0.5228473 -0.010191
158.5 -0.8397171 -0.8336352 -0.0060819
158.6 -1.1347584 -1.1328555 -0.0019029
158.7 -1.4144201 -1.4167163 0.0022962
158.8 -1.6751677 -1.6816329 0.0064652
158.9 -1.9137188 -1.9242733 0.0105545
159.0 -2.1270843 -2.1415999 0.0145156
159.1 -2.3126063 -2.3309081 0.0183018
159.2 -2.4679909 -2.4898596 0.0218687
159.3 -2.5913370 -2.6165115 0.0251745
159.4 -2.6811593 -2.7093400 0.0281807
159.5 -2.7364060 -2.7672589 0.0308529
159.6 -2.7564717 -2.7896320 0.0331603
159.7 -2.7412032 -2.7762804 0.0350772
159.8 -2.6909009 -2.7274828 0.0365819
159.9 -2.6063128 -2.6439713 0.0376585
160.0 -2.4886246 -2.5269201 0.0382955
160.1 -2.3394425 -2.3779298 0.0384873
160.2 -2.1607714 -2.1990048 0.0382334
160.3 -1.9549888 -1.9925272 0.0375384
160.4 -1.7248121 -1.7612247 0.0364126
160.5 -1.4732638 -1.5081345 0.0348707
160.6 -1.2036310 -1.2365639 0.0329329
160.7 -0.9194230 -0.9500465 0.0306235
160.8 -0.6243253 -0.6522967 0.0279714
160.9 -0.3221519 -0.3471611 0.0250092
161.0 -0.0167961 -0.0385691 0.021773
161.1 0.2878201 0.2695179 0.0183022
161.2 0.5877959 0.5731576 0.0146383
161.3 0.8793020 0.8684769 0.0108251
161.4 1.1586295 1.1517216 0.0069079
161.5 1.4222371 1.4193043 0.0029328
161.6 1.6667961 1.6678497 -0.0010536
161.7 1.8892324 1.8942371 -0.0050047
161.8 2.0867651 2.0956401 -0.008875
161.9 2.2569415 2.2695616 -0.0126201
162.0 2.3976673 2.4138646 -0.0161973
162.1 2.5072326 2.5267988 -0.0195662
162.2 2.5843327 2.6070219 -0.0226892
162.3 2.6280830 2.6536150 -0.025532
162.4 2.6380299 2.6660934 -0.0280635
162.5 2.6141545 2.6444112 -0.0302567
162.6 2.5568718 2.5889608 -0.032089
162.7 2.4670239 2.5005657 -0.0335418
162.8 2.3458680 2.3804694 -0.0346014
162.9 2.1950585 2.2303172 -0.0352587
163.0 2.0166248 2.0521343 -0.0355095
163.1 1.8129440 1.8482983 -0.0353543
163.2 1.5867089 1.6215073 -0.0347984
163.3 1.3408928 1.3747448 -0.033852
163.4 1.0787102 1.1112396 -0.0325294
163.5 0.8035747 0.8344240 -0.0308493
163.6 0.5190545 0.5478892 -0.0288347
163.7 0.2288261 0.2553380 -0.0265119
163.8 -0.0633733 -0.0394625 -0.0239108
163.9 -0.3537942 -0.3327296 -0.0210646
164.0 -0.6387223 -0.6207141 -0.0180082
164.1 -0.9145272 -0.8997475 -0.0147797
164.2 -1.1777076 -1.1662897 -0.0114179
164.3 -1.4249365 -1.4169731 -0.0079634
164.4 -1.6531031 -1.6486460 -0.0044571
164.5 -1.8593521 -1.8584118 -0.0009403
164.6 -2.0411192 -2.0436651 0.0025459
164.7 -2.1961632 -2.2021248 0.0059616
164.8 -2.3225937 -2.3318615 0.0092678
164.9 -2.4188939 -2.4313210 0.0124271
165.0 -2.4839386 -2.4993432 0.0154046
165.1 -2.5170077 -2.5351755 0.0181678
165.2 -2.5177934 -2.5384803 0.0206869
165.3 -2.4864031 -2.5093386 0.0229355
165.4 -2.4233562 -2.4482466 0.0248904
165.5 -2.3295756 -2.3561082 0.0265326
165.6 -2.2063751 -2.2342215 0.0278464
165.7 -2.0554402 -2.0842607 0.0288205
165.8 -1.8788055 -1.9082533 0.0294478
165.9 -1.6788272 -1.7085521 0.0297249
166.0 -1.4581513 -1.4878044 0.0296531
166.1 -1.2196789 -1.2489162 0.0292373
166.2 -0.9665273 -0.9950142 0.0284869
166.3 -0.7019900 -0.7294044 0.0274144
166.4 -0.4294927 -0.4555293 0.0260366
166.5 -0.1525496 -0.1769229 0.0243733
166.6 0.1252827 0.1028352 0.0224475
166.7 0.4004507 0.3801657 0.020285
166.8 0.6694495 0.6515357 0.0179138
166.9 0.9288683 0.9135038 0.0153645
167.0 1.1754329 1.1627640 0.0126689
167.1 1.4060479 1.3961877 0.0098602
167.2 1.6178352 1.6108625 0.0069727
167.3 1.8081705 1.8041296 0.0040409
167.4 1.9747152 1.9736158 0.0010994
167.5 2.1154461 2.1172634 -0.0018173
167.6 2.2286790 2.2333549 -0.0046759
167.7 2.3130896 2.3205336 -0.007444
167.8 2.3677285 2.3778191 -0.0100906
167.9 2.3920317 2.4046184 -0.0125867
168.0 2.3858259 2.4007316 -0.0149057
168.1 2.3493296 2.3663525 -0.0170229
168.2 2.2831474 2.3020644 -0.018917
168.3 2.1882613 2.2088302 -0.0205689
168.4 2.0660157 2.0879788 -0.0219631
168.5 1.9180987 1.9411859 -0.0230872
168.6 1.7465185 1.7704505 -0.023932
168.7 1.5535761 1.5780680 -0.0244919
168.8 1.3418342 1.3665988 -0.0247646
168.9 1.1140831 1.1388341 -0.024751
169.0 0.8733034 0.8977589 -0.0244555
169.1 0.6226270 0.6465127 -0.0238857
169.2 0.3652958 0.3883480 -0.0230522
169.3 0.1046195 0.1265879 -0.0219684
169.4 -0.1560672 -0.1354167 -0.0206505
169.5 -0.4134477 -0.3943308 -0.0191169
169.6 -0.6642662 -0.6468777 -0.0173885
169.7 -0.9053689 -0.8898810 -0.0154879
169.8 -1.1337443 -1.1203052 -0.0134391
169.9 -1.3465611 -1.3352932 -0.0112679
170.0 -1.5412034 -1.5322030 -0.0090004
170.1 -1.7153033 -1.7086394 -0.0066639
170.2 -1.8667699 -1.8624844 -0.0042855
170.3 -1.9938145 -1.9919219 -0.0018926
170.4 -2.0949719 -2.0954596 0.0004877
170.5 -2.1691172 -2.1719464 0.0028292
170.6 -2.2154783 -2.2205848 0.0051065
170.7 -2.2336434 -2.2409390 0.0072956
170.8 -2.2235644 -2.2329382 0.0093738
170.9 -2.1855549 -2.1968751 0.0113202
171.0 -2.1202839 -2.1333996 0.0131157
171.1 -2.0287648 -2.0435084 0.0147436
171.2 -1.9123400 -1.9285292 0.0161892
171.3 -1.7726617 -1.7901018 0.0174401
171.4 -1.6116676 -1.6301544 0.0184868
171.5 -1.4315550 -1.4508768 0.0193218
171.6 -1.2347496 -1.2546902 0.0199406
171.7 -1.0238732 -1.0442139 0.0203407
171.8 -0.8017080 -0.8222307 0.0205227
171.9 -0.5711594 -0.5916488 0.0204894
172.0 -0.3352178 -0.3554637 0.0202459
172.1 -0.0969191 -0.1167186 0.0197995
172.2 0.1406951 0.1215356 0.0191595
172.3 0.3746172 0.3562795 0.0183377
172.4 0.6019116 0.5845647 0.0173469
172.5 0.8197529 0.8035511 0.0162018
172.6 1.0254617 1.0105433 0.0149184
172.7 1.2165379 1.2030239 0.013514
172.8 1.3906917 1.3786855 0.0120062
172.9 1.5458723 1.5354583 0.010414
173.0 1.6802916 1.6715356 0.008756
173.1 1.7924463 1.7853944 0.0070519
173.2 1.8811341 1.8758137 0.0053204
173.3 1.9454674 1.9418867 0.0035807
173.4 1.9848818 1.9830308 0.001851
173.5 1.9991406 1.9989915 0.0001491
173.6 1.9883348 1.9898430 -0.0015082
173.7 1.9528790 1.9559842 -0.0031052
173.8 1.8935029 1.8981300 -0.0046271
173.9 1.8112385 1.8172994 -0.0060609
174.0 1.7074039 1.7147983 -0.0073944
174.1 1.5835828 1.5922002 -0.0086174
174.2 1.4416011 1.4513222 -0.0097211
174.3 1.2835003 1.2941986 -0.0106983
174.4 1.1115083 1.1230520 -0.0115437
174.5 0.9280080 0.9402612 -0.0122532
174.6 0.7355038 0.7483286 -0.0128248
174.7 0.5365872 0.5498450 -0.0132578
174.8 0.3339014 0.3474546 -0.0135532
174.9 0.1301052 0.1438184 -0.0137132
175.0 -0.0721628 -0.0584210 -0.0137418
175.1 -0.2703190 -0.2566751 -0.0136439
175.2 -0.4618692 -0.4484434 -0.0134258
175.3 -0.6444413 -0.6313466 -0.0130947
175.4 -0.8158157 -0.8031567 -0.012659
175.5 -0.9739537 -0.9618263 -0.0121274
175.6 -1.1170233 -1.1055136 -0.0115097
175.7 -1.2434213 -1.2326055 -0.0108158
175.8 -1.3517932 -1.3417369 -0.0100563
175.9 -1.4410483 -1.4318066 -0.0092417
176.0 -1.5103720 -1.5019892 -0.0083828
176.1 -1.5592334 -1.5517431 -0.0074903
176.2 -1.5873899 -1.5808151 -0.0065748
176.3 -1.5948865 -1.5892403 -0.0056462
176.4 -1.5820528 -1.5773381 -0.0047147
176.5 -1.5494943 -1.5457049 -0.0037894
176.6 -1.4980812 -1.4952020 -0.0028792
176.7 -1.4289332 -1.4269411 -0.0019921
176.8 -1.3434009 -1.3422652 -0.0011357
176.9 -1.2430444 -1.2427277 -0.0003167
177.0 -1.1296085 -1.1300676 0.0004591
177.1 -1.0049964 -1.0061828 0.0011864
177.2 -0.8712409 -0.8731018 0.0018609
177.3 -0.7304738 -0.7329527 0.0024789
177.4 -0.5848946 -0.5879325 0.0030379
177.5 -0.4367383 -0.4402738 0.0035355
177.6 -0.2882427 -0.2922135 0.0039708
177.7 -0.1416166 -0.1459593 0.0043427
177.8 0.0009926 -0.0036590 0.0046516
177.9 0.1375286 0.1326306 0.004898
178.0 0.2660558 0.2609730 0.0050828
178.1 0.3847865 0.3795786 0.0052079
178.2 0.4921050 0.4868299 0.0052751
178.3 0.5865906 0.5813038 0.0052868
178.4 0.6670366 0.6617908 0.0052458
178.5 0.7324660 0.7273112 0.0051548
178.6 0.7821450 0.7771280 0.005017
178.7 0.8155910 0.8107554 0.0048356
178.8 0.8325791 0.8279653 0.0046138
178.9 0.8331430 0.8287879 0.0043551
179.0 0.8175731 0.8135103 0.0040628
179.1 0.7864108 0.7826705 0.0037403
179.2 0.7404388 0.7370480 0.0033908
179.3 0.6806682 0.6776506 0.0030176
179.4 0.6083225 0.6056986 0.0026239
179.5 0.5248177 0.5226050 0.0022127
179.6 0.4317410 0.4299538 0.0017872
179.7 0.3308255 0.3294752 0.0013503
179.8 0.2239239 0.2230190 0.0009049
179.9 0.1129802 0.1125263 0.0004539
180.0 0.0000000 0.0000000 0
