#Theta He10 He15 diff
0.0 0.0000000 0.0000000 0
0.1 1.4154145 1.4082444 0.0071701
0.2 2.8220552 2.8077017 0.0143535
0.3 4.2112257 4.1896626 0.0215631
0.4 5.5743827 5.5455723 0.0288104
0.5 6.9032119 6.8671058 0.0361061
0.6 8.1896997 8.1462412 0.0434585
0.7 9.4262039 9.3753301 0.0508738
0.8 10.6055190 10.5471636 0.0583554
0.9 11.7209388 11.6550352 0.0659036
1.0 12.7663135 12.6927979 0.0735156
1.1 13.7361010 13.6549164 0.0811846
1.2 14.6254133 14.5365129 0.0889004
1.3 15.4300558 15.3334073 0.0966485
1.4 16.1465604 16.0421498 0.104411
1.5 16.7722113 16.6600471 0.112164
1.6 17.3050642 17.1851813 0.119883
1.7 17.7439572 17.6164206 0.127537
1.8 18.0885152 17.9534241 0.135091
1.9 18.3391460 18.1966370 0.142509
2.0 18.4970302 18.3472805 0.14975
2.1 18.5641024 18.4073325 0.15677
2.2 18.5430263 18.3795026 0.163524
2.3 18.4371629 18.2671995 0.169963
2.4 18.2505322 18.0744923 0.17604
2.5 17.9877688 17.8060658 0.181703
2.6 17.6540721 17.4671696 0.186903
2.7 17.2551515 17.0635632 0.191588
2.8 16.7971671 16.6014557 0.195711
2.9 16.2866665 16.0874424 0.199224
3.0 15.7305185 15.5284376 0.202081
3.1 15.1358445 14.9316050 0.204239
3.2 14.5099475 14.3042869 0.205661
3.3 13.8602406 13.6539318 0.206309
3.4 13.1941752 12.9880212 0.206154
3.5 12.5191685 12.3139981 0.20517
3.6 11.8425336 11.6391952 0.203338
3.7 11.1714101 10.9707662 0.200644
3.8 10.5126978 10.3156180 0.19708
3.9 9.8729933 9.6803479 0.192645
4.0 9.2585302 9.0711832 0.187347
4.1 8.6751236 8.4939256 0.181198
4.2 8.1281199 7.9539005 0.174219
4.3 7.6223508 7.4559116 0.166439
4.4 7.1620942 7.0042013 0.157893
4.5 6.7510399 6.6024170 0.148623
4.6 6.3922630 6.2535844 0.138679
4.7 6.0882024 5.9600864 0.128116
4.8 5.8406473 5.7236499 0.116997
4.9 5.6507297 5.5453387 0.105391
5.0 5.5189236 5.4255537 0.0933699
5.1 5.4450517 5.3640395 0.0810122
5.2 5.4282982 5.3598980 0.0684002
5.3 5.4672278 5.4116085 0.0556193
5.4 5.5598113 5.5170538 0.0427575
5.5 5.7034570 5.6735524 0.0299046
5.6 5.8950474 5.8778960 0.0171514
5.7 6.1309810 6.1263919 0.0045891
5.8 6.4072185 6.4149107 -0.0076922
5.9 6.7193332 6.7389373 -0.0196041
6.0 7.0625650 7.0936252 -0.0310602
6.1 7.4318767 7.4738548 -0.0419781
6.2 7.8220134 7.8742925 -0.0522791
6.3 8.2275625 8.2894521 -0.0618896
6.4 8.6430152 8.7137574 -0.0707422
6.5 9.0628287 9.1416042 -0.0787755
6.6 9.4814869 9.5674225 -0.0859356
6.7 9.8935611 9.9857373 -0.0921762
6.8 10.2937685 10.3912282 -0.0974597
6.9 10.6770290 10.7787857 -0.101757
7.0 11.0385182 11.1435656 -0.105047
7.1 11.3737180 11.4810395 -0.107321
7.2 11.6784629 11.7870409 -0.108578
7.3 11.9489818 12.0578077 -0.108826
7.4 12.1819355 12.2900192 -0.108084
7.5 12.3744486 12.4808284 -0.10638
7.6 12.5241363 12.6278881 -0.103752
7.7 12.6291253 12.7293721 -0.100247
7.8 12.6880696 12.7839897 -0.0959201
7.9 12.7001592 12.7909949 -0.0908357
8.0 12.6651238 12.7501890 -0.0850652
8.1 12.5832303 12.6619172 -0.0786869
8.2 12.4552739 12.5270598 -0.0717859
8.3 12.2825644 12.3470170 -0.0644526
8.4 12.0669063 12.1236881 -0.0567818
8.5 11.8105738 11.8594460 -0.0488722
8.6 11.5162807 11.5571061 -0.0408254
8.7 11.1871463 11.2198907 -0.0327444
8.8 10.8266567 10.8513897 -0.024733
8.9 10.4386219 10.4555169 -0.016895
9.0 10.0271311 10.0364634 -0.0093323
9.1 9.5965039 9.5986486 -0.0021447
9.2 9.1512402 9.1466687 0.0045715
9.3 8.6959682 8.6852437 0.0107245
9.4 8.2353917 8.2191639 0.0162278
9.5 7.7742366 7.7532352 0.0210014
9.6 7.3171980 7.2922259 0.0249721
9.7 6.8688880 6.8408130 0.028075
9.8 6.4337848 6.4035310 0.0302538
9.9 6.0161835 5.9847223 0.0314612
10.0 5.6201497 5.5884897 0.03166
10.1 5.2494759 5.2186529 0.030823
10.2 4.9076413 4.8787076 0.0289337
10.3 4.5977752 4.5717886 0.0259866
10.4 4.3226248 4.3006382 0.0219866
10.5 4.0845274 4.0675773 0.0169501
10.6 3.8853878 3.8744838 0.010904
10.7 3.7266596 3.7227739 0.0038857
10.8 3.6093332 3.6133898 -0.0040566
10.9 3.5339276 3.5467930 -0.0128654
11.0 3.5004886 3.5229621 -0.0224735
11.1 3.5085918 3.5413968 -0.032805
11.2 3.5573505 3.6011269 -0.0437764
11.3 3.6454297 3.7007260 -0.0552963
11.4 3.7710638 3.8383316 -0.0672678
11.5 3.9320802 4.0116683 -0.0795881
11.6 4.1259260 4.2180762 -0.0921502
11.7 4.3497002 4.4545439 -0.104844
11.8 4.6001879 4.7177442 -0.117556
11.9 4.8738995 5.0040739 -0.130174
12.0 5.1671114 5.3096956 -0.142584
12.1 5.4759096 5.6305833 -0.154674
12.2 5.7962350 5.9625677 -0.166333
12.3 6.1239303 6.3013849 -0.177455
12.4 6.4547872 6.6427246 -0.187937
12.5 6.7845942 6.9822788 -0.197685
12.6 7.1091841 7.3157902 -0.206606
12.7 7.4244806 7.6390998 -0.214619
12.8 7.7265433 7.9481932 -0.22165
12.9 8.0116116 8.2392447 -0.227633
13.0 8.2761458 8.5086588 -0.232513
13.1 8.5168653 8.7531100 -0.236245
13.2 8.7307841 8.9695780 -0.238794
13.3 8.9152425 9.1553799 -0.240137
13.4 9.0679351 9.3081984 -0.240263
13.5 9.1869343 9.4261059 -0.239172
13.6 9.2707097 9.5075834 -0.236874
13.7 9.3181433 9.5515356 -0.233392
13.8 9.3285389 9.5573007 -0.228762
13.9 9.3016277 9.5246549 -0.223027
14.0 9.2375688 9.4538128 -0.216244
14.1 9.1369444 9.3454223 -0.208478
14.2 9.0007510 9.2005549 -0.199804
14.3 8.8303855 9.0206908 -0.190305
14.4 8.6276270 8.8077003 -0.180073
14.5 8.3946145 8.5638206 -0.169206
14.6 8.1338205 8.2916279 -0.157807
14.7 7.8480209 7.9940071 -0.145986
14.8 7.5402624 7.6741173 -0.133855
14.9 7.2138259 7.3353543 -0.121528
15.0 6.8721884 6.9813116 -0.109123
15.1 6.5189821 6.6157385 -0.0967564
15.2 6.1579529 6.2424965 -0.0845436
15.3 5.7929172 5.8655160 -0.0725988
15.4 5.4277180 5.4887505 -0.0610325
15.5 5.0661817 5.1161329 -0.0499512
15.6 4.7120745 4.7515301 -0.0394556
15.7 4.3690601 4.3987007 -0.0296406
15.8 4.0406589 4.0612521 -0.0205932
15.9 3.7302088 3.7426013 -0.0123925
16.0 3.4408282 3.4459369 -0.0051087
16.1 3.1753819 3.1741839 0.001198
16.2 2.9364500 2.9299728 0.0064772
16.3 2.7263001 2.7156103 0.0106898
16.4 2.5468630 2.5330557 0.0138073
16.5 2.3997128 2.3838999 0.0158129
16.6 2.2860507 2.2693492 0.0167015
16.7 2.2066929 2.1902139 0.016479
16.8 2.1620640 2.1469006 0.0151634
16.9 2.1521932 2.1394098 0.0127834
17.0 2.1767167 2.1673377 0.009379
17.1 2.2348832 2.2298824 0.0050008
17.2 2.3255644 2.3258555 -0.0002911
17.3 2.4472696 2.4536965 -0.0064269
17.4 2.5981642 2.6114926 -0.0133284
17.5 2.7760925 2.7970021 -0.0209096
17.6 2.9786029 3.0076806 -0.0290777
17.7 3.2029779 3.2407118 -0.0377339
17.8 3.4462655 3.4930404 -0.0467749
17.9 3.7053141 3.7614073 -0.0560932
18.0 3.9768088 4.0423878 -0.065579
18.1 4.2573101 4.3324310 -0.0751209
18.2 4.5432932 4.6279005 -0.0846073
18.3 4.8311885 4.9251157 -0.0939272
18.4 5.1174222 5.2203937 -0.102971
18.5 5.3984566 5.5100914 -0.111635
18.6 5.6708306 5.7906457 -0.119815
18.7 5.9311982 6.0586142 -0.127416
18.8 6.1763659 6.3107134 -0.134347
18.9 6.4033287 6.5438551 -0.140526
19.0 6.6093028 6.7551804 -0.145878
19.1 6.7917567 6.9420915 -0.150335
19.2 6.9484385 7.1022795 -0.153841
19.3 7.0774006 7.2337499 -0.156349
19.4 7.1770200 7.3348431 -0.157823
19.5 7.2460161 7.4042528 -0.158237
19.6 7.2834630 7.4410384 -0.157575
19.7 7.2887992 7.4446349 -0.155836
19.8 7.2618320 7.4148571 -0.153025
19.9 7.2027384 7.3519008 -0.149162
20.0 7.1120617 7.2563388 -0.144277
20.1 6.9907037 7.1291128 -0.138409
20.2 6.8399128 6.9715216 -0.131609
20.3 6.6612690 6.7852046 -0.123936
20.4 6.4566641 6.5721223 -0.115458
20.5 6.2282796 6.3345327 -0.106253
20.6 5.9785601 6.0749644 -0.0964043
20.7 5.7101850 5.7961873 -0.0860023
20.8 5.4260371 5.5011802 -0.0751431
20.9 5.1291691 5.1930961 -0.063927
21.0 4.8227682 4.8752260 -0.0524578
21.1 4.5101194 4.5509612 -0.0408418
21.2 4.1945681 4.2237545 -0.0291864
21.3 3.8794815 3.8970806 -0.0175991
21.4 3.5682106 3.5743972 -0.0061866
21.5 3.2640522 3.2591053 0.0049469
21.6 2.9702113 2.9545115 0.0156998
21.7 2.6897657 2.6637905 0.0259752
21.8 2.4256310 2.3899499 0.0356811
21.9 2.1805281 2.1357966 0.0447315
22.0 1.9569535 1.9039056 0.0530479
22.1 1.7571511 1.6965921 0.060559
22.2 1.5830882 1.5158857 0.0672025
22.3 1.4364336 1.3635091 0.0729245
22.4 1.3185402 1.2408588 0.0776814
22.5 1.2304306 1.1489912 0.0814394
22.6 1.1727863 1.0886115 0.0841748
22.7 1.1459416 1.0600669 0.0858747
22.8 1.1498807 1.0633440 0.0865367
22.9 1.1842392 1.0980704 0.0861688
23.0 1.2483094 1.1635194 0.08479
23.1 1.3410495 1.2586205 0.082429
23.2 1.4610963 1.3819719 0.0791244
23.3 1.6067822 1.5318577 0.0749245
23.4 1.7761547 1.7062684 0.0698863
23.5 1.9669997 1.9029248 0.0640749
23.6 2.1768675 2.1193044 0.0575631
23.7 2.4031012 2.3526710 0.0504302
23.8 2.6428677 2.6001061 0.0427616
23.9 2.8931901 2.8585428 0.0346473
24.0 3.1509825 3.1248010 0.0261815
24.1 3.4130845 3.3956235 0.017461
24.2 3.6762983 3.6677134 0.0085849
24.3 3.9374240 3.9377712 -0.0003472
24.4 4.1932969 4.2025325 -0.0092356
24.5 4.4408224 4.4588047 -0.0179823
24.6 4.6770114 4.7035025 -0.0264911
24.7 4.8990138 4.9336832 -0.0346694
24.8 5.1041501 5.1465789 -0.0424288
24.9 5.2899414 5.3396273 -0.0496859
25.0 5.4541369 5.5105005 -0.0563636
25.1 5.5947387 5.6571299 -0.0623912
25.2 5.7100234 5.7777294 -0.067706
25.3 5.7985611 5.8708140 -0.0722529
25.4 5.8592305 5.9352163 -0.0759858
25.5 5.8912305 5.9700984 -0.0788679
25.6 5.8940887 5.9749599 -0.0808712
25.7 5.8676653 5.9496431 -0.0819778
25.8 5.8121536 5.8943335 -0.0821799
25.9 5.7280773 5.8095564 -0.0814791
26.0 5.6162829 5.6961697 -0.0798868
26.1 5.4779294 5.5553537 -0.0774243
26.2 5.3144741 5.3885962 -0.0741221
26.3 5.1276553 5.1976749 -0.0700196
26.4 4.9194716 4.9846362 -0.0651646
26.5 4.6921581 4.7517711 -0.059613
26.6 4.4481610 4.5015889 -0.0534279
26.7 4.1901087 4.2367875 -0.0466788
26.8 3.9207814 3.9602228 -0.0394414
26.9 3.6430795 3.6748752 -0.0317957
27.0 3.3599900 3.3838163 -0.0238263
27.1 3.0745524 3.0901731 -0.0156207
27.2 2.7898241 2.7970926 -0.0072685
27.3 2.5088458 2.5077064 0.0011394
27.4 2.2346068 2.2250947 0.0095121
27.5 1.9700115 1.9522521 0.0177594
27.6 1.7178463 1.6920538 0.0257925
27.7 1.4807491 1.4472231 0.033526
27.8 1.2611788 1.2203014 0.0408774
27.9 1.0613891 1.0136197 0.0477694
28.0 0.8834025 0.8292731 0.0541294
28.1 0.7289886 0.6690974 0.0598912
28.2 0.5996449 0.5346496 0.0649953
28.3 0.4965800 0.4271907 0.0693893
28.4 0.4207017 0.3476725 0.0730292
28.5 0.3726065 0.2967277 0.0758788
28.6 0.3525748 0.2746637 0.0779111
28.7 0.3605679 0.2814604 0.0791075
28.8 0.3962298 0.3167709 0.0794589
28.9 0.4588921 0.3799268 0.0789653
29.0 0.5475825 0.4699467 0.0776358
29.1 0.6610367 0.5855483 0.0754884
29.2 0.7977136 0.7251638 0.0725498
29.3 0.9558140 0.8869585 0.0688555
29.4 1.1333011 1.0688526 0.0644485
29.5 1.3279252 1.2685454 0.0593798
29.6 1.5372490 1.4835421 0.0537069
29.7 1.7586766 1.7111825 0.0474941
29.8 1.9894829 1.9486723 0.0408106
29.9 2.2268455 2.1931144 0.0337311
30.0 2.4678764 2.4415426 0.0263338
30.1 2.7096556 2.6909555 0.0187001
30.2 2.9492643 2.9383504 0.0109139
30.3 3.1838175 3.1807575 0.00306
30.4 3.4104978 3.4152738 -0.004776
30.5 3.6265860 3.6390954 -0.0125094
30.6 3.8294928 3.8495495 -0.0200567
30.7 4.0167874 4.0441240 -0.0273366
30.8 4.1862245 4.2204958 -0.0342713
30.9 4.3357700 4.3765568 -0.0407868
31.0 4.4636228 4.5104368 -0.046814
31.1 4.5682353 4.6205245 -0.0522892
31.2 4.6483298 4.7054847 -0.0571549
31.3 4.7029126 4.7642731 -0.0613605
31.4 4.7312847 4.7961470 -0.0648623
31.5 4.7330484 4.8006731 -0.0676247
31.6 4.7081115 4.7777315 -0.06962
31.7 4.6566875 4.7275163 -0.0708288
31.8 4.5792921 4.6505323 -0.0712402
31.9 4.4767368 4.5475885 -0.0708517
32.0 4.3501186 4.4197884 -0.0696698
32.1 4.2008072 4.2685161 -0.0677089
32.2 4.0304281 4.0954202 -0.0649921
32.3 3.8408442 3.9023941 -0.0615499
32.4 3.6341332 3.6915542 -0.057421
32.5 3.4125638 3.4652148 -0.052651
32.6 3.1785696 3.2258614 -0.0472918
32.7 2.9347203 2.9761220 -0.0414017
32.8 2.6836928 2.7187371 -0.0350443
32.9 2.4282400 2.4565277 -0.0282877
33.0 2.1711595 2.1923634 -0.0212039
33.1 1.9152613 1.9291295 -0.0138682
33.2 1.6633363 1.6696943 -0.006358
33.3 1.4181239 1.4168762 0.0012477
33.4 1.1822816 1.1734120 0.0088696
33.5 0.9583545 0.9419259 0.0164286
33.6 0.7487464 0.7248998 0.0238466
33.7 0.5556935 0.5246459 0.0310476
33.8 0.3812383 0.3432801 0.0379582
33.9 0.2272078 0.1826988 0.044509
34.0 0.0951923 0.0445581 0.0506342
34.1 -0.0134714 -0.0697450 0.0562736
34.2 -0.0977153 -0.1590876 0.0613723
34.3 -0.1567513 -0.2226329 0.0658816
34.4 -0.1900798 -0.2598392 0.0697594
34.5 -0.1974947 -0.2704655 0.0729708
34.6 -0.1790851 -0.2545731 0.075488
34.7 -0.1352334 -0.2125246 0.0772912
34.8 -0.0666107 -0.1449791 0.0783684
34.9 0.0258316 -0.0528834 0.078715
35.0 0.1408734 0.0625385 0.0783349
35.1 0.2770403 0.1998006 0.0772397
35.2 0.4326208 0.3571725 0.0754483
35.3 0.6056864 0.5326989 0.0729875
35.4 0.7941139 0.7242233 0.0698906
35.5 0.9956103 0.9294122 0.0661981
35.6 1.2077386 1.1457825 0.0619561
35.7 1.4279467 1.3707298 0.0572169
35.8 1.6535959 1.6015584 0.0520375
35.9 1.8819915 1.8355123 0.0464792
36.0 2.1104137 2.0698064 0.0406073
36.1 2.3361481 2.3016585 0.0344896
36.2 2.5565171 2.5283207 0.0281964
36.3 2.7689100 2.7471106 0.0217994
36.4 2.9708125 2.9554417 0.0153708
36.5 3.1598353 3.1508529 0.0089824
36.6 3.3337411 3.3310355 0.0027056
36.7 3.4904691 3.4938598 -0.0033907
36.8 3.6281591 3.6373986 -0.0092395
36.9 3.7451714 3.7599486 -0.0147772
37.0 3.8401052 3.8600496 -0.0199444
37.1 3.9118143 3.9365001 -0.0246858
37.2 3.9594194 3.9883708 -0.0289514
37.3 3.9823176 4.0150145 -0.0326969
37.4 3.9801885 4.0160726 -0.0358841
37.5 3.9529978 3.9914789 -0.0384811
37.6 3.9009965 3.9414594 -0.0404629
37.7 3.8247177 3.8665294 -0.0418117
37.8 3.7249701 3.7674868 -0.0425167
37.9 3.6028281 3.6454025 -0.0425744
38.0 3.4596192 3.5016077 -0.0419885
38.1 3.2969079 3.3376780 -0.0407701
38.2 3.1164781 3.1554152 -0.0389371
38.3 2.9203120 2.9568263 -0.0365143
38.4 2.7105671 2.7441001 -0.033533
38.5 2.4895514 2.5195821 -0.0300307
38.6 2.2596971 2.2857472 -0.0260501
38.7 2.0235322 2.0451719 -0.0216397
38.8 1.7836519 1.8005039 -0.016852
38.9 1.5426888 1.5544328 -0.011744
39.0 1.3032830 1.3096587 -0.0063757
39.1 1.0680520 1.0688617 -0.0008097
39.2 0.8395608 0.8346717 0.0048891
39.3 0.6202933 0.6096383 0.010655
39.4 0.4126236 0.3962020 0.0164216
39.5 0.2187896 0.1966668 0.0221228
39.6 0.0408677 0.0131743 0.0276934
39.7 -0.1192504 -0.1523204 0.03307
39.8 -0.2598789 -0.2980707 0.0381918
39.9 -0.3795570 -0.4225576 0.0430006
40.0 -0.4770644 -0.5245068 0.0474424
40.1 -0.5514353 -0.6029025 0.0514672
40.2 -0.6019688 -0.6569986 0.0550298
40.3 -0.6282359 -0.6863264 0.0580905
40.4 -0.6300844 -0.6906997 0.0606153
40.5 -0.6076400 -0.6702159 0.0625759
40.6 -0.5613038 -0.6252549 0.0639511
40.7 -0.4917480 -0.5564735 0.0647255
40.8 -0.3999072 -0.4647981 0.0648909
40.9 -0.2869672 -0.3514130 0.0644458
41.0 -0.1543514 -0.2177468 0.0633954
41.1 -0.0037037 -0.0654555 0.0617518
41.2 0.1631301 0.1035969 0.0595332
41.3 0.3441244 0.2873596 0.0567648
41.4 0.5370965 0.4836194 0.0534771
41.5 0.7397323 0.6900254 0.0497069
41.6 0.9496125 0.9041169 0.0454956
41.7 1.1642408 1.1233508 0.04089
41.8 1.3810720 1.3451313 0.0359407
41.9 1.5975413 1.5668391 0.0307022
42.0 1.8110937 1.7858619 0.0252318
42.1 2.0192129 1.9996233 0.0195896
42.2 2.2194497 2.2056128 0.0138369
42.3 2.4094504 2.4014137 0.0080367
42.4 2.5869828 2.5847309 0.0022519
42.5 2.7499617 2.7534164 -0.0034547
42.6 2.8964725 2.9054939 -0.0090214
42.7 3.0247925 3.0391805 -0.014388
42.8 3.1334103 3.1529072 -0.0194969
42.9 3.2210426 3.2453358 -0.0242932
43.0 3.2866486 3.3153741 -0.0287255
43.1 3.3294412 3.3621878 -0.0327466
43.2 3.3488958 3.3852097 -0.0363139
43.3 3.3447554 3.3841451 -0.0393897
43.4 3.3170337 3.3589754 -0.0419417
43.5 3.2660139 3.3099574 -0.0439435
43.6 3.1922455 3.2376200 -0.0453745
43.7 3.0965373 3.1427575 -0.0462202
43.8 2.9799478 3.0264205 -0.0464727
43.9 2.8437727 2.8899032 -0.0461305
44.0 2.6895301 2.7347282 -0.0451981
44.1 2.5189424 2.5626290 -0.0436866
44.2 2.3339166 2.3755296 -0.041613
44.3 2.1365220 2.1755226 -0.0390006
44.4 1.9289669 1.9648447 -0.0358778
44.5 1.7135726 1.7458513 -0.0322787
44.6 1.4927472 1.5209895 -0.0282423
44.7 1.2689579 1.2927697 -0.0238118
44.8 1.0447027 1.0637372 -0.0190345
44.9 0.8224820 0.8364433 -0.0139613
45.0 0.6047701 0.6134156 -0.0086455
45.1 0.3939870 0.3971301 -0.0031431
45.2 0.1924708 0.1899825 0.0024883
45.3 0.0024517 -0.0057388 0.0081905
45.4 -0.1739742 -0.1878787 0.0139045
45.5 -0.3348676 -0.3544394 0.0195718
45.6 -0.4784687 -0.5036034 0.0251347
45.7 -0.6032163 -0.6337535 0.0305372
45.8 -0.7077657 -0.7434911 0.0357254
45.9 -0.7910038 -0.8316517 0.0406479
46.0 -0.8520613 -0.8973179 0.0452566
46.1 -0.8903220 -0.9398297 0.0495077
46.2 -0.9054302 -0.9587911 0.0533609
46.3 -0.8972937 -0.9540746 0.0567809
46.4 -0.8660849 -0.9258221 0.0597372
46.5 -0.8122383 -0.8744431 0.0622048
46.6 -0.7364453 -0.8006095 0.0641642
46.7 -0.6396462 -0.7052476 0.0656014
46.8 -0.5230187 -0.5895271 0.0665084
46.9 -0.3879647 -0.4548476 0.0668829
47.0 -0.2360938 -0.3028225 0.0667287
47.1 -0.0692047 -0.1352598 0.0660551
47.2 0.1107353 0.0458580 0.0648773
47.3 0.3016131 0.2383975 0.0632156
47.4 0.5011937 0.4400980 0.0610957
47.5 0.7071462 0.6485982 0.058548
47.6 0.9170700 0.8614626 0.0556074
47.7 1.1285226 1.0762096 0.052313
47.8 1.3390469 1.2903397 0.0487072
47.9 1.5461996 1.5013637 0.0448359
48.0 1.7475787 1.7068317 0.040747
48.1 1.9408508 1.9043598 0.036491
48.2 2.1237776 2.0916582 0.0321194
48.3 2.2942411 2.2665563 0.0276848
48.4 2.4502676 2.4270275 0.0232401
48.5 2.5900498 2.5712121 0.0188377
48.6 2.7119674 2.6974383 0.0145291
48.7 2.8146049 2.8042403 0.0103646
48.8 2.8967677 2.8903756 0.0063921
48.9 2.9574953 2.9548380 0.0026573
49.0 2.9960719 2.9968693 -0.0007974
49.1 3.0120341 3.0159670 -0.0039329
49.2 3.0051762 3.0118902 -0.006714
49.3 2.9755517 2.9846617 -0.00911
49.4 2.9234729 2.9345673 -0.0110944
49.5 2.8495065 2.8621523 -0.0126458
49.6 2.7544673 2.7682152 -0.0137479
49.7 2.6394083 2.6537977 -0.0143894
49.8 2.5056087 2.5201730 -0.0145643
49.9 2.3545587 2.3688308 -0.0142721
50.0 2.1879428 2.2014604 -0.0135176
50.1 2.0076202 2.0199307 -0.0123105
50.2 1.8156034 1.8262691 -0.0106657
50.3 1.6140352 1.6226383 -0.0086031
50.4 1.4051642 1.4113114 -0.0061472
50.5 1.1913193 1.1946460 -0.0033267
50.6 0.9748831 0.9750571 -0.000174
50.7 0.7582646 0.7549900 0.0032746
50.8 0.5438720 0.5368922 0.0069798
50.9 0.3340855 0.3231859 0.0108996
51.0 0.1312299 0.1162400 0.0149899
51.1 -0.0624512 -0.0816560 0.0192048
51.2 -0.2448211 -0.2683186 0.0234975
51.3 -0.4138738 -0.4416944 0.0278206
51.4 -0.5677569 -0.5998834 0.0321265
51.5 -0.7047923 -0.7411603 0.036368
51.6 -0.8234950 -0.8639941 0.0404991
51.7 -0.9225894 -0.9670648 0.0444754
51.8 -1.0010241 -1.0492784 0.0482543
51.9 -1.0579830 -1.1097788 0.0517958
52.0 -1.0928944 -1.1479573 0.0550629
52.1 -1.1054372 -1.1634591 0.0580219
52.2 -1.0955442 -1.1561867 0.0606425
52.3 -1.0634025 -1.1263014 0.0628989
52.4 -1.0094508 -1.0742202 0.0647694
52.5 -0.9343747 -1.0006111 0.0662364
52.6 -0.8390977 -0.9063853 0.0672876
52.7 -0.7247712 -0.7926863 0.0679151
52.8 -0.5927606 -0.6608766 0.068116
52.9 -0.4446298 -0.5125220 0.0678922
53.0 -0.2821231 -0.3493732 0.0672501
53.1 -0.1071449 -0.1733463 0.0662014
53.2 0.0782617 0.0134998 0.0647619
53.3 0.2719385 0.2089867 0.0629518
53.4 0.4716369 0.4108414 0.0607955
53.5 0.6750435 0.6167225 0.058321
53.6 0.8798063 0.8242465 0.0555598
53.7 1.0835616 1.0310151 0.0525465
53.8 1.2839609 1.2346427 0.0493182
53.9 1.4786973 1.4327829 0.0459144
54.0 1.6655319 1.6231556 0.0423763
54.1 1.8423189 1.8035727 0.0387462
54.2 2.0070298 1.9719627 0.0350671
54.3 2.1577766 2.1263938 0.0313828
54.4 2.2928326 2.2650963 0.0277363
54.5 2.4106519 2.3864818 0.0241701
54.6 2.5098870 2.4891615 0.0207255
54.7 2.5894033 2.5719611 0.0174422
54.8 2.6482920 2.6339345 0.0143575
54.9 2.6858803 2.6743736 0.0115067
55.0 2.7017382 2.6928165 0.0089217
55.1 2.6956832 2.6890520 0.0066312
55.2 2.6677825 2.6631217 0.0046608
55.3 2.6183511 2.6153196 0.0030315
55.4 2.5479486 2.5461878 0.0017608
55.5 2.4573719 2.4565102 0.0008617
55.6 2.3476463 2.3473035 0.0003428
55.7 2.2200134 2.2198048 0.0002086
55.8 2.0759164 2.0754578 0.0004586
55.9 1.9169839 1.9158958 0.0010881
56.0 1.7450109 1.7429228 0.0020881
56.1 1.5619381 1.5584929 0.0034452
56.2 1.3698298 1.3646878 0.005142
56.3 1.1708505 1.1636933 0.0071572
56.4 0.9672396 0.9577738 0.0094658
56.5 0.7612864 0.7492466 0.0120398
56.6 0.5553039 0.5404560 0.0148479
56.7 0.3516023 0.3337459 0.0178564
56.8 0.1524632 0.1314335 0.0210297
56.9 -0.0398870 -0.0642167 0.0243297
57.0 -0.2233015 -0.2510191 0.0277176
57.1 -0.3957379 -0.4268914 0.0311535
57.2 -0.5552809 -0.5898781 0.0345972
57.3 -0.7001643 -0.7381729 0.0380086
57.4 -0.8287905 -0.8701384 0.0413479
57.5 -0.9397485 -0.9843249 0.0445764
57.6 -1.0318299 -1.0794868 0.0476569
57.7 -1.1040418 -1.1545958 0.050554
57.8 -1.1556185 -1.2088531 0.0532346
57.9 -1.1860294 -1.2416974 0.055668
58.0 -1.1949848 -1.2528114 0.0578266
58.1 -1.1824390 -1.2421252 0.0596862
58.2 -1.1485904 -1.2098163 0.0612259
58.3 -1.0938787 -1.1563075 0.0624288
58.4 -1.0189803 -1.0822620 0.0632817
58.5 -0.9247993 -0.9885749 0.0637756
58.6 -0.8124578 -0.8763636 0.0639058
58.7 -0.6832824 -0.7469538 0.0636714
58.8 -0.5387889 -0.6018652 0.0630763
58.9 -0.3806652 -0.4427931 0.0621279
59.0 -0.2107512 -0.2715894 0.0608382
59.1 -0.0310185 -0.0902412 0.0592227
59.2 0.1564527 0.0991519 0.0573008
59.3 0.3494971 0.2944018 0.0550953
59.4 0.5458892 0.4932570 0.0526322
59.5 0.7433684 0.6934280 0.0499404
59.6 0.9396649 0.8926136 0.0470513
59.7 1.1325254 1.0885271 0.0439983
59.8 1.3197388 1.2789218 0.040817
59.9 1.4991610 1.4616171 0.0375439
60.0 1.6687394 1.6345226 0.0342168
60.1 1.8265358 1.7956620 0.0308738
60.2 1.9707485 1.9431956 0.0275529
60.3 2.0997325 2.0754405 0.024292
60.4 2.2120180 2.1908899 0.0211281
60.5 2.3063266 2.2882298 0.0180968
60.6 2.3815859 2.3663536 0.0152323
60.7 2.4369412 2.4243746 0.0125666
60.8 2.4717650 2.4616358 0.0101292
60.9 2.4856636 2.4777165 0.0079471
61.0 2.4784816 2.4724375 0.0060441
61.1 2.4503029 2.4458623 0.0044406
61.2 2.4014499 2.3982963 0.0031536
61.3 2.3324792 2.3302827 0.0021965
61.4 2.2441749 2.2425964 0.0015785
61.5 2.1375397 2.1362345 0.0013052
61.6 2.0137828 2.0124050 0.0013778
61.7 1.8743062 1.8725125 0.0017937
61.8 1.7206886 1.7181421 0.0025465
61.9 1.5546666 1.5510413 0.0036253
62.0 1.3781156 1.3730995 0.0050161
62.1 1.1930277 1.1863267 0.006701
62.2 1.0014891 0.9928305 0.0086586
62.3 0.8056563 0.7947919 0.0108644
62.4 0.6077317 0.5944402 0.0132915
62.5 0.4099379 0.3940280 0.0159099
62.6 0.2144931 0.1958055 0.0186876
62.7 0.0235857 0.0019947 0.021591
62.8 -0.1606507 -0.1852357 0.024585
62.9 -0.3361613 -0.3637947 0.0276334
63.0 -0.5009934 -0.5316928 0.0306994
63.1 -0.6533183 -0.6870646 0.0337463
63.2 -0.7914522 -0.8281895 0.0367373
63.3 -0.9138748 -0.9535114 0.0396366
63.4 -1.0192463 -1.0616557 0.0424094
63.5 -1.1064229 -1.1514453 0.0450224
63.6 -1.1744689 -1.2219130 0.0474441
63.7 -1.2226673 -1.2723128 0.0496455
63.8 -1.2505279 -1.3021278 0.0515999
63.9 -1.2577919 -1.3110756 0.0532837
64.0 -1.2444352 -1.2991114 0.0546762
64.1 -1.2106678 -1.2664283 0.0557605
64.2 -1.1569314 -1.2134542 0.0565228
64.3 -1.0838940 -1.1408475 0.0569535
64.4 -0.9924419 -1.0494883 0.0570464
64.5 -0.8836693 -0.9404688 0.0567995
64.6 -0.7588655 -0.8150803 0.0562148
64.7 -0.6195005 -0.6747982 0.0552977
64.8 -0.4672070 -0.5212653 0.0540583
64.9 -0.3037625 -0.3562722 0.0525097
65.0 -0.1310687 -0.1817374 0.0506687
65.1 0.0488707 0.0003150 0.0485557
65.2 0.2339726 0.1877785 0.0461941
65.3 0.4220984 0.3784881 0.0436103
65.4 0.6110783 0.5702454 0.0408329
65.5 0.7987363 0.7608430 0.0378933
65.6 0.9829147 0.9480905 0.0348242
65.7 1.1614987 1.1298384 0.0316603
65.8 1.3324406 1.3040034 0.0284372
65.9 1.4937826 1.4685916 0.025191
66.0 1.6436794 1.6217210 0.0219584
66.1 1.7804188 1.7616430 0.0187758
66.2 1.9024411 1.8867619 0.0156792
66.3 2.0083564 1.9956530 0.0127034
66.4 2.0969608 2.0870787 0.0098821
66.5 2.1672490 2.1600019 0.0072471
66.6 2.2184262 2.2135981 0.0048281
66.7 2.2499165 2.2472641 0.0026524
66.8 2.2613693 2.2606247 0.0007446
66.9 2.2526630 2.2535366 -0.0008736
67.0 2.2239057 2.2260900 -0.0021843
67.1 2.1754345 2.1786068 -0.0031723
67.2 2.1078104 2.1116372 -0.0038268
67.3 2.0218122 2.0259526 -0.0041404
67.4 1.9184273 1.9225368 -0.0041095
67.5 1.7988399 1.8025745 -0.0037346
67.6 1.6644176 1.6674375 -0.0030199
67.7 1.5166953 1.5186690 -0.0019737
67.8 1.3573578 1.3579654 -0.0006076
67.9 1.1882199 1.1871574 0.0010625
68.0 1.0112062 1.0081883 0.0030179
68.1 0.8283285 0.8230922 0.0052363
68.2 0.6416633 0.6339706 0.0076927
68.3 0.4533274 0.4429683 0.0103591
68.4 0.2654542 0.2522491 0.0132051
68.5 0.0801694 0.0639706 0.0161988
68.6 -0.1004335 -0.1197394 0.0193059
68.7 -0.2743170 -0.2968082 0.0224912
68.8 -0.4395223 -0.4652410 0.0257187
68.9 -0.5941921 -0.6231438 0.0289517
69.0 -0.7365913 -0.7687448 0.0321535
69.1 -0.8651269 -0.9004144 0.0352875
69.2 -0.9783655 -1.0166838 0.0383183
69.3 -1.0750499 -1.1162612 0.0412113
69.4 -1.1541133 -1.1980468 0.0439335
69.5 -1.2146906 -1.2611445 0.0464539
69.6 -1.2561287 -1.3048722 0.0487435
69.7 -1.2779934 -1.3287696 0.0507762
69.8 -1.2800740 -1.3326026 0.0525286
69.9 -1.2623857 -1.3163660 0.0539803
70.0 -1.2251690 -1.2802834 0.0551144
70.1 -1.1688868 -1.2248044 0.0559176
70.2 -1.0942186 -1.1505987 0.0563801
70.3 -1.0020530 -1.0585490 0.056496
70.4 -0.8934769 -0.9497401 0.0562632
70.5 -0.7697630 -0.8254467 0.0556837
70.6 -0.6323553 -0.6871184 0.0547631
70.7 -0.4828523 -0.5363629 0.0535106
70.8 -0.3229883 -0.3749280 0.0519397
70.9 -0.1546143 -0.2046812 0.0500669
71.0 0.0203242 -0.0275879 0.0479121
71.1 0.1998087 0.1543101 0.0454986
71.2 0.3817714 0.3389190 0.0428524
71.3 0.5641182 0.5241162 0.040002
71.4 0.7447531 0.7077750 0.0369781
71.5 0.9216018 0.8877884 0.0338134
71.6 1.0926356 1.0620934 0.0305422
71.7 1.2558942 1.2286943 0.0271999
71.8 1.4095079 1.3856855 0.0238224
71.9 1.5517193 1.5312729 0.0204464
72.0 1.6809027 1.6637946 0.0171081
72.1 1.7955827 1.7817392 0.0138435
72.2 1.8944511 1.8837633 0.0106878
72.3 1.9763810 1.9687065 0.0076745
72.4 2.0404401 2.0356041 0.004836
72.5 2.0859010 2.0836986 0.0022024
72.6 2.1122490 2.1124473 -0.0001983
72.7 2.1191878 2.1215290 -0.0023412
72.8 2.1066431 2.1108468 -0.0042037
72.9 2.0747628 2.0805296 -0.0057668
73.0 2.0239150 2.0309297 -0.0070147
73.1 1.9546840 1.9626192 -0.0079352
73.2 1.8678633 1.8763830 -0.0085197
73.3 1.7644461 1.7732094 -0.0087633
73.4 1.6456139 1.6542792 -0.0086653
73.5 1.5127232 1.5209514 -0.0082282
73.6 1.3672892 1.3747482 -0.007459
73.7 1.2109691 1.2173368 -0.0063677
73.8 1.0455426 1.0505110 -0.0049684
73.9 0.8728915 0.8761700 -0.0032785
74.0 0.6949785 0.6962969 -0.0013184
74.1 0.5138244 0.5129364 0.000888
74.2 0.3314852 0.3281705 0.0033147
74.3 0.1500287 0.1440959 0.0059328
74.4 -0.0284895 -0.0372009 0.0087114
74.5 -0.2020489 -0.2136668 0.0116179
74.6 -0.3686872 -0.3833055 0.0146183
74.7 -0.5265230 -0.5442004 0.0176774
74.8 -0.6737768 -0.6945364 0.0207596
74.9 -0.8087912 -0.8326201 0.0238289
75.0 -0.9300499 -0.9568996 0.0268497
75.1 -1.0361947 -1.0659812 0.0297865
75.2 -1.1260408 -1.1586462 0.0326054
75.3 -1.1985903 -1.2338636 0.0352733
75.4 -1.2530434 -1.2908023 0.0377589
75.5 -1.2888071 -1.3288404 0.0400333
75.6 -1.3055023 -1.3475717 0.0420694
75.7 -1.3029672 -1.3468106 0.0438434
75.8 -1.2812597 -1.3265935 0.0453338
75.9 -1.2406562 -1.2871787 0.0465225
76.0 -1.1816480 -1.2290432 0.0473952
76.1 -1.1049363 -1.1528765 0.0479402
76.2 -1.0114231 -1.0595734 0.0481503
76.3 -0.9022016 -0.9502231 0.0480215
76.4 -0.7785430 -0.8260966 0.0475536
76.5 -0.6418822 -0.6886326 0.0467504
76.6 -0.4938010 -0.5394202 0.0456192
76.7 -0.3360105 -0.3801814 0.0441709
76.8 -0.1703308 -0.2127509 0.0424201
76.9 0.0013291 -0.0390552 0.0403843
77.0 0.1769937 0.1389092 0.0380845
77.1 0.3546433 0.3190988 0.0355445
77.2 0.5322369 0.4994462 0.0327907
77.3 0.7077358 0.6778842 0.0298516
77.4 0.8791266 0.8523685 0.0267581
77.5 1.0444442 1.0209017 0.0235425
77.6 1.2017940 1.1815556 0.0202384
77.7 1.3493736 1.3324932 0.0168804
77.8 1.4854933 1.4719896 0.0135037
77.9 1.6085949 1.5984516 0.0101433
78.0 1.7172699 1.7104354 0.0068345
78.1 1.8102749 1.8066633 0.0036116
78.2 1.8865460 1.8860379 0.0005081
78.3 1.9452104 1.9476546 -0.0024442
78.4 1.9855967 1.9908116 -0.0052149
78.5 2.0072421 2.0150178 -0.0077757
78.6 2.0098975 2.0199981 -0.0101006
78.7 1.9935300 2.0056967 -0.0121667
78.8 1.9583238 1.9722770 -0.0139532
78.9 1.9046770 1.9201202 -0.0154432
79.0 1.8331977 1.8498203 -0.0166226
79.1 1.7446966 1.7621774 -0.0174808
79.2 1.6401775 1.6581884 -0.0180109
79.3 1.5208258 1.5390354 -0.0182096
79.4 1.3879952 1.4060722 -0.018077
79.5 1.2431916 1.2608087 -0.0176171
79.6 1.0880565 1.1048937 -0.0168372
79.7 0.9243475 0.9400960 -0.0157485
79.8 0.7539187 0.7682840 -0.0143653
79.9 0.5786996 0.5914043 -0.0127047
80.0 0.4006725 0.4114601 -0.0107876
80.1 0.2218505 0.2304876 -0.0086371
80.2 0.0442543 0.0505332 -0.0062789
80.3 -0.1301107 -0.1263700 -0.0037407
80.4 -0.2992774 -0.2982250 -0.0010524
80.5 -0.4613393 -0.4630940 0.0017547
80.6 -0.6144719 -0.6191201 0.0046482
80.7 -0.7569539 -0.7645485 0.0075946
80.8 -0.8871861 -0.8977465 0.0105604
80.9 -1.0037102 -1.0172218 0.0135116
81.0 -1.1052247 -1.1216395 0.0164148
81.1 -1.1906000 -1.2098369 0.0192369
81.2 -1.2588908 -1.2808373 0.0219465
81.3 -1.3093473 -1.3338600 0.0245127
81.4 -1.3414228 -1.3683299 0.0269071
81.5 -1.3547804 -1.3838834 0.029103
81.6 -1.3492966 -1.3803725 0.0310759
81.7 -1.3250622 -1.3578664 0.0328042
81.8 -1.2823816 -1.3166505 0.0342689
81.9 -1.2217689 -1.2572230 0.0354541
82.0 -1.1439420 -1.1802890 0.036347
82.1 -1.0498142 -1.0867526 0.0369384
82.2 -0.9404838 -0.9777060 0.0372222
82.3 -0.8172215 -0.8544175 0.037196
82.4 -0.6814556 -0.7183164 0.0368608
82.5 -0.5347561 -0.5709770 0.0362209
82.6 -0.3788162 -0.4141007 0.0352845
82.7 -0.2154332 -0.2494959 0.0340627
82.8 -0.0464883 -0.0790581 0.0325698
82.9 0.1260755 0.0952521 0.0308234
83.0 0.3002749 0.2714314 0.0288435
83.1 0.4741094 0.4474563 0.0266531
83.2 0.6455837 0.6213064 0.0242773
83.3 0.8127306 0.7909873 0.0217433
83.4 0.9736330 0.9545533 0.0190797
83.5 1.1264465 1.1101294 0.0163171
83.6 1.2694191 1.2559326 0.0134865
83.7 1.4009124 1.3902923 0.0106201
83.8 1.5194189 1.5116687 0.0077502
83.9 1.6235799 1.6186708 0.0049091
84.0 1.7122008 1.7100719 0.0021289
84.1 1.7842639 1.7848232 -0.0005593
84.2 1.8389406 1.8420661 -0.0031255
84.3 1.8756004 1.8811413 -0.0055409
84.4 1.8938179 1.9015963 -0.0077784
84.5 1.8933776 1.9031907 -0.0098131
84.6 1.8742760 1.8858985 -0.0116225
84.7 1.8367219 1.8499083 -0.0131864
84.8 1.7811333 1.7956208 -0.0144875
84.9 1.7081332 1.7236447 -0.0155115
85.0 1.6185418 1.6347888 -0.016247
85.1 1.5133674 1.5300534 -0.016686
85.2 1.3937945 1.4106185 -0.016824
85.3 1.2611707 1.2778300 -0.0166593
85.4 1.1169908 1.1331848 -0.016194
85.5 0.9628798 0.9783132 -0.0154334
85.6 0.8005746 0.8149608 -0.0143862
85.7 0.6319039 0.6449678 -0.0130639
85.8 0.4587676 0.4702491 -0.0114815
85.9 0.2831149 0.2927713 -0.0096564
86.0 0.1069224 0.1145313 -0.0076089
86.1 -0.0678287 -0.0624671 -0.0053616
86.2 -0.2391748 -0.2362354 -0.0029394
86.3 -0.4051925 -0.4048235 -0.000369
86.4 -0.5640201 -0.5663415 0.0023214
86.5 -0.7138789 -0.7189812 0.0051023
86.6 -0.8530936 -0.8610367 0.0079431
86.7 -0.9801106 -0.9909235 0.0108129
86.8 -1.0935162 -1.1071967 0.0136805
86.9 -1.1920523 -1.2085669 0.0165146
87.0 -1.2746306 -1.2939151 0.0192845
87.1 -1.3403448 -1.3623052 0.0219604
87.2 -1.3884809 -1.4129942 0.0245133
87.3 -1.4185251 -1.4454410 0.0269159
87.4 -1.4301693 -1.4593120 0.0291427
87.5 -1.4233149 -1.4544847 0.0311698
87.6 -1.3980732 -1.4310493 0.0329761
87.7 -1.3547646 -1.3893072 0.0345426
87.8 -1.2939142 -1.3297675 0.0358533
87.9 -1.2162461 -1.2531408 0.0368947
88.0 -1.1226750 -1.1603316 0.0376566
88.1 -1.0142952 -1.0524271 0.0381319
88.2 -0.8923687 -0.9306852 0.0383165
88.3 -0.7583104 -0.7965200 0.0382096
88.4 -0.6136717 -0.6514855 0.0378138
88.5 -0.4601231 -0.4972578 0.0371347
88.6 -0.2994352 -0.3356159 0.0361807
88.7 -0.1334580 -0.1684218 0.0349638
88.8 0.0358997 0.0024013 0.0334984
88.9 0.2066922 0.1748904 0.0318018
89.0 0.3769592 0.3470654 0.0298938
89.1 0.5447477 0.5169515 0.0277962
89.2 0.7081345 0.6826017 0.0255328
89.3 0.8652483 0.8421187 0.0231296
89.4 1.0142901 0.9936765 0.0206136
89.5 1.1535545 1.1355415 0.018013
89.6 1.2814484 1.2660915 0.0153569
89.7 1.3965093 1.3838346 0.0126747
89.8 1.4974217 1.4874255 0.0099962
89.9 1.5830322 1.5756814 0.0073508
90.0 1.6523621 1.6475945 0.0047676
90.1 1.7046186 1.7023440 0.0022746
90.2 1.7392039 1.7393050 -0.0001011
90.3 1.7557215 1.7580553 -0.0023338
90.4 1.7539805 1.7583804 -0.0043999
90.5 1.7339981 1.7402755 -0.0062774
90.6 1.6959988 1.7039454 -0.0079466
90.7 1.6404118 1.6498022 -0.0093904
90.8 1.5678662 1.5784604 -0.0105942
90.9 1.4791834 1.4907294 -0.011546
91.0 1.3753679 1.3876047 -0.0122368
91.1 1.2575954 1.2702562 -0.0126608
91.2 1.1271996 1.1400146 -0.012815
91.3 0.9856569 0.9983564 -0.0126995
91.4 0.8345694 0.8468868 -0.0123174
91.5 0.6756466 0.6873216 -0.011675
91.6 0.5106861 0.5214673 -0.0107812
91.7 0.3415529 0.3512007 -0.0096478
91.8 0.1701580 0.1784476 -0.0082896
91.9 -0.0015628 0.0051606 -0.0067234
92.0 -0.1716717 -0.1667029 -0.0049688
92.1 -0.3382501 -0.3352032 -0.0030469
92.2 -0.4994211 -0.4984400 -0.0009811
92.3 -0.6533703 -0.6545742 0.0012039
92.4 -0.7983666 -0.8018486 0.003482
92.5 -0.9327820 -0.9386082 0.0058262
92.6 -1.0551095 -1.0633184 0.0082089
92.7 -1.1639808 -1.1745826 0.0106018
92.8 -1.2581811 -1.2711581 0.012977
92.9 -1.3366633 -1.3519700 0.0153067
93.0 -1.3985597 -1.4161231 0.0175634
93.1 -1.4431914 -1.4629123 0.0197209
93.2 -1.4700761 -1.4918302 0.0217541
93.3 -1.4789336 -1.5025728 0.0236392
93.4 -1.4696886 -1.4950428 0.0253542
93.5 -1.4424716 -1.4693505 0.0268789
93.6 -1.3976168 -1.4258125 0.0281957
93.7 -1.3356590 -1.3649478 0.0292888
93.8 -1.2573265 -1.2874719 0.0301454
93.9 -1.1635333 -1.1942884 0.0307551
94.0 -1.0553680 -1.0864786 0.0311106
94.1 -0.9340820 -0.9652891 0.0312071
94.2 -0.8010746 -0.8321174 0.0310428
94.3 -0.6578772 -0.6884961 0.0306189
94.4 -0.5061357 -0.5360752 0.0299395
94.5 -0.3475919 -0.3766034 0.0290115
94.6 -0.1840633 -0.2119077 0.0278444
94.7 -0.0174228 -0.0438734 0.0264506
94.8 0.1504230 0.1255782 0.0248448
94.9 0.3175554 0.2945112 0.0230442
95.0 0.4820652 0.4609973 0.0210679
95.1 0.6420747 0.6231377 0.018937
95.2 0.7957590 0.7790846 0.0166744
95.3 0.9413663 0.9270622 0.0143041
95.4 1.0772385 1.0653870 0.0118515
95.5 1.2018292 1.1924864 0.0093428
95.6 1.3137217 1.3069171 0.0068046
95.7 1.4116450 1.4073810 0.004264
95.8 1.4944878 1.4927401 0.0017477
95.9 1.5613114 1.5620290 -0.0007176
96.0 1.6113600 1.6144660 -0.003106
96.1 1.6440693 1.6494618 -0.0053925
96.2 1.6590728 1.6666262 -0.0075534
96.3 1.6562057 1.6657718 -0.0095661
96.4 1.6355065 1.6469168 -0.0114103
96.5 1.5972169 1.6102841 -0.0130672
96.6 1.5417784 1.5562986 -0.0145202
96.7 1.4698276 1.4855825 -0.0157549
96.8 1.3821882 1.3989478 -0.0167596
96.9 1.2798621 1.2973873 -0.0175252
97.0 1.1640175 1.1820625 -0.018045
97.1 1.0359759 1.0542910 -0.0183151
97.2 0.8971964 0.9155309 -0.0183345
97.3 0.7492595 0.7673643 -0.0181048
97.4 0.5938486 0.6114793 -0.0176307
97.5 0.4327314 0.4496504 -0.016919
97.6 0.2677390 0.2837186 -0.0159796
97.7 0.1007456 0.1155702 -0.0148246
97.8 -0.0663532 -0.0528848 -0.0134684
97.9 -0.2316617 -0.2197338 -0.0119279
98.0 -0.3933059 -0.3830845 -0.0102214
98.1 -0.5494547 -0.5410852 -0.0083695
98.2 -0.6983407 -0.6919468 -0.0063939
98.3 -0.8382802 -0.8339624 -0.0043178
98.4 -0.9676924 -0.9655272 -0.0021652
98.5 -1.0851174 -1.0851562 3.88e-05
98.6 -1.1892324 -1.1915015 0.0022691
98.7 -1.2788671 -1.2833673 0.0045002
98.8 -1.3530164 -1.3597231 0.0067067
98.9 -1.4108522 -1.4197160 0.0088638
99.0 -1.4517325 -1.4626795 0.010947
99.1 -1.4752085 -1.4881417 0.0129332
99.2 -1.4810297 -1.4958300 0.0148003
99.3 -1.4691466 -1.4856741 0.0165275
99.4 -1.4397112 -1.4578071 0.0180959
99.5 -1.3930750 -1.4125632 0.0194882
99.6 -1.3297849 -1.3504745 0.0206896
99.7 -1.2505770 -1.2722640 0.021687
99.8 -1.1563679 -1.1788381 0.0224702
99.9 -1.0482445 -1.0712752 0.0230307
100.0 -0.9274510 -0.9508145 0.0233635
100.1 -0.7953751 -0.8188405 0.0234654
100.2 -0.6535321 -0.6768681 0.023336
100.3 -0.5035473 -0.5265251 0.0229778
100.4 -0.3471377 -0.3695333 0.0223956
100.5 -0.1860923 -0.2076889 0.0215966
100.6 -0.0222517 -0.0428424 0.0205907
100.7 0.1425128 0.1231228 0.01939
100.8 0.3063204 0.2883119 0.0180085
100.9 0.4673025 0.4508400 0.0164625
101.0 0.6236238 0.6088538 0.01477
101.1 0.7735029 0.7605526 0.0129503
101.2 0.9152329 0.9042084 0.0110245
101.3 1.0472007 1.0381863 0.0090144
101.4 1.1679050 1.1609620 0.006943
101.5 1.2759738 1.2711400 0.0048338
101.6 1.3701793 1.3674688 0.0027105
101.7 1.4494523 1.4488555 0.0005968
101.8 1.5128942 1.5143776 -0.0014834
101.9 1.5597868 1.5632938 -0.003507
102.0 1.5896008 1.5950522 -0.0054514
102.1 1.6020012 1.6092964 -0.0072952
102.2 1.5968515 1.6058695 -0.009018
102.3 1.5742147 1.5848158 -0.0106011
102.4 1.5343530 1.5463800 -0.012027
102.5 1.4777240 1.4910044 -0.0132804
102.6 1.4049761 1.4193238 -0.0143477
102.7 1.3169405 1.3321582 -0.0152177
102.8 1.2146219 1.2305031 -0.0158812
102.9 1.0991868 1.1155183 -0.0163315
103.0 0.9719503 0.9885146 -0.0165643
103.1 0.8343612 0.8509387 -0.0165775
103.2 0.6879849 0.7043566 -0.0163717
103.3 0.5344861 0.5504361 -0.01595
103.4 0.3756097 0.3909272 -0.0153175
103.5 0.2131605 0.2276426 -0.0144821
103.6 0.0489834 0.0624369 -0.0134535
103.7 -0.1150583 -0.1028147 -0.0122436
103.8 -0.2771040 -0.2662373 -0.0108667
103.9 -0.4353163 -0.4259781 -0.0093382
104.0 -0.5879028 -0.5802271 -0.0076757
104.1 -0.7331358 -0.7272380 -0.0058978
104.2 -0.8693722 -0.8653477 -0.0040245
104.3 -0.9950720 -0.9929952 -0.0020768
104.4 -1.1088158 -1.1087395 -7.63e-05
104.5 -1.2093211 -1.2112759 0.0019548
104.6 -1.2954562 -1.2994505 0.0039943
104.7 -1.3662536 -1.3722733 0.0060197
104.8 -1.4209208 -1.4289297 0.0080089
104.9 -1.4588489 -1.4687891 0.0099402
105.0 -1.4796197 -1.4914127 0.011793
105.1 -1.4830101 -1.4965574 0.0135473
105.2 -1.4689950 -1.4841795 0.0151845
105.3 -1.4377470 -1.4544343 0.0166873
105.4 -1.3896345 -1.4076744 0.0180399
105.5 -1.3252174 -1.3444460 0.0192286
105.6 -1.2452409 -1.2654820 0.0202411
105.7 -1.1506262 -1.1716938 0.0210676
105.8 -1.0424610 -1.0641609 0.0216999
105.9 -0.9219859 -0.9441185 0.0221326
106.0 -0.7905812 -0.8129432 0.022362
106.1 -0.6497505 -0.6721376 0.0223871
106.2 -0.5011038 -0.5233127 0.0222089
106.3 -0.3463392 -0.3681699 0.0218307
106.4 -0.1872232 -0.2084815 0.0212583
106.5 -0.0255712 -0.0460703 0.0204991
106.6 0.1367738 0.1172110 0.0195628
106.7 0.2979618 0.2795005 0.0184613
106.8 0.4561568 0.4389491 0.0172077
106.9 0.6095580 0.5937408 0.0158172
107.0 0.7564199 0.7421137 0.0143062
107.1 0.8950721 0.8823797 0.0126924
107.2 1.0239386 1.0129442 0.0109944
107.3 1.1415553 1.1323234 0.0092319
107.4 1.2465867 1.2391618 0.0074249
107.5 1.3378412 1.3322471 0.0055941
107.6 1.4142842 1.4105243 0.0037599
107.7 1.4750501 1.4731070 0.0019431
107.8 1.5194518 1.5192881 0.0001637
107.9 1.5469888 1.5485473 -0.0015585
108.0 1.5573522 1.5605567 -0.0032045
108.1 1.5504286 1.5551852 -0.0047566
108.2 1.5263013 1.5324991 -0.0061978
108.3 1.4852488 1.4927615 -0.0075127
108.4 1.4277420 1.4364296 -0.0086876
108.5 1.3544385 1.3641485 -0.00971
108.6 1.2661751 1.2767448 -0.0105697
108.7 1.1639584 1.1752164 -0.011258
108.8 1.0489528 1.0607211 -0.0117683
108.9 0.9224677 0.9345638 -0.0120961
109.0 0.7859422 0.7981811 -0.0122389
109.1 0.6409290 0.6531253 -0.0121963
109.2 0.4890762 0.5010463 -0.0119701
109.3 0.3321091 0.3436732 -0.0115641
109.4 0.1718103 0.1827941 -0.0109838
109.5 0.0099993 0.0202364 -0.0102371
109.6 -0.1514880 -0.1421546 -0.0093334
109.7 -0.3108203 -0.3025364 -0.0082839
109.8 -0.4661914 -0.4590901 -0.0071013
109.9 -0.6158413 -0.6100415 -0.0057998
110.0 -0.7580754 -0.7536808 -0.0043946
110.1 -0.8912844 -0.8883822 -0.0029022
110.2 -1.0139623 -1.0126223 -0.00134
110.3 -1.1247230 -1.1249973 0.0002743
110.4 -1.2223170 -1.2242390 0.001922
110.5 -1.3056443 -1.3092291 0.0035848
110.6 -1.3737679 -1.3790118 0.0052439
110.7 -1.4259237 -1.4328046 0.0068809
110.8 -1.4615293 -1.4700070 0.0084777
110.9 -1.4801906 -1.4902074 0.0100168
111.0 -1.4817058 -1.4931876 0.0114818
111.1 -1.4660683 -1.4789250 0.0128567
111.2 -1.4334660 -1.4475931 0.0141271
111.3 -1.3842794 -1.3995592 0.0152798
111.4 -1.3190770 -1.3353801 0.0163031
111.5 -1.2386090 -1.2557956 0.0171866
111.6 -1.1437986 -1.1617204 0.0179218
111.7 -1.0357312 -1.0542332 0.018502
111.8 -0.9156422 -0.9345645 0.0189223
111.9 -0.7849029 -0.8040824 0.0191795
112.0 -0.6450049 -0.6642773 0.0192724
112.1 -0.4975429 -0.5167447 0.0192018
112.2 -0.3441965 -0.3631668 0.0189703
112.3 -0.1867117 -0.2052938 0.0185821
112.4 -0.0268802 -0.0449237 0.0180435
112.5 0.1334806 0.1161182 0.0173624
112.6 0.2925479 0.2760000 0.0165479
112.7 0.4485149 0.4329039 0.015611
112.8 0.5996108 0.5850469 0.0145639
112.9 0.7441209 0.7307010 0.0134199
113.0 0.8804064 0.8682132 0.0121932
113.1 1.0069227 0.9960237 0.010899
113.2 1.1222367 1.1126836 0.0095531
113.3 1.2250436 1.2168718 0.0081718
113.4 1.3141809 1.3074095 0.0067714
113.5 1.3886423 1.3832736 0.0053687
113.6 1.4475884 1.4436084 0.00398
113.7 1.4903564 1.4877351 0.0026213
113.8 1.5164677 1.5151593 0.0013084
113.9 1.5256329 1.5255767 5.62e-05
114.0 1.5177553 1.5188765 -0.0011212
114.1 1.4929317 1.4951425 -0.0022108
114.2 1.4514511 1.4546518 -0.0032007
114.3 1.3937918 1.3978719 -0.0040801
114.4 1.3206152 1.3254553 -0.0048401
114.5 1.2327587 1.2382315 -0.0054728
114.6 1.1312259 1.1371980 -0.0059721
114.7 1.0171753 1.0235087 -0.0063334
114.8 0.8919067 0.8984608 -0.0065541
114.9 0.7568467 0.7634797 -0.006633
115.0 0.6135323 0.6201031 -0.0065708
115.1 0.4635934 0.4699631 -0.0063697
115.2 0.3087343 0.3147682 -0.0060339
115.3 0.1507143 0.1562830 -0.0055687
115.4 -0.0086724 -0.0036911 -0.0049813
115.5 -0.1676169 -0.1633366 -0.0042803
115.6 -0.3243163 -0.3208410 -0.0034753
115.7 -0.4769942 -0.4744167 -0.0025775
115.8 -0.6239206 -0.6223218 -0.0015988
115.9 -0.7634318 -0.7628796 -0.0005522
116.0 -0.8939492 -0.8944977 0.0005485
116.1 -1.0139969 -1.0156861 0.0016892
116.2 -1.1222188 -1.1250739 0.0028551
116.3 -1.2173936 -1.2214250 0.0040314
116.4 -1.2984489 -1.3036520 0.0052031
116.5 -1.3644728 -1.3708284 0.0063556
116.6 -1.4147250 -1.4221993 0.0074743
116.7 -1.4486440 -1.4571894 0.0085454
116.8 -1.4658546 -1.4754099 0.0095553
116.9 -1.4661709 -1.4766628 0.0104919
117.0 -1.4495992 -1.4609427 0.0113435
117.1 -1.4163375 -1.4284371 0.0120996
117.2 -1.3667728 -1.3795240 0.0127512
117.3 -1.3014773 -1.3147675 0.0132902
117.4 -1.2212013 -1.2349116 0.0137103
117.5 -1.1268647 -1.1408712 0.0140065
117.6 -1.0195466 -1.0337220 0.0141754
117.7 -0.9004729 -0.9146879 0.014215
117.8 -0.7710023 -0.7851274 0.0141251
117.9 -0.6326106 -0.6465178 0.0139072
118.0 -0.4868742 -0.5004384 0.0135642
118.1 -0.3354523 -0.3485527 0.0131004
118.2 -0.1800673 -0.1925892 0.0125219
118.3 -0.0224862 -0.0343222 0.011836
118.4 0.1355004 0.1244491 0.0110513
118.5 0.2920979 0.2819203 0.0101776
118.6 0.4455287 0.4363027 0.009226
118.7 0.5940518 0.5858434 0.0082084
118.8 0.7359828 0.7288455 0.0071373
118.9 0.8697131 0.8636869 0.0060262
119.0 0.9937279 0.9888391 0.0048888
119.1 1.1066233 1.1028840 0.0037393
119.2 1.2071226 1.2045305 0.0025921
119.3 1.2940900 1.2926288 0.0014612
119.4 1.3665442 1.3661834 0.0003608
119.5 1.4236688 1.4243643 -0.0006955
119.6 1.4648219 1.4665163 -0.0016944
119.7 1.4895430 1.4921668 -0.0026238
119.8 1.4975586 1.5010302 -0.0034716
119.9 1.4887844 1.4930119 -0.0042275
120.0 1.4633269 1.4682088 -0.0048819
120.1 1.4214818 1.4269085 -0.0054267
120.2 1.3637305 1.3695852 -0.0058547
120.3 1.2907346 1.2968952 -0.0061606
120.4 1.2033284 1.2096685 -0.0063401
120.5 1.1025090 1.1089000 -0.006391
120.6 0.9894254 0.9957375 -0.0063121
120.7 0.8653649 0.8714691 -0.0061042
120.8 0.7317389 0.7375083 -0.0057694
120.9 0.5900662 0.5953778 -0.0053116
121.0 0.4419565 0.4466924 -0.0047359
121.1 0.2890912 0.2931405 -0.0040493
121.2 0.1332052 0.1364648 -0.0032596
121.3 -0.0239335 -0.0215572 -0.0023763
121.4 -0.1805436 -0.1791336 -0.00141
121.5 -0.3348507 -0.3344784 -0.0003723
121.6 -0.4851074 -0.4858319 0.0007245
121.7 -0.6296134 -0.6314802 0.0018668
121.8 -0.7667341 -0.7697751 0.003041
121.9 -0.8949201 -0.8991527 0.0042326
122.0 -1.0127235 -1.0181506 0.0054271
122.1 -1.1188155 -1.1254250 0.0066095
122.2 -1.2120005 -1.2197659 0.0077654
122.3 -1.2912299 -1.3001102 0.0088803
122.4 -1.3556140 -1.3655542 0.0099402
122.5 -1.4044319 -1.4153636 0.0109317
122.6 -1.4371397 -1.4489816 0.0118419
122.7 -1.4533762 -1.4660353 0.0126591
122.8 -1.4529675 -1.4663398 0.0133723
122.9 -1.4359281 -1.4499003 0.0139722
123.0 -1.4024615 -1.4169115 0.01445
123.1 -1.3529570 -1.3677560 0.014799
123.2 -1.2879856 -1.3029991 0.0150135
123.3 -1.2082935 -1.2233829 0.0150894
123.4 -1.1147931 -1.1298175 0.0150244
123.5 -1.0085530 -1.0233706 0.0148176
123.6 -0.8907857 -0.9052553 0.0144696
123.7 -0.7628335 -0.7768165 0.013983
123.8 -0.6261534 -0.6395153 0.0133619
123.9 -0.4823008 -0.4949124 0.0126116
124.0 -0.3329111 -0.3446505 0.0117394
124.1 -0.1796819 -0.1904356 0.0107537
124.2 -0.0243531 -0.0340174 0.0096643
124.3 0.1313125 0.1228302 0.0084823
124.4 0.2855493 0.2783295 0.0072198
124.5 0.4366090 0.4307189 0.0058901
124.6 0.5827802 0.5782732 0.004507
124.7 0.7224079 0.7193228 0.0030851
124.8 0.8539125 0.8522729 0.0016396
124.9 0.9758070 0.9756211 0.0001859
125.0 1.0867146 1.0879749 -0.0012603
125.1 1.1853835 1.1880671 -0.0026836
125.2 1.2707016 1.2747699 -0.0040683
125.3 1.3417085 1.3471083 -0.0053998
125.4 1.3976069 1.4042700 -0.0066631
125.5 1.4377708 1.4456157 -0.0078449
125.6 1.4617532 1.4706852 -0.008932
125.7 1.4692906 1.4792032 -0.0099126
125.8 1.4603060 1.4710819 -0.0107759
125.9 1.4349098 1.4464220 -0.0115122
126.0 1.3933980 1.4055117 -0.0121137
126.1 1.3362493 1.3488228 -0.0125735
126.2 1.2641191 1.2770057 -0.0128866
126.3 1.1778322 1.1908816 -0.0130494
126.4 1.0783732 1.0914332 -0.01306
126.5 0.9668754 0.9797938 -0.0129184
126.6 0.8446077 0.8572335 -0.0126258
126.7 0.7129601 0.7251456 -0.0121855
126.8 0.5734281 0.5850304 -0.0116023
126.9 0.4275954 0.4384778 -0.0108824
127.0 0.2771162 0.2871500 -0.0100338
127.1 0.1236960 0.1327616 -0.0090656
127.2 -0.0309274 -0.0229390 -0.0079884
127.3 -0.1850037 -0.1781896 -0.0068141
127.4 -0.3367903 -0.3312348 -0.0055555
127.5 -0.4845714 -0.4803451 -0.0042263
127.6 -0.6266780 -0.6238368 -0.0028412
127.7 -0.7615065 -0.7600912 -0.0014153
127.8 -0.8875367 -0.8875725 3.58e-05
127.9 -1.0033495 -1.0048457 0.0014962
128.0 -1.1076424 -1.1105923 0.0029499
128.1 -1.1992443 -1.2036254 0.0043811
128.2 -1.2771288 -1.2829027 0.0057739
128.3 -1.3404257 -1.3475390 0.0071133
128.4 -1.3884306 -1.3968152 0.0083846
128.5 -1.4206129 -1.4301869 0.009574
128.6 -1.4366217 -1.4472902 0.0106685
128.7 -1.4362896 -1.4479459 0.0116563
128.8 -1.4196345 -1.4321610 0.0125265
128.9 -1.3868590 -1.4001289 0.0132699
129.0 -1.3383486 -1.3522270 0.0138784
129.1 -1.2746664 -1.2890118 0.0143454
129.2 -1.1965471 -1.2112133 0.0146662
129.3 -1.1048885 -1.1197257 0.0148372
129.4 -1.0007409 -1.0155979 0.014857
129.5 -0.8852955 -0.9000209 0.0147254
129.6 -0.7598704 -0.7743145 0.0144441
129.7 -0.6258959 -0.6399122 0.0140163
129.8 -0.4848978 -0.4983448 0.013447
129.9 -0.3384804 -0.3512231 0.0127427
130.0 -0.1883082 -0.2002193 0.0119111
130.1 -0.0360867 -0.0470482 0.0109615
130.2 0.1164567 0.1065522 0.0099045
130.3 0.2675924 0.2588406 0.0087518
130.4 0.4156082 0.4080921 0.0075161
130.5 0.5588287 0.5526177 0.006211
130.6 0.6956342 0.6907835 0.0048507
130.7 0.8244791 0.8210290 0.0034501
130.8 0.9439095 0.9418851 0.0020244
130.9 1.0525793 1.0519903 0.000589
131.0 1.1492657 1.1501061 -0.0008404
131.1 1.2328826 1.2351313 -0.0022487
131.2 1.3024933 1.3061140 -0.0036207
131.3 1.3573206 1.3622624 -0.0049418
131.4 1.3967555 1.4029536 -0.0061981
131.5 1.4203643 1.4277406 -0.0073763
131.6 1.4278930 1.4363573 -0.0084643
131.7 1.4192703 1.4287211 -0.0094508
131.8 1.3946081 1.4049341 -0.010326
131.9 1.3542002 1.3652812 -0.011081
132.0 1.2985188 1.3102273 -0.0117085
132.1 1.2282087 1.2404116 -0.0122029
132.2 1.1440805 1.1566401 -0.0125596
132.3 1.0471007 1.0598767 -0.012776
132.4 0.9383805 0.9512315 -0.012851
132.5 0.8191639 0.8319487 -0.0127848
132.6 0.6908125 0.7033922 -0.0125797
132.7 0.5547907 0.5670298 -0.0122391
132.8 0.4126483 0.4244167 -0.0117684
132.9 0.2660036 0.2771775 -0.0111739
133.0 0.1165245 0.1269881 -0.0104636
133.1 -0.0340904 -0.0244438 -0.0096466
133.2 -0.1841310 -0.1753976 -0.0087334
133.3 -0.3318953 -0.3241599 -0.0077354
133.4 -0.4757084 -0.4690435 -0.0066649
133.5 -0.6139418 -0.6084069 -0.0055349
133.6 -0.7450316 -0.7406726 -0.004359
133.7 -0.8674965 -0.8643450 -0.0031515
133.8 -0.9799542 -0.9780275 -0.0019267
133.9 -1.0811371 -1.0804380 -0.0006991
134.0 -1.1699070 -1.1704238 0.0005168
134.1 -1.2452673 -1.2469740 0.0017067
134.2 -1.3063746 -1.3092314 0.0028568
134.3 -1.3525480 -1.3565017 0.0039537
134.4 -1.3832767 -1.3882616 0.0049849
134.5 -1.3982258 -1.4041644 0.0059386
134.6 -1.3972399 -1.4040438 0.0068039
134.7 -1.3803446 -1.3879157 0.0075711
134.8 -1.3477463 -1.3559779 0.0082316
134.9 -1.2998293 -1.3086076 0.0087783
135.0 -1.2371518 -1.2463572 0.0092054
135.1 -1.1604393 -1.1699477 0.0095084
135.2 -1.0705759 -1.0802603 0.0096844
135.3 -0.9685946 -0.9783265 0.0097319
135.4 -0.8556650 -0.8653162 0.0096512
135.5 -0.7330803 -0.7425243 0.009444
135.6 -0.6022424 -0.6113557 0.0091133
135.7 -0.4646458 -0.4733097 0.0086639
135.8 -0.3218607 -0.3299625 0.0081018
135.9 -0.1755149 -0.1829492 0.0074343
136.0 -0.0272756 -0.0339457 0.0066701
136.1 0.1211698 0.1153510 0.0058188
136.2 0.2681329 0.2632416 0.0048913
136.3 0.4119434 0.4080441 0.0038993
136.4 0.5509679 0.5481128 0.0028551
136.5 0.6836287 0.6818569 0.0017718
136.6 0.8084214 0.8077586 0.0006628
136.7 0.9239324 0.9243905 -0.0004581
136.8 1.0288543 1.0304313 -0.001577
136.9 1.1220009 1.1246810 -0.0026801
137.0 1.2023208 1.2060745 -0.0037537
137.1 1.2689091 1.2736936 -0.0047845
137.2 1.3210173 1.3267771 -0.0057598
137.3 1.3580622 1.3647296 -0.0066674
137.4 1.3796320 1.3871281 -0.0074961
137.5 1.3854909 1.3937265 -0.0082356
137.6 1.3755822 1.3844587 -0.0088765
137.7 1.3500278 1.3594387 -0.0094109
137.8 1.3091278 1.3189595 -0.0098317
137.9 1.2533560 1.2634898 -0.0101338
138.0 1.1833553 1.1936683 -0.010313
138.1 1.0999295 1.1102963 -0.0103668
138.2 1.0040347 1.0143288 -0.0102941
138.3 0.8967678 0.9068632 -0.0100954
138.4 0.7793543 0.7891272 -0.0097729
138.5 0.6531343 0.6624643 -0.00933
138.6 0.5195472 0.5283188 -0.0087716
138.7 0.3801150 0.3882192 -0.0081042
138.8 0.2364253 0.2437608 -0.0073355
138.9 0.0901133 0.0965876 -0.0064743
139.0 -0.0571572 -0.0516263 -0.0055309
139.1 -0.2037123 -0.1991959 -0.0045164
139.2 -0.3478873 -0.3444444 -0.0034429
139.3 -0.4880453 -0.4857222 -0.0023231
139.4 -0.6225960 -0.6214255 -0.0011705
139.5 -0.7500136 -0.7500147 1.1e-06
139.6 -0.8688541 -0.8700316 0.0011775
139.7 -0.9777717 -0.9801160 0.0023443
139.8 -1.0755339 -1.0790213 0.0034874
139.9 -1.1610356 -1.1656280 0.0045924
140.0 -1.2333112 -1.2389571 0.0056459
140.1 -1.2915459 -1.2981804 0.0066345
140.2 -1.3350846 -1.3426305 0.0075459
140.3 -1.3634392 -1.3718075 0.0083683
140.4 -1.3762945 -1.3853855 0.009091
140.5 -1.3735108 -1.3832153 0.0097045
140.6 -1.3551262 -1.3653265 0.0102003
140.7 -1.3213558 -1.3319273 0.0105715
140.8 -1.2725889 -1.2834012 0.0108123
140.9 -1.2093848 -1.2203035 0.0109187
141.0 -1.1324663 -1.1433542 0.0108879
141.1 -1.0427114 -1.0534303 0.0107189
141.2 -0.9411429 -0.9515554 0.0104125
141.3 -0.8289174 -0.8388880 0.0099706
141.4 -0.7073115 -0.7167086 0.0093971
141.5 -0.5777078 -0.5864049 0.0086971
141.6 -0.4415785 -0.4494561 0.0078776
141.7 -0.3004692 -0.3074159 0.0069467
141.8 -0.1559812 -0.1618952 0.005914
141.9 -0.0097532 -0.0145436 0.0047904
142.0 0.1365571 0.1329693 0.0035878
142.1 0.2812920 0.2789730 0.002319
142.2 0.4228125 0.4218144 0.0009981
142.3 0.5595167 0.5598774 -0.0003607
142.4 0.6898583 0.6916004 -0.0017421
142.5 0.8123636 0.8154945 -0.0031309
142.6 0.9256486 0.9301598 -0.0045112
142.7 1.0284344 1.0343018 -0.0058674
142.8 1.1195615 1.1267455 -0.007184
142.9 1.1980032 1.2064490 -0.0084458
143.0 1.2628768 1.2725148 -0.009638
143.1 1.3134538 1.3242003 -0.0107465
143.2 1.3491678 1.3609258 -0.011758
143.3 1.3696209 1.3822813 -0.0126604
143.4 1.3745883 1.3880306 -0.0134423
143.5 1.3640204 1.3781143 -0.0140939
143.6 1.3380435 1.3526500 -0.0146065
143.7 1.2969580 1.3119313 -0.0149733
143.8 1.2412354 1.2564237 -0.0151883
143.9 1.1715121 1.1867600 -0.0152479
144.0 1.0885827 1.1037326 -0.0151499
144.1 0.9933909 1.0082844 -0.0148935
144.2 0.8870181 0.9014982 -0.0144801
144.3 0.7706718 0.7845844 -0.0139126
144.4 0.6456716 0.6588670 -0.0131954
144.5 0.5134339 0.5257690 -0.0123351
144.6 0.3754562 0.3867956 -0.0113394
144.7 0.2333000 0.2435178 -0.0102178
144.8 0.0885730 0.0975542 -0.0089812
144.9 -0.0570890 -0.0494475 -0.0076415
145.0 -0.2020408 -0.1958284 -0.0062124
145.1 -0.3446461 -0.3399379 -0.0047082
145.2 -0.4832963 -0.4801522 -0.0031441
145.3 -0.6164285 -0.6148923 -0.0015362
145.4 -0.7425434 -0.7426420 9.86e-05
145.5 -0.8602216 -0.8619651 0.0017435
145.6 -0.9681404 -0.9715215 0.0033811
145.7 -1.0650879 -1.0700820 0.0049941
145.8 -1.1499771 -1.1565427 0.0065656
145.9 -1.2218582 -1.2299367 0.0080785
146.0 -1.2799286 -1.2894452 0.0095166
146.1 -1.3235426 -1.3344070 0.0108644
146.2 -1.3522179 -1.3643250 0.0121071
146.3 -1.3656414 -1.3788725 0.0132311
146.4 -1.3636725 -1.3778964 0.0142239
146.5 -1.3463445 -1.3614188 0.0150743
146.6 -1.3138638 -1.3296363 0.0157725
146.7 -1.2666079 -1.2829184 0.0163105
146.8 -1.2051209 -1.2218025 0.0166816
146.9 -1.1301068 -1.1469880 0.0168812
147.0 -1.0424218 -1.0593279 0.0169061
147.1 -0.9430646 -0.9598197 0.0167551
147.2 -0.8331643 -0.8495935 0.0164292
147.3 -0.7139686 -0.7298990 0.0159304
147.4 -0.5868286 -0.6020919 0.0152633
147.5 -0.4531840 -0.4676180 0.014434
147.6 -0.3145466 -0.3279967 0.0134501
147.7 -0.1724831 -0.1848045 0.0123214
147.8 -0.0285976 -0.0396562 0.0110586
147.9 0.1154870 0.1058127 0.0096743
148.0 0.2581467 0.2499645 0.0081822
148.1 0.3977755 0.3911782 0.0065973
148.2 0.5328028 0.5278673 0.0049355
148.3 0.6617117 0.6584981 0.0032136
148.4 0.7830556 0.7816066 0.001449
148.5 0.8954748 0.8958150 -0.0003402
148.6 0.9977116 0.9998474 -0.0021358
148.7 1.0886242 1.0925438 -0.0039196
148.8 1.1672002 1.1728732 -0.005673
148.9 1.2325669 1.2399450 -0.0073781
149.0 1.2840018 1.2930192 -0.0090174
149.1 1.3209400 1.3315140 -0.010574
149.2 1.3429811 1.3550129 -0.0120318
149.3 1.3498928 1.3632684 -0.0133756
149.4 1.3416137 1.3562054 -0.0145917
149.5 1.3182540 1.3339214 -0.0156674
149.6 1.2800937 1.2966850 -0.0165913
149.7 1.2275794 1.2449334 -0.017354
149.8 1.1613189 1.1792664 -0.0179475
149.9 1.0820745 1.1004402 -0.0183657
150.0 0.9907539 1.0093580 -0.0186041
150.1 0.8884001 0.9070601 -0.01866
150.2 0.7761789 0.7947120 -0.0185331
150.3 0.6553663 0.6735907 -0.0182244
150.4 0.5273334 0.5450705 -0.0177371
150.5 0.3935310 0.4106073 -0.0170763
150.6 0.2554733 0.2717220 -0.0162487
150.7 0.1147205 0.1299834 -0.0152629
150.8 -0.0271389 -0.0130099 -0.014129
150.9 -0.1685059 -0.1556471 -0.0128588
151.0 -0.3077891 -0.2963237 -0.0114654
151.1 -0.4434228 -0.4334596 -0.0099632
151.2 -0.5738844 -0.5655166 -0.0083678
151.3 -0.6977119 -0.6910162 -0.0066957
151.4 -0.8135198 -0.8085557 -0.0049641
151.5 -0.9200152 -0.9168241 -0.0031911
151.6 -1.0160119 -1.0146169 -0.001395
151.7 -1.1004438 -1.1008495 0.0004057
151.8 -1.1723765 -1.1745690 0.0021925
151.9 -1.2310183 -1.2349650 0.0039467
152.0 -1.2757283 -1.2813785 0.0056502
152.1 -1.3060235 -1.3133093 0.0072858
152.2 -1.3215846 -1.3304208 0.0088362
152.3 -1.3222587 -1.3325445 0.0102858
152.4 -1.3080610 -1.3196806 0.0116196
152.5 -1.2791745 -1.2919985 0.012824
152.6 -1.2359478 -1.2498345 0.0138867
152.7 -1.1788906 -1.1936874 0.0147968
152.8 -1.1086677 -1.1242131 0.0155454
152.9 -1.0260915 -1.0422164 0.0161249
153.0 -0.9321128 -0.9486422 0.0165294
153.1 -0.8278090 -0.8445644 0.0167554
153.2 -0.7143728 -0.7311734 0.0168006
153.3 -0.5930977 -0.6097628 0.0166651
153.4 -0.4653638 -0.4817145 0.0163507
153.5 -0.3326216 -0.3484827 0.0158611
153.6 -0.1963761 -0.2115778 0.0152017
153.7 -0.0581689 -0.0725490 0.0143801
153.8 0.0804384 0.0670334 0.013405
153.9 0.2178825 0.2055954 0.0122871
154.0 0.3526159 0.3415774 0.0110385
154.1 0.4831242 0.4734515 0.0096727
154.2 0.6079436 0.5997391 0.0082045
154.3 0.7256765 0.7190272 0.0066493
154.4 0.8350084 0.8299842 0.0050242
154.5 0.9347214 0.9313751 0.0033463
154.6 1.0237088 1.0220752 0.0016336
154.7 1.1009867 1.1010823 -9.56e-05
154.8 1.1657054 1.1675283 -0.0018229
154.9 1.2171585 1.2206884 -0.0035299
155.0 1.2547907 1.2599892 -0.0051985
155.1 1.2782041 1.2850148 -0.0068107
155.2 1.2871619 1.2955114 -0.0083495
155.3 1.2815912 1.2913896 -0.0097984
155.4 1.2615835 1.2727257 -0.0111422
155.5 1.2273933 1.2397595 -0.0123662
155.6 1.1794348 1.1928924 -0.0134576
155.7 1.1182772 1.1326820 -0.0144048
155.8 1.0446379 1.0598353 -0.0151974
155.9 0.9593740 0.9752011 -0.0158271
156.0 0.8634725 0.8797594 -0.0162869
156.1 0.7580388 0.7746107 -0.0165719
156.2 0.6442840 0.6609630 -0.016679
156.3 0.5235110 0.5401178 -0.0166068
156.4 0.3970998 0.4134555 -0.0163557
156.5 0.2664913 0.2824197 -0.0159284
156.6 0.1331712 0.1485002 -0.015329
156.7 -0.0013469 0.0132168 -0.0145637
156.8 -0.1355389 -0.1218985 -0.0136404
156.9 -0.2678872 -0.2553188 -0.0125684
157.0 -0.3968982 -0.3855393 -0.0113589
157.1 -0.5211188 -0.5110945 -0.0100243
157.2 -0.6391532 -0.6305747 -0.0085785
157.3 -0.7496780 -0.7426416 -0.0070364
157.4 -0.8514580 -0.8460438 -0.0054142
157.5 -0.9433589 -0.9396304 -0.0037285
157.6 -1.0243609 -1.0223639 -0.001997
157.7 -1.0935695 -1.0933319 -0.0002376
157.8 -1.1502257 -1.1517570 0.0015313
157.9 -1.1937140 -1.1970053 0.0032913
158.0 -1.2235696 -1.2285936 0.005024
158.1 -1.2394830 -1.2461941 0.0067111
158.2 -1.2413031 -1.2496385 0.0083354
158.3 -1.2290392 -1.2389186 0.0098794
158.4 -1.2028601 -1.2141872 0.0113271
158.5 -1.1630919 -1.1757551 0.0126632
158.6 -1.1102144 -1.1240879 0.0138735
158.7 -1.0448547 -1.0598000 0.0149453
158.8 -0.9677805 -0.9836475 0.015867
158.9 -0.8798909 -0.8965196 0.0166287
159.0 -0.7822057 -0.7994277 0.017222
159.1 -0.6758537 -0.6934942 0.0176405
159.2 -0.5620602 -0.5799393 0.0178791
159.3 -0.4421321 -0.4600671 0.017935
159.4 -0.3174435 -0.3352504 0.0178069
159.5 -0.1894199 -0.2069155 0.0174956
159.6 -0.0595217 -0.0765254 0.0170037
159.7 0.0707722 0.0544367 0.0163355
159.8 0.1999813 0.1844842 0.0154971
159.9 0.3266403 0.3121437 0.0144966
160.0 0.4493157 0.4359723 0.0133434
160.1 0.5666218 0.5545734 0.0120484
160.2 0.6772369 0.6666124 0.0106245
160.3 0.7799174 0.7708322 0.0090852
160.4 0.8735124 0.8660668 0.0074456
160.5 0.9569762 0.9512545 0.0057217
160.6 1.0293802 1.0254499 0.0039303
160.7 1.0899231 1.0878342 0.0020889
160.8 1.1379396 1.1377241 0.0002155
160.9 1.1729080 1.1745795 -0.0016715
161.0 1.1944557 1.1980093 -0.0035536
161.1 1.2023632 1.2077756 -0.0054124
161.2 1.1965660 1.2037958 -0.0072298
161.3 1.1771556 1.1861433 -0.0089877
161.4 1.1443775 1.1550467 -0.0106692
161.5 1.0986288 1.1108864 -0.0122576
161.6 1.0404528 1.0541904 -0.0137376
161.7 0.9705330 0.9856276 -0.0150946
161.8 0.8896849 0.9060002 -0.0163153
161.9 0.7988464 0.8162343 -0.0173879
162.0 0.6990670 0.7173691 -0.0183021
162.1 0.5914959 0.6105447 -0.0190488
162.2 0.4773684 0.4969892 -0.0196208
162.3 0.3579921 0.3780047 -0.0200126
162.4 0.2347315 0.2549520 -0.0202205
162.5 0.1089927 0.1292353 -0.0202426
162.6 -0.0177924 0.0022861 -0.0200785
162.7 -0.1441831 -0.1244529 -0.0197302
162.8 -0.2687456 -0.2495445 -0.0192011
162.9 -0.3900694 -0.3715731 -0.0184963
163.0 -0.5067834 -0.4891607 -0.0176227
163.1 -0.6175713 -0.6009824 -0.0165889
163.2 -0.7211864 -0.7057815 -0.0154049
163.3 -0.8164656 -0.8023833 -0.0140823
163.4 -0.9023425 -0.8897086 -0.0126339
163.5 -0.9778590 -0.9667853 -0.0110737
163.6 -1.0421764 -1.0327596 -0.0094168
163.7 -1.0945843 -1.0869052 -0.0076791
163.8 -1.1345086 -1.1286312 -0.0058774
163.9 -1.1615175 -1.1574889 -0.0040286
164.0 -1.1753265 -1.1731757 -0.0021508
164.1 -1.1758009 -1.1755394 -0.0002615
164.2 -1.1629573 -1.1645785 0.0016212
164.3 -1.1369631 -1.1404425 0.0034794
164.4 -1.0981341 -1.1034297 0.0052956
164.5 -1.0469307 -1.0539837 0.007053
164.6 -0.9839525 -0.9926874 0.0087349
164.7 -0.9099311 -0.9202570 0.0103259
164.8 -0.8257216 -0.8375328 0.0118112
164.9 -0.7322927 -0.7454700 0.0131773
165.0 -0.6307154 -0.6451269 0.0144115
165.1 -0.5221507 -0.5376537 0.015503
165.2 -0.4078361 -0.4242782 0.0164421
165.3 -0.2890720 -0.3062925 0.0172205
165.4 -0.1672060 -0.1850378 0.0178318
165.5 -0.0436184 -0.0618893 0.0182709
165.6 0.0802941 0.0617594 0.0185347
165.7 0.2031339 0.1845124 0.0186215
165.8 0.3235185 0.3049870 0.0185315
165.9 0.4400958 0.4218292 0.0182666
166.0 0.5515598 0.5337295 0.0178303
166.1 0.6566647 0.6394370 0.0172277
166.2 0.7542393 0.7377737 0.0164656
166.3 0.8431996 0.8276474 0.0155522
166.4 0.9225614 0.9080642 0.0144972
166.5 0.9914505 0.9781390 0.0133115
166.6 1.0491130 1.0371058 0.0120072
166.7 1.0949230 1.0843254 0.0105976
166.8 1.1283896 1.1192927 0.0090969
166.9 1.1491619 1.1416419 0.00752
167.0 1.1570328 1.1511503 0.0058825
167.1 1.1519410 1.1477404 0.0042006
167.2 1.1339709 1.1314801 0.0024908
167.3 1.1033517 1.1025822 0.0007695
167.4 1.0604544 1.0614009 -0.0009465
167.5 1.0057870 1.0084276 -0.0026406
167.6 0.9399883 0.9442850 -0.0042967
167.7 0.8638207 0.8697198 -0.0058991
167.8 0.7781611 0.7855936 -0.0074325
167.9 0.6839904 0.6928732 -0.0088828
168.0 0.5823827 0.5926190 -0.0102363
168.1 0.4744924 0.4859728 -0.0114804
168.2 0.3615410 0.3741449 -0.0126039
168.3 0.2448036 0.2584002 -0.0135966
168.4 0.1255937 0.1400433 -0.0144496
168.5 0.0052487 0.0204044 -0.0151557
168.6 -0.1148851 -0.0991766 -0.0157085
168.7 -0.2334683 -0.2173644 -0.0161039
168.8 -0.3491830 -0.3328441 -0.0163389
168.9 -0.4607474 -0.4443355 -0.0164119
169.0 -0.5669308 -0.5506076 -0.0163232
169.1 -0.6665666 -0.6504920 -0.0160746
169.2 -0.7585657 -0.7428964 -0.0156693
169.3 -0.8419279 -0.8268160 -0.0151119
169.4 -0.9157537 -0.9013448 -0.0144089
169.5 -0.9792532 -0.9656857 -0.0135675
169.6 -1.0317550 -1.0191584 -0.0125966
169.7 -1.0727134 -1.0612071 -0.0115063
169.8 -1.1017138 -1.0914063 -0.0103075
169.9 -1.1184769 -1.1094645 -0.0090124
170.0 -1.1228616 -1.1152277 -0.0076339
170.1 -1.1148653 -1.1086798 -0.0061855
170.2 -1.0946244 -1.0899427 -0.0046817
170.3 -1.0624110 -1.0592743 -0.0031367
170.4 -1.0186304 -1.0170644 -0.001566
170.5 -0.9638150 -0.9638307 1.57e-05
170.6 -0.8986182 -0.9002112 0.001593
170.7 -0.8238066 -0.8269575 0.0031509
170.8 -0.7402504 -0.7449251 0.0046747
170.9 -0.6489134 -0.6550635 0.0061501
171.0 -0.5508418 -0.5584050 0.0075632
171.1 -0.4471516 -0.4560526 0.008901
171.2 -0.3390161 -0.3491671 0.010151
171.3 -0.2276520 -0.2389539 0.0113019
171.4 -0.1143059 -0.1266490 0.0123431
171.5 -0.0002396 -0.0135049 0.0132653
171.6 0.1132840 0.0992236 0.0140604
171.7 0.2250151 0.2102936 0.0147215
171.8 0.3337313 0.3184883 0.015243
171.9 0.4382507 0.4226303 0.0156204
172.0 0.5374458 0.5215947 0.0158511
172.1 0.6302554 0.6143219 0.0159335
172.2 0.7156962 0.6998288 0.0158674
172.3 0.7928738 0.7772196 0.0156542
172.4 0.8609920 0.8456954 0.0152966
172.5 0.9193613 0.9045628 0.0147985
172.6 0.9674061 0.9532408 0.0141653
172.7 1.0046703 0.9912670 0.0134033
172.8 1.0308220 1.0183015 0.0125205
172.9 1.0456560 1.0341307 0.0115253
173.0 1.0490958 1.0386681 0.0104277
173.1 1.0411931 1.0319549 0.0092382
173.2 1.0221265 1.0141583 0.0079682
173.3 0.9921988 0.9855691 0.0066297
173.4 0.9518323 0.9465969 0.0052354
173.5 0.9015630 0.8977647 0.0037983
173.6 0.8420342 0.8397025 0.0023317
173.7 0.7739878 0.7731386 0.0008492
173.8 0.6982550 0.6988908 -0.0006358
173.9 0.6157465 0.6178563 -0.0021098
174.0 0.5274412 0.5310007 -0.0035595
174.1 0.4343741 0.4393462 -0.0049721
174.2 0.3376245 0.3439596 -0.0063351
174.3 0.2383027 0.2459394 -0.0076367
174.4 0.1375371 0.1464027 -0.0088656
174.5 0.0364609 0.0464724 -0.0100115
174.6 -0.0638007 -0.0527360 -0.0110647
174.7 -0.1621441 -0.1501273 -0.0120168
174.8 -0.2574995 -0.2446394 -0.0128601
174.9 -0.3488431 -0.3352549 -0.0135882
175.0 -0.4352088 -0.4210131 -0.0141957
175.1 -0.5156990 -0.5010204 -0.0146786
175.2 -0.5894943 -0.5744604 -0.0150339
175.3 -0.6558624 -0.6406025 -0.0152599
175.4 -0.7141661 -0.6988100 -0.0153561
175.5 -0.7638699 -0.7485466 -0.0153233
175.6 -0.8045452 -0.7893817 -0.0151635
175.7 -0.8358747 -0.8209948 -0.0148799
175.8 -0.8576548 -0.8431779 -0.0144769
175.9 -0.8697969 -0.8558373 -0.0139596
176.0 -0.8723279 -0.8589930 -0.0133349
176.1 -0.8653882 -0.8527783 -0.0126099
176.2 -0.8492292 -0.8374363 -0.0117929
176.3 -0.8242093 -0.8133162 -0.0108931
176.4 -0.7907885 -0.7808682 -0.0099203
176.5 -0.7495218 -0.7406370 -0.0088848
176.6 -0.7010517 -0.6932542 -0.0077975
176.7 -0.6460997 -0.6394300 -0.0066697
176.8 -0.5854564 -0.5799434 -0.005513
176.9 -0.5199718 -0.5156326 -0.0043392
177.0 -0.4505436 -0.4473839 -0.0031597
177.1 -0.3781067 -0.3761201 -0.0019866
177.2 -0.3036204 -0.3027893 -0.0008311
177.3 -0.2280571 -0.2283524 0.0002953
177.4 -0.1523896 -0.1537718 0.0013822
177.5 -0.0775796 -0.0799986 0.002419
177.6 -0.0045654 -0.0079615 0.0033961
177.7 0.0657496 0.0614451 0.0043045
177.8 0.1325077 0.1273717 0.005136
177.9 0.1949073 0.1890240 0.0058833
178.0 0.2522127 0.2456729 0.0065398
178.1 0.3037629 0.2966626 0.0071003
178.2 0.3489792 0.3414190 0.0075602
178.3 0.3873720 0.3794558 0.0079162
178.4 0.4185467 0.4103806 0.0081661
178.5 0.4422078 0.4338991 0.0083087
178.6 0.4581621 0.4498180 0.0083441
178.7 0.4663206 0.4580473 0.0082733
178.8 0.4666992 0.4586007 0.0080985
178.9 0.4594177 0.4515947 0.007823
179.0 0.4446980 0.4372469 0.0074511
179.1 0.4228605 0.4158723 0.0069882
179.2 0.3943198 0.3878794 0.0064404
179.3 0.3595787 0.3537640 0.0058147
179.4 0.3192219 0.3141025 0.0051194
179.5 0.2739073 0.2695446 0.0043627
179.6 0.2243583 0.2208043 0.003554
179.7 0.1713532 0.1686502 0.002703
179.8 0.1157159 0.1138959 0.00182
179.9 0.0583044 0.0573890 0.0009154
180.0 0.0000000 0.0000000 0
