  # July 4, 2014 09:19:42
 # jmin,jmax    0   50
 # Eau     0.00200000
 # r0,ra,rb,rdel,tol,Bau,mu   3.5000  25.0000  25.0000   4.0000  1.0000E-03  3.0130E-07  6.8548E+03
 # parity bigJ  0  0        1  0        1  1        2  0        2  1        2  2        3  0        3  1        3  2        3  3
 # jmin,jmax,maxlamb are            0          50         100
 # j and jp are          45          46
 # lam  B-lambda(j,jp)  angle
#    1   1577.3860      1.2457
#    2     31.9522      2.7857
#    3    332.1746      4.1324
#    4     21.1357      5.4319
#    5    150.8952      6.7122
#    6     16.7623      7.9829
#    7     83.6202      9.2484
#    8     13.3642     10.5112
#    9     46.5769     11.7727
#   10     11.9016     13.0336
#   11     31.7506     14.2948
#   12      9.9317     15.5567
#   13     22.2419     16.8196
#   14      8.1761     18.0840
#   15     16.3203     19.3500
#   16      6.5843     20.6180
#   17     12.3263     21.8882
#   18      5.1115     23.1608
#   19      8.7721     24.4361
#   20      4.0241     25.7143
#   21      6.5940     26.9955
#   22      3.1954     28.2800
#   23      4.6937     29.5680
#   24      2.5775     30.8597
#   25      3.5372     32.1553
#   26      2.1027     33.4551
#   27      2.8334     34.7592
#   28      1.7040     36.0679
#   29      2.3132     37.3814
#   30      1.4332     38.7000
#   31      1.9196     40.0239
#   32      1.2157     41.3533
#   33      1.3956     42.6885
#   34      0.8231     44.0298
#   35      0.8302     45.3774
#   36      0.3420     46.7316
#   37      0.5740     48.0927
#   38      0.0968     49.4611
#   39      0.5595     50.8370
#   40      0.0737     52.2207
#   41      0.4441     53.6127
#   42      0.0600     55.0133
#   43      0.2465     56.4228
#   44      0.0248     57.8416
#   45      0.1133     59.2702
#   46      0.0103     60.7090
#   47      0.0572     62.1584
#   48      0.0075     63.6189
#   49      0.0361     65.0911
#   50      0.0040     66.5754
#   51      0.0202     68.0724
#   52      0.0013     69.5828
#   53      0.0080     71.1071
#   54      0.0004     72.6460
#   55      0.0027     74.2002
#   56      0.0001     75.7706
#   57      0.0010     77.3579
#   58      0.0000     78.9629
#   59      0.0004     80.5867
#   60      0.0000     82.2302
#   61      0.0001     83.8946
#   62      0.0000     85.5810
#   63      0.0000     87.2906
#   64      0.0000     89.0249
#   65      0.0000     90.7855
#   66      0.0000     92.5738
#   67      0.0000     94.3919
#   68      0.0000     96.2416
#   69      0.0000     98.1253
#   70      0.0000    100.0453
#   71      0.0000    102.0045
#   72      0.0000    104.0060
#   73      0.0000    106.0532
#   74      0.0000    108.1503
#   75      0.0000    110.3017
#   76      0.0000    112.5127
#   77      0.0000    114.7895
#   78      0.0000    117.1394
#   79      0.0000    119.5709
#   80      0.0000    122.0944
#   81      0.0000    124.7227
#   82      0.0000    127.4715
#   83      0.0000    130.3610
#   84      0.0000    133.4174
#   85      0.0000    136.6762
#   86      0.0000    140.1871
#   87      0.0000    144.0242
#   88      0.0000    148.3056
#   89      0.0000    153.2442
#   90      0.0000    159.3052
#   91      0.0000    168.0953
   0    1.92805E+02    1.0000000000000000
   1    1.85226E+02    0.9606911722305720
   2    1.71914E+02    0.8916503207722851
   3    1.55782E+02    0.8079797740897404
   4    1.39687E+02    0.7244978173182299
   5    1.25551E+02    0.6511829781758720
   6    1.14083E+02    0.5917015546460178
   7    1.05045E+02    0.5448241579794956
   8    9.77768E+01    0.5071290233325065
   9    9.16409E+01    0.4753045446660441
  10    8.62287E+01    0.4472335613996956
  11    8.13632E+01    0.4219981867808673
  12    7.70040E+01    0.3993885857253132
  13    7.31522E+01    0.3794110623257348
  14    6.97941E+01    0.3619938753037314
  15    6.68788E+01    0.3468731023563192
  16    6.43169E+01    0.3335855498411863
  17    6.19926E+01    0.3215307777284445
  18    5.97882E+01    0.3100973490961297
  19    5.76169E+01    0.2988356587444178
  20    5.54531E+01    0.2876130853925634
  21    5.33404E+01    0.2766549986886045
  22    5.13647E+01    0.2664078971414029
  23    4.96020E+01    0.2572654909310346
  24    4.80684E+01    0.2493113216290129
  25    4.67076E+01    0.2422532622277493
  26    4.54266E+01    0.2356092076359921
  27    4.41561E+01    0.2290196379005197
  28    4.28912E+01    0.2224596035018575
  29    4.16839E+01    0.2161974439366346
  30    4.05944E+01    0.2105467064967029
  31    3.96434E+01    0.2056143609083546
  32    3.87986E+01    0.2012328557308151
  33    3.80020E+01    0.1971009879571021
  34    3.72108E+01    0.1929972531302361
  35    3.64205E+01    0.1888982772495086
  36    3.56566E+01    0.1849361498532592
  37    3.49474E+01    0.1812582729884385
  38    3.43016E+01    0.1779086248424413
  39    3.37037E+01    0.1748076184041871
  40    3.31281E+01    0.1718221788894749
  41    3.25566E+01    0.1688578786121996
  42    3.19873E+01    0.1659052513458149
  43    3.14308E+01    0.1630189406258254
  44    3.08988E+01    0.1602594342231169
  45    3.03949E+01    0.1576461046386328
  46    2.99137E+01    0.1551500564575037
  47    2.94450E+01    0.1527193718281119
  48    2.89803E+01    0.1503088644829849
  49    2.85145E+01    0.1478934274069260
  50    2.80463E+01    0.1454649370400499
  51    2.75760E+01    0.1430256900612725
  52    2.71060E+01    0.1405877849882714
  53    2.66411E+01    0.1381764544799292
  54    2.61886E+01    0.1358294525268670
  55    2.57565E+01    0.1335885402121349
  56    2.53513E+01    0.1314868342424223
  57    2.49758E+01    0.1295393819237938
  58    2.46292E+01    0.1277416432500880
  59    2.43079E+01    0.1260751316158389
  60    2.40073E+01    0.1245160247428216
  61    2.37232E+01    0.1230427333405056
  62    2.34528E+01    0.1216403763876556
  63    2.31947E+01    0.1203014093968058
  64    2.29482E+01    0.1190229494307680
  65    2.27138E+01    0.1178072902441936
  66    2.24950E+01    0.1166724567770469
  67    2.22971E+01    0.1156463035925381
  68    2.21183E+01    0.1147187051912186
  69    2.19479E+01    0.1138348311315101
  70    2.17796E+01    0.1129618336391268
  71    2.16065E+01    0.1120642081140510
  72    2.14143E+01    0.1110671211163340
  73    2.11920E+01    0.1099141280442980
  74    2.09536E+01    0.1086777644323955
  75    2.07153E+01    0.1074418601716786
  76    2.05519E+01    0.1065944277650211
  77    2.03553E+01    0.1055746709033819
  78    2.01808E+01    0.1046694710989970
  79    2.00690E+01    0.1040899665494909
  80    2.01738E+01    0.1046332482511367
  81    1.97971E+01    0.1026795127896704
  82    2.02221E+01    0.1048840628676487
  83    2.00400E+01    0.1039392468006993
  84    2.05157E+01    0.1064064421621461
  85    2.03681E+01    0.1056409080627932
  86    2.12038E+01    0.1099755399988024
  87    2.10168E+01    0.1090054923346675
  88    2.23390E+01    0.1158632287929631
  89    2.01304E+01    0.1044084795056742
  90    2.52523E+01    0.1309732347561006
