  # July 4, 2014 09:19:42
 # jmin,jmax    0   50
 # Eau     0.00200000
 # r0,ra,rb,rdel,tol,Bau,mu   3.5000  25.0000  25.0000   4.0000  1.0000E-03  3.0130E-07  6.8548E+03
 # parity bigJ  0  0        1  0        1  1        2  0        2  1        2  2        3  0        3  1        3  2        3  3
 # jmin,jmax,maxlamb are            0          50         100
 # j and jp are           8          15
 # lam  B-lambda(j,jp)  angle
#    7     53.1618     13.1623
#    8      0.0592     24.0948
#    9     20.8307     32.3917
#   10      0.0520     39.7956
#   11     12.6103     46.7917
#   12      0.0414     53.6038
#   13      8.6689     60.3651
#   14      0.0322     67.1717
#   15      6.3746     74.1058
#   16      0.0245     81.2487
#   17      5.0289     88.6923
#   18      0.0180     96.5522
#   19      4.2580    104.9898
#   20      0.0122    114.2546
#   21      4.1119    124.7882
#   22      0.0069    137.5532
#   23      6.0446    155.9052
   0    1.18670E+02    1.0000000000000000
   1    4.71457E+01    0.3972826031641767
   2    4.22259E+01    0.3558247560779193
   3    2.13034E+01    0.1795169290196581
   4    2.34606E+01    0.1976957331830158
   5    1.30554E+01    0.1100141007201145
   6    1.63354E+01    0.1376533944342135
   7    9.30998E+00    0.0784524202696168
   8    1.27676E+01    0.1075883079026539
   9    7.12894E+00    0.0600733785630762
  10    1.07461E+01    0.0905542396670080
  11    5.69877E+00    0.0480218433944879
  12    9.67862E+00    0.0815588085235382
  13    4.55271E+00    0.0383642719018180
  14    9.43732E+00    0.0795254311586117
  15    3.45523E+00    0.0291161769896055
  16    1.15686E+01    0.0974850056551404
