  # July 4, 2014 09:19:42
 # jmin,jmax    0   50
 # Eau     0.00200000
 # r0,ra,rb,rdel,tol,Bau,mu   3.5000  25.0000  25.0000   4.0000  1.0000E-03  3.0130E-07  6.8548E+03
 # parity bigJ  0  0        1  0        1  1        2  0        2  1        2  2        3  0        3  1        3  2        3  3
 # jmin,jmax,maxlamb are            0          50         100
 # j and jp are           7          23
 # lam  B-lambda(j,jp)  angle
#   16      7.8818     17.1506
#   17      0.0120     30.8132
#   18      3.2129     40.8466
#   19      0.0111     49.5791
#   20      2.0178     57.6803
#   21      0.0095     65.4680
#   22      1.5560     73.1377
#   23      0.0078     80.8363
#   24      1.2805     88.6964
#   25      0.0062     96.8599
#   26      1.1437    105.5050
#   27      0.0045    114.8908
#   28      1.2181    125.4607
#   29      0.0027    138.1667
#   30      1.9309    156.3081
   0    3.18115E+01    1.0000000000000000
   1    9.06519E+00    0.2849654796147579
   2    1.02457E+01    0.3220749810910236
   3    4.02411E+00    0.1264984260053647
   4    5.66805E+00    0.1781759423524370
   5    2.39282E+00    0.0752185223011086
   6    3.87683E+00    0.1218684777612450
   7    1.58902E+00    0.0499510972245446
   8    3.04328E+00    0.0956659686539110
   9    1.20781E+00    0.0379676990835271
  10    2.56694E+00    0.0806921686015057
  11    8.97827E-01    0.0282233010229800
  12    2.29993E+00    0.0722985318271001
  13    5.89181E-01    0.0185209829536646
  14    2.65067E+00    0.0833242609605857
