  # July 4, 2014 09:19:42
 # jmin,jmax    0   50
 # Eau     0.00200000
 # r0,ra,rb,rdel,tol,Bau,mu   3.5000  25.0000  25.0000   4.0000  1.0000E-03  3.0130E-07  6.8548E+03
 # parity bigJ  0  0        1  0        1  1        2  0        2  1        2  2        3  0        3  1        3  2        3  3
 # jmin,jmax,maxlamb are            0          50         100
 # j and jp are           7          10
 # lam  B-lambda(j,jp)  angle
#    3    111.5805     11.1658
#    4      0.0833     21.5486
#    5     35.2974     29.9570
#    6      0.0599     37.8189
#    7     19.7145     45.5116
#    8      0.0403     53.2135
#    9     13.0265     61.0422
#   10      0.0272     69.0991
#   11      9.5256     77.4906
#   12      0.0185     86.3474
#   13      7.6413     95.8503
#   14      0.0122    106.2785
#   15      6.9544    118.1267
#   16      0.0068    132.4761
#   17      9.7769    153.1108
   0    1.52103E+02    1.0000000000000000
   1    5.92195E+01    0.3893378563489224
   2    5.75481E+01    0.3783488664077610
   3    3.06695E+01    0.2016364414417150
   4    3.47806E+01    0.2286644320105611
   5    2.01495E+01    0.1324722742680954
   6    2.49996E+01    0.1643593480274463
   7    1.45792E+01    0.0958504290973546
   8    1.98098E+01    0.1302392893142394
   9    1.09788E+01    0.0721796792669011
  10    1.69713E+01    0.1115776581428519
  11    8.36614E+00    0.0550030821992742
  12    1.60130E+01    0.1052770448792855
  13    6.10200E+00    0.0401175336081433
  14    1.94030E+01    0.1275646409301645
