  # July 4, 2014 09:19:42
 # jmin,jmax    0   50
 # Eau     0.00200000
 # r0,ra,rb,rdel,tol,Bau,mu   3.5000  25.0000  25.0000   4.0000  1.0000E-03  3.0130E-07  6.8548E+03
 # parity bigJ  0  0        1  0        1  1        2  0        2  1        2  2        3  0        3  1        3  2        3  3
 # jmin,jmax,maxlamb are            0          50         100
 # j and jp are           6          11
 # lam  B-lambda(j,jp)  angle
#    5     60.2220     14.7631
#    6      0.0423     27.5750
#    7     22.8493     37.5903
#    8      0.0333     46.7684
#    9     13.7662     55.6618
#   10      0.0238     64.5469
#   11      9.6815     73.6181
#   12      0.0166     83.0575
#   13      7.6067     93.0795
#   14      0.0111    103.9897
#   15      6.8374    116.3084
#   16      0.0062    131.1543
#   17      9.5350    152.4250
   0    1.29718E+02    1.0000000000000000
   1    4.17910E+01    0.3221685126455825
   2    4.28706E+01    0.3304912305613324
   3    1.87072E+01    0.1442144465155219
   4    2.44653E+01    0.1886038727901683
   5    1.14557E+01    0.0883120962394612
   6    1.74568E+01    0.1345748242815492
   7    8.03887E+00    0.0619719229561000
   8    1.42706E+01    0.1100124403802189
   9    5.92643E+00    0.0456870455721911
  10    1.31521E+01    0.1013901953224776
  11    4.23829E+00    0.0326730976600384
  12    1.55345E+01    0.1197562756842612
