  # July 4, 2014 09:19:42
 # jmin,jmax    0   50
 # Eau     0.00200000
 # r0,ra,rb,rdel,tol,Bau,mu   3.5000  25.0000  25.0000   4.0000  1.0000E-03  3.0130E-07  6.8548E+03
 # parity bigJ  0  0        1  0        1  1        2  0        2  1        2  2        3  0        3  1        3  2        3  3
 # jmin,jmax,maxlamb are            0          50         100
 # j and jp are           8          11
 # lam  B-lambda(j,jp)  angle
#    3    123.9184     10.0250
#    4      0.1157     19.3172
#    5     38.9619     26.8219
#    6      0.0834     33.8120
#    7     21.5505     40.6182
#    8      0.0568     47.3901
#    9     14.0139     54.2193
#   10      0.0391     61.1768
#   11      9.9882     68.3291
#   12      0.0275     75.7482
#   13      7.6442     83.5213
#   14      0.0194     91.7634
#   15      6.2722    100.6400
#   16      0.0130    110.4114
#   17      5.8879    121.5430
#   18      0.0073    135.0543
#   19      8.4218    154.5114
   0    1.54573E+02    1.0000000000000000
   1    6.61679E+01    0.4280701103534176
   2    6.12827E+01    0.3964655230775210
   3    3.48703E+01    0.2255915024056070
   4    3.72154E+01    0.2407629575250549
   5    2.31987E+01    0.1500830383175853
   6    2.67567E+01    0.1731013679749515
   7    1.69823E+01    0.1098661298841402
   8    2.10475E+01    0.1361654503046882
   9    1.30950E+01    0.0847176699982005
  10    1.76037E+01    0.1138860248151256
  11    1.03353E+01    0.0668637436966640
  12    1.56981E+01    0.1015578649841969
  13    8.16200E+00    0.0528036294987416
  14    1.53049E+01    0.0990143980850182
  15    6.14307E+00    0.0397422483693756
  16    1.90277E+01    0.1230986667687819
