  # July 4, 2014 09:19:42
 # jmin,jmax    0   50
 # Eau     0.00200000
 # r0,ra,rb,rdel,tol,Bau,mu   3.5000  25.0000  25.0000   4.0000  1.0000E-03  3.0130E-07  6.8548E+03
 # parity bigJ  0  0        1  0        1  1        2  0        2  1        2  2        3  0        3  1        3  2        3  3
 # jmin,jmax,maxlamb are            0          50         100
 # j and jp are          31          36
 # lam  B-lambda(j,jp)  angle
#    5    202.5682      3.7774
#    6      4.5832      6.9709
#    7     75.3270      9.4189
#    8      3.2923     11.6047
#    9     42.7434     13.6564
#   10      2.3928     15.6283
#   11     27.8436     17.5488
#   12      1.8040     19.4348
#   13     18.8881     21.2968
#   14      1.3684     23.1422
#   15     13.3655     24.9762
#   16      1.0826     26.8028
#   17      9.5546     28.6249
#   18      0.8766     30.4450
#   19      7.0129     32.2651
#   20      0.7289     34.0869
#   21      5.1465     35.9120
#   22      0.5763     37.7415
#   23      3.7446     39.5768
#   24      0.4052     41.4189
#   25      2.8045     43.2689
#   26      0.2735     45.1280
#   27      2.1811     46.9970
#   28      0.2058     48.8769
#   29      1.7780     50.7689
#   30      0.1614     52.6738
#   31      1.4227     54.5928
#   32      0.1215     56.5269
#   33      1.1354     58.4772
#   34      0.0914     60.4450
#   35      0.9332     62.4314
#   36      0.0686     64.4377
#   37      0.7909     66.4653
#   38      0.0499     68.5157
#   39      0.6979     70.5904
#   40      0.0346     72.6912
#   41      0.5615     74.8199
#   42      0.0227     76.9785
#   43      0.3697     79.1693
#   44      0.0147     81.3945
#   45      0.2324     83.6568
#   46      0.0094     85.9593
#   47      0.1608     88.3050
#   48      0.0058     90.6978
#   49      0.0996     93.1418
#   50      0.0034     95.6415
#   51      0.0565     98.2024
#   52      0.0019    100.8307
#   53      0.0384    103.5336
#   54      0.0009    106.3194
#   55      0.0238    109.1983
#   56      0.0003    112.1824
#   57      0.0099    115.2864
#   58      0.0001    118.5288
#   59      0.0031    121.9330
#   60      0.0000    125.5296
#   61      0.0011    129.3600
#   62      0.0000    133.4820
#   63      0.0005    137.9819
#   64      0.0000    142.9976
#   65      0.0002    148.7770
#   66      0.0000    155.8634
#   67      0.0000    166.1341
   0    1.18786E+02    1.0000000000000000
   1    1.07050E+02    0.9011984758237946
   2    9.02981E+01    0.7601737169625657
   3    7.50703E+01    0.6319792137348965
   4    6.33078E+01    0.5329562294515908
   5    5.40277E+01    0.4548322780265391
   6    4.63054E+01    0.3898216121195842
   7    4.00079E+01    0.3368064873978405
   8    3.51579E+01    0.2959767048372922
   9    3.14770E+01    0.2649889435860688
  10    2.84988E+01    0.2399169685227278
  11    2.59259E+01    0.2182573777942750
  12    2.37214E+01    0.1996988111760478
  13    2.18822E+01    0.1842155085938377
  14    2.03134E+01    0.1710079119457596
  15    1.89096E+01    0.1591906271136148
  16    1.76378E+01    0.1484834604797154
  17    1.65323E+01    0.1391770084193142
  18    1.56228E+01    0.1315201086471788
  19    1.48519E+01    0.1250302515921430
  20    1.41246E+01    0.1189080611939401
  21    1.34193E+01    0.1129700774893312
  22    1.27782E+01    0.1075731398613687
  23    1.22090E+01    0.1027815350310756
  24    1.16859E+01    0.0983776764501274
  25    1.12016E+01    0.0943002999165499
  26    1.07727E+01    0.0906900574414754
  27    1.03917E+01    0.0874827176563593
  28    1.00391E+01    0.0845138641452826
  29    9.70038E+00    0.0816626142670434
  30    9.38590E+00    0.0790151626632120
  31    9.09718E+00    0.0765845872858266
  32    8.83610E+00    0.0743866672616790
  33    8.58821E+00    0.0722998128941990
  34    8.36034E+00    0.0703815017466911
  35    8.13877E+00    0.0685162154830514
  36    7.95180E+00    0.0669421762213458
  37    7.75852E+00    0.0653150306564431
  38    7.61377E+00    0.0640964903483829
  39    7.43143E+00    0.0625614125800969
  40    7.30539E+00    0.0615004061997956
  41    7.12461E+00    0.0599784559856010
  42    7.00604E+00    0.0589802991466851
  43    6.82456E+00    0.0574525059951799
  44    6.73936E+00    0.0567352947388065
  45    6.53035E+00    0.0549757271106894
  46    6.50172E+00    0.0547347197778861
  47    6.26842E+00    0.0527706449471289
  48    6.27417E+00    0.0528190742464110
  49    6.02764E+00    0.0507436711418034
  50    6.15538E+00    0.0518190182628645
  51    5.77008E+00    0.0485754194418095
  52    6.09651E+00    0.0513234631839032
  53    5.51609E+00    0.0464371721912077
  54    6.02514E+00    0.0507225942844470
  55    5.30824E+00    0.0446874074236685
  56    5.96640E+00    0.0502281309674963
  57    5.09681E+00    0.0429074630313635
  58    6.04935E+00    0.0509264326503013
  59    4.76828E+00    0.0401417014083245
  60    6.26015E+00    0.0527010214750228
  61    4.28095E+00    0.0360391452312091
  62    7.73077E+00    0.0650814439725353
