  # July 4, 2014 09:19:42
 # jmin,jmax    0   50
 # Eau     0.00200000
 # r0,ra,rb,rdel,tol,Bau,mu   3.5000  25.0000  25.0000   4.0000  1.0000E-03  3.0130E-07  6.8548E+03
 # parity bigJ  0  0        1  0        1  1        2  0        2  1        2  2        3  0        3  1        3  2        3  3
 # jmin,jmax,maxlamb are            0          50         100
 # j and jp are          36          38
 # lam  B-lambda(j,jp)  angle
#    2   3551.9324      2.1615
#    3    118.4748      4.3243
#    4    450.3816      6.1170
#    5     42.8128      7.8001
#    6    143.4627      9.4333
#    7     20.2023     11.0396
#    8     57.8704     12.6304
#    9     10.1303     14.2117
#   10     27.6587     15.7874
#   11      5.9598     17.3600
#   12     14.9929     18.9314
#   13      3.5984     20.5028
#   14      9.2748     22.0753
#   15      2.2075     23.6498
#   16      6.3043     25.2270
#   17      1.6378     26.8075
#   18      4.9220     28.3919
#   19      1.3170     29.9809
#   20      3.7130     31.5748
#   21      1.0125     33.1742
#   22      2.7683     34.7796
#   23      0.7390     36.3914
#   24      2.2572     38.0103
#   25      0.5409     39.6365
#   26      2.0070     41.2707
#   27      0.4115     42.9133
#   28      1.6599     44.5649
#   29      0.3075     46.2260
#   30      1.1993     47.8972
#   31      0.2045     49.5790
#   32      0.8798     51.2721
#   33      0.1231     52.9770
#   34      0.6500     54.6945
#   35      0.0816     56.4252
#   36      0.4861     58.1699
#   37      0.0620     59.9293
#   38      0.3936     61.7043
#   39      0.0472     63.4958
#   40      0.3397     65.3046
#   41      0.0356     67.1318
#   42      0.2794     68.9785
#   43      0.0260     70.8457
#   44      0.1978     72.7347
#   45      0.0179     74.6468
#   46      0.1424     76.5835
#   47      0.0116     78.5463
#   48      0.1229     80.5369
#   49      0.0065     82.5571
#   50      0.0921     84.6091
#   51      0.0030     86.6950
#   52      0.0480     88.8173
#   53      0.0013     90.9788
#   54      0.0201     93.1825
#   55      0.0005     95.4319
#   56      0.0091     97.7308
#   57      0.0002    100.0838
#   58      0.0038    102.4959
#   59      0.0000    104.9730
#   60      0.0011    107.5217
#   61      0.0000    110.1503
#   62      0.0002    112.8682
#   63      0.0000    115.6868
#   64      0.0000    118.6204
#   65      0.0000    121.6862
#   66      0.0000    124.9067
#   67      0.0000    128.3109
#   68      0.0000    131.9381
#   69      0.0000    135.8434
#   70      0.0000    140.1085
#   71      0.0000    144.8646
#   72      0.0000    150.3472
#   73      0.0000    157.0722
#   74      0.0000    166.8218
   0    3.95026E+02    1.0000000000000000
   1    3.87139E+02    0.9800344312666699
   2    3.74528E+02    0.9481103683277681
   3    3.60861E+02    0.9135116328171745
   4    3.48017E+02    0.8809982928643203
   5    3.36133E+02    0.8509133606096935
   6    3.24868E+02    0.8223952979776044
   7    3.14061E+02    0.7950391939297337
   8    3.03596E+02    0.7685468276205993
   9    2.93289E+02    0.7424556222566103
  10    2.83059E+02    0.7165579609002106
  11    2.73004E+02    0.6911036195310126
  12    2.63274E+02    0.6664712610271228
  13    2.53948E+02    0.6428636658155285
  14    2.45041E+02    0.6203170421263339
  15    2.36534E+02    0.5987801514623359
  16    2.28371E+02    0.5781168520153404
  17    2.20495E+02    0.5581790685991334
  18    2.12904E+02    0.5389618083682771
  19    2.05652E+02    0.5206021666710099
  20    1.98768E+02    0.5031771184705812
  21    1.92215E+02    0.4865888702153783
  22    1.85933E+02    0.4706857397186955
  23    1.79892E+02    0.4553920376353260
  24    1.74074E+02    0.4406649086311669
  25    1.68447E+02    0.4264209984769920
  26    1.62982E+02    0.4125865090225807
  27    1.57683E+02    0.3991713148524494
  28    1.52573E+02    0.3862349601820581
  29    1.47662E+02    0.3738026675424003
  30    1.42938E+02    0.3618444713704332
  31    1.38381E+02    0.3503090788844157
  32    1.33972E+02    0.3391462913252822
  33    1.29690E+02    0.3283080039018224
  34    1.25521E+02    0.3177547466560789
  35    1.21457E+02    0.3074656456446681
  36    1.17495E+02    0.2974355664278437
  37    1.13633E+02    0.2876594206751387
  38    1.09866E+02    0.2781240133939099
  39    1.06188E+02    0.2688116714070575
  40    1.02593E+02    0.2597112161267779
  41    9.90810E+01    0.2508213903781252
  42    9.56538E+01    0.2421453716231328
  43    9.23106E+01    0.2336821342374371
  44    8.90478E+01    0.2254224541848804
  45    8.58556E+01    0.2173415010772706
  46    8.27342E+01    0.2094398091685686
  47    7.96659E+01    0.2016725266561041
  48    7.66679E+01    0.1940830199351204
  49    7.37205E+01    0.1866217649569638
  50    7.08424E+01    0.1793359114524925
  51    6.80100E+01    0.1721656883085767
  52    6.52730E+01    0.1652372468714455
  53    6.25206E+01    0.1582695581563680
  54    5.99516E+01    0.1517660728142514
  55    5.72901E+01    0.1450286711282042
  56    5.48487E+01    0.1388481851630211
  57    5.22610E+01    0.1322974289769498
  58    4.99020E+01    0.1263257468160927
  59    4.73249E+01    0.1198019021962824
  60    4.51098E+01    0.1141943416983849
  61    4.24931E+01    0.1075703452870532
  62    4.03444E+01    0.1021308851759869
  63    3.76967E+01    0.0954282741062752
  64    3.56912E+01    0.0903514580516271
  65    3.29402E+01    0.0833872659166573
  66    3.09300E+01    0.0782985036044081
  67    2.77576E+01    0.0702677170354213
  68    2.61774E+01    0.0662675871825945
  69    2.22672E+01    0.0563690275184016
  70    2.06706E+01    0.0523272237162059
  71    1.53307E+01    0.0388093341533022
  72    1.44240E+01    0.0365139812385791
