  # July 4, 2014 09:19:42
 # jmin,jmax    0   50
 # Eau     0.00200000
 # r0,ra,rb,rdel,tol,Bau,mu   3.5000  25.0000  25.0000   4.0000  1.0000E-03  3.0130E-07  6.8548E+03
 # parity bigJ  0  0        1  0        1  1        2  0        2  1        2  2        3  0        3  1        3  2        3  3
 # jmin,jmax,maxlamb are            0          50         100
 # j and jp are          33          37
 # lam  B-lambda(j,jp)  angle
#    4    738.1767      3.2325
#    5     42.0775      6.0512
#    6    161.2734      8.2502
#    7     19.9211     10.2381
#    8     58.2504     12.1205
#    9      9.4883     13.9414
#   10     27.9992     15.7235
#   11      5.0656     17.4798
#   12     15.5887     19.2187
#   13      3.0363     20.9459
#   14      9.4012     22.6653
#   15      2.0327     24.3798
#   16      6.3260     26.0918
#   17      1.5560     27.8032
#   18      4.6156     29.5153
#   19      1.2552     31.2296
#   20      3.2594     32.9471
#   21      0.9316     34.6689
#   22      2.2799     36.3958
#   23      0.6302     38.1288
#   24      1.8158     39.8686
#   25      0.4138     41.6160
#   26      1.3967     43.3719
#   27      0.2681     45.1369
#   28      1.0383     46.9119
#   29      0.1635     48.6976
#   30      0.8589     50.4949
#   31      0.1044     52.3044
#   32      0.7967     54.1272
#   33      0.0808     55.9640
#   34      0.6548     57.8157
#   35      0.0658     59.6834
#   36      0.4843     61.5680
#   37      0.0520     63.4706
#   38      0.3853     65.3924
#   39      0.0407     67.3345
#   40      0.3294     69.2982
#   41      0.0310     71.2850
#   42      0.2786     73.2964
#   43      0.0224     75.3339
#   44      0.2085     77.3994
#   45      0.0156     79.4948
#   46      0.1461     81.6221
#   47      0.0104     83.7838
#   48      0.1212     85.9823
#   49      0.0062     88.2206
#   50      0.0997     90.5018
#   51      0.0030     92.8294
#   52      0.0595     95.2076
#   53      0.0013     97.6408
#   54      0.0264    100.1343
#   55      0.0005    102.6941
#   56      0.0118    105.3272
#   57      0.0002    108.0420
#   58      0.0054    110.8481
#   59      0.0001    113.7575
#   60      0.0018    116.7846
#   61      0.0000    119.9474
#   62      0.0004    123.2688
#   63      0.0000    126.7788
#   64      0.0001    130.5177
#   65      0.0000    134.5422
#   66      0.0000    138.9365
#   67      0.0000    143.8355
#   68      0.0000    149.4816
#   69      0.0000    156.4057
#   70      0.0000    166.4425
   0    1.91891E+02    1.0000000000000000
   1    1.84241E+02    0.9601338829531433
   2    1.72723E+02    0.9001084686626816
   3    1.61087E+02    0.8394693305315120
   4    1.50546E+02    0.7845359577018338
   5    1.40766E+02    0.7335713458538566
   6    1.31554E+02    0.6855671406823683
   7    1.23035E+02    0.6411717429284517
   8    1.15205E+02    0.6003631715756904
   9    1.07941E+02    0.5625129174624696
  10    1.01183E+02    0.5272944813494679
  11    9.48823E+01    0.4944583239112524
  12    8.89563E+01    0.4635766324850787
  13    8.33666E+01    0.4344469280525110
  14    7.81400E+01    0.4072095867953460
  15    7.32898E+01    0.3819338316584071
  16    6.87993E+01    0.3585326036280279
  17    6.46733E+01    0.3370306705383873
  18    6.09121E+01    0.3174300414345027
  19    5.74523E+01    0.2994002105745445
  20    5.42170E+01    0.2825398336594335
  21    5.11986E+01    0.2668104958426566
  22    4.84281E+01    0.2523724491979356
  23    4.58929E+01    0.2391609364909603
  24    4.35395E+01    0.2268967722035208
  25    4.13259E+01    0.2153609200453440
  26    3.92380E+01    0.2044803293428774
  27    3.72760E+01    0.1942558270160678
  28    3.54487E+01    0.1847331415835070
  29    3.37664E+01    0.1759664991716571
  30    3.22265E+01    0.1679411422835365
  31    3.08072E+01    0.1605451514752080
  32    2.94828E+01    0.1536429528187227
  33    2.82354E+01    0.1471428069420020
  34    2.70577E+01    0.1410055601728483
  35    2.59429E+01    0.1351957586860784
  36    2.48859E+01    0.1296874629329301
  37    2.38765E+01    0.1244271332721625
  38    2.29182E+01    0.1194332012947349
  39    2.19983E+01    0.1146395819822413
  40    2.11302E+01    0.1101153703600582
  41    2.02861E+01    0.1057167359363454
  42    1.94828E+01    0.1015304098037287
  43    1.86864E+01    0.0973801516460698
  44    1.79273E+01    0.0934240817881518
  45    1.71536E+01    0.0893924405110824
  46    1.64566E+01    0.0857598507020945
  47    1.56834E+01    0.0817306857637894
  48    1.50583E+01    0.0784730377233128
  49    1.42822E+01    0.0744283747553544
  50    1.36816E+01    0.0712986882782171
  51    1.29019E+01    0.0672356303767258
  52    1.23345E+01    0.0642787640667952
  53    1.15407E+01    0.0601415866339752
  54    1.10430E+01    0.0575483894113137
  55    1.01882E+01    0.0530938301756831
  56    9.78666E+00    0.0510010336346393
  57    8.88651E+00    0.0463100865279188
  58    8.49201E+00    0.0442542531520606
  59    7.56362E+00    0.0394161386277705
  60    7.45136E+00    0.0388311356901027
  61    6.34766E+00    0.0330794361980361
  62    6.35379E+00    0.0331113902586425
  63    5.03291E+00    0.0262279315387805
  64    5.30720E+00    0.0276573151533654
  65    3.71227E+00    0.0193456782884924
  66    4.81593E+00    0.0250971935938880
