  # July 4, 2014 09:19:42
 # jmin,jmax    0   50
 # Eau     0.00200000
 # r0,ra,rb,rdel,tol,Bau,mu   3.5000  25.0000  25.0000   4.0000  1.0000E-03  3.0130E-07  6.8548E+03
 # parity bigJ  0  0        1  0        1  1        2  0        2  1        2  2        3  0        3  1        3  2        3  3
 # jmin,jmax,maxlamb are            0          50         100
 # j and jp are          12          27
 # lam  B-lambda(j,jp)  angle
#   15     24.9541     11.9305
#   16      0.0659     21.2815
#   17     10.1486     28.0782
#   18      0.0680     33.9123
#   19      6.2169     39.2343
#   20      0.0612     44.2479
#   21      4.3193     49.0669
#   22      0.0517     53.7637
#   23      3.1554     58.3895
#   24      0.0426     62.9829
#   25      2.4351     67.5759
#   26      0.0344     72.1967
#   27      1.9341     76.8719
#   28      0.0271     81.6283
#   29      1.5804     86.4942
#   30      0.0208     91.5017
#   31      1.3773     96.6888
#   32      0.0155    102.1023
#   33      1.2320    107.8033
#   34      0.0111    113.8757
#   35      1.1647    120.4423
#   36      0.0074    127.6980
#   37      1.2665    135.9918
#   38      0.0040    146.0877
#   39      2.1049    160.6404
   0    6.90717E+01    1.0000000000000000
   1    3.34444E+01    0.4841991317711578
   2    2.78120E+01    0.4026539348844563
   3    1.57927E+01    0.2286421151678945
   4    1.51835E+01    0.2198219439971794
   5    9.52830E+00    0.1379480431479564
   6    1.02380E+01    0.1482222145452476
   7    6.78195E+00    0.0981872231311550
   8    7.73633E+00    0.1120044208514996
   9    5.21711E+00    0.0755318929152338
  10    6.26776E+00    0.0907428986083360
  11    4.23107E+00    0.0612562865209914
  12    5.25853E+00    0.0761315335000195
  13    3.52925E+00    0.0510954248793498
  14    4.59043E+00    0.0664588894500604
  15    3.00516E+00    0.0435078552485272
  16    4.07551E+00    0.0590040196097389
  17    2.54451E+00    0.0368386632799284
  18    3.71076E+00    0.0537232829754282
  19    2.13302E+00    0.0308812853918050
  20    3.48781E+00    0.0504954624512232
  21    1.78820E+00    0.0258890859128336
  22    3.44851E+00    0.0499266104149680
  23    1.36510E+00    0.0197635050766793
  24    4.17469E+00    0.0604400238622973
