  # July 4, 2014 12:22:22
 # jmin,jmax    0   50
 # Eau     0.00200000
 # r0,ra,rb,rdel,tol,Bau,mu   3.5000  25.0000  25.0000   4.0000  1.0000E-03  3.0130E-07  6.8548E+03
 # parity bigJ  0  0        1  0        1  1        2  0        2  1        2  2        3  0        3  1        3  2        3  3
 # jmin,jmax,maxlamb are            0          50         100
 # j and jp are          10          46
 # lam  B-lambda(j,jp)  angle
#   36      2.0034     15.4699
#   37      0.0075     27.3896
#   38      0.8326     35.9063
#   39      0.0073     43.1132
#   40      0.5720     49.6104
#   41      0.0057     55.6735
#   42      0.4159     61.4592
#   43      0.0040     67.0698
#   44      0.2641     72.5794
#   45      0.0025     78.0471
#   46      0.1544     83.5243
#   47      0.0015     89.0600
#   48      0.1282     94.7049
#   49      0.0008    100.5155
#   50      0.1230    106.5606
#   51      0.0004    112.9302
#   52      0.0827    119.7515
#   53      0.0001    127.2231
#   54      0.0375    135.6966
#   55      0.0000    145.9381
#   56      0.0206    160.6073
   0    8.42509E+00    1.0000000000000000
   1    5.33524E+00    0.6332557107452325
   2    3.12497E+00    0.3709128450937212
   3    2.09166E+00    0.2482658712188331
   4    1.53011E+00    0.1816134113877720
   5    1.24506E+00    0.1477803921286108
   6    1.19113E+00    0.1413789001729692
   7    9.78946E-01    0.1161941516013163
   8    8.13707E-01    0.0965814319156597
   9    6.88535E-01    0.0817243575025665
  10    6.61858E-01    0.0785579559523663
  11    5.60627E-01    0.0665425637194447
  12    5.49594E-01    0.0652329993501769
  13    4.50707E-01    0.0534957397356549
  14    4.90095E-01    0.0581708308236237
  15    3.67658E-01    0.0436384056301268
  16    4.72546E-01    0.0560879261793282
  17    2.97835E-01    0.0353509102365287
  18    4.87072E-01    0.0578121223284659
  19    2.80498E-01    0.0332931817520612
  20    4.95609E-01    0.0588253515170431
