 # List of d(q) for j, j' =            2          46
 #    0  1.00000000
 #    1  0.20782450
 #    2  0.30681279
 #    3  0.07001346
 #    4  0.18818617
       0.0      0.7770187      0.0000000
       0.1      0.7770131      0.0013561
       0.2      0.7769964      0.0027122
       0.3      0.7769686      0.0040682
       0.4      0.7769297      0.0054239
       0.5      0.7768796      0.0067795
       0.6      0.7768185      0.0081347
       0.7      0.7767462      0.0094895
       0.8      0.7766628      0.0108439
       0.9      0.7765682      0.0121978
       1.0      0.7764626      0.0135511
       1.1      0.7763459      0.0149039
       1.2      0.7762181      0.0162559
       1.3      0.7760791      0.0176072
       1.4      0.7759291      0.0189576
       1.5      0.7757680      0.0203072
       1.6      0.7755958      0.0216559
       1.7      0.7754126      0.0230036
       1.8      0.7752183      0.0243502
       1.9      0.7750129      0.0256957
       2.0      0.7747965      0.0270400
       2.1      0.7745690      0.0283831
       2.2      0.7743305      0.0297248
       2.3      0.7740809      0.0310653
       2.4      0.7738203      0.0324042
       2.5      0.7735487      0.0337417
       2.6      0.7732662      0.0350777
       2.7      0.7729726      0.0364120
       2.8      0.7726680      0.0377447
       2.9      0.7723525      0.0390756
       3.0      0.7720260      0.0404047
       3.1      0.7716886      0.0417320
       3.2      0.7713402      0.0430574
       3.3      0.7709809      0.0443808
       3.4      0.7706107      0.0457021
       3.5      0.7702296      0.0470214
       3.6      0.7698376      0.0483385
       3.7      0.7694347      0.0496534
       3.8      0.7690210      0.0509660
       3.9      0.7685964      0.0522763
       4.0      0.7681610      0.0535842
       4.1      0.7677148      0.0548896
       4.2      0.7672578      0.0561926
       4.3      0.7667900      0.0574929
       4.4      0.7663114      0.0587907
       4.5      0.7658221      0.0600857
       4.6      0.7653221      0.0613780
       4.7      0.7648114      0.0626675
       4.8      0.7642899      0.0639541
       4.9      0.7637578      0.0652378
       5.0      0.7632150      0.0665186
       5.1      0.7626616      0.0677963
       5.2      0.7620975      0.0690709
       5.3      0.7615229      0.0703423
       5.4      0.7609377      0.0716106
       5.5      0.7603419      0.0728755
       5.6      0.7597356      0.0741372
       5.7      0.7591187      0.0753955
       5.8      0.7584914      0.0766503
       5.9      0.7578536      0.0779017
       6.0      0.7572053      0.0791495
       6.1      0.7565466      0.0803937
       6.2      0.7558775      0.0816343
       6.3      0.7551981      0.0828711
       6.4      0.7545082      0.0841042
       6.5      0.7538080      0.0853335
       6.6      0.7530976      0.0865589
       6.7      0.7523768      0.0877804
       6.8      0.7516458      0.0889978
       6.9      0.7509045      0.0902113
       7.0      0.7501530      0.0914207
       7.1      0.7493914      0.0926259
       7.2      0.7486195      0.0938269
       7.3      0.7478376      0.0950237
       7.4      0.7470455      0.0962162
       7.5      0.7462434      0.0974043
       7.6      0.7454312      0.0985880
       7.7      0.7446091      0.0997673
       7.8      0.7437769      0.1009421
       7.9      0.7429347      0.1021123
       8.0      0.7420827      0.1032779
       8.1      0.7412207      0.1044389
       8.2      0.7403489      0.1055952
       8.3      0.7394672      0.1067467
       8.4      0.7385757      0.1078934
       8.5      0.7376744      0.1090352
       8.6      0.7367634      0.1101722
       8.7      0.7358426      0.1113042
       8.8      0.7349122      0.1124312
       8.9      0.7339721      0.1135531
       9.0      0.7330224      0.1146700
       9.1      0.7320632      0.1157817
       9.2      0.7310943      0.1168882
       9.3      0.7301160      0.1179895
       9.4      0.7291281      0.1190856
       9.5      0.7281308      0.1201762
       9.6      0.7271241      0.1212616
       9.7      0.7261080      0.1223415
       9.8      0.7250826      0.1234159
       9.9      0.7240478      0.1244849
      10.0      0.7230038      0.1255483
      10.1      0.7219506      0.1266061
      10.2      0.7208881      0.1276583
      10.3      0.7198165      0.1287048
      10.4      0.7187357      0.1297456
      10.5      0.7176458      0.1307806
      10.6      0.7165469      0.1318098
      10.7      0.7154390      0.1328331
      10.8      0.7143221      0.1338506
      10.9      0.7131963      0.1348622
      11.0      0.7120616      0.1358677
      11.1      0.7109180      0.1368673
      11.2      0.7097655      0.1378608
      11.3      0.7086043      0.1388483
      11.4      0.7074344      0.1398296
      11.5      0.7062558      0.1408048
      11.6      0.7050685      0.1417737
      11.7      0.7038725      0.1427364
      11.8      0.7026680      0.1436928
      11.9      0.7014550      0.1446430
      12.0      0.7002335      0.1455867
      12.1      0.6990035      0.1465241
      12.2      0.6977651      0.1474551
      12.3      0.6965184      0.1483796
      12.4      0.6952633      0.1492976
      12.5      0.6939999      0.1502091
      12.6      0.6927283      0.1511140
      12.7      0.6914485      0.1520123
      12.8      0.6901606      0.1529040
      12.9      0.6888645      0.1537891
      13.0      0.6875604      0.1546674
      13.1      0.6862483      0.1555391
      13.2      0.6849281      0.1564039
      13.3      0.6836001      0.1572620
      13.4      0.6822642      0.1581133
      13.5      0.6809204      0.1589577
      13.6      0.6795689      0.1597953
      13.7      0.6782096      0.1606259
      13.8      0.6768426      0.1614496
      13.9      0.6754680      0.1622664
      14.0      0.6740858      0.1630761
      14.1      0.6726960      0.1638788
      14.2      0.6712987      0.1646745
      14.3      0.6698939      0.1654631
      14.4      0.6684817      0.1662446
      14.5      0.6670622      0.1670190
      14.6      0.6656353      0.1677863
      14.7      0.6642012      0.1685463
      14.8      0.6627599      0.1692992
      14.9      0.6613114      0.1700448
      15.0      0.6598557      0.1707832
      15.1      0.6583930      0.1715143
      15.2      0.6569233      0.1722382
      15.3      0.6554466      0.1729547
      15.4      0.6539630      0.1736639
      15.5      0.6524725      0.1743657
      15.6      0.6509751      0.1750601
      15.7      0.6494711      0.1757472
      15.8      0.6479603      0.1764268
      15.9      0.6464428      0.1770990
      16.0      0.6449187      0.1777637
      16.1      0.6433880      0.1784209
      16.2      0.6418509      0.1790707
      16.3      0.6403072      0.1797129
      16.4      0.6387572      0.1803476
      16.5      0.6372008      0.1809748
      16.6      0.6356381      0.1815944
      16.7      0.6340691      0.1822064
      16.8      0.6324940      0.1828109
      16.9      0.6309127      0.1834077
      17.0      0.6293253      0.1839969
      17.1      0.6277319      0.1845785
      17.2      0.6261324      0.1851524
      17.3      0.6245271      0.1857187
      17.4      0.6229159      0.1862773
      17.5      0.6212988      0.1868282
      17.6      0.6196760      0.1873714
      17.7      0.6180475      0.1879069
      17.8      0.6164133      0.1884346
      17.9      0.6147735      0.1889547
      18.0      0.6131281      0.1894670
      18.1      0.6114772      0.1899716
      18.2      0.6098209      0.1904684
      18.3      0.6081593      0.1909574
      18.4      0.6064923      0.1914387
      18.5      0.6048200      0.1919122
      18.6      0.6031425      0.1923779
      18.7      0.6014598      0.1928358
      18.8      0.5997720      0.1932859
      18.9      0.5980792      0.1937283
      19.0      0.5963814      0.1941628
      19.1      0.5946786      0.1945895
      19.2      0.5929710      0.1950084
      19.3      0.5912585      0.1954194
      19.4      0.5895412      0.1958227
      19.5      0.5878193      0.1962181
      19.6      0.5860927      0.1966057
      19.7      0.5843615      0.1969855
      19.8      0.5826257      0.1973574
      19.9      0.5808855      0.1977216
      20.0      0.5791409      0.1980778
      20.1      0.5773918      0.1984263
      20.2      0.5756385      0.1987669
      20.3      0.5738809      0.1990998
      20.4      0.5721192      0.1994247
      20.5      0.5703532      0.1997419
      20.6      0.5685832      0.2000513
      20.7      0.5668092      0.2003528
      20.8      0.5650312      0.2006465
      20.9      0.5632494      0.2009324
      21.0      0.5614636      0.2012106
      21.1      0.5596741      0.2014809
      21.2      0.5578809      0.2017434
      21.3      0.5560839      0.2019982
      21.4      0.5542834      0.2022452
      21.5      0.5524793      0.2024844
      21.6      0.5506718      0.2027158
      21.7      0.5488607      0.2029395
      21.8      0.5470463      0.2031554
      21.9      0.5452286      0.2033636
      22.0      0.5434077      0.2035641
      22.1      0.5415835      0.2037569
      22.2      0.5397562      0.2039419
      22.3      0.5379258      0.2041193
      22.4      0.5360924      0.2042889
      22.5      0.5342560      0.2044509
      22.6      0.5324168      0.2046053
      22.7      0.5305746      0.2047520
      22.8      0.5287297      0.2048910
      22.9      0.5268821      0.2050224
      23.0      0.5250318      0.2051463
      23.1      0.5231789      0.2052625
      23.2      0.5213234      0.2053712
      23.3      0.5194655      0.2054722
      23.4      0.5176051      0.2055658
      23.5      0.5157424      0.2056518
      23.6      0.5138774      0.2057303
      23.7      0.5120101      0.2058013
      23.8      0.5101406      0.2058648
      23.9      0.5082690      0.2059209
      24.0      0.5063953      0.2059695
      24.1      0.5045196      0.2060107
      24.2      0.5026420      0.2060445
      24.3      0.5007625      0.2060709
      24.4      0.4988811      0.2060900
      24.5      0.4969980      0.2061017
      24.6      0.4951131      0.2061061
      24.7      0.4932266      0.2061032
      24.8      0.4913385      0.2060930
      24.9      0.4894489      0.2060755
      25.0      0.4875578      0.2060508
      25.1      0.4856653      0.2060189
      25.2      0.4837714      0.2059799
      25.3      0.4818763      0.2059336
      25.4      0.4799799      0.2058802
      25.5      0.4780823      0.2058197
      25.6      0.4761836      0.2057522
      25.7      0.4742839      0.2056775
      25.8      0.4723831      0.2055958
      25.9      0.4704815      0.2055071
      26.0      0.4685789      0.2054115
      26.1      0.4666755      0.2053088
      26.2      0.4647714      0.2051993
      26.3      0.4628665      0.2050828
      26.4      0.4609610      0.2049595
      26.5      0.4590550      0.2048293
      26.6      0.4571484      0.2046923
      26.7      0.4552413      0.2045486
      26.8      0.4533339      0.2043981
      26.9      0.4514260      0.2042408
      27.0      0.4495179      0.2040769
      27.1      0.4476096      0.2039063
      27.2      0.4457011      0.2037291
      27.3      0.4437925      0.2035452
      27.4      0.4418838      0.2033548
      27.5      0.4399751      0.2031579
      27.6      0.4380665      0.2029545
      27.7      0.4361580      0.2027446
      27.8      0.4342497      0.2025283
      27.9      0.4323416      0.2023055
      28.0      0.4304339      0.2020765
      28.1      0.4285264      0.2018410
      28.2      0.4266194      0.2015993
      28.3      0.4247129      0.2013514
      28.4      0.4228068      0.2010972
      28.5      0.4209014      0.2008368
      28.6      0.4189966      0.2005702
      28.7      0.4170925      0.2002976
      28.8      0.4151891      0.2000189
      28.9      0.4132865      0.1997341
      29.0      0.4113849      0.1994433
      29.1      0.4094841      0.1991466
      29.2      0.4075843      0.1988440
      29.3      0.4056856      0.1985354
      29.4      0.4037879      0.1982210
      29.5      0.4018914      0.1979008
      29.6      0.3999962      0.1975748
      29.7      0.3981021      0.1972431
      29.8      0.3962094      0.1969058
      29.9      0.3943181      0.1965627
      30.0      0.3924282      0.1962141
      30.1      0.3905398      0.1958599
      30.2      0.3886529      0.1955001
      30.3      0.3867676      0.1951349
      30.4      0.3848840      0.1947643
      30.5      0.3830020      0.1943882
      30.6      0.3811219      0.1940068
      30.7      0.3792435      0.1936201
      30.8      0.3773670      0.1932281
      30.9      0.3754925      0.1928309
      31.0      0.3736199      0.1924285
      31.1      0.3717493      0.1920209
      31.2      0.3698808      0.1916083
      31.3      0.3680145      0.1911906
      31.4      0.3661504      0.1907679
      31.5      0.3642885      0.1903402
      31.6      0.3624289      0.1899076
      31.7      0.3605717      0.1894702
      31.8      0.3587168      0.1890279
      31.9      0.3568645      0.1885809
      32.0      0.3550146      0.1881291
      32.1      0.3531673      0.1876726
      32.2      0.3513226      0.1872115
      32.3      0.3494806      0.1867458
      32.4      0.3476413      0.1862755
      32.5      0.3458047      0.1858008
      32.6      0.3439710      0.1853215
      32.7      0.3421402      0.1848379
      32.8      0.3403123      0.1843499
      32.9      0.3384873      0.1838577
      33.0      0.3366654      0.1833611
      33.1      0.3348465      0.1828604
      33.2      0.3330308      0.1823554
      33.3      0.3312183      0.1818464
      33.4      0.3294089      0.1813333
      33.5      0.3276029      0.1808162
      33.6      0.3258002      0.1802951
      33.7      0.3240008      0.1797700
      33.8      0.3222049      0.1792412
      33.9      0.3204124      0.1787084
      34.0      0.3186235      0.1781720
      34.1      0.3168381      0.1776318
      34.2      0.3150563      0.1770879
      34.3      0.3132782      0.1765404
      34.4      0.3115038      0.1759894
      34.5      0.3097331      0.1754348
      34.6      0.3079663      0.1748767
      34.7      0.3062033      0.1743153
      34.8      0.3044442      0.1737505
      34.9      0.3026891      0.1731823
      35.0      0.3009379      0.1726109
      35.1      0.2991908      0.1720363
      35.2      0.2974478      0.1714585
      35.3      0.2957088      0.1708776
      35.4      0.2939741      0.1702937
      35.5      0.2922436      0.1697067
      35.6      0.2905173      0.1691168
      35.7      0.2887953      0.1685240
      35.8      0.2870777      0.1679283
      35.9      0.2853645      0.1673299
      36.0      0.2836557      0.1667287
      36.1      0.2819514      0.1661248
      36.2      0.2802517      0.1655182
      36.3      0.2785565      0.1649091
      36.4      0.2768659      0.1642974
      36.5      0.2751799      0.1636833
      36.6      0.2734987      0.1630667
      36.7      0.2718222      0.1624478
      36.8      0.2701504      0.1618265
      36.9      0.2684835      0.1612029
      37.0      0.2668214      0.1605772
      37.1      0.2651643      0.1599492
      37.2      0.2635121      0.1593192
      37.3      0.2618648      0.1586870
      37.4      0.2602226      0.1580529
      37.5      0.2585855      0.1574169
      37.6      0.2569534      0.1567789
      37.7      0.2553265      0.1561391
      37.8      0.2537048      0.1554974
      37.9      0.2520882      0.1548541
      38.0      0.2504770      0.1542090
      38.1      0.2488710      0.1535623
      38.2      0.2472704      0.1529141
      38.3      0.2456751      0.1522643
      38.4      0.2440852      0.1516130
      38.5      0.2425008      0.1509603
      38.6      0.2409219      0.1503062
      38.7      0.2393484      0.1496508
      38.8      0.2377805      0.1489942
      38.9      0.2362183      0.1483363
      39.0      0.2346616      0.1476773
      39.1      0.2331106      0.1470172
      39.2      0.2315652      0.1463560
      39.3      0.2300256      0.1456938
      39.4      0.2284918      0.1450307
      39.5      0.2269638      0.1443667
      39.6      0.2254415      0.1437019
      39.7      0.2239252      0.1430362
      39.8      0.2224147      0.1423698
      39.9      0.2209102      0.1417028
      40.0      0.2194116      0.1410351
      40.1      0.2179190      0.1403668
      40.2      0.2164325      0.1396980
      40.3      0.2149520      0.1390287
      40.4      0.2134775      0.1383590
      40.5      0.2120092      0.1376890
      40.6      0.2105471      0.1370186
      40.7      0.2090911      0.1363480
      40.8      0.2076413      0.1356771
      40.9      0.2061978      0.1350061
      41.0      0.2047605      0.1343350
      41.1      0.2033295      0.1336638
      41.2      0.2019049      0.1329926
      41.3      0.2004865      0.1323215
      41.4      0.1990746      0.1316504
      41.5      0.1976691      0.1309795
      41.6      0.1962700      0.1303088
      41.7      0.1948774      0.1296383
      41.8      0.1934912      0.1289682
      41.9      0.1921116      0.1282984
      42.0      0.1907385      0.1276290
      42.1      0.1893719      0.1269600
      42.2      0.1880120      0.1262915
      42.3      0.1866587      0.1256236
      42.4      0.1853120      0.1249563
      42.5      0.1839720      0.1242897
      42.6      0.1826386      0.1236237
      42.7      0.1813120      0.1229585
      42.8      0.1799921      0.1222941
      42.9      0.1786790      0.1216305
      43.0      0.1773726      0.1209679
      43.1      0.1760731      0.1203061
      43.2      0.1747804      0.1196454
      43.3      0.1734945      0.1189857
      43.4      0.1722155      0.1183271
      43.5      0.1709434      0.1176696
      43.6      0.1696782      0.1170134
      43.7      0.1684199      0.1163583
      43.8      0.1671685      0.1157046
      43.9      0.1659242      0.1150521
      44.0      0.1646868      0.1144011
      44.1      0.1634564      0.1137514
      44.2      0.1622331      0.1131032
      44.3      0.1610168      0.1124566
      44.4      0.1598076      0.1118115
      44.5      0.1586054      0.1111680
      44.6      0.1574103      0.1105262
      44.7      0.1562224      0.1098860
      44.8      0.1550416      0.1092476
      44.9      0.1538679      0.1086110
      45.0      0.1527014      0.1079762
      45.1      0.1515421      0.1073433
      45.2      0.1503899      0.1067123
      45.3      0.1492450      0.1060833
      45.4      0.1481073      0.1054563
      45.5      0.1469768      0.1048313
      45.6      0.1458536      0.1042084
      45.7      0.1447377      0.1035877
      45.8      0.1436290      0.1029692
      45.9      0.1425276      0.1023528
      46.0      0.1414335      0.1017388
      46.1      0.1403468      0.1011270
      46.2      0.1392673      0.1005176
      46.3      0.1381952      0.0999106
      46.4      0.1371305      0.0993060
      46.5      0.1360731      0.0987039
      46.6      0.1350230      0.0981043
      46.7      0.1339804      0.0975073
      46.8      0.1329451      0.0969128
      46.9      0.1319173      0.0963210
      47.0      0.1308968      0.0957319
      47.1      0.1298838      0.0951454
      47.2      0.1288782      0.0945618
      47.3      0.1278800      0.0939809
      47.4      0.1268892      0.0934028
      47.5      0.1259060      0.0928276
      47.6      0.1249301      0.0922553
      47.7      0.1239617      0.0916860
      47.8      0.1230008      0.0911196
      47.9      0.1220474      0.0905562
      48.0      0.1211014      0.0899959
      48.1      0.1201630      0.0894387
      48.2      0.1192320      0.0888846
      48.3      0.1183085      0.0883336
      48.4      0.1173925      0.0877859
      48.5      0.1164840      0.0872414
      48.6      0.1155830      0.0867001
      48.7      0.1146895      0.0861621
      48.8      0.1138036      0.0856275
      48.9      0.1129251      0.0850962
      49.0      0.1120542      0.0845684
      49.1      0.1111907      0.0840439
      49.2      0.1103348      0.0835229
      49.3      0.1094865      0.0830054
      49.4      0.1086456      0.0824915
      49.5      0.1078122      0.0819811
      49.6      0.1069864      0.0814743
      49.7      0.1061681      0.0809711
      49.8      0.1053573      0.0804715
      49.9      0.1045541      0.0799756
      50.0      0.1037583      0.0794835
      50.1      0.1029701      0.0789951
      50.2      0.1021894      0.0785104
      50.3      0.1014162      0.0780295
      50.4      0.1006505      0.0775525
      50.5      0.0998923      0.0770793
      50.6      0.0991416      0.0766100
      50.7      0.0983984      0.0761446
      50.8      0.0976627      0.0756832
      50.9      0.0969345      0.0752257
      51.0      0.0962138      0.0747722
      51.1      0.0955006      0.0743227
      51.2      0.0947948      0.0738772
      51.3      0.0940965      0.0734358
      51.4      0.0934057      0.0729985
      51.5      0.0927223      0.0725653
      51.6      0.0920464      0.0721362
      51.7      0.0913780      0.0717113
      51.8      0.0907169      0.0712905
      51.9      0.0900634      0.0708740
      52.0      0.0894172      0.0704617
      52.1      0.0887784      0.0700536
      52.2      0.0881471      0.0696499
      52.3      0.0875231      0.0692504
      52.4      0.0869066      0.0688552
      52.5      0.0862974      0.0684643
      52.6      0.0856956      0.0680778
      52.7      0.0851011      0.0676957
      52.8      0.0845140      0.0673179
      52.9      0.0839342      0.0669446
      53.0      0.0833618      0.0665757
      53.1      0.0827966      0.0662112
      53.2      0.0822388      0.0658512
      53.3      0.0816883      0.0654957
      53.4      0.0811450      0.0651446
      53.5      0.0806090      0.0647981
      53.6      0.0800803      0.0644561
      53.7      0.0795588      0.0641187
      53.8      0.0790445      0.0637858
      53.9      0.0785375      0.0634575
      54.0      0.0780376      0.0631337
      54.1      0.0775449      0.0628146
      54.2      0.0770594      0.0625001
      54.3      0.0765811      0.0621902
      54.4      0.0761099      0.0618850
      54.5      0.0756458      0.0615844
      54.6      0.0751888      0.0612885
      54.7      0.0747389      0.0609972
      54.8      0.0742961      0.0607107
      54.9      0.0738604      0.0604288
      55.0      0.0734317      0.0601517
      55.1      0.0730100      0.0598793
      55.2      0.0725953      0.0596116
      55.3      0.0721876      0.0593486
      55.4      0.0717869      0.0590904
      55.5      0.0713931      0.0588369
      55.6      0.0710063      0.0585882
      55.7      0.0706263      0.0583443
      55.8      0.0702533      0.0581051
      55.9      0.0698872      0.0578708
      56.0      0.0695279      0.0576412
      56.1      0.0691754      0.0574164
      56.2      0.0688297      0.0571964
      56.3      0.0684909      0.0569813
      56.4      0.0681588      0.0567709
      56.5      0.0678335      0.0565654
      56.6      0.0675148      0.0563646
      56.7      0.0672029      0.0561687
      56.8      0.0668977      0.0559776
      56.9      0.0665992      0.0557914
      57.0      0.0663073      0.0556099
      57.1      0.0660220      0.0554334
      57.2      0.0657433      0.0552616
      57.3      0.0654711      0.0550947
      57.4      0.0652055      0.0549326
      57.5      0.0649465      0.0547753
      57.6      0.0646939      0.0546229
      57.7      0.0644478      0.0544753
      57.8      0.0642082      0.0543325
      57.9      0.0639750      0.0541946
      58.0      0.0637482      0.0540615
      58.1      0.0635277      0.0539332
      58.2      0.0633136      0.0538098
      58.3      0.0631059      0.0536912
      58.4      0.0629044      0.0535774
      58.5      0.0627092      0.0534684
      58.6      0.0625202      0.0533642
      58.7      0.0623375      0.0532648
      58.8      0.0621609      0.0531702
      58.9      0.0619905      0.0530804
      59.0      0.0618262      0.0529954
      59.1      0.0616681      0.0529152
      59.2      0.0615160      0.0528398
      59.3      0.0613700      0.0527691
      59.4      0.0612300      0.0527032
      59.5      0.0610959      0.0526420
      59.6      0.0609679      0.0525856
      59.7      0.0608458      0.0525340
      59.8      0.0607295      0.0524870
      59.9      0.0606192      0.0524448
      60.0      0.0605147      0.0524073
      60.1      0.0604160      0.0523745
      60.2      0.0603231      0.0523463
      60.3      0.0602360      0.0523229
      60.4      0.0601546      0.0523041
      60.5      0.0600789      0.0522900
      60.6      0.0600088      0.0522805
      60.7      0.0599444      0.0522756
      60.8      0.0598855      0.0522754
      60.9      0.0598323      0.0522798
      61.0      0.0597845      0.0522887
      61.1      0.0597423      0.0523023
      61.2      0.0597055      0.0523204
      61.3      0.0596742      0.0523430
      61.4      0.0596483      0.0523702
      61.5      0.0596278      0.0524019
      61.6      0.0596126      0.0524381
      61.7      0.0596027      0.0524788
      61.8      0.0595981      0.0525240
      61.9      0.0595987      0.0525736
      62.0      0.0596045      0.0526276
      62.1      0.0596155      0.0526861
      62.2      0.0596316      0.0527490
      62.3      0.0596529      0.0528163
      62.4      0.0596792      0.0528879
      62.5      0.0597105      0.0529639
      62.6      0.0597469      0.0530442
      62.7      0.0597882      0.0531288
      62.8      0.0598344      0.0532177
      62.9      0.0598856      0.0533109
      63.0      0.0599415      0.0534083
      63.1      0.0600024      0.0535100
      63.2      0.0600680      0.0536158
      63.3      0.0601383      0.0537259
      63.4      0.0602134      0.0538401
      63.5      0.0602931      0.0539584
      63.6      0.0603775      0.0540809
      63.7      0.0604665      0.0542074
      63.8      0.0605601      0.0543381
      63.9      0.0606582      0.0544728
      64.0      0.0607608      0.0546115
      64.1      0.0608679      0.0547542
      64.2      0.0609794      0.0549009
      64.3      0.0610953      0.0550515
      64.4      0.0612155      0.0552061
      64.5      0.0613400      0.0553646
      64.6      0.0614688      0.0555270
      64.7      0.0616019      0.0556932
      64.8      0.0617391      0.0558632
      64.9      0.0618805      0.0560370
      65.0      0.0620260      0.0562147
      65.1      0.0621756      0.0563960
      65.2      0.0623293      0.0565811
      65.3      0.0624869      0.0567699
      65.4      0.0626485      0.0569623
      65.5      0.0628141      0.0571584
      65.6      0.0629835      0.0573581
      65.7      0.0631568      0.0575613
      65.8      0.0633339      0.0577682
      65.9      0.0635148      0.0579785
      66.0      0.0636994      0.0581923
      66.1      0.0638877      0.0584096
      66.2      0.0640797      0.0586303
      66.3      0.0642753      0.0588545
      66.4      0.0644744      0.0590820
      66.5      0.0646771      0.0593128
      66.6      0.0648833      0.0595470
      66.7      0.0650930      0.0597844
      66.8      0.0653060      0.0600251
      66.9      0.0655225      0.0602690
      67.0      0.0657423      0.0605161
      67.1      0.0659654      0.0607663
      67.2      0.0661917      0.0610197
      67.3      0.0664213      0.0612761
      67.4      0.0666540      0.0615356
      67.5      0.0668899      0.0617982
      67.6      0.0671288      0.0620637
      67.7      0.0673709      0.0623322
      67.8      0.0676159      0.0626036
      67.9      0.0678639      0.0628779
      68.0      0.0681149      0.0631550
      68.1      0.0683687      0.0634350
      68.2      0.0686255      0.0637178
      68.3      0.0688850      0.0640033
      68.4      0.0691473      0.0642915
      68.5      0.0694123      0.0645824
      68.6      0.0696800      0.0648760
      68.7      0.0699504      0.0651721
      68.8      0.0702233      0.0654709
      68.9      0.0704989      0.0657722
      69.0      0.0707770      0.0660760
      69.1      0.0710575      0.0663822
      69.2      0.0713405      0.0666909
      69.3      0.0716259      0.0670020
      69.4      0.0719137      0.0673155
      69.5      0.0722038      0.0676313
      69.6      0.0724962      0.0679493
      69.7      0.0727908      0.0682697
      69.8      0.0730876      0.0685922
      69.9      0.0733866      0.0689169
      70.0      0.0736876      0.0692437
      70.1      0.0739908      0.0695727
      70.2      0.0742960      0.0699037
      70.3      0.0746032      0.0702367
      70.4      0.0749124      0.0705717
      70.5      0.0752234      0.0709087
      70.6      0.0755364      0.0712476
      70.7      0.0758511      0.0715884
      70.8      0.0761677      0.0719309
      70.9      0.0764860      0.0722753
      71.0      0.0768060      0.0726215
      71.1      0.0771276      0.0729693
      71.2      0.0774509      0.0733189
      71.3      0.0777758      0.0736700
      71.4      0.0781022      0.0740228
      71.5      0.0784301      0.0743772
      71.6      0.0787595      0.0747330
      71.7      0.0790903      0.0750904
      71.8      0.0794225      0.0754492
      71.9      0.0797560      0.0758094
      72.0      0.0800909      0.0761709
      72.1      0.0804269      0.0765338
      72.2      0.0807642      0.0768980
      72.3      0.0811027      0.0772634
      72.4      0.0814423      0.0776301
      72.5      0.0817830      0.0779978
      72.6      0.0821248      0.0783668
      72.7      0.0824675      0.0787368
      72.8      0.0828113      0.0791078
      72.9      0.0831560      0.0794799
      73.0      0.0835015      0.0798529
      73.1      0.0838480      0.0802269
      73.2      0.0841952      0.0806017
      73.3      0.0845432      0.0809774
      73.4      0.0848920      0.0813539
      73.5      0.0852414      0.0817311
      73.6      0.0855915      0.0821091
      73.7      0.0859422      0.0824878
      73.8      0.0862935      0.0828671
      73.9      0.0866453      0.0832470
      74.0      0.0869976      0.0836274
      74.1      0.0873503      0.0840084
      74.2      0.0877035      0.0843899
      74.3      0.0880571      0.0847718
      74.4      0.0884110      0.0851541
      74.5      0.0887652      0.0855368
      74.6      0.0891196      0.0859198
      74.7      0.0894743      0.0863031
      74.8      0.0898291      0.0866866
      74.9      0.0901841      0.0870703
      75.0      0.0905392      0.0874542
      75.1      0.0908944      0.0878382
      75.2      0.0912496      0.0882223
      75.3      0.0916048      0.0886064
      75.4      0.0919599      0.0889905
      75.5      0.0923150      0.0893745
      75.6      0.0926699      0.0897585
      75.7      0.0930247      0.0901424
      75.8      0.0933793      0.0905261
      75.9      0.0937336      0.0909096
      76.0      0.0940876      0.0912928
      76.1      0.0944414      0.0916758
      76.2      0.0947948      0.0920584
      76.3      0.0951478      0.0924407
      76.4      0.0955004      0.0928226
      76.5      0.0958525      0.0932041
      76.6      0.0962041      0.0935850
      76.7      0.0965552      0.0939655
      76.8      0.0969057      0.0943453
      76.9      0.0972556      0.0947246
      77.0      0.0976049      0.0951033
      77.1      0.0979535      0.0954813
      77.2      0.0983014      0.0958585
      77.3      0.0986485      0.0962350
      77.4      0.0989948      0.0966107
      77.5      0.0993403      0.0969856
      77.6      0.0996850      0.0973596
      77.7      0.1000288      0.0977327
      77.8      0.1003716      0.0981048
      77.9      0.1007135      0.0984760
      78.0      0.1010544      0.0988461
      78.1      0.1013943      0.0992152
      78.2      0.1017331      0.0995832
      78.3      0.1020707      0.0999500
      78.4      0.1024073      0.1003157
      78.5      0.1027427      0.1006801
      78.6      0.1030769      0.1010433
      78.7      0.1034099      0.1014052
      78.8      0.1037416      0.1017658
      78.9      0.1040719      0.1021250
      79.0      0.1044010      0.1024829
      79.1      0.1047287      0.1028393
      79.2      0.1050550      0.1031942
      79.3      0.1053799      0.1035476
      79.4      0.1057033      0.1038995
      79.5      0.1060252      0.1042498
      79.6      0.1063455      0.1045984
      79.7      0.1066644      0.1049455
      79.8      0.1069816      0.1052908
      79.9      0.1072972      0.1056344
      80.0      0.1076111      0.1059763
      80.1      0.1079234      0.1063164
      80.2      0.1082340      0.1066546
      80.3      0.1085428      0.1069910
      80.4      0.1088498      0.1073255
      80.5      0.1091550      0.1076580
      80.6      0.1094584      0.1079886
      80.7      0.1097599      0.1083172
      80.8      0.1100596      0.1086438
      80.9      0.1103573      0.1089683
      81.0      0.1106530      0.1092907
      81.1      0.1109468      0.1096110
      81.2      0.1112386      0.1099291
      81.3      0.1115283      0.1102450
      81.4      0.1118159      0.1105587
      81.5      0.1121015      0.1108702
      81.6      0.1123849      0.1111793
      81.7      0.1126662      0.1114861
      81.8      0.1129453      0.1117906
      81.9      0.1132222      0.1120927
      82.0      0.1134969      0.1123923
      82.1      0.1137693      0.1126895
      82.2      0.1140394      0.1129843
      82.3      0.1143072      0.1132765
      82.4      0.1145726      0.1135662
      82.5      0.1148357      0.1138533
      82.6      0.1150964      0.1141378
      82.7      0.1153547      0.1144197
      82.8      0.1156106      0.1146990
      82.9      0.1158640      0.1149755
      83.0      0.1161149      0.1152494
      83.1      0.1163633      0.1155205
      83.2      0.1166091      0.1157888
      83.3      0.1168524      0.1160543
      83.4      0.1170931      0.1163171
      83.5      0.1173311      0.1165769
      83.6      0.1175666      0.1168339
      83.7      0.1177994      0.1170880
      83.8      0.1180295      0.1173391
      83.9      0.1182569      0.1175873
      84.0      0.1184816      0.1178325
      84.1      0.1187035      0.1180747
      84.2      0.1189227      0.1183139
      84.3      0.1191390      0.1185500
      84.4      0.1193526      0.1187830
      84.5      0.1195633      0.1190129
      84.6      0.1197712      0.1192397
      84.7      0.1199762      0.1194633
      84.8      0.1201783      0.1196837
      84.9      0.1203775      0.1199010
      85.0      0.1205738      0.1201150
      85.1      0.1207671      0.1203257
      85.2      0.1209574      0.1205332
      85.3      0.1211448      0.1207374
      85.4      0.1213291      0.1209383
      85.5      0.1215104      0.1211358
      85.6      0.1216887      0.1213300
      85.7      0.1218639      0.1215208
      85.8      0.1220360      0.1217082
      85.9      0.1222050      0.1218922
      86.0      0.1223709      0.1220728
      86.1      0.1225336      0.1222499
      86.2      0.1226932      0.1224235
      86.3      0.1228496      0.1225936
      86.4      0.1230029      0.1227602
      86.5      0.1231529      0.1229232
      86.6      0.1232998      0.1230827
      86.7      0.1234434      0.1232387
      86.8      0.1235837      0.1233910
      86.9      0.1237208      0.1235398
      87.0      0.1238546      0.1236849
      87.1      0.1239852      0.1238264
      87.2      0.1241124      0.1239642
      87.3      0.1242363      0.1240984
      87.4      0.1243569      0.1242288
      87.5      0.1244741      0.1243556
      87.6      0.1245880      0.1244787
      87.7      0.1246985      0.1245980
      87.8      0.1248056      0.1247136
      87.9      0.1249093      0.1248254
      88.0      0.1250096      0.1249335
      88.1      0.1251065      0.1250378
      88.2      0.1252000      0.1251382
      88.3      0.1252900      0.1252349
      88.4      0.1253766      0.1253277
      88.5      0.1254597      0.1254168
      88.6      0.1255394      0.1255019
      88.7      0.1256156      0.1255832
      88.8      0.1256882      0.1256607
      88.9      0.1257574      0.1257342
      89.0      0.1258231      0.1258039
      89.1      0.1258852      0.1258697
      89.2      0.1259439      0.1259316
      89.3      0.1259990      0.1259896
      89.4      0.1260505      0.1260436
      89.5      0.1260985      0.1260937
      89.6      0.1261430      0.1261399
      89.7      0.1261838      0.1261821
      89.8      0.1262211      0.1262204
      89.9      0.1262549      0.1262547
      90.0      0.1262850      0.1262850
      90.1      0.1263116      0.1263114
      90.2      0.1263345      0.1263338
      90.3      0.1263539      0.1263522
      90.4      0.1263696      0.1263666
      90.5      0.1263818      0.1263770
      90.6      0.1263903      0.1263834
      90.7      0.1263952      0.1263858
      90.8      0.1263965      0.1263842
      90.9      0.1263942      0.1263786
      91.0      0.1263882      0.1263690
      91.1      0.1263786      0.1263553
      91.2      0.1263654      0.1263377
      91.3      0.1263485      0.1263160
      91.4      0.1263280      0.1262903
      91.5      0.1263038      0.1262605
      91.6      0.1262760      0.1262268
      91.7      0.1262446      0.1261890
      91.8      0.1262095      0.1261472
      91.9      0.1261707      0.1261014
      92.0      0.1261283      0.1260515
      92.1      0.1260823      0.1259976
      92.2      0.1260326      0.1259397
      92.3      0.1259793      0.1258778
      92.4      0.1259223      0.1258118
      92.5      0.1258617      0.1257419
      92.6      0.1257974      0.1256679
      92.7      0.1257295      0.1255899
      92.8      0.1256579      0.1255079
      92.9      0.1255827      0.1254219
      93.0      0.1255039      0.1253319
      93.1      0.1254214      0.1252379
      93.2      0.1253353      0.1251399
      93.3      0.1252456      0.1250379
      93.4      0.1251522      0.1249320
      93.5      0.1250553      0.1248220
      93.6      0.1249547      0.1247081
      93.7      0.1248505      0.1245902
      93.8      0.1247426      0.1244684
      93.9      0.1246312      0.1243426
      94.0      0.1245162      0.1242129
      94.1      0.1243976      0.1240792
      94.2      0.1242754      0.1239417
      94.3      0.1241496      0.1238002
      94.4      0.1240203      0.1236547
      94.5      0.1238873      0.1235054
      94.6      0.1237509      0.1233522
      94.7      0.1236108      0.1231952
      94.8      0.1234672      0.1230342
      94.9      0.1233201      0.1228694
      95.0      0.1231694      0.1227007
      95.1      0.1230152      0.1225282
      95.2      0.1228576      0.1223519
      95.3      0.1226963      0.1221718
      95.4      0.1225316      0.1219878
      95.5      0.1223634      0.1218001
      95.6      0.1221918      0.1216086
      95.7      0.1220166      0.1214133
      95.8      0.1218380      0.1212143
      95.9      0.1216560      0.1210116
      96.0      0.1214705      0.1208051
      96.1      0.1212816      0.1205949
      96.2      0.1210893      0.1203810
      96.3      0.1208935      0.1201635
      96.4      0.1206944      0.1199422
      96.5      0.1204919      0.1197174
      96.6      0.1202860      0.1194889
      96.7      0.1200768      0.1192568
      96.8      0.1198642      0.1190210
      96.9      0.1196483      0.1187818
      97.0      0.1194291      0.1185389
      97.1      0.1192066      0.1182925
      97.2      0.1189808      0.1180426
      97.3      0.1187517      0.1177891
      97.4      0.1185193      0.1175322
      97.5      0.1182837      0.1172718
      97.6      0.1180449      0.1170079
      97.7      0.1178029      0.1167406
      97.8      0.1175576      0.1164699
      97.9      0.1173092      0.1161958
      98.0      0.1170576      0.1159184
      98.1      0.1168028      0.1156375
      98.2      0.1165449      0.1153534
      98.3      0.1162839      0.1150659
      98.4      0.1160198      0.1147751
      98.5      0.1157526      0.1144811
      98.6      0.1154823      0.1141838
      98.7      0.1152090      0.1138833
      98.8      0.1149326      0.1135796
      98.9      0.1146532      0.1132728
      99.0      0.1143708      0.1129627
      99.1      0.1140855      0.1126496
      99.2      0.1137971      0.1123333
      99.3      0.1135059      0.1120139
      99.4      0.1132117      0.1116915
      99.5      0.1129146      0.1113660
      99.6      0.1126146      0.1110376
      99.7      0.1123118      0.1107061
      99.8      0.1120061      0.1103717
      99.9      0.1116976      0.1100344
     100.0      0.1113863      0.1096941
     100.1      0.1110722      0.1093509
     100.2      0.1107554      0.1090049
     100.3      0.1104358      0.1086561
     100.4      0.1101135      0.1083045
     100.5      0.1097885      0.1079501
     100.6      0.1094608      0.1075929
     100.7      0.1091305      0.1072330
     100.8      0.1087975      0.1068704
     100.9      0.1084620      0.1065052
     101.0      0.1081238      0.1061373
     101.1      0.1077831      0.1057668
     101.2      0.1074399      0.1053937
     101.3      0.1070941      0.1050181
     101.4      0.1067459      0.1046399
     101.5      0.1063952      0.1042593
     101.6      0.1060420      0.1038761
     101.7      0.1056865      0.1034906
     101.8      0.1053285      0.1031026
     101.9      0.1049682      0.1027123
     102.0      0.1046055      0.1023196
     102.1      0.1042405      0.1019246
     102.2      0.1038732      0.1015273
     102.3      0.1035037      0.1011278
     102.4      0.1031319      0.1007261
     102.5      0.1027579      0.1003221
     102.6      0.1023817      0.0999160
     102.7      0.1020033      0.0995078
     102.8      0.1016228      0.0990974
     102.9      0.1012402      0.0986851
     103.0      0.1008556      0.0982706
     103.1      0.1004688      0.0978542
     103.2      0.1000800      0.0974358
     103.3      0.0996893      0.0970155
     103.4      0.0992965      0.0965933
     103.5      0.0989019      0.0961692
     103.6      0.0985053      0.0957433
     103.7      0.0981068      0.0953155
     103.8      0.0977064      0.0948860
     103.9      0.0973042      0.0944548
     104.0      0.0969002      0.0940219
     104.1      0.0964945      0.0935873
     104.2      0.0960870      0.0931511
     104.3      0.0956778      0.0927132
     104.4      0.0952668      0.0922739
     104.5      0.0948543      0.0918329
     104.6      0.0944401      0.0913905
     104.7      0.0940243      0.0909467
     104.8      0.0936069      0.0905014
     104.9      0.0931881      0.0900547
     105.0      0.0927677      0.0896067
     105.1      0.0923458      0.0891573
     105.2      0.0919225      0.0887067
     105.3      0.0914977      0.0882548
     105.4      0.0910716      0.0878017
     105.5      0.0906441      0.0873474
     105.6      0.0902153      0.0868920
     105.7      0.0897852      0.0864355
     105.8      0.0893539      0.0859779
     105.9      0.0889213      0.0855193
     106.0      0.0884876      0.0850597
     106.1      0.0880526      0.0845991
     106.2      0.0876166      0.0841377
     106.3      0.0871794      0.0836753
     106.4      0.0867412      0.0832121
     106.5      0.0863020      0.0827480
     106.6      0.0858617      0.0822832
     106.7      0.0854205      0.0818176
     106.8      0.0849783      0.0813514
     106.9      0.0845352      0.0808845
     107.0      0.0840913      0.0804169
     107.1      0.0836465      0.0799488
     107.2      0.0832010      0.0794801
     107.3      0.0827546      0.0790109
     107.4      0.0823075      0.0785412
     107.5      0.0818598      0.0780710
     107.6      0.0814113      0.0776005
     107.7      0.0809622      0.0771296
     107.8      0.0805125      0.0766584
     107.9      0.0800623      0.0761868
     108.0      0.0796115      0.0757150
     108.1      0.0791602      0.0752430
     108.2      0.0787085      0.0747708
     108.3      0.0782563      0.0742985
     108.4      0.0778037      0.0738261
     108.5      0.0773508      0.0733536
     108.6      0.0768975      0.0728811
     108.7      0.0764440      0.0724085
     108.8      0.0759902      0.0719361
     108.9      0.0755362      0.0714637
     109.0      0.0750820      0.0709914
     109.1      0.0746276      0.0705193
     109.2      0.0741731      0.0700473
     109.3      0.0737186      0.0695757
     109.4      0.0732640      0.0691042
     109.5      0.0728094      0.0686331
     109.6      0.0723548      0.0681624
     109.7      0.0719003      0.0676920
     109.8      0.0714458      0.0672220
     109.9      0.0709915      0.0667525
     110.0      0.0705374      0.0662835
     110.1      0.0700835      0.0658150
     110.2      0.0696298      0.0653471
     110.3      0.0691764      0.0648798
     110.4      0.0687233      0.0644132
     110.5      0.0682706      0.0639472
     110.6      0.0678183      0.0634819
     110.7      0.0673663      0.0630174
     110.8      0.0669149      0.0625537
     110.9      0.0664639      0.0620909
     111.0      0.0660134      0.0616288
     111.1      0.0655635      0.0611677
     111.2      0.0651143      0.0607076
     111.3      0.0646656      0.0602484
     111.4      0.0642177      0.0597902
     111.5      0.0637704      0.0593331
     111.6      0.0633239      0.0588771
     111.7      0.0628782      0.0584222
     111.8      0.0624333      0.0579684
     111.9      0.0619892      0.0575159
     112.0      0.0615461      0.0570645
     112.1      0.0611039      0.0566145
     112.2      0.0606626      0.0561657
     112.3      0.0602224      0.0557183
     112.4      0.0597831      0.0552723
     112.5      0.0593450      0.0548276
     112.6      0.0589080      0.0543845
     112.7      0.0584721      0.0539428
     112.8      0.0580375      0.0535026
     112.9      0.0576040      0.0530640
     113.0      0.0571718      0.0526269
     113.1      0.0567409      0.0521915
     113.2      0.0563113      0.0517577
     113.3      0.0558831      0.0513257
     113.4      0.0554564      0.0508953
     113.5      0.0550310      0.0504667
     113.6      0.0546071      0.0500399
     113.7      0.0541848      0.0496150
     113.8      0.0537640      0.0491919
     113.9      0.0533448      0.0487707
     114.0      0.0529272      0.0483514
     114.1      0.0525113      0.0479341
     114.2      0.0520971      0.0475188
     114.3      0.0516846      0.0471055
     114.4      0.0512739      0.0466943
     114.5      0.0508650      0.0462852
     114.6      0.0504579      0.0458782
     114.7      0.0500527      0.0454733
     114.8      0.0496495      0.0450707
     114.9      0.0492482      0.0446702
     115.0      0.0488488      0.0442721
     115.1      0.0484515      0.0438762
     115.2      0.0480563      0.0434827
     115.3      0.0476632      0.0430914
     115.4      0.0472722      0.0427026
     115.5      0.0468833      0.0423162
     115.6      0.0464967      0.0419323
     115.7      0.0461123      0.0415508
     115.8      0.0457302      0.0411718
     115.9      0.0453504      0.0407953
     116.0      0.0449730      0.0404215
     116.1      0.0445979      0.0400502
     116.2      0.0442253      0.0396815
     116.3      0.0438551      0.0393155
     116.4      0.0434874      0.0389522
     116.5      0.0431222      0.0385916
     116.6      0.0427596      0.0382337
     116.7      0.0423996      0.0378786
     116.8      0.0420422      0.0375263
     116.9      0.0416875      0.0371768
     117.0      0.0413355      0.0368302
     117.1      0.0409862      0.0364864
     117.2      0.0406397      0.0361456
     117.3      0.0402959      0.0358077
     117.4      0.0399551      0.0354727
     117.5      0.0396171      0.0351408
     117.6      0.0392820      0.0348118
     117.7      0.0389498      0.0344859
     117.8      0.0386207      0.0341631
     117.9      0.0382945      0.0338434
     118.0      0.0379714      0.0335267
     118.1      0.0376513      0.0332133
     118.2      0.0373344      0.0329029
     118.3      0.0370206      0.0325958
     118.4      0.0367100      0.0322919
     118.5      0.0364026      0.0319913
     118.6      0.0360985      0.0316939
     118.7      0.0357976      0.0313998
     118.8      0.0355001      0.0311090
     118.9      0.0352059      0.0308215
     119.0      0.0349150      0.0305374
     119.1      0.0346276      0.0302566
     119.2      0.0343436      0.0299793
     119.3      0.0340631      0.0297054
     119.4      0.0337861      0.0294349
     119.5      0.0335127      0.0291679
     119.6      0.0332428      0.0289044
     119.7      0.0329765      0.0286444
     119.8      0.0327139      0.0283880
     119.9      0.0324549      0.0281350
     120.0      0.0321996      0.0278857
     120.1      0.0319480      0.0276399
     120.2      0.0317003      0.0273977
     120.3      0.0314563      0.0271592
     120.4      0.0312161      0.0269243
     120.5      0.0309798      0.0266931
     120.6      0.0307473      0.0264655
     120.7      0.0305188      0.0262417
     120.8      0.0302942      0.0260215
     120.9      0.0300736      0.0258051
     121.0      0.0298570      0.0255924
     121.1      0.0296444      0.0253836
     121.2      0.0294359      0.0251784
     121.3      0.0292315      0.0249771
     121.4      0.0290312      0.0247796
     121.5      0.0288351      0.0245860
     121.6      0.0286431      0.0243961
     121.7      0.0284554      0.0242102
     121.8      0.0282719      0.0240281
     121.9      0.0280927      0.0238499
     122.0      0.0279177      0.0236756
     122.1      0.0277471      0.0235052
     122.2      0.0275808      0.0233387
     122.3      0.0274189      0.0231762
     122.4      0.0272615      0.0230176
     122.5      0.0271084      0.0228630
     122.6      0.0269598      0.0227124
     122.7      0.0268157      0.0225657
     122.8      0.0266761      0.0224231
     122.9      0.0265411      0.0222844
     123.0      0.0264106      0.0221498
     123.1      0.0262847      0.0220192
     123.2      0.0261634      0.0218926
     123.3      0.0260468      0.0217701
     123.4      0.0259349      0.0216517
     123.5      0.0258276      0.0215373
     123.6      0.0257251      0.0214270
     123.7      0.0256273      0.0213207
     123.8      0.0255343      0.0212186
     123.9      0.0254461      0.0211205
     124.0      0.0253627      0.0210266
     124.1      0.0252841      0.0209368
     124.2      0.0252104      0.0208510
     124.3      0.0251416      0.0207694
     124.4      0.0250777      0.0206920
     124.5      0.0250188      0.0206187
     124.6      0.0249648      0.0205495
     124.7      0.0249158      0.0204844
     124.8      0.0248719      0.0204235
     124.9      0.0248329      0.0203667
     125.0      0.0247990      0.0203141
     125.1      0.0247702      0.0202657
     125.2      0.0247464      0.0202214
     125.3      0.0247278      0.0201813
     125.4      0.0247144      0.0201454
     125.5      0.0247060      0.0201136
     125.6      0.0247029      0.0200859
     125.7      0.0247050      0.0200625
     125.8      0.0247123      0.0200432
     125.9      0.0247248      0.0200281
     126.0      0.0247426      0.0200172
     126.1      0.0247657      0.0200104
     126.2      0.0247940      0.0200078
     126.3      0.0248277      0.0200094
     126.4      0.0248668      0.0200151
     126.5      0.0249112      0.0200250
     126.6      0.0249609      0.0200391
     126.7      0.0250161      0.0200573
     126.8      0.0250767      0.0200797
     126.9      0.0251427      0.0201062
     127.0      0.0252141      0.0201369
     127.1      0.0252910      0.0201717
     127.2      0.0253734      0.0202107
     127.3      0.0254613      0.0202538
     127.4      0.0255547      0.0203011
     127.5      0.0256537      0.0203524
     127.6      0.0257582      0.0204079
     127.7      0.0258682      0.0204675
     127.8      0.0259839      0.0205313
     127.9      0.0261051      0.0205991
     128.0      0.0262319      0.0206710
     128.1      0.0263644      0.0207470
     128.2      0.0265025      0.0208271
     128.3      0.0266462      0.0209113
     128.4      0.0267956      0.0209996
     128.5      0.0269507      0.0210918
     128.6      0.0271115      0.0211882
     128.7      0.0272780      0.0212886
     128.8      0.0274502      0.0213930
     128.9      0.0276281      0.0215014
     129.0      0.0278118      0.0216138
     129.1      0.0280012      0.0217303
     129.2      0.0281964      0.0218507
     129.3      0.0283974      0.0219751
     129.4      0.0286042      0.0221034
     129.5      0.0288168      0.0222357
     129.6      0.0290351      0.0223720
     129.7      0.0292593      0.0225121
     129.8      0.0294894      0.0226562
     129.9      0.0297252      0.0228042
     130.0      0.0299670      0.0229560
     130.1      0.0302146      0.0231118
     130.2      0.0304680      0.0232713
     130.3      0.0307273      0.0234348
     130.4      0.0309926      0.0236020
     130.5      0.0312637      0.0237731
     130.6      0.0315407      0.0239479
     130.7      0.0318236      0.0241266
     130.8      0.0321125      0.0243090
     130.9      0.0324072      0.0244951
     131.0      0.0327079      0.0246850
     131.1      0.0330146      0.0248786
     131.2      0.0333271      0.0250758
     131.3      0.0336457      0.0252768
     131.4      0.0339701      0.0254814
     131.5      0.0343006      0.0256896
     131.6      0.0346370      0.0259015
     131.7      0.0349794      0.0261169
     131.8      0.0353277      0.0263360
     131.9      0.0356821      0.0265586
     132.0      0.0360424      0.0267847
     132.1      0.0364087      0.0270143
     132.2      0.0367809      0.0272475
     132.3      0.0371592      0.0274841
     132.4      0.0375435      0.0277242
     132.5      0.0379338      0.0279677
     132.6      0.0383300      0.0282146
     132.7      0.0387323      0.0284649
     132.8      0.0391406      0.0287186
     132.9      0.0395549      0.0289756
     133.0      0.0399752      0.0292360
     133.1      0.0404014      0.0294996
     133.2      0.0408337      0.0297665
     133.3      0.0412720      0.0300367
     133.4      0.0417163      0.0303100
     133.5      0.0421667      0.0305866
     133.6      0.0426230      0.0308664
     133.7      0.0430853      0.0311493
     133.8      0.0435536      0.0314353
     133.9      0.0440279      0.0317244
     134.0      0.0445083      0.0320166
     134.1      0.0449946      0.0323118
     134.2      0.0454869      0.0326100
     134.3      0.0459852      0.0329113
     134.4      0.0464895      0.0332154
     134.5      0.0469997      0.0335226
     134.6      0.0475160      0.0338326
     134.7      0.0480382      0.0341455
     134.8      0.0485664      0.0344613
     134.9      0.0491006      0.0347799
     135.0      0.0496407      0.0351013
     135.1      0.0501868      0.0354254
     135.2      0.0507388      0.0357523
     135.3      0.0512968      0.0360819
     135.4      0.0518607      0.0364141
     135.5      0.0524305      0.0367490
     135.6      0.0530063      0.0370866
     135.7      0.0535880      0.0374267
     135.8      0.0541756      0.0377693
     135.9      0.0547691      0.0381145
     136.0      0.0553685      0.0384622
     136.1      0.0559738      0.0388123
     136.2      0.0565849      0.0391649
     136.3      0.0572020      0.0395198
     136.4      0.0578249      0.0398772
     136.5      0.0584536      0.0402368
     136.6      0.0590882      0.0405988
     136.7      0.0597286      0.0409630
     136.8      0.0603749      0.0413294
     136.9      0.0610269      0.0416981
     137.0      0.0616848      0.0420689
     137.1      0.0623484      0.0424419
     137.2      0.0630178      0.0428169
     137.3      0.0636930      0.0431940
     137.4      0.0643739      0.0435732
     137.5      0.0650606      0.0439543
     137.6      0.0657530      0.0443374
     137.7      0.0664511      0.0447224
     137.8      0.0671549      0.0451093
     137.9      0.0678644      0.0454981
     138.0      0.0685796      0.0458887
     138.1      0.0693005      0.0462811
     138.2      0.0700269      0.0466752
     138.3      0.0707591      0.0470711
     138.4      0.0714968      0.0474686
     138.5      0.0722401      0.0478678
     138.6      0.0729890      0.0482685
     138.7      0.0737435      0.0486709
     138.8      0.0745036      0.0490747
     138.9      0.0752692      0.0494801
     139.0      0.0760403      0.0498869
     139.1      0.0768169      0.0502951
     139.2      0.0775989      0.0507047
     139.3      0.0783865      0.0511157
     139.4      0.0791795      0.0515280
     139.5      0.0799779      0.0519415
     139.6      0.0807818      0.0523563
     139.7      0.0815910      0.0527722
     139.8      0.0824057      0.0531894
     139.9      0.0832256      0.0536076
     140.0      0.0840509      0.0540269
     140.1      0.0848816      0.0544473
     140.2      0.0857175      0.0548686
     140.3      0.0865587      0.0552909
     140.4      0.0874052      0.0557142
     140.5      0.0882569      0.0561383
     140.6      0.0891138      0.0565632
     140.7      0.0899759      0.0569890
     140.8      0.0908432      0.0574155
     140.9      0.0917156      0.0578428
     141.0      0.0925931      0.0582708
     141.1      0.0934758      0.0586993
     141.2      0.0943635      0.0591285
     141.3      0.0952563      0.0595583
     141.4      0.0961541      0.0599886
     141.5      0.0970570      0.0604194
     141.6      0.0979648      0.0608506
     141.7      0.0988776      0.0612823
     141.8      0.0997953      0.0617143
     141.9      0.1007180      0.0621466
     142.0      0.1016455      0.0625792
     142.1      0.1025779      0.0630121
     142.2      0.1035151      0.0634451
     142.3      0.1044571      0.0638784
     142.4      0.1054040      0.0643117
     142.5      0.1063555      0.0647452
     142.6      0.1073119      0.0651786
     142.7      0.1082729      0.0656121
     142.8      0.1092386      0.0660456
     142.9      0.1102089      0.0664789
     143.0      0.1111839      0.0669122
     143.1      0.1121635      0.0673452
     143.2      0.1131476      0.0677781
     143.3      0.1141363      0.0682107
     143.4      0.1151295      0.0686431
     143.5      0.1161272      0.0690751
     143.6      0.1171293      0.0695067
     143.7      0.1181359      0.0699380
     143.8      0.1191468      0.0703688
     143.9      0.1201621      0.0707991
     144.0      0.1211818      0.0712289
     144.1      0.1222057      0.0716581
     144.2      0.1232340      0.0720867
     144.3      0.1242664      0.0725146
     144.4      0.1253031      0.0729418
     144.5      0.1263440      0.0733683
     144.6      0.1273890      0.0737941
     144.7      0.1284381      0.0742190
     144.8      0.1294914      0.0746430
     144.9      0.1305486      0.0750661
     145.0      0.1316099      0.0754884
     145.1      0.1326752      0.0759096
     145.2      0.1337445      0.0763298
     145.3      0.1348176      0.0767489
     145.4      0.1358947      0.0771669
     145.5      0.1369756      0.0775838
     145.6      0.1380603      0.0779995
     145.7      0.1391488      0.0784140
     145.8      0.1402411      0.0788272
     145.9      0.1413371      0.0792391
     146.0      0.1424368      0.0796496
     146.1      0.1435401      0.0800588
     146.2      0.1446471      0.0804665
     146.3      0.1457576      0.0808728
     146.4      0.1468717      0.0812776
     146.5      0.1479893      0.0816808
     146.6      0.1491103      0.0820824
     146.7      0.1502348      0.0824824
     146.8      0.1513627      0.0828807
     146.9      0.1524940      0.0832773
     147.0      0.1536286      0.0836721
     147.1      0.1547665      0.0840652
     147.2      0.1559076      0.0844565
     147.3      0.1570520      0.0848458
     147.4      0.1581995      0.0852333
     147.5      0.1593502      0.0856188
     147.6      0.1605040      0.0860024
     147.7      0.1616609      0.0863839
     147.8      0.1628208      0.0867633
     147.9      0.1639836      0.0871407
     148.0      0.1651495      0.0875159
     148.1      0.1663182      0.0878889
     148.2      0.1674898      0.0882597
     148.3      0.1686643      0.0886283
     148.4      0.1698415      0.0889946
     148.5      0.1710215      0.0893585
     148.6      0.1722043      0.0897201
     148.7      0.1733897      0.0900792
     148.8      0.1745777      0.0904360
     148.9      0.1757683      0.0907902
     149.0      0.1769615      0.0911419
     149.1      0.1781573      0.0914911
     149.2      0.1793554      0.0918377
     149.3      0.1805561      0.0921816
     149.4      0.1817591      0.0925229
     149.5      0.1829645      0.0928615
     149.6      0.1841721      0.0931973
     149.7      0.1853821      0.0935304
     149.8      0.1865943      0.0938606
     149.9      0.1878087      0.0941881
     150.0      0.1890252      0.0945126
     150.1      0.1902438      0.0948342
     150.2      0.1914645      0.0951529
     150.3      0.1926872      0.0954685
     150.4      0.1939119      0.0957812
     150.5      0.1951385      0.0960908
     150.6      0.1963670      0.0963973
     150.7      0.1975974      0.0967007
     150.8      0.1988296      0.0970009
     150.9      0.2000635      0.0972980
     151.0      0.2012992      0.0975918
     151.1      0.2025365      0.0978823
     151.2      0.2037755      0.0981696
     151.3      0.2050160      0.0984535
     151.4      0.2062581      0.0987341
     151.5      0.2075018      0.0990113
     151.6      0.2087468      0.0992850
     151.7      0.2099933      0.0995554
     151.8      0.2112412      0.0998222
     151.9      0.2124904      0.1000855
     152.0      0.2137408      0.1003452
     152.1      0.2149925      0.1006014
     152.2      0.2162454      0.1008540
     152.3      0.2174995      0.1011029
     152.4      0.2187546      0.1013482
     152.5      0.2200109      0.1015897
     152.6      0.2212681      0.1018275
     152.7      0.2225263      0.1020616
     152.8      0.2237854      0.1022919
     152.9      0.2250454      0.1025183
     153.0      0.2263063      0.1027409
     153.1      0.2275679      0.1029596
     153.2      0.2288303      0.1031744
     153.3      0.2300933      0.1033853
     153.4      0.2313571      0.1035922
     153.5      0.2326214      0.1037952
     153.6      0.2338863      0.1039941
     153.7      0.2351517      0.1041889
     153.8      0.2364176      0.1043797
     153.9      0.2376839      0.1045664
     154.0      0.2389505      0.1047490
     154.1      0.2402175      0.1049275
     154.2      0.2414848      0.1051017
     154.3      0.2427524      0.1052718
     154.4      0.2440201      0.1054376
     154.5      0.2452880      0.1055992
     154.6      0.2465559      0.1057565
     154.7      0.2478239      0.1059095
     154.8      0.2490920      0.1060582
     154.9      0.2503600      0.1062025
     155.0      0.2516279      0.1063425
     155.1      0.2528956      0.1064781
     155.2      0.2541632      0.1066093
     155.3      0.2554306      0.1067360
     155.4      0.2566977      0.1068583
     155.5      0.2579644      0.1069761
     155.6      0.2592308      0.1070894
     155.7      0.2604968      0.1071982
     155.8      0.2617623      0.1073024
     155.9      0.2630274      0.1074021
     156.0      0.2642918      0.1074972
     156.1      0.2655557      0.1075877
     156.2      0.2668189      0.1076735
     156.3      0.2680814      0.1077547
     156.4      0.2693432      0.1078313
     156.5      0.2706042      0.1079032
     156.6      0.2718643      0.1079703
     156.7      0.2731236      0.1080328
     156.8      0.2743819      0.1080905
     156.9      0.2756393      0.1081435
     157.0      0.2768956      0.1081917
     157.1      0.2781509      0.1082352
     157.2      0.2794050      0.1082738
     157.3      0.2806580      0.1083076
     157.4      0.2819098      0.1083366
     157.5      0.2831603      0.1083607
     157.6      0.2844094      0.1083800
     157.7      0.2856573      0.1083944
     157.8      0.2869037      0.1084039
     157.9      0.2881487      0.1084085
     158.0      0.2893922      0.1084082
     158.1      0.2906341      0.1084030
     158.2      0.2918745      0.1083928
     158.3      0.2931132      0.1083777
     158.4      0.2943503      0.1083576
     158.5      0.2955856      0.1083325
     158.6      0.2968191      0.1083024
     158.7      0.2980508      0.1082673
     158.8      0.2992807      0.1082272
     158.9      0.3005086      0.1081821
     159.0      0.3017345      0.1081320
     159.1      0.3029585      0.1080768
     159.2      0.3041804      0.1080166
     159.3      0.3054002      0.1079513
     159.4      0.3066178      0.1078809
     159.5      0.3078332      0.1078055
     159.6      0.3090464      0.1077250
     159.7      0.3102573      0.1076393
     159.8      0.3114659      0.1075486
     159.9      0.3126721      0.1074528
     160.0      0.3138759      0.1073519
     160.1      0.3150772      0.1072458
     160.2      0.3162759      0.1071346
     160.3      0.3174721      0.1070183
     160.4      0.3186657      0.1068969
     160.5      0.3198566      0.1067703
     160.6      0.3210449      0.1066386
     160.7      0.3222303      0.1065018
     160.8      0.3234130      0.1063598
     160.9      0.3245929      0.1062126
     161.0      0.3257698      0.1060603
     161.1      0.3269438      0.1059028
     161.2      0.3281149      0.1057402
     161.3      0.3292829      0.1055724
     161.4      0.3304479      0.1053994
     161.5      0.3316097      0.1052213
     161.6      0.3327684      0.1050380
     161.7      0.3339239      0.1048496
     161.8      0.3350761      0.1046560
     161.9      0.3362251      0.1044572
     162.0      0.3373707      0.1042533
     162.1      0.3385129      0.1040442
     162.2      0.3396517      0.1038299
     162.3      0.3407870      0.1036105
     162.4      0.3419189      0.1033860
     162.5      0.3430471      0.1031563
     162.6      0.3441718      0.1029214
     162.7      0.3452928      0.1026814
     162.8      0.3464102      0.1024363
     162.9      0.3475238      0.1021860
     163.0      0.3486336      0.1019306
     163.1      0.3497396      0.1016701
     163.2      0.3508418      0.1014044
     163.3      0.3519400      0.1011337
     163.4      0.3530343      0.1008578
     163.5      0.3541247      0.1005768
     163.6      0.3552109      0.1002908
     163.7      0.3562932      0.0999996
     163.8      0.3573712      0.0997034
     163.9      0.3584452      0.0994021
     164.0      0.3595149      0.0990957
     164.1      0.3605804      0.0987843
     164.2      0.3616416      0.0984679
     164.3      0.3626985      0.0981464
     164.4      0.3637510      0.0978199
     164.5      0.3647991      0.0974883
     164.6      0.3658427      0.0971518
     164.7      0.3668819      0.0968102
     164.8      0.3679165      0.0964637
     164.9      0.3689466      0.0961123
     165.0      0.3699721      0.0957558
     165.1      0.3709928      0.0953944
     165.2      0.3720089      0.0950281
     165.3      0.3730203      0.0946569
     165.4      0.3740269      0.0942807
     165.5      0.3750287      0.0938997
     165.6      0.3760256      0.0935138
     165.7      0.3770177      0.0931230
     165.8      0.3780048      0.0927274
     165.9      0.3789869      0.0923269
     166.0      0.3799640      0.0919216
     166.1      0.3809361      0.0915115
     166.2      0.3819031      0.0910967
     166.3      0.3828650      0.0906770
     166.4      0.3838217      0.0902527
     166.5      0.3847732      0.0898235
     166.6      0.3857195      0.0893897
     166.7      0.3866605      0.0889512
     166.8      0.3875962      0.0885079
     166.9      0.3885266      0.0880601
     167.0      0.3894516      0.0876075
     167.1      0.3903711      0.0871504
     167.2      0.3912852      0.0866886
     167.3      0.3921938      0.0862223
     167.4      0.3930968      0.0857514
     167.5      0.3939943      0.0852760
     167.6      0.3948862      0.0847960
     167.7      0.3957725      0.0843116
     167.8      0.3966531      0.0838226
     167.9      0.3975280      0.0833292
     168.0      0.3983971      0.0828314
     168.1      0.3992605      0.0823292
     168.2      0.4001180      0.0818226
     168.3      0.4009697      0.0813116
     168.4      0.4018155      0.0807962
     168.5      0.4026555      0.0802766
     168.6      0.4034894      0.0797526
     168.7      0.4043174      0.0792244
     168.8      0.4051394      0.0786920
     168.9      0.4059553      0.0781553
     169.0      0.4067652      0.0776145
     169.1      0.4075689      0.0770694
     169.2      0.4083666      0.0765203
     169.3      0.4091580      0.0759670
     169.4      0.4099432      0.0754096
     169.5      0.4107222      0.0748482
     169.6      0.4114949      0.0742827
     169.7      0.4122614      0.0737132
     169.8      0.4130215      0.0731398
     169.9      0.4137752      0.0725624
     170.0      0.4145226      0.0719811
     170.1      0.4152635      0.0713959
     170.2      0.4159980      0.0708068
     170.3      0.4167260      0.0702139
     170.4      0.4174475      0.0696172
     170.5      0.4181625      0.0690167
     170.6      0.4188709      0.0684125
     170.7      0.4195727      0.0678046
     170.8      0.4202679      0.0671929
     170.9      0.4209565      0.0665777
     171.0      0.4216383      0.0659588
     171.1      0.4223135      0.0653363
     171.2      0.4229819      0.0647102
     171.3      0.4236436      0.0640807
     171.4      0.4242985      0.0634476
     171.5      0.4249466      0.0628111
     171.6      0.4255879      0.0621712
     171.7      0.4262223      0.0615278
     171.8      0.4268498      0.0608811
     171.9      0.4274704      0.0602311
     172.0      0.4280840      0.0595778
     172.1      0.4286907      0.0589212
     172.2      0.4292904      0.0582614
     172.3      0.4298831      0.0575984
     172.4      0.4304688      0.0569322
     172.5      0.4310474      0.0562630
     172.6      0.4316189      0.0555906
     172.7      0.4321834      0.0549152
     172.8      0.4327407      0.0542368
     172.9      0.4332908      0.0535554
     173.0      0.4338338      0.0528710
     173.1      0.4343696      0.0521838
     173.2      0.4348982      0.0514937
     173.3      0.4354195      0.0508007
     173.4      0.4359336      0.0501050
     173.5      0.4364404      0.0494065
     173.6      0.4369399      0.0487052
     173.7      0.4374321      0.0480013
     173.8      0.4379170      0.0472948
     173.9      0.4383945      0.0465856
     174.0      0.4388646      0.0458738
     174.1      0.4393273      0.0451596
     174.2      0.4397827      0.0444428
     174.3      0.4402306      0.0437236
     174.4      0.4406710      0.0430020
     174.5      0.4411040      0.0422779
     174.6      0.4415295      0.0415516
     174.7      0.4419474      0.0408229
     174.8      0.4423579      0.0400920
     174.9      0.4427609      0.0393589
     175.0      0.4431562      0.0386236
     175.1      0.4435441      0.0378862
     175.2      0.4439243      0.0371466
     175.3      0.4442969      0.0364050
     175.4      0.4446620      0.0356614
     175.5      0.4450193      0.0349158
     175.6      0.4453691      0.0341683
     175.7      0.4457112      0.0334189
     175.8      0.4460456      0.0326676
     175.9      0.4463724      0.0319145
     176.0      0.4466914      0.0311596
     176.1      0.4470028      0.0304030
     176.2      0.4473064      0.0296447
     176.3      0.4476023      0.0288848
     176.4      0.4478904      0.0281233
     176.5      0.4481708      0.0273602
     176.6      0.4484434      0.0265956
     176.7      0.4487082      0.0258295
     176.8      0.4489652      0.0250619
     176.9      0.4492145      0.0242930
     177.0      0.4494559      0.0235227
     177.1      0.4496895      0.0227511
     177.2      0.4499153      0.0219783
     177.3      0.4501332      0.0212042
     177.4      0.4503433      0.0204289
     177.5      0.4505455      0.0196525
     177.6      0.4507399      0.0188750
     177.7      0.4509264      0.0180965
     177.8      0.4511050      0.0173169
     177.9      0.4512757      0.0165364
     178.0      0.4514385      0.0157550
     178.1      0.4515935      0.0149727
     178.2      0.4517405      0.0141895
     178.3      0.4518796      0.0134056
     178.4      0.4520108      0.0126209
     178.5      0.4521340      0.0118355
     178.6      0.4522494      0.0110494
     178.7      0.4523568      0.0102628
     178.8      0.4524562      0.0094755
     178.9      0.4525478      0.0086878
     179.0      0.4526313      0.0078995
     179.1      0.4527070      0.0071108
     179.2      0.4527746      0.0063217
     179.3      0.4528343      0.0055323
     179.4      0.4528861      0.0047425
     179.5      0.4529299      0.0039525
     179.6      0.4529657      0.0031623
     179.7      0.4529936      0.0023719
     179.8      0.4530135      0.0015813
     179.9      0.4530255      0.0007907
     180.0      0.4530295      0.0000000
