 # List of d(q) for j, j' =           34          35
 #    0  1.00000000
 #    1  0.93309228
 #    2  0.83480280
 #    3  0.74199081
 #    4  0.66798231
 #    5  0.60852411
 #    6  0.55801330
 #    7  0.51505224
 #    8  0.47978051
 #    9  0.45136700
 #   10  0.42767973
 #   11  0.40660880
 #   12  0.38746119
 #   13  0.37044478
 #   14  0.35536600
 #   15  0.34162955
 #   16  0.32892342
 #   17  0.31725153
 #   18  0.30666749
 #   19  0.29707532
 #   20  0.28812330
 #   21  0.27945227
 #   22  0.27108502
 #   23  0.26324091
 #   24  0.25592954
 #   25  0.24900503
 #   26  0.24245036
 #   27  0.23631334
 #   28  0.23052807
 #   29  0.22496303
 #   30  0.21957114
 #   31  0.21437614
 #   32  0.20938860
 #   33  0.20457835
 #   34  0.19992794
 #   35  0.19545918
 #   36  0.19120433
 #   37  0.18720034
 #   38  0.18342303
 #   39  0.17979301
 #   40  0.17633545
 #   41  0.17278187
 #   42  0.16951333
 #   43  0.16597492
 #   44  0.16290808
 #   45  0.15955276
 #   46  0.15675841
 #   47  0.15354746
 #   48  0.15118959
 #   49  0.14796337
 #   50  0.14599569
 #   51  0.14278430
 #   52  0.14110832
 #   53  0.13730873
 #   54  0.13657862
 #   55  0.13197583
 #   56  0.13279650
 #   57  0.12755093
 #   58  0.12948310
 #   59  0.12328679
 #   60  0.12624209
 #   61  0.11861089
 #   62  0.12403933
 #   63  0.11443323
 #   64  0.12324761
 #   65  0.10859878
 #   66  0.12908037
 #   67  0.09863218
 #   68  0.17018814
       0.0   2189.0543600      0.0000000
       0.1   2185.9124182      3.8151349
       0.2   2176.5078164      7.5974301
       0.3   2160.9040388     11.3144154
       0.4   2139.2062716     14.9343558
       0.5   2111.5604789     18.4266075
       0.6   2078.1521220     21.7619604
       0.7   2039.2045337     24.9129635
       0.8   1994.9769661     27.8542282
       0.9   1945.7623298     30.5627063
       1.0   1891.8846468     33.0179398
       1.1   1833.6962437     35.2022780
       1.2   1771.5747121     37.1010615
       1.3   1705.9196659     38.7027685
       1.4   1637.1493287     39.9991241
       1.5   1565.6969838     40.9851690
       1.6   1492.0073216     41.6592894
       1.7   1416.5327203     42.0232054
       1.8   1339.7294959     42.0819204
       1.9   1262.0541566     41.8436307
       2.0   1183.9596996     41.3195976
       2.1   1105.8919823     40.5239837
       2.2   1028.2862049     39.4736545
       2.3    951.5635351     38.1879504
       2.4    876.1279070     36.6884289
       2.5    802.3630219     34.9985835
       2.6    730.6295793     33.1435409
       2.7    661.2627599     31.1497416
       2.8    594.5699843     29.0446069
       2.9    530.8289630     26.8561979
       3.0    470.2860544     24.6128704
       3.1    413.1549417     22.3429288
       3.2    359.6156373     20.0742861
       3.3    309.8138192     17.8341310
       3.4    263.8605003     15.6486094
       3.5    221.8320296     13.5425214
       3.6    183.7704186     11.5390401
       3.7    149.6839846      9.6594530
       3.8    119.5482984      7.9229320
       3.9     93.3074224      6.3463315
       4.0     70.8754204      4.9440194
       4.1     52.1381183      3.7277422
       4.2     36.9550950      2.7065245
       4.3     25.1618759      1.8866054
       4.4     16.5723053      1.2714112
       4.5     10.9810677      0.8615646
       4.6      8.1663304      0.6549309
       4.7      7.8924763      0.6466977
       4.8      9.9128978      0.8294899
       4.9     13.9728212      1.1935154
       5.0     19.8121304      1.7267409
       5.1     27.1681619      2.4150947
       5.2     35.7784418      3.2426925
       5.3     45.3833362      4.1920854
       5.4     55.7285915      5.2445237
       5.5     66.5677372      6.3802349
       5.6     77.6643315      7.5787107
       5.7     88.7940281      8.8190007
       5.8     99.7464467     10.0800066
       5.9    110.3268323     11.3407750
       6.0    120.3574904     12.5807835
       6.1    129.6789885     13.7802173
       6.2    138.1511168     14.9202316
       6.3    145.6536037     15.9831979
       6.4    152.0865859     16.9529293
       6.5    157.3708330     17.8148840
       6.6    161.4477315     18.5563422
       6.7    164.2790362     19.1665562
       6.8    165.8463967     19.6368715
       6.9    166.1506712     19.9608164
       7.0    165.2110421     20.1341612
       7.1    163.0639490     20.1549449
       7.2    159.7618561     20.0234700
       7.3    155.3718740     19.7422664
       7.4    149.9742550     19.3160236
       7.5    143.6607854     18.7514953
       7.6    136.5330937     18.0573741
       7.7    128.7009003     17.2441427
       7.8    120.2802294     16.3239002
       7.9    111.3916059     15.3101687
       8.0    102.1582601     14.2176818
       8.1     92.7043611     13.0621587
       8.2     83.1532999     11.8600665
       8.3     73.6260409     10.6283756
       8.4     64.2395619      9.3843098
       8.5     55.1053968      8.1450963
       8.6     46.3282979      6.9277179
       8.7     38.0050300      5.7486720
       8.8     30.2233086      4.6237381
       8.9     23.0608898      3.5677592
       9.0     16.5848201      2.5944375
       9.1     10.8508514      1.7161497
       9.2      5.9030223      0.9437822
       9.3      1.7734083      0.2865896
       9.4     -1.5179621     -0.2479226
       9.5     -3.9630284     -0.6540883
       9.6     -5.5654616     -0.9281451
       9.7     -6.3402782     -1.0682695
       9.8     -6.3133125     -1.0745858
       9.9     -5.5205596     -0.9491448
      10.0     -4.0074000     -0.6958777
      10.1     -1.8277194     -0.3205212
      10.2      0.9570621      0.1694811
      10.3      4.2790360      0.7651011
      10.4      8.0649110      1.4558708
      10.5     12.2371622      2.2300457
      10.6     16.7152072      3.0747849
      10.7     21.4165935      3.9763464
      10.8     26.2581800      4.9202923
      10.9     31.1572986      5.8917032
      11.0     36.0328794      6.8753975
      11.1     40.8065257      7.8561526
      11.2     45.4035270      8.8189246
      11.3     49.7537956      9.7490644
      11.4     53.7927177     10.6325255
      11.5     57.4619097     11.4560622
      11.6     60.7098698     12.2074144
      11.7     63.4925214     12.8754767
      11.8     65.7736410     13.4504499
      11.9     67.5251686     13.9239724
      12.0     68.7273991     14.2892298
      12.1     69.3690543     14.5410415
      12.2     69.4472373     14.6759233
      12.3     68.9672734     14.6921249
      12.4     67.9424406     14.5896422
      12.5     66.3935967     14.3702044
      12.6     64.3487107     14.0372363
      12.7     61.8423057     13.5957962
      12.8     58.9148246     13.0524909
      12.9     55.6119262     12.4153690
      13.0     51.9837264     11.6937941
      13.1     48.0839920     10.8982997
      13.2     43.9693030     10.0404286
      13.3     39.6981921      9.1325587
      13.4     35.3302765      8.1877175
      13.5     30.9253921      7.2193894
      13.6     26.5427429      6.2413166
      13.7     22.2400768      5.2672985
      13.8     18.0728984      4.3109910
      13.9     14.0937298      3.3857091
      14.0     10.3514264      2.5042367
      14.1      6.8905597      1.6786438
      14.2      3.7508705      0.9201162
      14.3      0.9668012      0.2387989
      14.4     -1.4328885     -0.3563449
      14.5     -3.4254193     -0.8576565
      14.6     -4.9942002     -1.2588848
      14.7     -6.1289459     -1.5552687
      14.8     -6.8257033     -1.7435970
      14.9     -7.0867888     -1.8222458
      15.0     -6.9206389     -1.7911931
      15.1     -6.3415774     -1.6520095
      15.2     -5.3695044     -1.4078259
      15.3     -4.0295125     -1.0632798
      15.4     -2.3514373     -0.6244386
      15.5     -0.3693485     -0.0987041
      15.6      1.8790084      0.5053026
      15.7      4.3528130      1.1778731
      15.8      7.0088032      1.9083587
      15.9      9.8019317      2.6853296
      16.0     12.6860363      3.4967455
      16.1     15.6145142      4.3301336
      16.2     18.5409911      5.1727716
      16.3     21.4199753      6.0118740
      16.4     24.2074883      6.8347775
      16.5     26.8616641      7.6291248
      16.6     29.3433072      8.3830415
      16.7     31.6164053      9.0853067
      16.8     33.6485868      9.7255115
      16.9     35.4115210     10.2942068
      17.0     36.8812532     10.7830349
      17.1     38.0384734     11.1848451
      17.2     38.8687148     11.4937918
      17.3     39.3624802     11.7054126
      17.4     39.5152967     11.8166856
      17.5     39.3276980     11.8260669
      17.6     38.8051358     11.7335047
      17.7     37.9578240     11.5404334
      17.8     36.8005169     11.2497453
      17.9     35.3522270     10.8657409
      18.0     33.6358865     10.3940605
      18.1     31.6779588      9.8415951
      18.2     29.5080057      9.2163806
      18.3     27.1582174      8.5274754
      18.4     24.6629117      7.7848243
      18.5     22.0580118      6.9991098
      18.6     19.3805074      6.1815932
      18.7     16.6679104      5.3439486
      18.8     13.9577101      4.4980912
      18.9     11.2868373      3.6560032
      19.0      8.6911437      2.8295596
      19.1      6.2049048      2.0303559
      19.2      3.8603520      1.2695410
      19.3      1.6872405      0.5576573
      19.4     -0.2875411     -0.0955100
      19.5     -2.0403149     -0.6810711
      19.6     -3.5509077     -1.1911576
      19.7     -4.8028904     -1.6190316
      19.8     -5.7837609     -1.9591791
      19.9     -6.4850687     -2.2073848
      20.0     -6.9024801     -2.3607872
      20.1     -7.0357832     -2.4179151
      20.2     -6.8888350     -2.3787023
      20.3     -6.4694509     -2.2444832
      20.4     -5.7892386     -2.0179667
      20.5     -4.8633813     -1.7031920
      20.6     -3.7103720     -1.3054634
      20.7     -2.3517045     -0.8312684
      20.8     -0.8115255     -0.2881784
      20.9      0.8837466      0.3152660
      21.0      2.7058300      0.9696827
      21.1      4.6250094      1.6649886
      21.2      6.6105808      2.3905484
      21.3      8.6313039      3.1353318
      21.4     10.6558580      3.8880752
      21.5     12.6532912      4.6374467
      21.6     14.5934601      5.3722110
      21.7     16.4474518      6.0813920
      21.8     18.1879830      6.7544319
      21.9     19.7897711      7.3813429
      22.0     21.2298715      7.9528498
      22.1     22.4879778      8.4605229
      22.2     23.5466805      8.8968963
      22.3     24.3916810      9.2555736
      22.4     25.0119581      9.5313163
      22.5     25.3998867      9.7201158
      22.6     25.5513050      9.8192470
      22.7     25.4655325      9.8273029
      22.8     25.1453375      9.7442102
      22.9     24.5968557      9.5712256
      23.0     23.8294612      9.3109123
      23.1     22.8555936      8.9670977
      23.2     21.6905421      8.5448136
      23.3     20.3521920      8.0502180
      23.4     18.8607370      7.4905019
      23.5     17.2383615      6.8737806
      23.6     15.5088980      6.2089723
      23.7     13.6974653      5.5056657
      23.8     11.8300917      4.7739779
      23.9      9.9333302      4.0244051
      24.0      8.0338698      3.2676692
      24.1      6.1581501      2.5145603
      24.2      4.3319828      1.7757795
      24.3      2.5801872      1.0617841
      24.4      0.9262438      0.3826354
      24.5     -0.6080291     -0.2521455
      24.6     -2.0027716     -0.8337154
      24.7     -3.2403469     -1.3540343
      24.8     -4.3055710     -1.8059807
      24.9     -5.1859047     -2.1834516
      25.0     -5.8716062     -2.4814480
      25.1     -6.3558414     -2.6961442
      25.2     -6.6347508     -2.8249395
      25.3     -6.7074743     -2.8664919
      25.4     -6.5761311     -2.8207337
      25.5     -6.2457585     -2.6888684
      25.6     -5.7242084     -2.4733489
      25.7     -5.0220047     -2.1778380
      25.8     -4.1521642     -1.8071510
      25.9     -3.1299833     -1.3671823
      26.0     -1.9727937     -0.8648158
      26.1     -0.6996922     -0.3078220
      26.2      0.6687527      0.2952582
      26.3      2.1108120      0.9352400
      26.4      3.6039216      1.6024303
      26.5      5.1250151      2.2867705
      26.6      6.6508622      2.9779840
      26.7      8.1584044      3.6657261
      26.8      9.6250864      4.3397353
      26.9     11.0291754      4.9899818
      27.0     12.3500671      5.6068131
      27.1     13.5685712      6.1810935
      27.2     14.6671743      6.7043350
      27.3     15.6302761      7.1688192
      27.4     16.4443957      7.5677074
      27.5     17.0983455      7.8951373
      27.6     17.5833706      8.1463059
      27.7     17.8932513      8.3175355
      27.8     18.0243690      8.4063249
      27.9     17.9757336      8.4113817
      28.0     17.7489723      8.3326378
      28.1     17.3482821      8.1712470
      28.2     16.7803449      7.9295648
      28.3     16.0542074      7.6111104
      28.4     15.1811290      7.2205125
      28.5     14.1743986      6.7634385
      28.6     13.0491241      6.2465095
      28.7     11.8219974      5.6772010
      28.8     10.5110394      5.0637318
      28.9      9.1353272      4.4149427
      29.0      7.7147098      3.7401655
      29.1      6.2695139      3.0490864
      29.2      4.8202467      2.3516039
      29.3      3.3872981      1.6576842
      29.4      1.9906471      0.9772161
      29.5      0.6495774      0.3198672
      29.6     -0.6175952     -0.3050561
      29.7     -1.7937783     -0.8887430
      29.8     -2.8633393     -1.4230051
      29.9     -3.8123184     -1.9003940
      30.0     -4.6286153     -2.3143076
      30.1     -5.3021479     -2.6590841
      30.2     -5.8249806     -2.9300814
      30.3     -6.1914203     -3.1237426
      30.4     -6.3980793     -3.2376441
      30.5     -6.4439048     -3.2705289
      30.6     -6.3301740     -3.2223207
      30.7     -6.0604560     -3.0941229
      30.8     -5.6405409     -2.8881987
      30.9     -5.0783376     -2.6079359
      31.0     -4.3837417     -2.2577939
      31.1     -3.5684760     -1.8432368
      31.2     -2.6459059     -1.3706507
      31.3     -1.6308331     -0.8472489
      31.4     -0.5392694     -0.2809646
      31.5      0.6118039      0.3196667
      31.6      1.8046899      0.9456321
      31.7      3.0212372      1.5875745
      31.8      4.2431058      2.2359292
      31.9      5.4520338      2.8810637
      32.0      6.6301006      3.5134180
      32.1      7.7599826      4.1236437
      32.2      8.8251994      4.7027394
      32.3      9.8103446      5.2421807
      32.4     10.7013003      5.7340434
      32.5     11.4854304      6.1711172
      32.6     12.1517519      6.5470089
      32.7     12.6910803      6.8562333
      32.8     13.0961483      7.0942911
      32.9     13.3616957      7.2577317
      33.0     13.4845299      7.3442013
      33.1     13.4635556      7.3524741
      33.2     13.2997748      7.2824676
      33.3     12.9962558      7.1352410
      33.4     12.5580728      6.9129772
      33.5     11.9922175      6.6189484
      33.6     11.3074827      6.2574654
      33.7     10.5143220      5.8338130
      33.8      9.6246854      5.3541703
      33.9      8.6518355      4.8255189
      34.0      7.6101456      4.2555394
      34.1      6.5148832      3.6524976
      34.2      5.3819826      3.0251230
      34.3      4.2278092      2.3824806
      34.4      3.0689195      1.7338382
      34.5      1.9218199      1.0885308
      34.6      0.8027282      0.4558242
      34.7     -0.2726589     -0.1552191
      34.8     -1.2893898     -0.7358723
      34.9     -2.2334687     -1.2778699
      35.0     -3.0920514     -1.7735278
      35.1     -3.8536232     -2.2158536
      35.2     -4.5081563     -2.5986470
      35.3     -5.0472441     -2.9165885
      35.4     -5.4642121     -3.1653152
      35.5     -5.7542020     -3.3414821
      35.6     -5.9142295     -3.4428088
      35.7     -5.9432146     -3.4681107
      35.8     -5.8419842     -3.4173135
      35.9     -5.6132468     -3.2914528
      36.0     -5.2615407     -3.0926560
      36.1     -4.7931555     -2.8241098
      36.2     -4.2160296     -2.4900110
      36.3     -3.5396239     -2.0955040
      36.4     -2.7747745     -1.6466036
      36.5     -1.9335269     -1.1501058
      36.6     -1.0289534     -0.6134876
      36.7     -0.0749570     -0.0447962
      36.8      0.9139351      0.5474687
      36.9      1.9227862      1.1544797
      37.0      2.9364690      1.7672112
      37.1      3.9398857      2.3765705
      37.2      4.9181862      2.9735310
      37.3      5.8569820      3.5492632
      37.4      6.7425509      4.0952625
      37.5      7.5620318      4.6034733
      37.6      8.3036050      5.0664044
      37.7      8.9566572      5.4772381
      37.8      9.5119268      5.8299270
      37.9      9.9616299      6.1192818
      38.0     10.2995635      6.3410445
      38.1     10.5211856      6.4919490
      38.2     10.6236701      6.5697668
      38.3     10.6059376      6.5733377
      38.4     10.4686598      6.5025848
      38.5     10.2142392      6.3585134
      38.6      9.8467637      6.1431949
      38.7      9.3719371      5.8597349
      38.8      8.7969868      5.5122255
      38.9      8.1305499      5.1056850
      39.0      7.3825397      4.6459828
      39.1      6.5639947      4.1397527
      39.2      5.6869121      3.5942951
      39.3      4.7640685      3.0174698
      39.4      3.8088303      2.4175808
      39.5      2.8349574      1.8032547
      39.6      1.8564011      1.1833146
      39.7      0.8871016      0.5666519
      39.8     -0.0592135     -0.0379031
      39.9     -0.9692265     -0.6217100
      40.0     -1.8302200     -1.1764428
      40.1     -2.6302572     -1.6942108
      40.2     -3.3583499     -2.1676727
      40.3     -4.0046116     -2.5901419
      40.4     -4.5603948     -2.9556826
      40.5     -5.0184083     -3.2591955
      40.6     -5.3728147     -3.4964893
      40.7     -5.6193071     -3.6643412
      40.8     -5.7551619     -3.7605414
      40.9     -5.7792696     -3.7839237
      41.0     -5.6921413     -3.7343807
      41.1     -5.4958923     -3.6128636
      41.2     -5.1942025     -3.4213664
      41.3     -4.7922541     -3.1628957
      41.4     -4.2966483     -2.8414245
      41.5     -3.7153021     -2.4618336
      41.6     -3.0573261     -2.0298389
      41.7     -2.3328863     -1.5519068
      41.8     -1.5530515     -1.0351592
      41.9     -0.7296277     -0.4872691
      42.0      0.1250162      0.0836522
      42.1      0.9981305      0.6691732
      42.2      1.8767708      1.2606656
      42.3      2.7479870      1.8494296
      42.4      3.5990094      2.4268206
      42.5      4.4174331      2.9843746
      42.6      5.1913953      3.5139307
      42.7      5.9097431      4.0077494
      42.8      6.5621917      4.4586241
      42.9      7.1394678      4.8599847
      43.0      7.6334383      5.2059924
      43.1      8.0372218      5.4916228
      43.2      8.3452810      5.7127379
      43.3      8.5534958      5.8661444
      43.4      8.6592152      5.9496386
      43.5      8.6612873      5.9620367
      43.6      8.5600685      5.9031905
      43.7      8.3574099      5.7739875
      43.8      8.0566228      5.5763365
      43.9      7.6624226      5.3131378
      44.0      7.1808536      4.9882401
      44.1      6.6191946      4.6063822
      44.2      5.9858467      4.1731234
      44.3      5.2902061      3.6947608
      44.4      4.5425232      3.1782370
      44.5      3.7537497      2.6310379
      44.6      2.9353763      2.0610834
      44.7      2.0992641      1.4766112
      44.8      1.2574710      0.8860571
      44.9      0.4220763      0.2979316
      45.0     -0.3949944     -0.2793032
      45.1     -1.1821405     -0.8373572
      45.2     -1.9282528     -1.3682317
      45.3     -2.6228714     -1.8643356
      45.4     -3.2563343     -2.3185948
      45.5     -3.8199122     -2.7245541
      45.6     -4.3059309     -3.0764700
      45.7     -4.7078765     -3.3693930
      45.8     -5.0204837     -3.5992381
      45.9     -5.2398063     -3.7628427
      46.0     -5.3632668     -3.8580112
      46.1     -5.3896875     -3.8835453
      46.2     -5.3193003     -3.8392594
      46.3     -5.1537365     -3.7259822
      46.4     -4.8959959     -3.5455425
      46.5     -4.5503971     -3.3007414
      46.6     -4.1225080     -2.9953099
      46.7     -3.6190595     -2.6338529
      46.8     -3.0478423     -2.2217814
      46.9     -2.4175888     -1.7652322
      47.0     -1.7378425     -1.2709775
      47.1     -1.0188155     -0.7463261
      47.2     -0.2712379     -0.1990153
      47.3      0.4938002      0.3629010
      47.4      1.2650108      0.9311708
      47.5      2.0310725      1.4974637
      47.6      2.7807942      2.0534923
      47.7      3.5032767      2.5911324
      47.8      4.1880688      3.1025406
      47.9      4.8253167      3.5802684
      48.0      5.4059036      4.0173693
      48.1      5.9215780      4.4074989
      48.2      6.3650694      4.7450065
      48.3      6.7301886      5.0250158
      48.4      7.0119124      5.2434947
      48.5      7.2064506      5.3973124
      48.6      7.3112954      5.4842836
      48.7      7.3252515      5.5031987
      48.8      7.2484472      5.4538397
      48.9      7.0823268      5.3369822
      49.0      6.8296233      5.1543821
      49.1      6.4943127      4.9087488
      49.2      6.0815511      4.6037041
      49.3      5.5975946      4.2437287
      49.4      5.0497034      3.8340949
      49.5      4.4460321      3.3807893
      49.6      3.7955078      2.8904246
      49.7      3.1076972      2.3701423
      49.8      2.3926652      1.8275082
      49.9      1.6608267      1.2704019
      50.0      0.9227943      0.7069015
      50.1      0.1892238      0.1451659
      50.2     -0.5293406     -0.4066836
      50.3     -1.2226181     -0.9406818
      50.4     -1.8807397     -1.4491348
      50.5     -2.4943887     -1.9247316
      50.6     -3.0549337     -2.3606498
      50.7     -3.5545505     -2.7506541
      50.8     -3.9863318     -3.0891859
      50.9     -4.3443836     -3.3714433
      51.0     -4.6239058     -3.5934497
      51.1     -4.8212575     -3.7521106
      51.2     -4.9340043     -3.8452569
      51.3     -4.9609488     -3.8716753
      51.4     -4.9021424     -3.8311246
      51.5     -4.7588793     -3.7243378
      51.6     -4.5336728     -3.5530097
      51.7     -4.2302131     -3.3197713
      51.8     -3.8533097     -3.0281500
      51.9     -3.4088161     -2.6825168
      52.0     -2.9035414     -2.2880219
      52.1     -2.3451474     -1.8505185
      52.2     -1.7420338     -1.3764767
      52.3     -1.1032137     -0.8728887
      52.4     -0.4381805     -0.3471659
      52.5      0.2432318      0.1929688
      52.6      0.9309924      0.7395940
      52.7      1.6150200      1.2847055
      52.8      2.2853286      1.8203326
      52.9      2.9321727      2.3386538
      53.0      3.5461867      2.8321106
      53.1      4.1185193      3.2935167
      53.2      4.6409602      3.7161624
      53.3      5.1060558      4.0939112
      53.4      5.5072147      4.4212882
      53.5      5.8387994      4.6935590
      53.6      6.0962047      4.9067973
      53.7      6.2759197      5.0579412
      53.8      6.3755751      5.1448360
      53.9      6.3939723      5.1662649
      54.0      6.3310968      5.1219649
      54.1      6.1881135      5.0126296
      54.2      5.9673451      4.8398977
      54.3      5.6722342      4.6063280
      54.4      5.3072890      4.3153607
      54.5      4.8780136      3.9712666
      54.6      4.3908248      3.5790833
      54.7      3.8529551      3.1445415
      54.8      3.2723453      2.6739803
      54.9      2.6575262      2.1742543
      55.0      2.0174929      1.6526334
      55.1      1.3615727      1.1166964
      55.2      0.6992886      0.5742203
      55.3      0.0402204      0.0330670
      55.4     -0.6061342     -0.4989311
      55.5     -1.2304972     -1.0140850
      55.6     -1.8239439     -1.5049608
      55.7     -2.3780310     -1.9644873
      55.8     -2.8849170     -2.3860588
      55.9     -3.3374742     -2.7636300
      56.0     -3.7293889     -3.0918036
      56.1     -4.0552504     -3.3659077
      56.2     -4.3106258     -3.5820631
      56.3     -4.4921209     -3.7372385
      56.4     -4.5974259     -3.8292937
      56.5     -4.6253445     -3.8570092
      56.6     -4.5758077     -3.8201033
      56.7     -4.4498706     -3.7192346
      56.8     -4.2496929     -3.5559914
      56.9     -3.9785042     -3.3328674
      57.0     -3.6405529     -3.0532246
      57.1     -3.2410411     -2.7212425
      57.2     -2.7860462     -2.3418574
      57.3     -2.2824290     -1.9206887
      57.4     -1.7377324     -1.4639569
      57.5     -1.1600689     -0.9783922
      57.6     -0.5580011     -0.4711359
      57.7      0.0595835      0.0503637
      57.8      0.6836032      0.5784603
      57.9      1.3049139      1.1054211
      58.0      1.9144422      1.6235391
      58.1      2.5033169      2.1252452
      58.2      3.0629966      2.6032185
      58.3      3.5853928      3.0504920
      58.4      4.0629854      3.4605541
      58.5      4.4889301      3.8274421
      58.6      4.8571555      4.1458290
      58.7      5.1624484      4.4110996
      58.8      5.4005265      4.6194174
      58.9      5.5680978      4.7677789
      59.0      5.6629051      4.8540570
      59.1      5.6837548      4.8770305
      59.2      5.6305317      4.8364009
      59.3      5.5041964      4.7327958
      59.4      5.3067685      4.5677586
      59.5      5.0412934      4.3437254
      59.6      4.7117954      4.0639880
      59.7      4.3232160      3.7326455
      59.8      3.8813393      3.3545437
      59.9      3.3927054      2.9352039
      60.0      2.8645137      2.4807416
      60.1      2.3045157      1.9977772
      60.2      1.7209015      1.4933389
      60.3      1.1221794      0.9747604
      60.4      0.5170514      0.4495736
      60.5     -0.0857132     -0.0746009
      60.6     -0.6774055     -0.5901650
      60.7     -1.2495029     -1.0896531
      60.8     -1.7937923     -1.5658409
      60.9     -2.3024883     -2.0118503
      61.0     -2.7683443     -2.4212485
      61.1     -3.1847568     -2.7881416
      61.2     -3.5458586     -3.1072596
      61.3     -3.8466019     -3.3740321
      61.4     -4.0828292     -3.5846545
      61.5     -4.2513306     -3.7361421
      61.6     -4.3498882     -3.8263729
      61.7     -4.3773046     -3.8541176
      61.8     -4.3334181     -3.8190563
      61.9     -4.2191013     -3.7217826
      62.0     -4.0362462     -3.5637938
      62.1     -3.7877330     -3.3474682
      62.2     -3.4773865     -3.0760299
      62.3     -3.1099172     -2.7535009
      62.4     -2.6908509     -2.3846417
      62.5     -2.2264462     -1.9748819
      62.6     -1.7236016     -1.5302400
      62.7     -1.1897539     -1.0572358
      62.8     -0.6327689     -0.5627950
      62.9     -0.0608259     -0.0541480
      63.0      0.5177012      0.4612752
      63.1      1.0943663      0.9759532
      63.2      1.6607735      1.4823829
      63.3      2.2086986      1.9731881
      63.4      2.7302078      2.4412268
      63.5      3.2177720      2.8796948
      63.6      3.6643750      3.2822238
      63.7      4.0636131      3.6429740
      63.8      4.4097872      3.9567185
      63.9      4.6979826      4.2189179
      64.0      4.9241386      4.4257864
      64.1      5.0851050      4.5743457
      64.2      5.1786853      4.6624676
      64.3      5.2036658      4.6889037
      64.4      5.1598310      4.6533034
      64.5      5.0479636      4.5562176
      64.6      4.8698307      4.3990900
      64.7      4.6281559      4.1842350
      64.8      4.3265769      3.9148038
      64.9      3.9695906      3.5947374
      65.0      3.5624859      3.2287087
      65.1      3.1112644      2.8220538
      65.2      2.6225525      2.3806941
      65.3      2.1035030      1.9110497
      65.4      1.5616905      1.4199454
      65.5      1.0050004      0.9145115
      65.6      0.4415142      0.4020798
      65.7     -0.1206086     -0.1099231
      65.8     -0.6732485     -0.6140835
      65.9     -1.2084437     -1.1031087
      66.0     -1.7185049     -1.5699323
      66.1     -2.1961263     -2.0078171
      66.2     -2.6344901     -2.4104522
      66.3     -3.0273646     -2.7720445
      66.4     -3.3691922     -3.0874022
      66.5     -3.6551690     -3.3520096
      66.6     -3.8813122     -3.5620922
      66.7     -4.0445158     -3.7146709
      66.8     -4.1425932     -3.8076038
      66.9     -4.1743073     -3.8396176
      67.0     -4.1393852     -3.8103242
      67.1     -4.0385207     -3.7202263
      67.2     -3.8733611     -3.5707088
      67.3     -3.6464816     -3.3640181
      67.4     -3.3613455     -3.1032285
      67.5     -3.0222520     -2.7921967
      67.6     -2.6342719     -2.4355056
      67.7     -2.2031722     -2.0383963
      67.8     -1.7353311     -1.6066920
      67.9     -1.2376441     -1.1467127
      68.0     -0.7174227     -0.6651828
      68.1     -0.1822879     -0.1691334
      68.2      0.3599412      0.3342003
      68.3      0.9013610      0.8374838
      68.4      1.4340981      1.3333907
      68.5      1.9504234      1.8147082
      68.6      2.4428633      2.2744420
      68.7      2.9043076      2.7059179
      68.8      3.3281119      3.1028779
      68.9      3.7081922      3.4595710
      69.0      4.0391121      3.7708360
      69.1      4.3161600      4.0321760
      69.2      4.5354154      4.2398228
      69.3      4.6938044      4.3907913
      69.4      4.7891417      4.4829217
      69.5      4.8201605      4.5149103
      69.6      4.7865289      4.4863273
      69.7      4.6888523      4.3976227
      69.8      4.5286628      4.2501185
      69.9      4.3083947      4.0459887
      70.0      4.0313472      3.7882272
      70.1      3.7016349      3.4806033
      70.2      3.3241263      3.1276065
      70.3      2.9043715      2.7343802
      70.4      2.4485204      2.3066469
      70.5      1.9632324      1.8506244
      70.6      1.4555787      1.3729348
      70.7      0.9329388      0.8805085
      70.8      0.4028934      0.3804830
      70.9     -0.1268862     -0.1199009
      71.0     -0.6487492     -0.6134044
      71.1     -1.1551763     -1.0928953
      71.2     -1.6388880     -1.5514521
      71.3     -2.0929498     -1.9824636
      71.4     -2.5108718     -2.3797250
      71.5     -2.8867017     -2.7375275
      71.6     -3.2151099     -3.0507407
      71.7     -3.4914653     -3.3148861
      71.8     -3.7119011     -3.5262023
      71.9     -3.8733690     -3.6816982
      72.0     -3.9736816     -3.7791958
      72.1     -4.0115426     -3.8173615
      72.2     -3.9865631     -3.7957239
      72.3     -3.8992661     -3.7146807
      72.4     -3.7510765     -3.5754911
      72.5     -3.5442987     -3.3802578
      72.6     -3.2820816     -3.1318946
      72.7     -2.9683709     -2.8340841
      72.8     -2.6078507     -2.4912233
      72.9     -2.2058739     -2.1083589
      73.0     -1.7683836     -1.6911136
      73.1     -1.3018253     -1.2456041
      73.2     -0.8130529     -0.7783514
      73.3     -0.3092288     -0.2961863
      73.4      0.2022811      0.1938505
      73.5      0.7140138      0.6846105
      73.6      1.2185180      1.1689413
      73.7      1.7084617      1.6397906
      73.8      2.1767384      2.0903082
      73.9      2.6165695      2.5139454
      74.0      3.0216016      2.9045499
      74.1      3.3859981      3.2564543
      74.2      3.7045226      3.5645583
      74.3      3.9726133      3.8244020
      74.4      4.1864482      4.0322302
      74.5      4.3429987      4.1850458
      74.6      4.4400722      4.2806532
      74.7      4.4763421      4.3176890
      74.8      4.4513653      4.2956410
      74.9      4.3655872      4.2148550
      75.0      4.2203333      4.0765290
      75.1      4.0177885      3.8826947
      75.2      3.7609636      3.6361876
      75.3      3.4536506      3.3406049
      75.4      3.1003659      3.0002525
      75.5      2.7062835      2.6200820
      75.6      2.2771593      2.2056182
      75.7      1.8192461      1.7628781
      75.8      1.3392025      1.2982837
      75.9      0.8439956      0.8185677
      76.0      0.3407992      0.3306760
      76.1     -0.1631099     -0.1583335
      76.2     -0.6604580     -0.6413934
      76.3     -1.1440794     -1.1115293
      76.4     -1.6070206     -1.5619614
      76.5     -2.0426401     -1.9862018
      76.6     -2.4447043     -2.3781494
      76.7     -2.8074769     -2.7321772
      76.8     -3.1258015     -3.0432144
      76.9     -3.3951747     -3.3068185
      77.0     -3.6118105     -3.5192400
      77.1     -3.7726940     -3.6774757
      77.2     -3.8756235     -3.7793117
      77.3     -3.9192409     -3.8233548
      77.4     -3.9030500     -3.8090520
      77.5     -3.8274226     -3.7366974
      77.6     -3.6935907     -3.6074276
      77.7     -3.5036279     -3.4232041
      77.8     -3.2604178     -3.1867842
      77.9     -2.9676105     -2.9016798
      78.0     -2.6295688     -2.5721064
      78.1     -2.2513035     -2.2029207
      78.2     -1.8383998     -1.7995496
      78.3     -1.3969355     -1.3679111
      78.4     -0.9333917     -0.9143274
      78.5     -0.4545591     -0.4454336
      78.6      0.0325621      0.0319197
      78.7      0.5208630      0.5107659
      78.8      1.0032296      0.9841233
      78.9      1.4726459      1.4450967
      79.0      1.9222954      1.8869774
      79.1      2.3456594      2.3033407
      79.2      2.7366111      2.6881382
      79.3      3.0895039      3.0357860
      79.4      3.3992520      3.3412449
      79.5      3.6614038      3.6000933
      79.6      3.8722050      3.8085904
      79.7      4.0286520      3.9637304
      79.8      4.1285343      4.0632853
      79.9      4.1704652      4.1058363
      80.0      4.1539008      4.0907937
      80.1      4.0791464      4.0184052
      80.2      3.9473509      3.8897508
      80.3      3.7604887      3.7067267
      80.4      3.5213299      3.4720173
      80.5      3.2333992      3.1890550
      80.6      2.9009232      2.8619701
      80.7      2.5287686      2.4955298
      80.8      2.1223704      2.0950688
      80.9      1.6876523      1.6664112
      81.0      1.2309404      1.2157855
      81.1      0.7588705      0.7497336
      81.2      0.2782919      0.2750160
      81.3     -0.2038323     -0.2014870
      81.4     -0.6805265     -0.6728749
      81.5     -1.1449033     -1.1323275
      81.6     -1.5902636     -1.5732037
      81.7     -2.0101930     -1.9891378
      81.8     -2.3986549     -2.3741316
      81.9     -2.7500767     -2.7226410
      82.0     -3.0594307     -3.0296566
      82.1     -3.3223056     -3.2907752
      82.2     -3.5349700     -3.5022639
      82.3     -3.6944249     -3.6611130
      82.4     -3.7984472     -3.7650799
      82.5     -3.8456197     -3.8127199
      82.6     -3.8353514     -3.8034073
      82.7     -3.7678844     -3.7373436
      82.8     -3.6442897     -3.6155534
      82.9     -3.4664503     -3.4398694
      83.0     -3.2370328     -3.2129044
      83.1     -2.9594477     -2.9380135
      83.2     -2.6377995     -2.6192439
      83.3     -2.2768254     -2.2612761
      83.4     -1.8818266     -1.8693553
      83.5     -1.4585905     -1.4492144
      83.6     -1.0133059     -1.0069909
      83.7     -0.5524733     -0.5491369
      83.8     -0.0828100     -0.0823257
      83.9      0.3888475      0.3866459
      84.0      0.8556429      0.8509556
      84.1      1.3107989      1.3038553
      84.2      1.7477159      1.7387688
      84.3      2.1600673      2.1493870
      84.4      2.5418906      2.5297592
      84.5      2.8876736      2.8743793
      84.6      3.1924335      3.1782654
      84.7      3.4517889      3.4370315
      84.8      3.6620220      3.6469505
      84.9      3.8201319      3.8050082
      85.0      3.9238774      3.9089459
      85.1      3.9718085      3.9572927
      85.2      3.9632860      3.9493862
      85.3      3.8984906      3.8853815
      85.4      3.7784186      3.7662478
      85.5      3.6048668      3.5937542
      85.6      3.3804056      3.3704427
      85.7      3.1083407      3.0995911
      85.8      2.7926643      2.7851645
      85.9      2.4379964      2.4317571
      86.0      2.0495176      2.0445251
      86.1      1.6328926      1.6291113
      86.2      1.1941882      1.1915627
      86.3      0.7397843      0.7382423
      86.4      0.2762819      0.2757367
      86.5     -0.1895936     -0.1892400
      86.6     -0.6510898     -0.6499438
      86.7     -1.1015249     -1.0996984
      86.8     -1.5343849     -1.5319924
      86.9     -1.9434175     -1.9405736
      87.0     -2.3227227     -2.3195395
      87.1     -2.6668379     -2.6634227
      87.2     -2.9708164     -2.9672697
      87.3     -3.2302989     -3.2267129
      87.4     -3.4415757     -3.4380328
      87.5     -3.6016402     -3.5982122
      87.6     -3.7082314     -3.7049787
      87.7     -3.7598663     -3.7568373
      87.8     -3.7558600     -3.7530916
      87.9     -3.6963355     -3.6938530
      88.0     -3.5822207     -3.5800385
      88.1     -3.4152342     -3.4133565
      88.2     -3.1978597     -3.1962817
      88.3     -2.9333091     -2.9320181
      88.4     -2.6254755     -2.6244519
      88.5     -2.2788758     -2.2780948
      88.6     -1.8985845     -1.8980178
      88.7     -1.4901603     -1.4897768
      88.8     -1.0595643     -1.0593319
      88.9     -0.6130736     -0.6129606
      89.0     -0.1571898     -0.1571659
      89.1      0.3014551      0.3014179
      89.2      0.7561954      0.7561217
      89.3      1.2004282      1.2003386
      89.4      1.6277088      1.6276196
      89.5      2.0318445      2.0317671
      89.6      2.4069836      2.4069250
      89.7      2.7477004      2.7476627
      89.8      3.0490730      3.0490544
      89.9      3.3067547      3.3067497
      90.0      3.5170363      3.5170363
      90.1      3.6768991      3.6768935
      90.2      3.7840585      3.7840354
      90.3      3.8369961      3.8369435
      90.4      3.8349812      3.8348878
      90.5      3.7780811      3.7779372
      90.6      3.6671587      3.6669576
      90.7      3.5038600      3.5035985
      90.8      3.2905894      3.2902686
      90.9      3.0304740      3.0301002
      91.0      2.7273181      2.7269027
      91.1      2.3855471      2.3851074
      91.2      2.0101430      2.0097021
      91.3      1.6065719      1.6061583
      91.4      1.1807041      1.1803516
      91.5      0.7387289      0.7384758
      91.6      0.2870646      0.2869526
      91.7     -0.1677350     -0.1676612
      91.8     -0.6190754     -0.6187699
      91.9     -1.0604170     -1.0598340
      92.0     -1.4853703     -1.4844654
      92.1     -1.8877879     -1.8865200
      92.2     -2.2618539     -2.2601868
      92.3     -2.6021678     -2.6000715
      92.4     -2.9038223     -2.9012751
      92.5     -3.1624744     -3.1594644
      92.6     -3.3744079     -3.3709342
      92.7     -3.5365869     -3.5326608
      92.8     -3.6466991     -3.6423454
      92.9     -3.7031891     -3.6984466
      93.0     -3.7052803     -3.7002023
      93.1     -3.6529858     -3.6476403
      93.2     -3.5471075     -3.5415767
      93.3     -3.3892240     -3.3836040
      93.4     -3.1816673     -3.1760671
      93.5     -2.9274886     -2.9220282
      93.6     -2.6304132     -2.6252227
      93.7     -2.2947865     -2.2900033
      93.8     -1.9255103     -1.9212770
      93.9     -1.5279716     -1.5244332
      94.0     -1.1079640     -1.1052651
      94.1     -0.6716038     -0.6698850
      94.2     -0.2252405     -0.2246356
      94.3      0.2246349      0.2240026
      94.4      0.6714841      0.6695051
      94.5      1.1088168      1.1053986
      94.6      1.5302842      1.5253549
      94.7      1.9297715      1.9232824
      94.8      2.3014862      2.2934145
      94.9      2.6400418      2.6303932
      95.0      2.9405361      2.9293465
      95.1      3.1986217      3.1859586
      95.2      3.4105688      3.3965322
      95.3      3.5733191      3.5580421
      95.4      3.6845298      3.6681778
      95.5      3.7426072      3.7253770
      95.6      3.7467293      3.7288477
      95.7      3.6968576      3.6785787
      95.8      3.5937372      3.5753398
      95.9      3.4388855      3.4206691
      96.0      3.2345701      3.2168508
      96.1      2.9837754      2.9668811
      96.2      2.6901590      2.6744241
      96.3      2.3579983      2.3437582
      96.4      1.9921285      1.9797134
      96.5      1.5978720      1.5876006
      96.6      1.1809610      1.1731345
      96.7      0.7474542      0.7423496
      96.8      0.3036490      0.3015130
      96.9     -0.1440101     -0.1429671
      97.0     -0.5890251     -0.5846346
      97.1     -1.0249385     -1.0170792
      97.2     -1.4454273     -1.4340297
      97.3     -1.8443943     -1.8294445
      97.4     -2.2160567     -2.1975995
      97.5     -2.5550297     -2.5331711
      97.6     -2.8564046     -2.8313126
      97.7     -3.1158198     -3.0877251
      97.8     -3.3295239     -3.2987186
      97.9     -3.4944298     -3.4612658
      98.0     -3.6081595     -3.5730452
      98.1     -3.6690783     -3.6324743
      98.2     -3.6763180     -3.6387322
      98.3     -3.6297899     -3.5917707
      98.4     -3.5301852     -3.4923146
      98.5     -3.3789655     -3.3418504
      98.6     -3.1783405     -3.1426045
      98.7     -2.9312368     -2.8975096
      98.8     -2.6412543     -2.6101625
      98.9     -2.3126146     -2.2847704
      99.0     -1.9500993     -1.9260904
      99.1     -1.5589805     -1.5393588
      99.2     -1.1449442     -1.1302159
      99.3     -0.7140081     -0.7046229
      99.4     -0.2724338     -0.2687756
      99.5      0.1733638      0.1709862
      99.6      0.6169094      0.6082702
      99.7      1.0517617      1.0367251
      99.8      1.4716064      1.4501326
      99.9      1.8703480      1.8424973
     100.0      2.2421980      2.2081339
     100.1      2.5817588      2.5417497
     100.2      2.8841022      2.8385207
     100.3      3.1448404      3.0941614
     100.4      3.3601900      3.3049870
     100.5      3.5270265      3.4679661
     100.6      3.6429296      3.5807643
     100.7      3.7062184      3.6417776
     100.8      3.7159755      3.6501554
     100.9      3.6720604      3.6058117
     101.0      3.5751113      3.5094264
     101.1      3.4265360      3.3624346
     101.2      3.2284913      3.1670052
     101.3      2.9838518      2.9260089
     101.4      2.6961682      2.6429759
     101.5      2.3696153      2.3220446
     101.6      2.0089323      1.9679003
     101.7      1.6193532      1.5857076
     101.8      1.2065316      1.1810344
     101.9      0.7764581      0.7597712
     102.0      0.3353739      0.3280451
     102.1     -0.1103201     -0.1078691
     102.2     -0.5541557     -0.5416406
     102.3     -0.9896916     -0.9669738
     102.4     -1.4106067     -1.3777004
     102.5     -1.8107914     -1.7678684
     102.6     -2.1844370     -2.1318287
     102.7     -2.5261192     -2.4643166
     102.8     -2.8308771     -2.7605280
     102.9     -3.0942852     -3.0161891
     103.0     -3.3125175     -3.2276178
     103.1     -3.4824031     -3.3917770
     103.2     -3.6014725     -3.5063177
     103.3     -3.6679929     -3.5696132
     103.4     -3.6809939     -3.5807820
     103.5     -3.6402813     -3.5397001
     103.6     -3.5464406     -3.4470019
     103.7     -3.4008277     -3.3040712
     103.8     -3.2055503     -3.1130198
     103.9     -2.9634368     -2.8766570
     104.0     -2.6779956     -2.5984477
     104.1     -2.3533642     -2.2824621
     104.2     -1.9942498     -1.9333162
     104.3     -1.6058604     -1.5561040
     104.4     -1.1938299     -1.1563235
     104.5     -0.7641363     -0.7397968
     104.6     -0.3230153     -0.3125849
     104.7      0.1231306      0.1191002
     104.8      0.5678242      0.5489858
     104.9      1.0046082      0.9708293
     105.0      1.4271381      1.3785096
     105.1      1.8292750      1.7661149
     105.2      2.2051739      2.1280292
     105.3      2.5493692      2.4590130
     105.4      2.8568536      2.7542794
     105.5      3.1231509      3.0095633
     105.6      3.3443812      3.2211828
     105.7      3.5173173      3.3860923
     105.8      3.6394313      3.5019263
     105.9      3.7089320      3.5670331
     106.0      3.7247908      3.5804987
     106.1      3.6867567      3.5421590
     106.2      3.5953607      3.4526021
     106.3      3.4519076      3.3131592
     106.4      3.2584580      3.1258843
     106.5      3.0177984      2.8935246
     106.6      2.7334009      2.6194798
     106.7      2.4093734      2.3077520
     106.8      2.0504001      1.9628880
     106.9      1.6616737      1.5899120
     107.0      1.2488206      1.1942531
     107.1      0.8178192      0.7816659
     107.2      0.3749135      0.3581467
     107.3     -0.0734774     -0.0701534
     107.4     -0.5208522     -0.4970182
     107.5     -0.9607215     -0.9162564
     107.6     -1.3867024     -1.3217918
     107.7     -1.7926103     -1.7077508
     107.8     -2.1725493     -2.0685481
     107.9     -2.5209975     -2.3989672
     108.0     -2.8328873     -2.6942360
     108.1     -3.1036790     -2.9500957
     108.2     -3.3294267     -3.1628623
     108.3     -3.5068362     -3.3294796
     108.4     -3.6333126     -3.4475632
     108.5     -3.7069986     -3.5154345
     108.6     -3.7268015     -3.5321447
     108.7     -3.6924095     -3.4974882
     108.8     -3.6042967     -3.4120048
     108.9     -3.4637165     -3.2769715
     109.0     -3.2726838     -3.0943834
     109.1     -3.0339464     -2.8669244
     109.2     -2.7509452     -2.5979277
     109.3     -2.4277650     -2.2913269
     109.4     -2.0690754     -1.9515988
     109.5     -1.6800636     -1.5836977
     109.6     -1.2663593     -1.1929832
     109.7     -0.8339536     -0.7851428
     109.8     -0.3891121     -0.3661081
     109.9      0.0617157      0.0580305
     110.0      0.5119896      0.4811128
     110.1      0.9551737      0.8969981
     110.2      1.3848310      1.2996543
     110.3      1.7947170      1.6832452
     110.4      2.1788697      2.0422154
     110.5      2.5316972      2.3713703
     110.6      2.8480578      2.6659517
     110.7      3.1233361      2.9217061
     110.8      3.3535089      3.1349462
     110.9      3.5352051      3.3026044
     111.0      3.6657541      3.4222763
     111.1      3.7432255      3.4922554
     111.2      3.7664573      3.5115578
     111.3      3.7350733      3.4799350
     111.4      3.6494893      3.3978782
     111.5      3.5109073      3.2666099
     111.6      3.3212989      3.0880656
     111.7      3.0833769      2.8648659
     111.8      2.8005570      2.6002775
     111.9      2.4769084      2.2981654
     112.0      2.1170954      1.9629367
     112.1      1.7263104      1.5994760
     112.2      1.3101987      1.2130745
     112.3      0.8747774      0.8093526
     112.4      0.4263481      0.3941785
     112.5     -0.0285939     -0.0264173
     112.6     -0.4834539     -0.4463296
     112.7     -0.9316329     -0.8594669
     112.8     -1.3666238     -1.2598401
     112.9     -1.7821051     -1.6416492
     113.0     -2.1720334     -1.9993673
     113.1     -2.5307305     -2.3278203
     113.2     -2.8529666     -2.6222624
     113.3     -3.1340361     -2.8784441
     113.4     -3.3698262     -3.0926736
     113.5     -3.5568775     -3.2618704
     113.6     -3.6924341     -3.3836090
     113.7     -3.7744843     -3.4561541
     113.8     -3.8017907     -3.4784852
     113.9     -3.7739085     -3.4503108
     114.0     -3.6911928     -3.3720724
     114.1     -3.5547939     -3.2449374
     114.2     -3.3666418     -3.0707817
     114.3     -3.1294187     -2.8521624
     114.4     -2.8465206     -2.5922798
     114.5     -2.5220091     -2.2949306
     114.6     -2.1605530     -1.9644528
     114.7     -1.7673613     -1.6056622
     114.8     -1.3481082     -1.2237822
     114.9     -0.9088510     -0.8243679
     115.0     -0.4559434     -0.4132250
     115.1      0.0040571      0.0036739
     115.2      0.4644831      0.4202769
     115.3      0.9186549      0.8305398
     115.4      1.3599762      1.2285145
     115.5      1.7820305      1.6084345
     115.6      2.1786739      1.9647990
     115.7      2.5441246      2.2924522
     115.8      2.8730469      2.5866581
     115.9      3.1606289      2.8431683
     116.0      3.4026531      3.0582843
     116.1      3.5955576      3.2289099
     116.2      3.7364891      3.3525962
     116.3      3.8233444      3.4275764
     116.4      3.8548018      3.4527913
     116.5      3.8303414      3.4279042
     116.6      3.7502532      3.3533048
     116.7      3.6156339      3.2301039
     116.8      3.4283719      3.0601162
     116.9      3.1911209      2.8458338
     117.0      2.9072622      2.5903896
     117.1      2.5808567      2.2975117
     117.2      2.2165866      1.9714684
     117.3      1.8196886      1.6170066
     117.4      1.3958785      1.2392824
     117.5      0.9512691      0.8437860
     117.6      0.4922819      0.4362620
     117.7      0.0255548      0.0226261
     117.8     -0.4421541     -0.3911211
     117.9     -0.9040641     -0.7989808
     118.0     -1.3534701     -1.1950432
     118.1     -1.7838397     -1.5735729
     118.2     -2.1889081     -1.9290923
     118.3     -2.5627693     -2.2564604
     118.4     -2.8999618     -2.5509473
     118.5     -3.1955484     -2.8083026
     118.6     -3.4451882     -3.0248166
     118.7     -3.6452006     -3.1973737
     118.8     -3.7926190     -3.3234974
     118.9     -3.8852349     -3.4013853
     119.0     -3.9216307     -3.4299355
     119.1     -3.9012015     -3.4087615
     119.2     -3.8241646     -3.3381977
     119.3     -3.6915578     -3.2192941
     119.4     -3.5052249     -3.0538004
     119.5     -3.2677909     -2.8441404
     119.6     -2.9826241     -2.5933765
     119.7     -2.6537891     -2.3051649
     119.8     -2.2859885     -1.9837019
     119.9     -1.8844958     -1.6336632
     120.0     -1.4550796     -1.2601359
     120.1     -1.0039214     -0.8685441
     120.2     -0.5375261     -0.4645702
     120.3     -0.0626283     -0.0540730
     120.4      0.4139044      0.3569982
     120.5      0.8851710      0.7626892
     120.6      1.3443368      1.1571272
     120.7      1.7847324      1.5346062
     120.8      2.1999504      1.8896692
     120.9      2.5839388      2.2171872
     121.0      2.9310887      2.5124334
     121.1      3.2363161      2.7711510
     121.2      3.4951368      2.9896151
     121.3      3.7037313      3.1646859
     121.4      3.8590017      3.2938540
     121.5      3.9586173      3.3752761
     121.6      4.0010495      3.4078016
     121.7      3.9855951      3.3909886
     121.8      3.9123875      3.3251096
     121.9      3.7823965      3.2111476
     122.0      3.5974150      3.0507809
     122.1      3.3600344      2.8463588
     122.2      3.0736086      2.6008666
     122.3      2.7422064      2.3178824
     122.4      2.3705536      2.0015246
     122.5      1.9639659      1.6563921
     122.6      1.5282729      1.2874972
     122.7      1.0697343      0.9001929
     122.8      0.5949501      0.5000952
     122.9      0.1107660      0.0930013
     123.0     -0.3758258     -0.3151940
     123.1     -0.8577869     -0.7185842
     123.2     -1.3281350     -1.1113360
     123.3     -1.7800445     -1.4877743
     123.4     -2.2069457     -1.8424639
     123.5     -2.6026203     -2.1702881
     123.6     -2.9612916     -2.4665226
     123.7     -3.2777089     -2.7269034
     123.8     -3.5472244     -2.9476884
     123.9     -3.7658610     -3.1257109
     124.0     -3.9303714     -3.2584255
     124.1     -4.0382856     -3.3439441
     124.2     -4.0879485     -3.3810628
     124.3     -4.0785447     -3.3692788
     124.4     -4.0101118     -3.3087974
     124.5     -3.8835413     -3.2005281
     124.6     -3.7005670     -3.0460713
     124.7     -3.4637413     -2.8476943
     124.8     -3.1763999     -2.6082983
     124.9     -2.8426144     -2.3313755
     125.0     -2.4671350     -2.0209587
     125.1     -2.0553228     -1.6815618
     125.2     -1.6130734     -1.3181147
     125.3     -1.1467325     -0.9358915
     125.4     -0.6630048     -0.5404336
     125.5     -0.1688578     -0.1374698
     125.6      0.3285784      0.2671674
     125.7      0.8221142      0.6676254
     125.8      1.3046040      1.0581171
     125.9      1.7690499      1.4330041
     126.0      2.2087029      1.7868781
     126.1      2.6171608      2.1146394
     126.2      2.9884618      2.4115700
     126.3      3.3171708      2.6734018
     126.4      3.5984596      2.8963778
     126.5      3.8281771      3.0773064
     126.6      4.0029109      3.2136068
     126.7      4.1200375      3.3033458
     126.8      4.1777624      3.3452654
     126.9      4.1751463      3.3388005
     127.0      4.1121215      3.2840863
     127.1      3.9894933      3.1819557
     127.2      3.8089305      3.0339271
     127.3      3.5729428      2.8421813
     127.4      3.2848457      2.6095295
     127.5      2.9487144      2.3393724
     127.6      2.5693258      2.0356502
     127.7      2.1520912      1.7027852
     127.8      1.7029787      1.3456172
     127.9      1.2284286      0.9693335
     128.0      0.7352604      0.5793931
     128.1      0.2305754      0.1814479
     128.2     -0.2783455     -0.2187397
     128.3     -0.7841469     -0.6153799
     128.4     -1.2795049     -1.0027396
     128.5     -1.7572333     -1.3752251
     128.6     -2.2103874     -1.7274630
     128.7     -2.6323652     -2.0543778
     128.8     -3.0170030     -2.3512650
     128.9     -3.3586660     -2.6138588
     129.0     -3.6523302     -2.8383937
     129.1     -3.8936564     -3.0216581
     129.2     -4.0790543     -3.1610406
     129.3     -4.2057356     -3.2545673
     129.4     -4.2717562     -3.3009295
     129.5     -4.2760457     -3.2995020
     129.6     -4.2184244     -3.2503519
     129.7     -4.0996081     -3.1542367
     129.8     -3.9211990     -3.0125926
     129.9     -3.6856646     -2.8275135
     130.0     -3.3963036     -2.6017195
     130.1     -3.0571998     -2.3385176
     130.2     -2.6731647     -2.0417526
     130.3     -2.2496694     -1.7157516
     130.4     -1.7927666     -1.3652604
     130.5     -1.3090045     -0.9953749
     130.6     -0.8053332     -0.6114664
     130.7     -0.2890046     -0.2191043
     130.8      0.2325314      0.1760251
     130.9      0.7517347      0.5682013
     131.0      1.2610831      0.9517515
     131.1      1.7531819      1.3211337
     131.2      2.2208705      1.6710161
     131.3      2.6573268      1.9963543
     131.4      3.0561664      2.2924643
     131.5      3.4115357      2.5550892
     131.6      3.7181979      2.7804613
     131.7      3.9716098      2.9653555
     131.8      4.1679893      3.1071360
     131.9      4.3043714      3.2037933
     132.0      4.3786528      3.2539731
     132.1      4.3896244      3.2569953
     132.2      4.3369908      3.2128627
     132.3      4.2213761      3.1222610
     132.4      4.0443173      2.9865477
     132.5      3.8082439      2.8077319
     132.6      3.5164448      2.5884448
     132.7      3.1730228      2.3319007
     132.8      2.7828366      2.0418503
     132.9      2.3514329      1.7225255
     133.0      1.8849671      1.3785777
     133.1      1.3901161      1.0150104
     133.2      0.8739830      0.6371062
     133.3      0.3439947      0.2503500
     133.4     -0.1922038     -0.1396504
     133.5     -0.7268602     -0.5272457
     133.6     -1.2522264     -0.9068271
     133.7     -1.7606707     -1.2729071
     133.8     -2.2447883     -1.6201989
     133.9     -2.6975089     -1.9436930
     134.0     -3.1121998     -2.2387292
     134.1     -3.4827629     -2.5010637
     134.2     -3.8037240     -2.7269301
     134.3     -4.0703136     -2.9130939
     134.4     -4.2785373     -3.0568980
     134.5     -4.4252357     -3.1563014
     134.6     -4.5081322     -3.2099076
     134.7     -4.5258677     -3.2169844
     134.8     -4.4780226     -3.1774738
     134.9     -4.3651255     -3.0919923
     135.0     -4.1886476     -2.9618211
     135.1     -3.9509837     -2.7888871
     135.2     -3.6554203     -2.5757342
     135.3     -3.3060900     -2.3254862
     135.4     -2.9079137     -2.0418005
     135.5     -2.4665320     -1.7288151
     135.6     -1.9882250     -1.3910882
     135.7     -1.4798236     -1.0335314
     135.8     -0.9486116     -0.6613389
     135.9     -0.4022221     -0.2799115
     136.0      0.1514723      0.1052215
     136.1      0.7044726      0.4884826
     136.2      1.2487683      0.8643265
     136.3      1.7764539      1.2273208
     136.4      2.2798428      1.5722242
     136.5      2.7515794      1.8940623
     136.6      3.1847460      2.1881992
     136.7      3.5729642      2.4504044
     136.8      3.9104884      2.6769135
     136.9      4.1922906      2.8644822
     137.0      4.4141350      3.0104328
     137.1      4.5726415      3.1126925
     137.2      4.6653366      3.1698224
     137.3      4.6906919      3.1810381
     137.4      4.6481489      3.1462203
     137.5      4.5381292      3.0659157
     137.6      4.3620319      2.9413285
     137.7      4.1222155      2.7743026
     137.8      3.8219667      2.5672937
     137.9      3.4654559      2.3233339
     138.0      3.0576788      2.0459865
     138.1      2.6043870      1.7392944
     138.2      2.1120070      1.4077213
     138.3      1.5875492      1.0560859
     138.4      1.0385082      0.6894928
     138.5      0.4727564      0.3132578
     138.6     -0.1015694     -0.0671690
     138.7     -0.6761839     -0.4462825
     138.8     -1.2427734     -0.8186017
     138.9     -1.7931150     -1.1787494
     139.0     -2.3191964     -1.5215297
     139.1     -2.8133316     -1.8420030
     139.2     -3.2682733     -2.1355571
     139.3     -3.6773187     -2.3979737
     139.4     -4.0344081     -2.6254888
     139.5     -4.3342142     -2.8148470
     139.6     -4.5722212     -2.9633476
     139.7     -4.7447927     -3.0688834
     139.8     -4.8492265     -3.1299705
     139.9     -4.8837970     -3.1457691
     140.0     -4.8477828     -3.1160947
     140.1     -4.7414799     -3.0414206
     140.2     -4.5662014     -2.9228698
     140.3     -4.3242610     -2.7621987
     140.4     -4.0189427     -2.5617705
     140.5     -3.6544570     -2.3245205
     140.6     -3.2358826     -2.0539134
     140.7     -2.7690956     -1.7538922
     140.8     -2.2606878     -1.4288209
     140.9     -1.7178734     -1.0834212
     141.0     -1.1483870     -0.7227034
     141.1     -0.5603736     -0.3518939
     141.2      0.0377278      0.0236404
     141.3      0.6373048      0.3984701
     141.4      1.2296952      0.7671818
     141.5      1.8063125      1.1244560
     141.6      2.3587692      1.4651443
     141.7      2.8789992      1.7843434
     141.8      3.3593748      2.0774656
     141.9      3.7928182      2.3403049
     142.0      4.1729059      2.5690974
     142.1      4.4939628      2.7605748
     142.2      4.7511473      2.9120117
     142.3      4.9405233      3.0212636
     142.4      5.0591205      3.0867979
     142.5      5.1049801      3.1077150
     142.6      5.0771868      3.0837606
     142.7      4.9758851      3.0153286
     142.8      4.8022813      2.9034550
     142.9      4.5586294      2.7498017
     143.0      4.2482021      2.5566319
     143.1      3.8752475      2.3267769
     143.2      3.4449305      2.0635947
     143.3      2.9632623      1.7709201
     143.4      2.4370160      1.4530096
     143.5      1.8736319      1.1144790
     143.6      1.2811125      0.7602363
     143.7      0.6679089      0.3954108
     143.8      0.0428008      0.0252784
     143.9     -0.5852289     -0.3448148
     144.0     -1.2071233     -0.7095293
     144.1     -1.8138813     -1.0636099
     144.2     -2.3966878     -1.4019609
     144.3     -2.9470412     -1.7197200
     144.4     -3.4568774     -2.0123278
     144.5     -3.9186874     -2.2755934
     144.6     -4.3256274     -2.5057545
     144.7     -4.6716199     -2.6995312
     144.8     -4.9514441     -2.8541724
     144.9     -5.1608142     -2.9674953
     145.0     -5.2964445     -3.0379158
     145.1     -5.3561006     -3.0644708
     145.2     -5.3386350     -3.0468314
     145.3     -5.2440080     -2.9853064
     145.4     -5.0732923     -2.8808373
     145.5     -4.8286615     -2.7349840
     145.6     -4.5133629     -2.5499011
     145.7     -4.1316748     -2.3283064
     145.8     -3.6888486     -2.0734405
     145.9     -3.1910368     -1.7890197
     146.0     -2.6452080     -1.4791816
     146.1     -2.0590493     -1.1484247
     146.2     -1.4408582     -0.8015431
     146.3     -0.7994259     -0.4435570
     146.4     -0.1439121     -0.0796398
     146.5      0.5162851      0.2849568
     146.6      1.1716639      0.6449784
     146.7      1.8127553      0.9952440
     146.8      2.4302592      1.3307206
     146.9      3.0151792      1.6465952
     147.0      3.5589531      1.9383448
     147.1      4.0535781      2.2018001
     147.2      4.4917280      2.4332060
     147.3      4.8668613      2.6292747
     147.4      5.1733184      2.7872328
     147.5      5.4064064      2.9048601
     147.6      5.5624709      2.9805209
     147.7      5.6389519      3.0131872
     147.8      5.6344258      3.0024519
     147.9      5.5486297      2.9485340
     148.0      5.3824702      2.8522746
     148.1      5.1380147      2.7151239
     148.2      4.8184664      2.5391188
     148.3      4.4281231      2.3268531
     148.4      3.9723189      2.0814391
     148.5      3.4573526      1.8064618
     148.6      2.8904001      1.5059263
     148.7      2.2794153      1.1841998
     148.8      1.6330186      0.8459478
     148.9      0.9603756      0.4960660
     149.0      0.2710673      0.1396100
     149.1     -0.4250458     -0.2182785
     149.2     -1.1179642     -0.5724456
     149.3     -1.7976934     -0.9177996
     149.4     -2.4543867     -1.2493845
     149.5     -3.0784884     -1.5624510
     149.6     -3.6608717     -1.8525247
     149.7     -4.1929722     -2.1154703
     149.8     -4.6669133     -2.3475505
     149.9     -5.0756221     -2.5454790
     150.0     -5.4129350     -2.7064675
     150.1     -5.6736898     -2.8282648
     150.2     -5.8538040     -2.9091882
     150.3     -5.9503387     -2.9481469
     150.4     -5.9615451     -2.9446567
     150.5     -5.8868949     -2.8988457
     150.6     -5.7270932     -2.8114515
     150.7     -5.4840736     -2.6838094
     150.8     -5.1609756     -2.5178318
     150.9     -4.7621048     -2.3159801
     151.0     -4.2928758     -2.0812275
     151.1     -3.7597392     -1.8170157
     151.2     -3.1700937     -1.5272043
     151.3     -2.5321833     -1.2160139
     151.4     -1.8549829     -0.8879652
     151.5     -1.1480723     -0.5478127
     151.6     -0.4215010     -0.2004761
     151.7      0.3143538      0.1490314
     151.8      1.0489354      0.4956752
     151.9      1.7716583      0.8344721
     152.0      2.4720603      1.1605620
     152.1      3.1399535      1.4692779
     152.2      3.7655721      1.7562125
     152.3      4.3397144      2.0172817
     152.4      4.8538780      2.2487824
     152.5      5.3003846      2.4474453
     152.6      5.6724952      2.6104810
     152.7      5.9645099      2.7356198
     152.8      6.1718558      2.8211425
     152.9      6.2911572      2.8659046
     153.0      6.3202900      2.8693516
     153.1      6.2584178      2.8315254
     153.2      6.1060100      2.7530628
     153.3      5.8648414      2.6351847
     153.4      5.5379724      2.4796775
     153.5      5.1297111      2.2888659
     153.6      4.6455577      2.0655784
     153.7      4.0921306      1.8131052
     153.8      3.4770769      1.5351498
     153.9      2.8089669      1.2357746
     154.0      2.0971762      0.9193415
     154.1      1.3517538      0.5904485
     154.2      0.5832819      0.2538624
     154.3     -0.1972745     -0.0855499
     154.4     -0.9787229     -0.4228922
     154.5     -1.7498030     -0.7533096
     154.6     -2.4993484     -1.0720584
     154.7     -3.2164478     -1.3745743
     154.8     -3.8906025     -1.6565380
     154.9     -4.5118798     -1.9139368
     155.0     -5.0710588     -2.1431221
     155.1     -5.5597659     -2.3408605
     155.2     -5.9705999     -2.5043805
     155.3     -6.2972432     -2.6314106
     155.4     -6.5345583     -2.7202111
     155.5     -6.6786672     -2.7695982
     155.6     -6.7270142     -2.7789594
     155.7     -6.6784090     -2.7482612
     155.8     -6.5330513     -2.6780482
     155.9     -6.2925348     -2.5694336
     156.0     -5.9598318     -2.4240820
     156.1     -5.5392578     -2.2441837
     156.2     -5.0364163     -2.0324221
     156.3     -4.4581256     -1.7919337
     156.4     -3.8123266     -1.5262613
     156.5     -3.1079754     -1.2393023
     156.6     -2.3549195     -0.9352513
     156.7     -1.5637616     -0.6185389
     156.8     -0.7457107     -0.2937667
     156.9      0.0875749      0.0343589
     157.0      0.9241535      0.3610955
     157.1      1.7519692      0.6817332
     157.2      2.5590252      0.9916621
     157.3      3.3335562      1.2864395
     157.4      4.0641991      1.5618527
     157.5      4.7401579      1.8139799
     157.6      5.3513629      2.0392459
     157.7      5.8886188      2.2344727
     157.8      6.3437424      2.3969246
     157.9      6.7096857      2.5243466
     158.0      6.9806439      2.6149952
     158.1      7.1521461      2.6676631
     158.2      7.2211272      2.6816944
     158.3      7.1859804      2.6569930
     158.4      7.0465888      2.5940223
     158.5      6.8043360      2.4937975
     158.6      6.4620954      2.3578686
     158.7      6.0241977      2.1882972
     158.8      5.4963777      1.9876252
     158.9      4.8857003      1.7588365
     159.0      4.2004674      1.5053129
     159.1      3.4501062      1.2307840
     159.2      2.6450408      0.9392724
     159.3      1.7965488      0.6350348
     159.4      0.9166046      0.3224997
     159.5      0.0177120      0.0062029
     159.6     -0.8872722     -0.3092783
     159.7     -1.7853201     -0.6193912
     159.8     -2.6634192     -0.9196739
     159.9     -3.5087588     -1.2058190
     160.0     -4.3089155     -1.4737359
     160.1     -5.0520340     -1.7196091
     160.2     -5.7270008     -1.9399524
     160.3     -6.3236090     -2.1316586
     160.4     -6.8327102     -2.2920434
     160.5     -7.2463536     -2.4188825
     160.6     -7.5579075     -2.5104431
     160.7     -7.7621639     -2.5655069
     160.8     -7.8554224     -2.5833864
     160.9     -7.8355541     -2.5639336
     161.0     -7.7020428     -2.5075399
     161.1     -7.4560033     -2.4151293
     161.2     -7.1001774     -2.2881436
     161.3     -6.6389055     -2.1285194
     161.4     -6.0780761     -1.9386590
     161.5     -5.4250520     -1.7213943
     161.6     -4.6885755     -1.4799443
     161.7     -3.8786531     -1.2178678
     161.8     -3.0064213     -0.9390103
     161.9     -2.0839948     -0.6474481
     162.0     -1.1243010     -0.3474281
     162.1     -0.1408997     -0.0433065
     162.2      0.8522054      0.2605152
     162.3      1.8407646      0.5596533
     162.4      2.8104841      0.8498058
     162.5      3.7472306      1.1268140
     162.6      4.6372344      1.3867222
     162.7      5.4672896      1.6258346
     162.8      6.2249475      1.8407671
     162.9      6.8987004      2.0284961
     163.0      7.4781534      2.1864005
     163.1      7.9541825      2.3122983
     163.2      8.3190744      2.4044770
     163.3      8.5666484      2.4617165
     163.4      8.6923568      2.4833052
     163.5      8.6933634      2.4690486
     163.6      8.5685975      2.4192703
     163.7      8.3187838      2.3348057
     163.8      7.9464467      2.2169880
     163.9      7.4558891      2.0676273
     164.0      6.8531457      1.8889829
     164.1      6.1459113      1.6837291
     164.2      5.3434450      1.4549145
     164.3      4.4564510      1.2059176
     164.4      3.4969387      0.9403961
     164.5      2.4780618      0.6622332
     164.6      1.4139411      0.3754807
     164.7      0.3194715      0.0842999
     164.8     -0.7898839     -0.2070990
     164.9     -1.8983090     -0.4945181
     165.0     -2.9898570     -0.7738319
     165.1     -4.0486763     -1.0410474
     165.2     -5.0592374     -1.2923607
     165.3     -6.0065568     -1.5242115
     165.4     -6.8764151     -1.7333336
     165.5     -7.6555666     -1.9168008
     165.6     -8.3319364     -2.0720683
     165.7     -8.8948032     -2.1970076
     165.8     -9.3349644     -2.2899357
     165.9     -9.6448808     -2.3496378
     166.0     -9.8187999     -2.3753827
     166.1     -9.8528542     -2.3669319
     166.2     -9.7451340     -2.3245405
     166.3     -9.4957337     -2.2489520
     166.4     -9.1067698     -2.1413851
     166.5     -8.5823701     -2.0035145
     166.6     -7.9286352     -1.8374446
     166.7     -7.1535715     -1.6456772
     166.8     -6.2669962     -1.4310740
     166.9     -5.2804168     -1.1968134
     167.0     -4.2068846     -0.9463431
     167.1     -3.0608255     -0.6833297
     167.2     -1.8578504     -0.4116040
     167.3     -0.6145456     -0.1351055
     167.4      0.6517509      0.1421751
     167.5      1.9231877      0.4162540
     167.6      3.1816458      0.6832118
     167.7      4.4089928      0.9392494
     167.8      5.5873381      1.1807431
     167.9      6.6992883      1.4042952
     168.0      7.7281979      1.6067827
     168.1      8.6584121      1.7854008
     168.2      9.4754981      1.9377019
     168.3     10.1664621      2.0616294
     168.4     10.7199479      2.1555448
     168.5     11.1264150      2.2182504
     168.6     11.3782930      2.2490031
     168.7     11.4701102      2.2475239
     168.8     11.3985942      2.2139985
     168.9     11.1627429      2.1490732
     169.0     10.7638648      2.0538422
     169.1     10.2055868      1.9298300
     169.2      9.4938305      1.7789664
     169.3      8.6367560      1.6035573
     169.4      7.6446740      1.4062481
     169.5      6.5299266      1.1899846
     169.6      5.3067390      0.9579680
     169.7      3.9910431      0.7136073
     169.8      2.6002756      0.4604691
     169.9      1.1531526      0.2022246
     170.0     -0.3305761     -0.0574039
     170.1     -1.8303895     -0.3146972
     170.2     -3.3252721     -0.5659929
     170.3     -4.7940001     -0.8077381
     170.4     -6.2154350     -1.0365403
     170.5     -7.5688177     -1.2492152
     170.6     -8.8340631     -1.4428318
     170.7     -9.9920466     -1.6147529
     170.8    -11.0248829     -1.7626714
     170.9    -11.9161898     -1.8846415
     171.0    -12.6513350     -1.9791048
     171.1    -13.2176622     -2.0449096
     171.2    -13.6046919     -2.0813252
     171.3    -13.8042962     -2.0880492
     171.4    -13.8108427     -2.0652091
     171.5    -13.6213057     -2.0133572
     171.6    -13.2353447     -1.9334592
     171.7    -12.6553452     -1.8268776
     171.8    -11.8864248     -1.6953481
     171.9    -10.9364006     -1.5409523
     172.0     -9.8157202     -1.3660842
     172.1     -8.5373565     -1.1734131
     172.2     -7.1166653     -0.9658423
     172.3     -5.5712104     -0.7464652
     172.4     -3.9205554     -0.5185185
     172.5     -2.1860262     -0.2853337
     172.6     -0.3904461     -0.0502877
     172.7      1.4421523      0.1832465
     172.8      3.2868363      0.4119498
     172.9      5.1180974      0.6326044
     173.0      6.9101893      0.8421402
     173.1      8.6374720      1.0376786
     173.2     10.2747611      1.2165725
     173.3     11.7976745      1.3764434
     173.4     13.1829738      1.5152134
     173.5     14.4088955      1.6311333
     173.6     15.4554671      1.7228044
     173.7     16.3048040      1.7891964
     173.8     16.9413828      1.8296584
     173.9     17.3522882      1.8439248
     174.0     17.5274280      1.8321151
     174.1     17.4597153      1.7947284
     174.2     17.1452129      1.7326317
     174.3     16.5832398      1.6470432
     174.4     15.7764357      1.5395103
     174.5     14.7307845      1.4118831
     174.6     13.4555937      1.2662832
     174.7     11.9634316      1.1050692
     174.8     10.2700207      0.9307985
     174.9      8.3940903      0.7461868
     175.0      6.3571871      0.5540654
     175.1      4.1834485      0.3573373
     175.2      1.8993389      0.1589326
     175.3     -0.4666465     -0.0382363
     175.4     -2.8843081     -0.2313184
     175.5     -5.3220939     -0.4175667
     175.6     -7.7474735     -0.5943786
     175.7    -10.1273288     -0.7593342
     175.8    -12.4283578     -0.9102305
     175.9    -14.6174851     -1.0451128
     176.0    -16.6622755     -1.1623016
     176.1    -18.5313441     -1.2604148
     176.2    -20.1947592     -1.3383855
     176.3    -21.6244315     -1.3954745
     176.4    -22.7944851     -1.4312776
     176.5    -23.6816064     -1.4457275
     176.6    -24.2653647     -1.4390908
     176.7    -24.5285017     -1.4119593
     176.8    -24.4571852     -1.3652369
     176.9    -24.0412239     -1.3001209
     177.0    -23.2742403     -1.2180796
     177.1    -22.1537989     -1.1208258
     177.2    -20.6814884     -1.0102859
     177.3    -18.8629560     -0.8885669
     177.4    -16.7078930     -0.7579200
     177.5    -14.2299719     -0.6207027
     177.6    -11.4467353     -0.4793395
     177.7     -8.3794371     -0.3362818
     177.8     -5.0528386     -0.1939674
     177.9     -1.4949608     -0.0547809
     178.0      2.2632037      0.0789847
     178.1      6.1880166      0.2051648
     178.2     10.2435535      0.3217578
     178.3     14.3919924      0.4269564
     178.4     18.5940279      0.5191757
     178.5     22.8093052      0.5970780
     178.6     26.9968693      0.6595923
     178.7     31.1156230      0.7059305
     178.8     35.1247902      0.7355981
     178.9     38.9843767      0.7484003
     179.0     42.6556245      0.7444433
     179.1     46.1014538      0.7241302
     179.2     49.2868866      0.6881524
     179.3     52.1794478      0.6374764
     179.4     54.7495382      0.5733253
     179.5     56.9707754      0.4971575
     179.6     58.8202976      0.4106398
     179.7     60.2790283      0.3156188
     179.8     61.3318959      0.2140883
     179.9     61.9680088      0.1081545
     180.0     62.1807810      0.0000000
