 # List of d(q) for j, j' =            4          48
 #    0  1.00000000
 #    1  0.28824404
 #    2  0.21405418
 #    3  0.10819890
 #    4  0.14553681
 #    5  0.05899490
 #    6  0.11676531
 #    7  0.03226042
 #    8  0.14046074
       0.0      1.2842371      0.0000000
       0.1      1.2842054      0.0022414
       0.2      1.2841102      0.0044824
       0.3      1.2839516      0.0067227
       0.4      1.2837296      0.0089621
       0.5      1.2834442      0.0112000
       0.6      1.2830955      0.0134363
       0.7      1.2826835      0.0156705
       0.8      1.2822082      0.0179024
       0.9      1.2816697      0.0201316
       1.0      1.2810681      0.0223577
       1.1      1.2804035      0.0245805
       1.2      1.2796759      0.0267995
       1.3      1.2788854      0.0290145
       1.4      1.2780321      0.0312251
       1.5      1.2771161      0.0334310
       1.6      1.2761376      0.0356319
       1.7      1.2750966      0.0378273
       1.8      1.2739934      0.0400171
       1.9      1.2728279      0.0422008
       2.0      1.2716004      0.0443782
       2.1      1.2703110      0.0465489
       2.2      1.2689599      0.0487126
       2.3      1.2675473      0.0508689
       2.4      1.2660732      0.0530176
       2.5      1.2645380      0.0551584
       2.6      1.2629417      0.0572908
       2.7      1.2612846      0.0594146
       2.8      1.2595669      0.0615296
       2.9      1.2577888      0.0636352
       3.0      1.2559506      0.0657314
       3.1      1.2540523      0.0678177
       3.2      1.2520944      0.0698938
       3.3      1.2500769      0.0719595
       3.4      1.2480003      0.0740144
       3.5      1.2458646      0.0760582
       3.6      1.2436702      0.0780907
       3.7      1.2414174      0.0801115
       3.8      1.2391064      0.0821204
       3.9      1.2367375      0.0841171
       4.0      1.2343111      0.0861012
       4.1      1.2318273      0.0880725
       4.2      1.2292865      0.0900307
       4.3      1.2266890      0.0919756
       4.4      1.2240352      0.0939068
       4.5      1.2213253      0.0958241
       4.6      1.2185598      0.0977272
       4.7      1.2157388      0.0996158
       4.8      1.2128628      0.1014897
       4.9      1.2099321      0.1033487
       5.0      1.2069471      0.1051924
       5.1      1.2039082      0.1070206
       5.2      1.2008157      0.1088330
       5.3      1.1976699      0.1106295
       5.4      1.1944713      0.1124097
       5.5      1.1912203      0.1141734
       5.6      1.1879172      0.1159204
       5.7      1.1845625      0.1176505
       5.8      1.1811566      0.1193633
       5.9      1.1776998      0.1210588
       6.0      1.1741927      0.1227366
       6.1      1.1706355      0.1243965
       6.2      1.1670288      0.1260384
       6.3      1.1633730      0.1276619
       6.4      1.1596686      0.1292670
       6.5      1.1559159      0.1308534
       6.6      1.1521154      0.1324209
       6.7      1.1482676      0.1339692
       6.8      1.1443730      0.1354983
       6.9      1.1404320      0.1370079
       7.0      1.1364451      0.1384978
       7.1      1.1324127      0.1399679
       7.2      1.1283354      0.1414179
       7.3      1.1242137      0.1428478
       7.4      1.1200480      0.1442573
       7.5      1.1158388      0.1456462
       7.6      1.1115867      0.1470144
       7.7      1.1072922      0.1483619
       7.8      1.1029557      0.1496883
       7.9      1.0985778      0.1509935
       8.0      1.0941590      0.1522775
       8.1      1.0896998      0.1535400
       8.2      1.0852008      0.1547810
       8.3      1.0806625      0.1560003
       8.4      1.0760854      0.1571978
       8.5      1.0714701      0.1583734
       8.6      1.0668171      0.1595269
       8.7      1.0621270      0.1606582
       8.8      1.0574003      0.1617673
       8.9      1.0526377      0.1628540
       9.0      1.0478395      0.1639182
       9.1      1.0430065      0.1649599
       9.2      1.0381392      0.1659789
       9.3      1.0332381      0.1669752
       9.4      1.0283038      0.1679487
       9.5      1.0233370      0.1688993
       9.6      1.0183381      0.1698270
       9.7      1.0133078      0.1707316
       9.8      1.0082467      0.1716132
       9.9      1.0031554      0.1724716
      10.0      0.9980343      0.1733068
      10.1      0.9928843      0.1741189
      10.2      0.9877057      0.1749076
      10.3      0.9824993      0.1756731
      10.4      0.9772657      0.1764152
      10.5      0.9720054      0.1771339
      10.6      0.9667190      0.1778293
      10.7      0.9614072      0.1785012
      10.8      0.9560706      0.1791498
      10.9      0.9507098      0.1797749
      11.0      0.9453254      0.1803766
      11.1      0.9399180      0.1809549
      11.2      0.9344882      0.1815097
      11.3      0.9290367      0.1820412
      11.4      0.9235641      0.1825492
      11.5      0.9180710      0.1830339
      11.6      0.9125580      0.1834953
      11.7      0.9070258      0.1839333
      11.8      0.9014750      0.1843481
      11.9      0.8959062      0.1847396
      12.0      0.8903200      0.1851079
      12.1      0.8847170      0.1854531
      12.2      0.8790980      0.1857752
      12.3      0.8734635      0.1860743
      12.4      0.8678142      0.1863504
      12.5      0.8621506      0.1866035
      12.6      0.8564735      0.1868339
      12.7      0.8507834      0.1870415
      12.8      0.8450810      0.1872264
      12.9      0.8393669      0.1873888
      13.0      0.8336418      0.1875286
      13.1      0.8279063      0.1876460
      13.2      0.8221609      0.1877412
      13.3      0.8164065      0.1878141
      13.4      0.8106434      0.1878649
      13.5      0.8048725      0.1878938
      13.6      0.7990944      0.1879007
      13.7      0.7933096      0.1878860
      13.8      0.7875188      0.1878496
      13.9      0.7817226      0.1877917
      14.0      0.7759216      0.1877124
      14.1      0.7701166      0.1876120
      14.2      0.7643080      0.1874904
      14.3      0.7584965      0.1873479
      14.4      0.7526828      0.1871846
      14.5      0.7468675      0.1870007
      14.6      0.7410511      0.1867963
      14.7      0.7352344      0.1865716
      14.8      0.7294178      0.1863267
      14.9      0.7236021      0.1860618
      15.0      0.7177878      0.1857772
      15.1      0.7119756      0.1854728
      15.2      0.7061660      0.1851491
      15.3      0.7003597      0.1848060
      15.4      0.6945572      0.1844439
      15.5      0.6887593      0.1840629
      15.6      0.6829664      0.1836632
      15.7      0.6771791      0.1832450
      15.8      0.6713981      0.1828085
      15.9      0.6656240      0.1823538
      16.0      0.6598573      0.1818813
      16.1      0.6540986      0.1813911
      16.2      0.6483486      0.1808835
      16.3      0.6426077      0.1803586
      16.4      0.6368766      0.1798167
      16.5      0.6311558      0.1792579
      16.6      0.6254459      0.1786826
      16.7      0.6197475      0.1780910
      16.8      0.6140612      0.1774832
      16.9      0.6083874      0.1768596
      17.0      0.6027268      0.1762203
      17.1      0.5970799      0.1755656
      17.2      0.5914473      0.1748957
      17.3      0.5858295      0.1742110
      17.4      0.5802270      0.1735115
      17.5      0.5746404      0.1727977
      17.6      0.5690703      0.1720697
      17.7      0.5635170      0.1713278
      17.8      0.5579813      0.1705723
      17.9      0.5524636      0.1698033
      18.0      0.5469643      0.1690213
      18.1      0.5414841      0.1682264
      18.2      0.5360235      0.1674189
      18.3      0.5305829      0.1665990
      18.4      0.5251628      0.1657671
      18.5      0.5197638      0.1649235
      18.6      0.5143863      0.1640683
      18.7      0.5090308      0.1632019
      18.8      0.5036978      0.1623245
      18.9      0.4983878      0.1614365
      19.0      0.4931013      0.1605381
      19.1      0.4878386      0.1596295
      19.2      0.4826004      0.1587112
      19.3      0.4773869      0.1577832
      19.4      0.4721988      0.1568461
      19.5      0.4670363      0.1558999
      19.6      0.4619001      0.1549451
      19.7      0.4567904      0.1539819
      19.8      0.4517078      0.1530106
      19.9      0.4466527      0.1520314
      20.0      0.4416254      0.1510448
      20.1      0.4366265      0.1500509
      20.2      0.4316562      0.1490501
      20.3      0.4267151      0.1480427
      20.4      0.4218034      0.1470289
      20.5      0.4169217      0.1460090
      20.6      0.4120702      0.1449835
      20.7      0.4072494      0.1439524
      20.8      0.4024596      0.1429162
      20.9      0.3977013      0.1418751
      21.0      0.3929747      0.1408295
      21.1      0.3882802      0.1397796
      21.2      0.3836182      0.1387258
      21.3      0.3789890      0.1376682
      21.4      0.3743930      0.1366073
      21.5      0.3698305      0.1355433
      21.6      0.3653018      0.1344766
      21.7      0.3608072      0.1334073
      21.8      0.3563471      0.1323359
      21.9      0.3519218      0.1312625
      22.0      0.3475315      0.1301876
      22.1      0.3431766      0.1291113
      22.2      0.3388573      0.1280341
      22.3      0.3345739      0.1269561
      22.4      0.3303267      0.1258777
      22.5      0.3261161      0.1247992
      22.6      0.3219421      0.1237208
      22.7      0.3178051      0.1226429
      22.8      0.3137054      0.1215657
      22.9      0.3096432      0.1204896
      23.0      0.3056187      0.1194147
      23.1      0.3016322      0.1183415
      23.2      0.2976838      0.1172701
      23.3      0.2937738      0.1162009
      23.4      0.2899025      0.1151341
      23.5      0.2860699      0.1140701
      23.6      0.2822764      0.1130091
      23.7      0.2785220      0.1119513
      23.8      0.2748071      0.1108971
      23.9      0.2711317      0.1098467
      24.0      0.2674961      0.1088004
      24.1      0.2639003      0.1077585
      24.2      0.2603446      0.1067213
      24.3      0.2568291      0.1056889
      24.4      0.2533540      0.1046617
      24.5      0.2499194      0.1036399
      24.6      0.2465254      0.1026238
      24.7      0.2431721      0.1016136
      24.8      0.2398597      0.1006097
      24.9      0.2365883      0.0996122
      25.0      0.2333580      0.0986214
      25.1      0.2301689      0.0976375
      25.2      0.2270210      0.0966608
      25.3      0.2239145      0.0956916
      25.4      0.2208494      0.0947301
      25.5      0.2178258      0.0937764
      25.6      0.2148438      0.0928310
      25.7      0.2119035      0.0918939
      25.8      0.2090048      0.0909654
      25.9      0.2061478      0.0900457
      26.0      0.2033326      0.0891352
      26.1      0.2005592      0.0882339
      26.2      0.1978277      0.0873421
      26.3      0.1951379      0.0864600
      26.4      0.1924901      0.0855879
      26.5      0.1898841      0.0847259
      26.6      0.1873199      0.0838742
      26.7      0.1847976      0.0830331
      26.8      0.1823171      0.0822027
      26.9      0.1798785      0.0813833
      27.0      0.1774816      0.0805750
      27.1      0.1751266      0.0797780
      27.2      0.1728132      0.0789925
      27.3      0.1705415      0.0782188
      27.4      0.1683114      0.0774569
      27.5      0.1661229      0.0767070
      27.6      0.1639759      0.0759694
      27.7      0.1618703      0.0752441
      27.8      0.1598061      0.0745314
      27.9      0.1577832      0.0738315
      28.0      0.1558015      0.0731444
      28.1      0.1538608      0.0724703
      28.2      0.1519611      0.0718093
      28.3      0.1501023      0.0711618
      28.4      0.1482843      0.0705276
      28.5      0.1465070      0.0699071
      28.6      0.1447701      0.0693003
      28.7      0.1430737      0.0687074
      28.8      0.1414176      0.0681284
      28.9      0.1398015      0.0675636
      29.0      0.1382254      0.0670130
      29.1      0.1366892      0.0664768
      29.2      0.1351926      0.0659550
      29.3      0.1337355      0.0654478
      29.4      0.1323178      0.0649553
      29.5      0.1309392      0.0644775
      29.6      0.1295996      0.0640147
      29.7      0.1282988      0.0635667
      29.8      0.1270365      0.0631339
      29.9      0.1258127      0.0627161
      30.0      0.1246271      0.0623136
      30.1      0.1234795      0.0619263
      30.2      0.1223697      0.0615544
      30.3      0.1212974      0.0611979
      30.4      0.1202625      0.0608569
      30.5      0.1192647      0.0605314
      30.6      0.1183038      0.0602215
      30.7      0.1173795      0.0599273
      30.8      0.1164917      0.0596487
      30.9      0.1156400      0.0593859
      31.0      0.1148242      0.0591389
      31.1      0.1140441      0.0589076
      31.2      0.1132994      0.0586922
      31.3      0.1125899      0.0584926
      31.4      0.1119152      0.0583089
      31.5      0.1112751      0.0581411
      31.6      0.1106694      0.0579892
      31.7      0.1100976      0.0578532
      31.8      0.1095597      0.0577331
      31.9      0.1090552      0.0576289
      32.0      0.1085839      0.0575407
      32.1      0.1081454      0.0574683
      32.2      0.1077396      0.0574119
      32.3      0.1073660      0.0573713
      32.4      0.1070243      0.0573465
      32.5      0.1067144      0.0573376
      32.6      0.1064357      0.0573445
      32.7      0.1061881      0.0573671
      32.8      0.1059712      0.0574054
      32.9      0.1057846      0.0574595
      33.0      0.1056281      0.0575292
      33.1      0.1055013      0.0576144
      33.2      0.1054038      0.0577152
      33.3      0.1053354      0.0578315
      33.4      0.1052957      0.0579632
      33.5      0.1052843      0.0581103
      33.6      0.1053009      0.0582726
      33.7      0.1053452      0.0584502
      33.8      0.1054167      0.0586429
      33.9      0.1055152      0.0588506
      34.0      0.1056403      0.0590733
      34.1      0.1057916      0.0593109
      34.2      0.1059687      0.0595633
      34.3      0.1061714      0.0598303
      34.4      0.1063991      0.0601120
      34.5      0.1066516      0.0604081
      34.6      0.1069285      0.0607187
      34.7      0.1072294      0.0610435
      34.8      0.1075539      0.0613825
      34.9      0.1079016      0.0617355
      35.0      0.1082723      0.0621024
      35.1      0.1086654      0.0624832
      35.2      0.1090806      0.0628776
      35.3      0.1095175      0.0632855
      35.4      0.1099757      0.0637069
      35.5      0.1104549      0.0641415
      35.6      0.1109546      0.0645892
      35.7      0.1114745      0.0650500
      35.8      0.1120142      0.0655235
      35.9      0.1125732      0.0660098
      36.0      0.1131512      0.0665086
      36.1      0.1137478      0.0670198
      36.2      0.1143625      0.0675432
      36.3      0.1149951      0.0680786
      36.4      0.1156450      0.0686259
      36.5      0.1163119      0.0691850
      36.6      0.1169954      0.0697556
      36.7      0.1176951      0.0703376
      36.8      0.1184106      0.0709308
      36.9      0.1191415      0.0715350
      37.0      0.1198873      0.0721500
      37.1      0.1206478      0.0727757
      37.2      0.1214224      0.0734119
      37.3      0.1222108      0.0740583
      37.4      0.1230126      0.0747149
      37.5      0.1238273      0.0753813
      37.6      0.1246546      0.0760574
      37.7      0.1254941      0.0767430
      37.8      0.1263454      0.0774380
      37.9      0.1272080      0.0781420
      38.0      0.1280816      0.0788549
      38.1      0.1289657      0.0795765
      38.2      0.1298601      0.0803065
      38.3      0.1307641      0.0810449
      38.4      0.1316776      0.0817913
      38.5      0.1326000      0.0825455
      38.6      0.1335310      0.0833073
      38.7      0.1344702      0.0840765
      38.8      0.1354172      0.0848529
      38.9      0.1363715      0.0856363
      39.0      0.1373329      0.0864264
      39.1      0.1383009      0.0872230
      39.2      0.1392750      0.0880259
      39.3      0.1402550      0.0888349
      39.4      0.1412405      0.0896496
      39.5      0.1422310      0.0904700
      39.6      0.1432261      0.0912958
      39.7      0.1442256      0.0921267
      39.8      0.1452289      0.0929624
      39.9      0.1462358      0.0938029
      40.0      0.1472458      0.0946478
      40.1      0.1482586      0.0954969
      40.2      0.1492738      0.0963499
      40.3      0.1502910      0.0972067
      40.4      0.1513099      0.0980670
      40.5      0.1523301      0.0989305
      40.6      0.1533511      0.0997970
      40.7      0.1543728      0.1006662
      40.8      0.1553946      0.1015380
      40.9      0.1564163      0.1024121
      41.0      0.1574375      0.1032883
      41.1      0.1584577      0.1041662
      41.2      0.1594768      0.1050457
      41.3      0.1604943      0.1059265
      41.4      0.1615099      0.1068084
      41.5      0.1625232      0.1076911
      41.6      0.1635339      0.1085744
      41.7      0.1645417      0.1094581
      41.8      0.1655462      0.1103419
      41.9      0.1665471      0.1112256
      42.0      0.1675440      0.1121088
      42.1      0.1685367      0.1129915
      42.2      0.1695249      0.1138733
      42.3      0.1705081      0.1147541
      42.4      0.1714861      0.1156335
      42.5      0.1724585      0.1165113
      42.6      0.1734252      0.1173873
      42.7      0.1743856      0.1182613
      42.8      0.1753397      0.1191330
      42.9      0.1762869      0.1200022
      43.0      0.1772271      0.1208686
      43.1      0.1781600      0.1217321
      43.2      0.1790853      0.1225923
      43.3      0.1800026      0.1234491
      43.4      0.1809117      0.1243022
      43.5      0.1818124      0.1251514
      43.6      0.1827043      0.1259964
      43.7      0.1835872      0.1268371
      43.8      0.1844607      0.1276732
      43.9      0.1853248      0.1285045
      44.0      0.1861790      0.1293308
      44.1      0.1870231      0.1301518
      44.2      0.1878570      0.1309673
      44.3      0.1886802      0.1317771
      44.4      0.1894927      0.1325811
      44.5      0.1902941      0.1333789
      44.6      0.1910842      0.1341703
      44.7      0.1918627      0.1349552
      44.8      0.1926296      0.1357334
      44.9      0.1933845      0.1365046
      45.0      0.1941271      0.1372686
      45.1      0.1948574      0.1380253
      45.2      0.1955751      0.1387743
      45.3      0.1962799      0.1395157
      45.4      0.1969717      0.1402490
      45.5      0.1976503      0.1409742
      45.6      0.1983155      0.1416910
      45.7      0.1989671      0.1423993
      45.8      0.1996049      0.1430989
      45.9      0.2002287      0.1437895
      46.0      0.2008384      0.1444711
      46.1      0.2014338      0.1451433
      46.2      0.2020147      0.1458062
      46.3      0.2025809      0.1464594
      46.4      0.2031324      0.1471028
      46.5      0.2036689      0.1477362
      46.6      0.2041903      0.1483595
      46.7      0.2046964      0.1489725
      46.8      0.2051871      0.1495750
      46.9      0.2056624      0.1501669
      47.0      0.2061219      0.1507480
      47.1      0.2065657      0.1513182
      47.2      0.2069936      0.1518774
      47.3      0.2074055      0.1524253
      47.4      0.2078012      0.1529619
      47.5      0.2081807      0.1534869
      47.6      0.2085438      0.1540003
      47.7      0.2088905      0.1545019
      47.8      0.2092207      0.1549917
      47.9      0.2095342      0.1554693
      48.0      0.2098311      0.1559349
      48.1      0.2101111      0.1563881
      48.2      0.2103743      0.1568290
      48.3      0.2106205      0.1572573
      48.4      0.2108497      0.1576730
      48.5      0.2110619      0.1580760
      48.6      0.2112569      0.1584661
      48.7      0.2114348      0.1588433
      48.8      0.2115954      0.1592075
      48.9      0.2117387      0.1595586
      49.0      0.2118648      0.1598964
      49.1      0.2119735      0.1602209
      49.2      0.2120648      0.1605320
      49.3      0.2121387      0.1608297
      49.4      0.2121952      0.1611138
      49.5      0.2122343      0.1613842
      49.6      0.2122559      0.1616410
      49.7      0.2122601      0.1618840
      49.8      0.2122468      0.1621132
      49.9      0.2122160      0.1623286
      50.0      0.2121678      0.1625300
      50.1      0.2121021      0.1627174
      50.2      0.2120190      0.1628907
      50.3      0.2119185      0.1630500
      50.4      0.2118006      0.1631952
      50.5      0.2116654      0.1633262
      50.6      0.2115128      0.1634430
      50.7      0.2113429      0.1635456
      50.8      0.2111558      0.1636340
      50.9      0.2109514      0.1637081
      51.0      0.2107299      0.1637679
      51.1      0.2104913      0.1638134
      51.2      0.2102357      0.1638446
      51.3      0.2099630      0.1638615
      51.4      0.2096734      0.1638641
      51.5      0.2093670      0.1638523
      51.6      0.2090437      0.1638262
      51.7      0.2087038      0.1637858
      51.8      0.2083473      0.1637311
      51.9      0.2079742      0.1636621
      52.0      0.2075846      0.1635789
      52.1      0.2071787      0.1634814
      52.2      0.2067565      0.1633697
      52.3      0.2063182      0.1632438
      52.4      0.2058638      0.1631037
      52.5      0.2053934      0.1629496
      52.6      0.2049072      0.1627813
      52.7      0.2044053      0.1625990
      52.8      0.2038878      0.1624027
      52.9      0.2033548      0.1621925
      53.0      0.2028064      0.1619684
      53.1      0.2022428      0.1617305
      53.2      0.2016641      0.1614788
      53.3      0.2010704      0.1612134
      53.4      0.2004620      0.1609344
      53.5      0.1998388      0.1606418
      53.6      0.1992011      0.1603357
      53.7      0.1985490      0.1600163
      53.8      0.1978827      0.1596835
      53.9      0.1972023      0.1593375
      54.0      0.1965080      0.1589783
      54.1      0.1957999      0.1586061
      54.2      0.1950782      0.1582209
      54.3      0.1943431      0.1578229
      54.4      0.1935948      0.1574121
      54.5      0.1928334      0.1569886
      54.6      0.1920590      0.1565526
      54.7      0.1912720      0.1561042
      54.8      0.1904723      0.1556435
      54.9      0.1896604      0.1551706
      55.0      0.1888362      0.1546856
      55.1      0.1880001      0.1541886
      55.2      0.1871521      0.1536798
      55.3      0.1862926      0.1531593
      55.4      0.1854216      0.1526273
      55.5      0.1845395      0.1520838
      55.6      0.1836463      0.1515291
      55.7      0.1827424      0.1509631
      55.8      0.1818278      0.1503862
      55.9      0.1809028      0.1497985
      56.0      0.1799677      0.1492000
      56.1      0.1790226      0.1485910
      56.2      0.1780678      0.1479716
      56.3      0.1771034      0.1473419
      56.4      0.1761297      0.1467022
      56.5      0.1751469      0.1460525
      56.6      0.1741552      0.1453931
      56.7      0.1731548      0.1447241
      56.8      0.1721461      0.1440457
      56.9      0.1711291      0.1433580
      57.0      0.1701041      0.1426613
      57.1      0.1690714      0.1419557
      57.2      0.1680311      0.1412413
      57.3      0.1669836      0.1405185
      57.4      0.1659290      0.1397873
      57.5      0.1648676      0.1390479
      57.6      0.1637996      0.1383005
      57.7      0.1627252      0.1375454
      57.8      0.1616447      0.1367827
      57.9      0.1605584      0.1360125
      58.0      0.1594664      0.1352352
      58.1      0.1583690      0.1344508
      58.2      0.1572665      0.1336596
      58.3      0.1561590      0.1328618
      58.4      0.1550469      0.1320576
      58.5      0.1539304      0.1312472
      58.6      0.1528096      0.1304308
      58.7      0.1516849      0.1296085
      58.8      0.1505566      0.1287807
      58.9      0.1494248      0.1279475
      59.0      0.1482897      0.1271091
      59.1      0.1471517      0.1262658
      59.2      0.1460111      0.1254176
      59.3      0.1448679      0.1245650
      59.4      0.1437225      0.1237080
      59.5      0.1425752      0.1228469
      59.6      0.1414261      0.1219819
      59.7      0.1402755      0.1211133
      59.8      0.1391237      0.1202411
      59.9      0.1379709      0.1193657
      60.0      0.1368174      0.1184874
      60.1      0.1356634      0.1176062
      60.2      0.1345091      0.1167224
      60.3      0.1333548      0.1158362
      60.4      0.1322008      0.1149479
      60.5      0.1310472      0.1140577
      60.6      0.1298944      0.1131658
      60.7      0.1287426      0.1122724
      60.8      0.1275919      0.1113778
      60.9      0.1264427      0.1104821
      61.0      0.1252952      0.1095857
      61.1      0.1241497      0.1086886
      61.2      0.1230063      0.1077912
      61.3      0.1218653      0.1068937
      61.4      0.1207270      0.1059962
      61.5      0.1195915      0.1050991
      61.6      0.1184592      0.1042025
      61.7      0.1173302      0.1033066
      61.8      0.1162049      0.1024117
      61.9      0.1150833      0.1015181
      62.0      0.1139658      0.1006258
      62.1      0.1128525      0.0997352
      62.2      0.1117438      0.0988464
      62.3      0.1106398      0.0979598
      62.4      0.1095408      0.0970754
      62.5      0.1084469      0.0961936
      62.6      0.1073584      0.0953145
      62.7      0.1062756      0.0944383
      62.8      0.1051986      0.0935653
      62.9      0.1041276      0.0926958
      63.0      0.1030630      0.0918298
      63.1      0.1020048      0.0909676
      63.2      0.1009532      0.0901094
      63.3      0.0999086      0.0892555
      63.4      0.0988711      0.0884061
      63.5      0.0978410      0.0875612
      63.6      0.0968183      0.0867213
      63.7      0.0958034      0.0858864
      63.8      0.0947963      0.0850568
      63.9      0.0937974      0.0842327
      64.0      0.0928068      0.0834142
      64.1      0.0918247      0.0826016
      64.2      0.0908513      0.0817951
      64.3      0.0898867      0.0809949
      64.4      0.0889312      0.0802011
      64.5      0.0879850      0.0794140
      64.6      0.0870482      0.0786337
      64.7      0.0861210      0.0778605
      64.8      0.0852036      0.0770945
      64.9      0.0842961      0.0763359
      65.0      0.0833987      0.0755849
      65.1      0.0825116      0.0748417
      65.2      0.0816350      0.0741064
      65.3      0.0807690      0.0733793
      65.4      0.0799138      0.0726605
      65.5      0.0790695      0.0719502
      65.6      0.0782363      0.0712485
      65.7      0.0774143      0.0705556
      65.8      0.0766037      0.0698718
      65.9      0.0758046      0.0691971
      66.0      0.0750172      0.0685317
      66.1      0.0742417      0.0678757
      66.2      0.0734780      0.0672294
      66.3      0.0727265      0.0665929
      66.4      0.0719871      0.0659663
      66.5      0.0712601      0.0653498
      66.6      0.0705456      0.0647435
      66.7      0.0698436      0.0641476
      66.8      0.0691543      0.0635622
      66.9      0.0684779      0.0629874
      67.0      0.0678144      0.0624235
      67.1      0.0671639      0.0618704
      67.2      0.0665266      0.0613284
      67.3      0.0659025      0.0607975
      67.4      0.0652917      0.0602780
      67.5      0.0646944      0.0597699
      67.6      0.0641106      0.0592732
      67.7      0.0635405      0.0587883
      67.8      0.0629840      0.0583151
      67.9      0.0624414      0.0578537
      68.0      0.0619126      0.0574043
      68.1      0.0613977      0.0569670
      68.2      0.0608969      0.0565419
      68.3      0.0604101      0.0561290
      68.4      0.0599375      0.0557285
      68.5      0.0594791      0.0553404
      68.6      0.0590350      0.0549649
      68.7      0.0586052      0.0546020
      68.8      0.0581898      0.0542518
      68.9      0.0577889      0.0539143
      69.0      0.0574023      0.0535897
      69.1      0.0570304      0.0532780
      69.2      0.0566729      0.0529793
      69.3      0.0563301      0.0526936
      69.4      0.0560018      0.0524211
      69.5      0.0556883      0.0521616
      69.6      0.0553894      0.0519154
      69.7      0.0551051      0.0516825
      69.8      0.0548356      0.0514629
      69.9      0.0545809      0.0512566
      70.0      0.0543408      0.0510637
      70.1      0.0541155      0.0508842
      70.2      0.0539050      0.0507182
      70.3      0.0537092      0.0505656
      70.4      0.0535281      0.0504266
      70.5      0.0533618      0.0503011
      70.6      0.0532102      0.0501891
      70.7      0.0530734      0.0500907
      70.8      0.0529512      0.0500058
      70.9      0.0528437      0.0499346
      71.0      0.0527509      0.0498769
      71.1      0.0526727      0.0498328
      71.2      0.0526091      0.0498023
      71.3      0.0525600      0.0497854
      71.4      0.0525255      0.0497820
      71.5      0.0525055      0.0497922
      71.6      0.0524999      0.0498159
      71.7      0.0525087      0.0498531
      71.8      0.0525319      0.0499038
      71.9      0.0525694      0.0499680
      72.0      0.0526211      0.0500456
      72.1      0.0526869      0.0501366
      72.2      0.0527669      0.0502409
      72.3      0.0528610      0.0503586
      72.4      0.0529690      0.0504896
      72.5      0.0530909      0.0506337
      72.6      0.0532267      0.0507911
      72.7      0.0533762      0.0509615
      72.8      0.0535394      0.0511450
      72.9      0.0537162      0.0513415
      73.0      0.0539064      0.0515510
      73.1      0.0541101      0.0517733
      73.2      0.0543271      0.0520084
      73.3      0.0545573      0.0522562
      73.4      0.0548006      0.0525166
      73.5      0.0550569      0.0527897
      73.6      0.0553261      0.0530751
      73.7      0.0556082      0.0533730
      73.8      0.0559029      0.0536832
      73.9      0.0562102      0.0540056
      74.0      0.0565299      0.0543400
      74.1      0.0568620      0.0546865
      74.2      0.0572063      0.0550449
      74.3      0.0575626      0.0554151
      74.4      0.0579310      0.0557969
      74.5      0.0583111      0.0561904
      74.6      0.0587030      0.0565953
      74.7      0.0591064      0.0570115
      74.8      0.0595212      0.0574389
      74.9      0.0599473      0.0578775
      75.0      0.0603845      0.0583270
      75.1      0.0608328      0.0587873
      75.2      0.0612918      0.0592584
      75.3      0.0617616      0.0597400
      75.4      0.0622419      0.0602321
      75.5      0.0627326      0.0607344
      75.6      0.0632335      0.0612469
      75.7      0.0637445      0.0617694
      75.8      0.0642653      0.0623017
      75.9      0.0647960      0.0628438
      76.0      0.0653362      0.0633954
      76.1      0.0658858      0.0639564
      76.2      0.0664446      0.0645266
      76.3      0.0670125      0.0651060
      76.4      0.0675893      0.0656942
      76.5      0.0681749      0.0662912
      76.6      0.0687689      0.0668967
      76.7      0.0693713      0.0675107
      76.8      0.0699819      0.0681329
      76.9      0.0706005      0.0687632
      77.0      0.0712269      0.0694014
      77.1      0.0718610      0.0700473
      77.2      0.0725024      0.0707007
      77.3      0.0731512      0.0713615
      77.4      0.0738069      0.0720294
      77.5      0.0744696      0.0727044
      77.6      0.0751389      0.0733861
      77.7      0.0758147      0.0740744
      77.8      0.0764968      0.0747692
      77.9      0.0771850      0.0754702
      78.0      0.0778790      0.0761772
      78.1      0.0785788      0.0768901
      78.2      0.0792840      0.0776086
      78.3      0.0799946      0.0783325
      78.4      0.0807102      0.0790617
      78.5      0.0814307      0.0797959
      78.6      0.0821558      0.0805350
      78.7      0.0828854      0.0812787
      78.8      0.0836193      0.0820268
      78.9      0.0843573      0.0827792
      79.0      0.0850991      0.0835356
      79.1      0.0858445      0.0842958
      79.2      0.0865934      0.0850596
      79.3      0.0873455      0.0858268
      79.4      0.0881006      0.0865972
      79.5      0.0888585      0.0873705
      79.6      0.0896190      0.0881467
      79.7      0.0903818      0.0889253
      79.8      0.0911469      0.0897063
      79.9      0.0919139      0.0904895
      80.0      0.0926826      0.0912745
      80.1      0.0934528      0.0920613
      80.2      0.0942244      0.0928495
      80.3      0.0949971      0.0936389
      80.4      0.0957706      0.0944295
      80.5      0.0965449      0.0952208
      80.6      0.0973196      0.0960128
      80.7      0.0980945      0.0968051
      80.8      0.0988695      0.0975977
      80.9      0.0996443      0.0983902
      81.0      0.1004188      0.0991824
      81.1      0.1011926      0.0999742
      81.2      0.1019656      0.1007653
      81.3      0.1027376      0.1015555
      81.4      0.1035084      0.1023446
      81.5      0.1042777      0.1031323
      81.6      0.1050454      0.1039185
      81.7      0.1058112      0.1047029
      81.8      0.1065750      0.1054854
      81.9      0.1073365      0.1062656
      82.0      0.1080954      0.1070435
      82.1      0.1088518      0.1078187
      82.2      0.1096052      0.1085911
      82.3      0.1103555      0.1093604
      82.4      0.1111025      0.1101265
      82.5      0.1118460      0.1108891
      82.6      0.1125858      0.1116481
      82.7      0.1133217      0.1124032
      82.8      0.1140535      0.1131541
      82.9      0.1147810      0.1139008
      83.0      0.1155040      0.1146430
      83.1      0.1162222      0.1153805
      83.2      0.1169356      0.1161131
      83.3      0.1176439      0.1168405
      83.4      0.1183470      0.1175627
      83.5      0.1190445      0.1182793
      83.6      0.1197365      0.1189902
      83.7      0.1204225      0.1196953
      83.8      0.1211026      0.1203942
      83.9      0.1217764      0.1210869
      84.0      0.1224438      0.1217730
      84.1      0.1231046      0.1224525
      84.2      0.1237587      0.1231252
      84.3      0.1244059      0.1237908
      84.4      0.1250459      0.1244491
      84.5      0.1256787      0.1251001
      84.6      0.1263040      0.1257435
      84.7      0.1269217      0.1263791
      84.8      0.1275316      0.1270067
      84.9      0.1281335      0.1276262
      85.0      0.1287273      0.1282374
      85.1      0.1293128      0.1288402
      85.2      0.1298898      0.1294343
      85.3      0.1304583      0.1300196
      85.4      0.1310180      0.1305959
      85.5      0.1315687      0.1311632
      85.6      0.1321105      0.1317211
      85.7      0.1326429      0.1322696
      85.8      0.1331661      0.1328084
      85.9      0.1336797      0.1333376
      86.0      0.1341837      0.1338568
      86.1      0.1346778      0.1343660
      86.2      0.1351621      0.1348649
      86.3      0.1356363      0.1353535
      86.4      0.1361003      0.1358317
      86.5      0.1365539      0.1362992
      86.6      0.1369971      0.1367560
      86.7      0.1374298      0.1372019
      86.8      0.1378517      0.1376368
      86.9      0.1382628      0.1380605
      87.0      0.1386630      0.1384730
      87.1      0.1390522      0.1388741
      87.2      0.1394301      0.1392637
      87.3      0.1397968      0.1396417
      87.4      0.1401522      0.1400079
      87.5      0.1404960      0.1403623
      87.6      0.1408283      0.1407048
      87.7      0.1411489      0.1410352
      87.8      0.1414577      0.1413534
      87.9      0.1417547      0.1416595
      88.0      0.1420397      0.1419531
      88.1      0.1423126      0.1422344
      88.2      0.1425735      0.1425031
      88.3      0.1428221      0.1427592
      88.4      0.1430585      0.1430027
      88.5      0.1432825      0.1432334
      88.6      0.1434940      0.1434512
      88.7      0.1436931      0.1436561
      88.8      0.1438796      0.1438481
      88.9      0.1440535      0.1440270
      89.0      0.1442147      0.1441928
      89.1      0.1443632      0.1443454
      89.2      0.1444989      0.1444848
      89.3      0.1446218      0.1446110
      89.4      0.1447317      0.1447238
      89.5      0.1448287      0.1448232
      89.6      0.1449128      0.1449093
      89.7      0.1449838      0.1449818
      89.8      0.1450418      0.1450409
      89.9      0.1450867      0.1450865
      90.0      0.1451186      0.1451186
      90.1      0.1451372      0.1451370
      90.2      0.1451428      0.1451419
      90.3      0.1451351      0.1451332
      90.4      0.1451143      0.1451108
      90.5      0.1450803      0.1450748
      90.6      0.1450331      0.1450251
      90.7      0.1449726      0.1449618
      90.8      0.1448990      0.1448848
      90.9      0.1448121      0.1447942
      91.0      0.1447120      0.1446900
      91.1      0.1445987      0.1445721
      91.2      0.1444722      0.1444405
      91.3      0.1443325      0.1442954
      91.4      0.1441797      0.1441367
      91.5      0.1440137      0.1439644
      91.6      0.1438346      0.1437785
      91.7      0.1436424      0.1435791
      91.8      0.1434371      0.1433663
      91.9      0.1432187      0.1431400
      92.0      0.1429874      0.1429003
      92.1      0.1427431      0.1426472
      92.2      0.1424859      0.1423808
      92.3      0.1422158      0.1421012
      92.4      0.1419328      0.1418083
      92.5      0.1416371      0.1415023
      92.6      0.1413286      0.1411831
      92.7      0.1410075      0.1408509
      92.8      0.1406737      0.1405058
      92.9      0.1403274      0.1401477
      93.0      0.1399686      0.1397768
      93.1      0.1395974      0.1393931
      93.2      0.1392139      0.1389968
      93.3      0.1388180      0.1385878
      93.4      0.1384100      0.1381664
      93.5      0.1379899      0.1377325
      93.6      0.1375577      0.1372862
      93.7      0.1371136      0.1368278
      93.8      0.1366576      0.1363572
      93.9      0.1361899      0.1358745
      94.0      0.1357104      0.1353799
      94.1      0.1352195      0.1348734
      94.2      0.1347170      0.1343552
      94.3      0.1342032      0.1338254
      94.4      0.1336781      0.1332841
      94.5      0.1331419      0.1327314
      94.6      0.1325946      0.1321675
      94.7      0.1320364      0.1315924
      94.8      0.1314673      0.1310063
      94.9      0.1308876      0.1304093
      95.0      0.1302973      0.1298015
      95.1      0.1296966      0.1291831
      95.2      0.1290855      0.1285542
      95.3      0.1284642      0.1279150
      95.4      0.1278329      0.1272656
      95.5      0.1271917      0.1266061
      95.6      0.1265406      0.1259367
      95.7      0.1258799      0.1252575
      95.8      0.1252097      0.1245687
      95.9      0.1245301      0.1238705
      96.0      0.1238414      0.1231629
      96.1      0.1231435      0.1224462
      96.2      0.1224367      0.1217206
      96.3      0.1217211      0.1209860
      96.4      0.1209969      0.1202429
      96.5      0.1202643      0.1194912
      96.6      0.1195233      0.1187312
      96.7      0.1187743      0.1179631
      96.8      0.1180172      0.1171870
      96.9      0.1172523      0.1164031
      97.0      0.1164798      0.1156116
      97.1      0.1156998      0.1148126
      97.2      0.1149125      0.1140063
      97.3      0.1141180      0.1131930
      97.4      0.1133166      0.1123728
      97.5      0.1125084      0.1115459
      97.6      0.1116936      0.1107124
      97.7      0.1108723      0.1098726
      97.8      0.1100448      0.1090267
      97.9      0.1092113      0.1081748
      98.0      0.1083718      0.1073172
      98.1      0.1075267      0.1064539
      98.2      0.1066760      0.1055854
      98.3      0.1058200      0.1047116
      98.4      0.1049589      0.1038329
      98.5      0.1040928      0.1029494
      98.6      0.1032220      0.1020614
      98.7      0.1023466      0.1011690
      98.8      0.1014668      0.1002724
      98.9      0.1005829      0.0993719
      99.0      0.0996950      0.0984676
      99.1      0.0988033      0.0975597
      99.2      0.0979080      0.0966486
      99.3      0.0970094      0.0957342
      99.4      0.0961075      0.0948170
      99.5      0.0952027      0.0938971
      99.6      0.0942951      0.0929746
      99.7      0.0933850      0.0920499
      99.8      0.0924724      0.0911231
      99.9      0.0915577      0.0901944
     100.0      0.0906411      0.0892640
     100.1      0.0897226      0.0883322
     100.2      0.0888026      0.0873992
     100.3      0.0878813      0.0864651
     100.4      0.0869589      0.0855302
     100.5      0.0860355      0.0845948
     100.6      0.0851113      0.0836589
     100.7      0.0841867      0.0827229
     100.8      0.0832617      0.0817869
     100.9      0.0823367      0.0808512
     101.0      0.0814117      0.0799160
     101.1      0.0804871      0.0789814
     101.2      0.0795630      0.0780477
     101.3      0.0786396      0.0771152
     101.4      0.0777172      0.0761839
     101.5      0.0767959      0.0752542
     101.6      0.0758760      0.0743262
     101.7      0.0749576      0.0734002
     101.8      0.0740410      0.0724763
     101.9      0.0731264      0.0715548
     102.0      0.0722140      0.0706359
     102.1      0.0713039      0.0697198
     102.2      0.0703965      0.0688067
     102.3      0.0694919      0.0678967
     102.4      0.0685903      0.0669902
     102.5      0.0676919      0.0660873
     102.6      0.0667969      0.0651882
     102.7      0.0659055      0.0642931
     102.8      0.0650180      0.0634023
     102.9      0.0641345      0.0625158
     103.0      0.0632552      0.0616340
     103.1      0.0623804      0.0607570
     103.2      0.0615102      0.0598850
     103.3      0.0606448      0.0590182
     103.4      0.0597844      0.0581568
     103.5      0.0589293      0.0573010
     103.6      0.0580795      0.0564510
     103.7      0.0572354      0.0556070
     103.8      0.0563971      0.0547692
     103.9      0.0555648      0.0539377
     104.0      0.0547387      0.0531127
     104.1      0.0539189      0.0522944
     104.2      0.0531057      0.0514831
     104.3      0.0522993      0.0506788
     104.4      0.0514998      0.0498818
     104.5      0.0507074      0.0490922
     104.6      0.0499223      0.0483103
     104.7      0.0491447      0.0475361
     104.8      0.0483748      0.0467698
     104.9      0.0476126      0.0460117
     105.0      0.0468585      0.0452619
     105.1      0.0461126      0.0445205
     105.2      0.0453751      0.0437877
     105.3      0.0446461      0.0430637
     105.4      0.0439257      0.0423486
     105.5      0.0432143      0.0416426
     105.6      0.0425118      0.0409458
     105.7      0.0418186      0.0402584
     105.8      0.0411347      0.0395805
     105.9      0.0404603      0.0389123
     106.0      0.0397956      0.0382539
     106.1      0.0391406      0.0376055
     106.2      0.0384957      0.0369672
     106.3      0.0378609      0.0363391
     106.4      0.0372363      0.0357213
     106.5      0.0366222      0.0351141
     106.6      0.0360186      0.0345175
     106.7      0.0354257      0.0339316
     106.8      0.0348437      0.0333565
     106.9      0.0342726      0.0327925
     107.0      0.0337126      0.0322395
     107.1      0.0331639      0.0316978
     107.2      0.0326265      0.0311674
     107.3      0.0321006      0.0306484
     107.4      0.0315863      0.0301409
     107.5      0.0310838      0.0296451
     107.6      0.0305931      0.0291610
     107.7      0.0301143      0.0286888
     107.8      0.0296477      0.0282284
     107.9      0.0291932      0.0277801
     108.0      0.0287510      0.0273439
     108.1      0.0283213      0.0269198
     108.2      0.0279040      0.0265080
     108.3      0.0274993      0.0261085
     108.4      0.0271073      0.0257215
     108.5      0.0267281      0.0253469
     108.6      0.0263618      0.0249849
     108.7      0.0260084      0.0246355
     108.8      0.0256681      0.0242987
     108.9      0.0253410      0.0239747
     109.0      0.0250270      0.0236635
     109.1      0.0247263      0.0233651
     109.2      0.0244390      0.0230796
     109.3      0.0241651      0.0228070
     109.4      0.0239047      0.0225474
     109.5      0.0236578      0.0223008
     109.6      0.0234245      0.0220673
     109.7      0.0232050      0.0218468
     109.8      0.0229991      0.0216394
     109.9      0.0228070      0.0214452
     110.0      0.0226287      0.0212641
     110.1      0.0224643      0.0210961
     110.2      0.0223138      0.0209414
     110.3      0.0221773      0.0207998
     110.4      0.0220547      0.0206715
     110.5      0.0219461      0.0205563
     110.6      0.0218516      0.0204544
     110.7      0.0217711      0.0203657
     110.8      0.0217047      0.0202901
     110.9      0.0216524      0.0202278
     111.0      0.0216142      0.0201786
     111.1      0.0215902      0.0201426
     111.2      0.0215803      0.0201198
     111.3      0.0215845      0.0201101
     111.4      0.0216028      0.0201134
     111.5      0.0216353      0.0201299
     111.6      0.0216820      0.0201594
     111.7      0.0217427      0.0202019
     111.8      0.0218176      0.0202573
     111.9      0.0219065      0.0203257
     112.0      0.0220096      0.0204069
     112.1      0.0221267      0.0205010
     112.2      0.0222578      0.0206078
     112.3      0.0224029      0.0207274
     112.4      0.0225620      0.0208596
     112.5      0.0227351      0.0210045
     112.6      0.0229220      0.0211618
     112.7      0.0231228      0.0213317
     112.8      0.0233374      0.0215139
     112.9      0.0235658      0.0217085
     113.0      0.0238079      0.0219153
     113.1      0.0240636      0.0221343
     113.2      0.0243330      0.0223653
     113.3      0.0246159      0.0226084
     113.4      0.0249123      0.0228633
     113.5      0.0252220      0.0231301
     113.6      0.0255451      0.0234086
     113.7      0.0258815      0.0236987
     113.8      0.0262311      0.0240004
     113.9      0.0265937      0.0243134
     114.0      0.0269694      0.0246378
     114.1      0.0273580      0.0249733
     114.2      0.0277595      0.0253200
     114.3      0.0281737      0.0256776
     114.4      0.0286005      0.0260460
     114.5      0.0290399      0.0264252
     114.6      0.0294918      0.0268150
     114.7      0.0299560      0.0272153
     114.8      0.0304325      0.0276259
     114.9      0.0309210      0.0280468
     115.0      0.0314216      0.0284777
     115.1      0.0319341      0.0289185
     115.2      0.0324584      0.0293692
     115.3      0.0329943      0.0298296
     115.4      0.0335417      0.0302994
     115.5      0.0341005      0.0307786
     115.6      0.0346706      0.0312671
     115.7      0.0352518      0.0317646
     115.8      0.0358441      0.0322711
     115.9      0.0364471      0.0327863
     116.0      0.0370609      0.0333101
     116.1      0.0376852      0.0338423
     116.2      0.0383199      0.0343829
     116.3      0.0389649      0.0349315
     116.4      0.0396200      0.0354881
     116.5      0.0402851      0.0360525
     116.6      0.0409599      0.0366245
     116.7      0.0416444      0.0372039
     116.8      0.0423384      0.0377906
     116.9      0.0430416      0.0383844
     117.0      0.0437540      0.0389851
     117.1      0.0444753      0.0395925
     117.2      0.0452054      0.0402064
     117.3      0.0459441      0.0408268
     117.4      0.0466913      0.0414533
     117.5      0.0474467      0.0420857
     117.6      0.0482102      0.0427240
     117.7      0.0489815      0.0433679
     117.8      0.0497606      0.0440173
     117.9      0.0505472      0.0446718
     118.0      0.0513410      0.0453314
     118.1      0.0521420      0.0459959
     118.2      0.0529499      0.0466650
     118.3      0.0537646      0.0473385
     118.4      0.0545858      0.0480163
     118.5      0.0554133      0.0486981
     118.6      0.0562469      0.0493838
     118.7      0.0570865      0.0500732
     118.8      0.0579318      0.0507660
     118.9      0.0587825      0.0514620
     119.0      0.0596386      0.0521611
     119.1      0.0604998      0.0528630
     119.2      0.0613658      0.0535676
     119.3      0.0622365      0.0542746
     119.4      0.0631117      0.0549838
     119.5      0.0639911      0.0556950
     119.6      0.0648744      0.0564080
     119.7      0.0657616      0.0571226
     119.8      0.0666523      0.0578386
     119.9      0.0675464      0.0585558
     120.0      0.0684436      0.0592739
     120.1      0.0693437      0.0599928
     120.2      0.0702465      0.0607123
     120.3      0.0711517      0.0614321
     120.4      0.0720592      0.0621520
     120.5      0.0729686      0.0628719
     120.6      0.0738798      0.0635914
     120.7      0.0747925      0.0643105
     120.8      0.0757065      0.0650288
     120.9      0.0766216      0.0657463
     121.0      0.0775375      0.0664626
     121.1      0.0784540      0.0671776
     121.2      0.0793708      0.0678910
     121.3      0.0802879      0.0686027
     121.4      0.0812048      0.0693124
     121.5      0.0821213      0.0700199
     121.6      0.0830373      0.0707251
     121.7      0.0839525      0.0714277
     121.8      0.0848666      0.0721275
     121.9      0.0857795      0.0728243
     122.0      0.0866908      0.0735180
     122.1      0.0876004      0.0742082
     122.2      0.0885080      0.0748948
     122.3      0.0894133      0.0755777
     122.4      0.0903162      0.0762565
     122.5      0.0912164      0.0769312
     122.6      0.0921137      0.0776014
     122.7      0.0930078      0.0782670
     122.8      0.0938984      0.0789279
     122.9      0.0947855      0.0795838
     123.0      0.0956686      0.0802345
     123.1      0.0965476      0.0808798
     123.2      0.0974223      0.0815195
     123.3      0.0982924      0.0821535
     123.4      0.0991577      0.0827816
     123.5      0.1000179      0.0834035
     123.6      0.1008729      0.0840192
     123.7      0.1017223      0.0846283
     123.8      0.1025660      0.0852308
     123.9      0.1034038      0.0858264
     124.0      0.1042353      0.0864150
     124.1      0.1050604      0.0869963
     124.2      0.1058788      0.0875703
     124.3      0.1066904      0.0881367
     124.4      0.1074948      0.0886954
     124.5      0.1082920      0.0892463
     124.6      0.1090816      0.0897890
     124.7      0.1098634      0.0903235
     124.8      0.1106372      0.0908496
     124.9      0.1114028      0.0913672
     125.0      0.1121600      0.0918761
     125.1      0.1129085      0.0923761
     125.2      0.1136482      0.0928671
     125.3      0.1143789      0.0933489
     125.4      0.1151002      0.0938214
     125.5      0.1158121      0.0942844
     125.6      0.1165143      0.0947378
     125.7      0.1172065      0.0951815
     125.8      0.1178887      0.0956153
     125.9      0.1185606      0.0960390
     126.0      0.1192220      0.0964526
     126.1      0.1198726      0.0968559
     126.2      0.1205124      0.0972487
     126.3      0.1211411      0.0976311
     126.4      0.1217585      0.0980027
     126.5      0.1223645      0.0983635
     126.6      0.1229588      0.0987134
     126.7      0.1235412      0.0990523
     126.8      0.1241116      0.0993801
     126.9      0.1246698      0.0996966
     127.0      0.1252157      0.1000017
     127.1      0.1257490      0.1002953
     127.2      0.1262695      0.1005774
     127.3      0.1267772      0.1008479
     127.4      0.1272717      0.1011065
     127.5      0.1277531      0.1013533
     127.6      0.1282210      0.1015882
     127.7      0.1286754      0.1018110
     127.8      0.1291161      0.1020218
     127.9      0.1295430      0.1022203
     128.0      0.1299558      0.1024065
     128.1      0.1303544      0.1025804
     128.2      0.1307387      0.1027419
     128.3      0.1311086      0.1028909
     128.4      0.1314639      0.1030274
     128.5      0.1318044      0.1031512
     128.6      0.1321301      0.1032624
     128.7      0.1324408      0.1033608
     128.8      0.1327363      0.1034465
     128.9      0.1330166      0.1035193
     129.0      0.1332816      0.1035793
     129.1      0.1335311      0.1036263
     129.2      0.1337649      0.1036604
     129.3      0.1339831      0.1036815
     129.4      0.1341854      0.1036896
     129.5      0.1343718      0.1036846
     129.6      0.1345422      0.1036665
     129.7      0.1346964      0.1036354
     129.8      0.1348345      0.1035911
     129.9      0.1349562      0.1035337
     130.0      0.1350615      0.1034631
     130.1      0.1351504      0.1033794
     130.2      0.1352227      0.1032825
     130.3      0.1352783      0.1031725
     130.4      0.1353173      0.1030493
     130.5      0.1353395      0.1029129
     130.6      0.1353448      0.1027634
     130.7      0.1353332      0.1026008
     130.8      0.1353047      0.1024250
     130.9      0.1352591      0.1022361
     131.0      0.1351965      0.1020341
     131.1      0.1351167      0.1018190
     131.2      0.1350198      0.1015909
     131.3      0.1349057      0.1013498
     131.4      0.1347744      0.1010958
     131.5      0.1346258      0.1008287
     131.6      0.1344599      0.1005488
     131.7      0.1342767      0.1002561
     131.8      0.1340761      0.0999505
     131.9      0.1338582      0.0996322
     132.0      0.1336230      0.0993012
     132.1      0.1333703      0.0989575
     132.2      0.1331003      0.0986013
     132.3      0.1328129      0.0982325
     132.4      0.1325081      0.0978513
     132.5      0.1321860      0.0974577
     132.6      0.1318465      0.0970518
     132.7      0.1314897      0.0966337
     132.8      0.1311155      0.0962034
     132.9      0.1307241      0.0957610
     133.0      0.1303154      0.0953067
     133.1      0.1298895      0.0948404
     133.2      0.1294463      0.0943623
     133.3      0.1289860      0.0938725
     133.4      0.1285086      0.0933711
     133.5      0.1280142      0.0928582
     133.6      0.1275027      0.0923339
     133.7      0.1269743      0.0917982
     133.8      0.1264289      0.0912514
     133.9      0.1258668      0.0906934
     134.0      0.1252878      0.0901245
     134.1      0.1246922      0.0895448
     134.2      0.1240800      0.0889543
     134.3      0.1234512      0.0883532
     134.4      0.1228060      0.0877416
     134.5      0.1221445      0.0871196
     134.6      0.1214666      0.0864874
     134.7      0.1207726      0.0858451
     134.8      0.1200626      0.0851929
     134.9      0.1193365      0.0845308
     135.0      0.1185946      0.0838591
     135.1      0.1178370      0.0831778
     135.2      0.1170638      0.0824871
     135.3      0.1162750      0.0817872
     135.4      0.1154709      0.0810782
     135.5      0.1146515      0.0803603
     135.6      0.1138170      0.0796336
     135.7      0.1129675      0.0788982
     135.8      0.1121032      0.0781544
     135.9      0.1112242      0.0774023
     136.0      0.1103306      0.0766421
     136.1      0.1094226      0.0758738
     136.2      0.1085004      0.0750978
     136.3      0.1075641      0.0743142
     136.4      0.1066139      0.0735230
     136.5      0.1056499      0.0727246
     136.6      0.1046724      0.0719191
     136.7      0.1036815      0.0711066
     136.8      0.1026773      0.0702874
     136.9      0.1016601      0.0694617
     137.0      0.1006300      0.0686295
     137.1      0.0995872      0.0677911
     137.2      0.0985320      0.0669467
     137.3      0.0974645      0.0660965
     137.4      0.0963849      0.0652406
     137.5      0.0952934      0.0643793
     137.6      0.0941902      0.0635127
     137.7      0.0930756      0.0626411
     137.8      0.0919497      0.0617645
     137.9      0.0908128      0.0608833
     138.0      0.0896651      0.0599977
     138.1      0.0885068      0.0591077
     138.2      0.0873381      0.0582137
     138.3      0.0861593      0.0573158
     138.4      0.0849706      0.0564142
     138.5      0.0837722      0.0555091
     138.6      0.0825644      0.0546008
     138.7      0.0813474      0.0536894
     138.8      0.0801214      0.0527751
     138.9      0.0788868      0.0518582
     139.0      0.0776437      0.0509389
     139.1      0.0763925      0.0500173
     139.2      0.0751333      0.0490936
     139.3      0.0738664      0.0481682
     139.4      0.0725921      0.0472411
     139.5      0.0713107      0.0463126
     139.6      0.0700224      0.0453829
     139.7      0.0687275      0.0444523
     139.8      0.0674263      0.0435208
     139.9      0.0661190      0.0425888
     140.0      0.0648059      0.0416564
     140.1      0.0634874      0.0407239
     140.2      0.0621636      0.0397915
     140.3      0.0608349      0.0388593
     140.4      0.0595015      0.0379277
     140.5      0.0581638      0.0369967
     140.6      0.0568220      0.0360667
     140.7      0.0554764      0.0351377
     140.8      0.0541274      0.0342101
     140.9      0.0527752      0.0332841
     141.0      0.0514202      0.0323598
     141.1      0.0500625      0.0314374
     141.2      0.0487026      0.0305172
     141.3      0.0473407      0.0295995
     141.4      0.0459772      0.0286843
     141.5      0.0446124      0.0277718
     141.6      0.0432464      0.0268624
     141.7      0.0418798      0.0259562
     141.8      0.0405128      0.0250534
     141.9      0.0391457      0.0241543
     142.0      0.0377788      0.0232589
     142.1      0.0364124      0.0223676
     142.2      0.0350469      0.0214805
     142.3      0.0336826      0.0205978
     142.4      0.0323198      0.0197198
     142.5      0.0309588      0.0188465
     142.6      0.0296000      0.0179783
     142.7      0.0282436      0.0171153
     142.8      0.0268901      0.0162577
     142.9      0.0255397      0.0154057
     143.0      0.0241927      0.0145595
     143.1      0.0228496      0.0137193
     143.2      0.0215105      0.0128853
     143.3      0.0201759      0.0120576
     143.4      0.0188461      0.0112365
     143.5      0.0175214      0.0104221
     143.6      0.0162022      0.0096147
     143.7      0.0148887      0.0088143
     143.8      0.0135813      0.0080212
     143.9      0.0122804      0.0072356
     144.0      0.0109862      0.0064575
     144.1      0.0096992      0.0056873
     144.2      0.0084196      0.0049251
     144.3      0.0071477      0.0041710
     144.4      0.0058840      0.0034252
     144.5      0.0046287      0.0026879
     144.6      0.0033822      0.0019593
     144.7      0.0021448      0.0012394
     144.8      0.0009169      0.0005285
     144.9     -0.0003013     -0.0001733
     145.0     -0.0015094     -0.0008658
     145.1     -0.0027071     -0.0015488
     145.2     -0.0038939     -0.0022223
     145.3     -0.0050697     -0.0028861
     145.4     -0.0062341     -0.0035400
     145.5     -0.0073867     -0.0041839
     145.6     -0.0085272     -0.0048176
     145.7     -0.0096553     -0.0054410
     145.8     -0.0107707     -0.0060540
     145.9     -0.0118730     -0.0066565
     146.0     -0.0129620     -0.0072482
     146.1     -0.0140372     -0.0078292
     146.2     -0.0150984     -0.0083992
     146.3     -0.0161452     -0.0089581
     146.4     -0.0171774     -0.0095058
     146.5     -0.0181946     -0.0100423
     146.6     -0.0191964     -0.0105673
     146.7     -0.0201827     -0.0110808
     146.8     -0.0211530     -0.0115826
     146.9     -0.0221071     -0.0120727
     147.0     -0.0230446     -0.0125510
     147.1     -0.0239653     -0.0130173
     147.2     -0.0248688     -0.0134716
     147.3     -0.0257548     -0.0139138
     147.4     -0.0266230     -0.0143437
     147.5     -0.0274732     -0.0147613
     147.6     -0.0283050     -0.0151666
     147.7     -0.0291181     -0.0155593
     147.8     -0.0299123     -0.0159395
     147.9     -0.0306871     -0.0163071
     148.0     -0.0314425     -0.0166620
     148.1     -0.0321780     -0.0170041
     148.2     -0.0328934     -0.0173333
     148.3     -0.0335883     -0.0176497
     148.4     -0.0342626     -0.0179531
     148.5     -0.0349160     -0.0182435
     148.6     -0.0355481     -0.0185209
     148.7     -0.0361587     -0.0187851
     148.8     -0.0367475     -0.0190362
     148.9     -0.0373142     -0.0192740
     149.0     -0.0378587     -0.0194987
     149.1     -0.0383806     -0.0197100
     149.2     -0.0388797     -0.0199081
     149.3     -0.0393557     -0.0200928
     149.4     -0.0398083     -0.0202641
     149.5     -0.0402374     -0.0204220
     149.6     -0.0406427     -0.0205666
     149.7     -0.0410239     -0.0206977
     149.8     -0.0413808     -0.0208154
     149.9     -0.0417132     -0.0209196
     150.0     -0.0420208     -0.0210104
     150.1     -0.0423034     -0.0210877
     150.2     -0.0425607     -0.0211516
     150.3     -0.0427927     -0.0212020
     150.4     -0.0429990     -0.0212390
     150.5     -0.0431794     -0.0212625
     150.6     -0.0433337     -0.0212727
     150.7     -0.0434617     -0.0212694
     150.8     -0.0435633     -0.0212528
     150.9     -0.0436381     -0.0212228
     151.0     -0.0436861     -0.0211794
     151.1     -0.0437070     -0.0211228
     151.2     -0.0437006     -0.0210529
     151.3     -0.0436668     -0.0209698
     151.4     -0.0436054     -0.0208735
     151.5     -0.0435162     -0.0207641
     151.6     -0.0433990     -0.0206416
     151.7     -0.0432537     -0.0205061
     151.8     -0.0430801     -0.0203575
     151.9     -0.0428780     -0.0201960
     152.0     -0.0426473     -0.0200217
     152.1     -0.0423879     -0.0198346
     152.2     -0.0420996     -0.0196347
     152.3     -0.0417823     -0.0194222
     152.4     -0.0414358     -0.0191970
     152.5     -0.0410600     -0.0189594
     152.6     -0.0406548     -0.0187093
     152.7     -0.0402200     -0.0184469
     152.8     -0.0397556     -0.0181722
     152.9     -0.0392614     -0.0178853
     153.0     -0.0387373     -0.0175864
     153.1     -0.0381832     -0.0172754
     153.2     -0.0375991     -0.0169526
     153.3     -0.0369847     -0.0166179
     153.4     -0.0363401     -0.0162716
     153.5     -0.0356652     -0.0159137
     153.6     -0.0349598     -0.0155444
     153.7     -0.0342240     -0.0151637
     153.8     -0.0334576     -0.0147717
     153.9     -0.0326605     -0.0143686
     154.0     -0.0318327     -0.0139546
     154.1     -0.0309742     -0.0135296
     154.2     -0.0300850     -0.0130939
     154.3     -0.0291648     -0.0126476
     154.4     -0.0282138     -0.0121908
     154.5     -0.0272319     -0.0117236
     154.6     -0.0262191     -0.0112463
     154.7     -0.0251753     -0.0107589
     154.8     -0.0241005     -0.0102615
     154.9     -0.0229947     -0.0097543
     155.0     -0.0218579     -0.0092376
     155.1     -0.0206902     -0.0087113
     155.2     -0.0194914     -0.0081757
     155.3     -0.0182616     -0.0076309
     155.4     -0.0170009     -0.0070771
     155.5     -0.0157092     -0.0065145
     155.6     -0.0143865     -0.0059431
     155.7     -0.0130330     -0.0053632
     155.8     -0.0116485     -0.0047750
     155.9     -0.0102332     -0.0041785
     156.0     -0.0087872     -0.0035741
     156.1     -0.0073104     -0.0029617
     156.2     -0.0058029     -0.0023417
     156.3     -0.0042647     -0.0017142
     156.4     -0.0026960     -0.0010794
     156.5     -0.0010968     -0.0004374
     156.6      0.0005328      0.0002116
     156.7      0.0021927      0.0008673
     156.8      0.0038829      0.0015296
     156.9      0.0056033      0.0021984
     157.0      0.0073537      0.0028733
     157.1      0.0091341      0.0035543
     157.2      0.0109443      0.0042411
     157.3      0.0127843      0.0049335
     157.4      0.0146539      0.0056314
     157.5      0.0165530      0.0063345
     157.6      0.0184814      0.0070427
     157.7      0.0204391      0.0077558
     157.8      0.0224259      0.0084734
     157.9      0.0244417      0.0091956
     158.0      0.0264863      0.0099219
     158.1      0.0285595      0.0106524
     158.2      0.0306612      0.0113866
     158.3      0.0327913      0.0121245
     158.4      0.0349495      0.0128658
     158.5      0.0371357      0.0136103
     158.6      0.0393497      0.0143578
     158.7      0.0415914      0.0151081
     158.8      0.0438604      0.0158610
     158.9      0.0461567      0.0166163
     159.0      0.0484801      0.0173737
     159.1      0.0508303      0.0181331
     159.2      0.0532071      0.0188942
     159.3      0.0556103      0.0196569
     159.4      0.0580397      0.0204208
     159.5      0.0604951      0.0211858
     159.6      0.0629763      0.0219518
     159.7      0.0654829      0.0227183
     159.8      0.0680148      0.0234854
     159.9      0.0705717      0.0242527
     160.0      0.0731534      0.0250199
     160.1      0.0757597      0.0257870
     160.2      0.0783902      0.0265537
     160.3      0.0810447      0.0273198
     160.4      0.0837229      0.0280850
     160.5      0.0864246      0.0288491
     160.6      0.0891495      0.0296120
     160.7      0.0918974      0.0303734
     160.8      0.0946678      0.0311331
     160.9      0.0974606      0.0318909
     161.0      0.1002755      0.0326465
     161.1      0.1031121      0.0333998
     161.2      0.1059702      0.0341505
     161.3      0.1088494      0.0348985
     161.4      0.1117494      0.0356435
     161.5      0.1146700      0.0363853
     161.6      0.1176107      0.0371237
     161.7      0.1205714      0.0378585
     161.8      0.1235516      0.0385895
     161.9      0.1265510      0.0393164
     162.0      0.1295694      0.0400391
     162.1      0.1326063      0.0407574
     162.2      0.1356614      0.0414710
     162.3      0.1387344      0.0421798
     162.4      0.1418249      0.0428836
     162.5      0.1449325      0.0435820
     162.6      0.1480570      0.0442751
     162.7      0.1511979      0.0449625
     162.8      0.1543550      0.0456440
     162.9      0.1575277      0.0463195
     163.0      0.1607158      0.0469888
     163.1      0.1639189      0.0476516
     163.2      0.1671366      0.0483078
     163.3      0.1703685      0.0489572
     163.4      0.1736143      0.0495996
     163.5      0.1768735      0.0502348
     163.6      0.1801458      0.0508626
     163.7      0.1834308      0.0514829
     163.8      0.1867281      0.0520955
     163.9      0.1900372      0.0527001
     164.0      0.1933578      0.0532966
     164.1      0.1966896      0.0538849
     164.2      0.2000320      0.0544648
     164.3      0.2033846      0.0550360
     164.4      0.2067471      0.0555984
     164.5      0.2101191      0.0561519
     164.6      0.2135001      0.0566963
     164.7      0.2168897      0.0572314
     164.8      0.2202875      0.0577570
     164.9      0.2236931      0.0582731
     165.0      0.2271060      0.0587794
     165.1      0.2305259      0.0592758
     165.2      0.2339522      0.0597621
     165.3      0.2373846      0.0602382
     165.4      0.2408226      0.0607040
     165.5      0.2442658      0.0611593
     165.6      0.2477138      0.0616039
     165.7      0.2511660      0.0620378
     165.8      0.2546222      0.0624607
     165.9      0.2580818      0.0628726
     166.0      0.2615444      0.0632733
     166.1      0.2650096      0.0636627
     166.2      0.2684769      0.0640407
     166.3      0.2719458      0.0644071
     166.4      0.2754160      0.0647619
     166.5      0.2788869      0.0651048
     166.6      0.2823581      0.0654359
     166.7      0.2858292      0.0657549
     166.8      0.2892997      0.0660618
     166.9      0.2927692      0.0663565
     167.0      0.2962372      0.0666389
     167.1      0.2997033      0.0669088
     167.2      0.3031670      0.0671662
     167.3      0.3066278      0.0674110
     167.4      0.3100853      0.0676430
     167.5      0.3135390      0.0678623
     167.6      0.3169886      0.0680686
     167.7      0.3204334      0.0682621
     167.8      0.3238732      0.0684424
     167.9      0.3273073      0.0686097
     168.0      0.3307354      0.0687638
     168.1      0.3341570      0.0689046
     168.2      0.3375717      0.0690321
     168.3      0.3409789      0.0691462
     168.4      0.3443783      0.0692469
     168.5      0.3477694      0.0693341
     168.6      0.3511517      0.0694077
     168.7      0.3545248      0.0694678
     168.8      0.3578882      0.0695142
     168.9      0.3612414      0.0695469
     169.0      0.3645841      0.0695659
     169.1      0.3679158      0.0695712
     169.2      0.3712359      0.0695627
     169.3      0.3745441      0.0695403
     169.4      0.3778400      0.0695042
     169.5      0.3811230      0.0694541
     169.6      0.3843927      0.0693902
     169.7      0.3876487      0.0693124
     169.8      0.3908905      0.0692207
     169.9      0.3941177      0.0691151
     170.0      0.3973299      0.0689956
     170.1      0.4005266      0.0688622
     170.2      0.4037073      0.0687148
     170.3      0.4068717      0.0685536
     170.4      0.4100193      0.0683784
     170.5      0.4131497      0.0681894
     170.6      0.4162624      0.0679865
     170.7      0.4193571      0.0677697
     170.8      0.4224332      0.0675391
     170.9      0.4254903      0.0672947
     171.0      0.4285282      0.0670366
     171.1      0.4315462      0.0667647
     171.2      0.4345441      0.0664791
     171.3      0.4375213      0.0661798
     171.4      0.4404775      0.0658670
     171.5      0.4434123      0.0655405
     171.6      0.4463252      0.0652005
     171.7      0.4492159      0.0648471
     171.8      0.4520840      0.0644803
     171.9      0.4549290      0.0641001
     172.0      0.4577505      0.0637066
     172.1      0.4605482      0.0632998
     172.2      0.4633217      0.0628800
     172.3      0.4660706      0.0624470
     172.4      0.4687945      0.0620011
     172.5      0.4714930      0.0615422
     172.6      0.4741657      0.0610705
     172.7      0.4768124      0.0605860
     172.8      0.4794325      0.0600888
     172.9      0.4820257      0.0595791
     173.0      0.4845917      0.0590569
     173.1      0.4871302      0.0585223
     173.2      0.4896406      0.0579754
     173.3      0.4921228      0.0574163
     173.4      0.4945763      0.0568452
     173.5      0.4970008      0.0562621
     173.6      0.4993960      0.0556671
     173.7      0.5017615      0.0550605
     173.8      0.5040970      0.0544422
     173.9      0.5064022      0.0538124
     174.0      0.5086766      0.0531712
     174.1      0.5109201      0.0525188
     174.2      0.5131323      0.0518553
     174.3      0.5153129      0.0511807
     174.4      0.5174615      0.0504954
     174.5      0.5195779      0.0497993
     174.6      0.5216618      0.0490927
     174.7      0.5237129      0.0483757
     174.8      0.5257308      0.0476483
     174.9      0.5277153      0.0469109
     175.0      0.5296662      0.0461634
     175.1      0.5315831      0.0454062
     175.2      0.5334657      0.0446393
     175.3      0.5353139      0.0438628
     175.4      0.5371272      0.0430770
     175.5      0.5389056      0.0422820
     175.6      0.5406487      0.0414780
     175.7      0.5423562      0.0406652
     175.8      0.5440280      0.0398436
     175.9      0.5456638      0.0390136
     176.0      0.5472633      0.0381752
     176.1      0.5488264      0.0373286
     176.2      0.5503527      0.0364740
     176.3      0.5518422      0.0356117
     176.4      0.5532945      0.0347417
     176.5      0.5547095      0.0338642
     176.6      0.5560870      0.0329795
     176.7      0.5574268      0.0320877
     176.8      0.5587286      0.0311891
     176.9      0.5599923      0.0302837
     177.0      0.5612177      0.0293719
     177.1      0.5624047      0.0284537
     177.2      0.5635530      0.0275294
     177.3      0.5646626      0.0265992
     177.4      0.5657332      0.0256633
     177.5      0.5667646      0.0247219
     177.6      0.5677568      0.0237752
     177.7      0.5687097      0.0228233
     177.8      0.5696229      0.0218666
     177.9      0.5704965      0.0209051
     178.0      0.5713304      0.0199391
     178.1      0.5721243      0.0189689
     178.2      0.5728782      0.0179945
     178.3      0.5735919      0.0170163
     178.4      0.5742654      0.0160344
     178.5      0.5748986      0.0150491
     178.6      0.5754914      0.0140605
     178.7      0.5760436      0.0130689
     178.8      0.5765553      0.0120745
     178.9      0.5770263      0.0110774
     179.0      0.5774565      0.0100780
     179.1      0.5778460      0.0090764
     179.2      0.5781946      0.0080729
     179.3      0.5785024      0.0070676
     179.4      0.5787691      0.0060607
     179.5      0.5789950      0.0050526
     179.6      0.5791798      0.0040434
     179.7      0.5793235      0.0030333
     179.8      0.5794262      0.0020226
     179.9      0.5794878      0.0010114
     180.0      0.5795084      0.0000000
