 # List of d(q) for j, j' =            2          23
 #    0  1.00000000
 #    1  0.11442324
 #    2  0.27503017
 #    3  0.03804722
 #    4  0.20220331
       0.0     10.8294421      0.0000000
       0.1     10.8293588      0.0189008
       0.2     10.8291089      0.0378006
       0.3     10.8286924      0.0566986
       0.4     10.8281093      0.0755938
       0.5     10.8273597      0.0944853
       0.6     10.8264435      0.1133722
       0.7     10.8253609      0.1322534
       0.8     10.8241118      0.1511282
       0.9     10.8226963      0.1699955
       1.0     10.8211144      0.1888545
       1.1     10.8193663      0.2077042
       1.2     10.8174519      0.2265436
       1.3     10.8153713      0.2453719
       1.4     10.8131247      0.2641882
       1.5     10.8107121      0.2829915
       1.6     10.8081335      0.3017808
       1.7     10.8053892      0.3205553
       1.8     10.8024791      0.3393141
       1.9     10.7994034      0.3580561
       2.0     10.7961623      0.3767806
       2.1     10.7927557      0.3954866
       2.2     10.7891839      0.4141731
       2.3     10.7854470      0.4328393
       2.4     10.7815451      0.4514842
       2.5     10.7774784      0.4701070
       2.6     10.7732470      0.4887067
       2.7     10.7688510      0.5072824
       2.8     10.7642907      0.5258331
       2.9     10.7595662      0.5443581
       3.0     10.7546777      0.5628563
       3.1     10.7496253      0.5813270
       3.2     10.7444093      0.5997691
       3.3     10.7390298      0.6181818
       3.4     10.7334871      0.6365642
       3.5     10.7277812      0.6549154
       3.6     10.7219126      0.6732345
       3.7     10.7158813      0.6915206
       3.8     10.7096876      0.7097728
       3.9     10.7033317      0.7279902
       4.0     10.6968138      0.7461720
       4.1     10.6901343      0.7643173
       4.2     10.6832932      0.7824251
       4.3     10.6762910      0.8004947
       4.4     10.6691278      0.8185251
       4.5     10.6618040      0.8365155
       4.6     10.6543197      0.8544650
       4.7     10.6466753      0.8723727
       4.8     10.6388710      0.8902378
       4.9     10.6309071      0.9080594
       5.0     10.6227840      0.9258366
       5.1     10.6145019      0.9435687
       5.2     10.6060611      0.9612547
       5.3     10.5974619      0.9788938
       5.4     10.5887047      0.9964851
       5.5     10.5797898      1.0140279
       5.6     10.5707174      1.0315213
       5.7     10.5614880      1.0489644
       5.8     10.5521019      1.0663563
       5.9     10.5425594      1.0836964
       6.0     10.5328609      1.1009838
       6.1     10.5230067      1.1182175
       6.2     10.5129972      1.1353969
       6.3     10.5028328      1.1525211
       6.4     10.4925138      1.1695893
       6.5     10.4820406      1.1866007
       6.6     10.4714136      1.2035544
       6.7     10.4606331      1.2204498
       6.8     10.4496997      1.2372859
       6.9     10.4386137      1.2540620
       7.0     10.4273754      1.2707774
       7.1     10.4159854      1.2874312
       7.2     10.4044439      1.3040226
       7.3     10.3927516      1.3205509
       7.4     10.3809087      1.3370153
       7.5     10.3689157      1.3534151
       7.6     10.3567730      1.3697494
       7.7     10.3444812      1.3860176
       7.8     10.3320406      1.4022188
       7.9     10.3194517      1.4183524
       8.0     10.3067149      1.4344175
       8.1     10.2938308      1.4504134
       8.2     10.2807998      1.4663395
       8.3     10.2676224      1.4821950
       8.4     10.2542991      1.4979791
       8.5     10.2408303      1.5136911
       8.6     10.2272165      1.5293303
       8.7     10.2134583      1.5448961
       8.8     10.1995561      1.5603876
       8.9     10.1855105      1.5758043
       9.0     10.1713219      1.5911453
       9.1     10.1569909      1.6064101
       9.2     10.1425181      1.6215978
       9.3     10.1279039      1.6367080
       9.4     10.1131488      1.6517398
       9.5     10.0982535      1.6666926
       9.6     10.0832184      1.6815657
       9.7     10.0680441      1.6963585
       9.8     10.0527312      1.7110703
       9.9     10.0372802      1.7257006
      10.0     10.0216917      1.7402485
      10.1     10.0059662      1.7547135
      10.2      9.9901044      1.7690950
      10.3      9.9741067      1.7833924
      10.4      9.9579739      1.7976049
      10.5      9.9417064      1.8117321
      10.6      9.9253048      1.8257732
      10.7      9.9087699      1.8397278
      10.8      9.8921021      1.8535951
      10.9      9.8753020      1.8673746
      11.0      9.8583704      1.8810657
      11.1      9.8413077      1.8946679
      11.2      9.8241147      1.9081805
      11.3      9.8067919      1.9216031
      11.4      9.7893400      1.9349349
      11.5      9.7717595      1.9481755
      11.6      9.7540513      1.9613244
      11.7      9.7362158      1.9743809
      11.8      9.7182537      1.9873445
      11.9      9.7001657      2.0002148
      12.0      9.6819525      2.0129911
      12.1      9.6636147      2.0256730
      12.2      9.6451529      2.0382600
      12.3      9.6265679      2.0507515
      12.4      9.6078602      2.0631470
      12.5      9.5890307      2.0754461
      12.6      9.5700799      2.0876483
      12.7      9.5510086      2.0997530
      12.8      9.5318174      2.1117598
      12.9      9.5125071      2.1236683
      13.0      9.4930782      2.1354780
      13.1      9.4735317      2.1471883
      13.2      9.4538680      2.1587990
      13.3      9.4340880      2.1703095
      13.4      9.4141924      2.1817193
      13.5      9.3941818      2.1930282
      13.6      9.3740571      2.2042356
      13.7      9.3538189      2.2153411
      13.8      9.3334679      2.2263444
      13.9      9.3130049      2.2372449
      14.0      9.2924307      2.2480424
      14.1      9.2717459      2.2587365
      14.2      9.2509513      2.2693267
      14.3      9.2300477      2.2798127
      14.4      9.2090358      2.2901941
      14.5      9.1879164      2.3004705
      14.6      9.1666901      2.3106417
      14.7      9.1453579      2.3207072
      14.8      9.1239204      2.3306668
      14.9      9.1023784      2.3405200
      15.0      9.0807328      2.3502666
      15.1      9.0589842      2.3599062
      15.2      9.0371334      2.3694386
      15.3      9.0151812      2.3788634
      15.4      8.9931285      2.3881803
      15.5      8.9709760      2.3973891
      15.6      8.9487245      2.4064894
      15.7      8.9263747      2.4154810
      15.8      8.9039275      2.4243636
      15.9      8.8813838      2.4331370
      16.0      8.8587442      2.4418008
      16.1      8.8360096      2.4503549
      16.2      8.8131808      2.4587991
      16.3      8.7902587      2.4671330
      16.4      8.7672439      2.4753564
      16.5      8.7441375      2.4834692
      16.6      8.7209401      2.4914711
      16.7      8.6976526      2.4993620
      16.8      8.6742759      2.5071415
      16.9      8.6508107      2.5148096
      17.0      8.6272579      2.5223661
      17.1      8.6036183      2.5298107
      17.2      8.5798928      2.5371434
      17.3      8.5560822      2.5443639
      17.4      8.5321874      2.5514721
      17.5      8.5082092      2.5584678
      17.6      8.4841484      2.5653510
      17.7      8.4600059      2.5721215
      17.8      8.4357825      2.5787791
      17.9      8.4114792      2.5853238
      18.0      8.3870967      2.5917554
      18.1      8.3626360      2.5980739
      18.2      8.3380978      2.6042791
      18.3      8.3134831      2.6103710
      18.4      8.2887927      2.6163494
      18.5      8.2640275      2.6222144
      18.6      8.2391883      2.6279658
      18.7      8.2142761      2.6336036
      18.8      8.1892917      2.6391278
      18.9      8.1642360      2.6445382
      19.0      8.1391098      2.6498350
      19.1      8.1139141      2.6550179
      19.2      8.0886497      2.6600871
      19.3      8.0633175      2.6650425
      19.4      8.0379184      2.6698841
      19.5      8.0124533      2.6746119
      19.6      7.9869230      2.6792259
      19.7      7.9613286      2.6837261
      19.8      7.9356708      2.6881126
      19.9      7.9099505      2.6923854
      20.0      7.8841687      2.6965445
      20.1      7.8583263      2.7005900
      20.2      7.8324241      2.7045219
      20.3      7.8064630      2.7083403
      20.4      7.7804440      2.7120453
      20.5      7.7543680      2.7156369
      20.6      7.7282358      2.7191152
      20.7      7.7020484      2.7224803
      20.8      7.6758066      2.7257324
      20.9      7.6495115      2.7288714
      21.0      7.6231638      2.7318976
      21.1      7.5967646      2.7348110
      21.2      7.5703146      2.7376118
      21.3      7.5438149      2.7403001
      21.4      7.5172663      2.7428760
      21.5      7.4906698      2.7453397
      21.6      7.4640263      2.7476913
      21.7      7.4373367      2.7499311
      21.8      7.4106018      2.7520592
      21.9      7.3838227      2.7540757
      22.0      7.3570003      2.7559808
      22.1      7.3301354      2.7577748
      22.2      7.3032290      2.7594578
      22.3      7.2762820      2.7610300
      22.4      7.2492954      2.7624917
      22.5      7.2222700      2.7638431
      22.6      7.1952068      2.7650843
      22.7      7.1681067      2.7662157
      22.8      7.1409706      2.7672374
      22.9      7.1137995      2.7681497
      23.0      7.0865942      2.7689530
      23.1      7.0593558      2.7696473
      23.2      7.0320850      2.7702330
      23.3      7.0047830      2.7707104
      23.4      6.9774505      2.7710797
      23.5      6.9500885      2.7713413
      23.6      6.9226980      2.7714954
      23.7      6.8952798      2.7715424
      23.8      6.8678349      2.7714825
      23.9      6.8403642      2.7713160
      24.0      6.8128686      2.7710433
      24.1      6.7853491      2.7706647
      24.2      6.7578067      2.7701806
      24.3      6.7302421      2.7695913
      24.4      6.7026563      2.7688970
      24.5      6.6750504      2.7680983
      24.6      6.6474251      2.7671954
      24.7      6.6197815      2.7661887
      24.8      6.5921204      2.7650786
      24.9      6.5644428      2.7638655
      25.0      6.5367495      2.7625497
      25.1      6.5090416      2.7611317
      25.2      6.4813199      2.7596118
      25.3      6.4535854      2.7579905
      25.4      6.4258390      2.7562681
      25.5      6.3980816      2.7544451
      25.6      6.3703141      2.7525219
      25.7      6.3425375      2.7504990
      25.8      6.3147526      2.7483767
      25.9      6.2869604      2.7461556
      26.0      6.2591619      2.7438360
      26.1      6.2313578      2.7414184
      26.2      6.2035492      2.7389033
      26.3      6.1757369      2.7362911
      26.4      6.1479219      2.7335824
      26.5      6.1201051      2.7307775
      26.6      6.0922874      2.7278770
      26.7      6.0644697      2.7248814
      26.8      6.0366529      2.7217912
      26.9      6.0088379      2.7186068
      27.0      5.9810256      2.7153288
      27.1      5.9532170      2.7119577
      27.2      5.9254129      2.7084940
      27.3      5.8976143      2.7049382
      27.4      5.8698220      2.7012908
      27.5      5.8420369      2.6975525
      27.6      5.8142600      2.6937236
      27.7      5.7864922      2.6898049
      27.8      5.7587343      2.6857967
      27.9      5.7309872      2.6816998
      28.0      5.7032518      2.6775146
      28.1      5.6755291      2.6732416
      28.2      5.6478199      2.6688816
      28.3      5.6201251      2.6644350
      28.4      5.5924455      2.6599025
      28.5      5.5647822      2.6552846
      28.6      5.5371359      2.6505819
      28.7      5.5095075      2.6457950
      28.8      5.4818980      2.6409245
      28.9      5.4543081      2.6359710
      29.0      5.4267388      2.6309352
      29.1      5.3991909      2.6258176
      29.2      5.3716654      2.6206189
      29.3      5.3441630      2.6153396
      29.4      5.3166847      2.6099805
      29.5      5.2892313      2.6045421
      29.6      5.2618037      2.5990251
      29.7      5.2344027      2.5934302
      29.8      5.2070292      2.5877580
      29.9      5.1796841      2.5820090
      30.0      5.1523682      2.5761841
      30.1      5.1250823      2.5702838
      30.2      5.0978274      2.5643089
      30.3      5.0706042      2.5582599
      30.4      5.0434136      2.5521375
      30.5      5.0162564      2.5459426
      30.6      4.9891335      2.5396756
      30.7      4.9620457      2.5333373
      30.8      4.9349939      2.5269284
      30.9      4.9079789      2.5204496
      31.0      4.8810015      2.5139016
      31.1      4.8540625      2.5072850
      31.2      4.8271627      2.5006007
      31.3      4.8003031      2.4938492
      31.4      4.7734843      2.4870313
      31.5      4.7467073      2.4801477
      31.6      4.7199728      2.4731992
      31.7      4.6932816      2.4661864
      31.8      4.6666346      2.4591101
      31.9      4.6400325      2.4519710
      32.0      4.6134761      2.4447699
      32.1      4.5869663      2.4375074
      32.2      4.5605039      2.4301843
      32.3      4.5340895      2.4228014
      32.4      4.5077241      2.4153593
      32.5      4.4814084      2.4078590
      32.6      4.4551431      2.4003010
      32.7      4.4289291      2.3926861
      32.8      4.4027672      2.3850151
      32.9      4.3766580      2.3772888
      33.0      4.3506025      2.3695079
      33.1      4.3246012      2.3616732
      33.2      4.2986551      2.3537854
      33.3      4.2727648      2.3458454
      33.4      4.2469312      2.3378538
      33.5      4.2211549      2.3298115
      33.6      4.1954367      2.3217192
      33.7      4.1697774      2.3135778
      33.8      4.1441777      2.3053879
      33.9      4.1186383      2.2971504
      34.0      4.0931600      2.2888660
      34.1      4.0677435      2.2805356
      34.2      4.0423895      2.2721600
      34.3      4.0170988      2.2637398
      34.4      3.9918720      2.2552760
      34.5      3.9667099      2.2467693
      34.6      3.9416133      2.2382204
      34.7      3.9165827      2.2296303
      34.8      3.8916189      2.2209997
      34.9      3.8667226      2.2123294
      35.0      3.8418945      2.2036202
      35.1      3.8171354      2.1948729
      35.2      3.7924458      2.1860883
      35.3      3.7678264      2.1772672
      35.4      3.7432780      2.1684105
      35.5      3.7188013      2.1595189
      35.6      3.6943968      2.1505932
      35.7      3.6700653      2.1416343
      35.8      3.6458074      2.1326430
      35.9      3.6216237      2.1236200
      36.0      3.5975150      2.1145663
      36.1      3.5734820      2.1054826
      36.2      3.5495251      2.0963696
      36.3      3.5256451      2.0872284
      36.4      3.5018426      2.0780596
      36.5      3.4781183      2.0688640
      36.6      3.4544728      2.0596426
      36.7      3.4309067      2.0503961
      36.8      3.4074205      2.0411253
      36.9      3.3840151      2.0318311
      37.0      3.3606909      2.0225142
      37.1      3.3374485      2.0131756
      37.2      3.3142886      2.0038160
      37.3      3.2912118      1.9944362
      37.4      3.2682186      1.9850370
      37.5      3.2453097      1.9756194
      37.6      3.2224856      1.9661840
      37.7      3.1997469      1.9567318
      37.8      3.1770943      1.9472635
      37.9      3.1545281      1.9377799
      38.0      3.1320491      1.9282820
      38.1      3.1096578      1.9187704
      38.2      3.0873547      1.9092461
      38.3      3.0651405      1.8997098
      38.4      3.0430156      1.8901624
      38.5      3.0209805      1.8806046
      38.6      2.9990359      1.8710373
      38.7      2.9771823      1.8614613
      38.8      2.9554201      1.8518775
      38.9      2.9337500      1.8422866
      39.0      2.9121724      1.8326894
      39.1      2.8906878      1.8230869
      39.2      2.8692968      1.8134797
      39.3      2.8479999      1.8038686
      39.4      2.8267975      1.7942546
      39.5      2.8056901      1.7846384
      39.6      2.7846784      1.7750208
      39.7      2.7637626      1.7654026
      39.8      2.7429434      1.7557847
      39.9      2.7222211      1.7461677
      40.0      2.7015963      1.7365526
      40.1      2.6810694      1.7269402
      40.2      2.6606409      1.7173311
      40.3      2.6403112      1.7077263
      40.4      2.6200808      1.6981265
      40.5      2.5999502      1.6885326
      40.6      2.5799197      1.6789452
      40.7      2.5599898      1.6693653
      40.8      2.5401609      1.6597935
      40.9      2.5204335      1.6502307
      41.0      2.5008080      1.6406776
      41.1      2.4812847      1.6311351
      41.2      2.4618641      1.6216040
      41.3      2.4425467      1.6120849
      41.4      2.4233327      1.6025787
      41.5      2.4042226      1.5930861
      41.6      2.3852168      1.5836080
      41.7      2.3663156      1.5741450
      41.8      2.3475195      1.5646980
      41.9      2.3288288      1.5552677
      42.0      2.3102439      1.5458549
      42.1      2.2917651      1.5364603
      42.2      2.2733927      1.5270847
      42.3      2.2551273      1.5177289
      42.4      2.2369690      1.5083935
      42.5      2.2189182      1.4990794
      42.6      2.2009753      1.4897873
      42.7      2.1831406      1.4805179
      42.8      2.1654143      1.4712719
      42.9      2.1477970      1.4620502
      43.0      2.1302887      1.4528534
      43.1      2.1128899      1.4436823
      43.2      2.0956009      1.4345375
      43.3      2.0784219      1.4254199
      43.4      2.0613532      1.4163300
      43.5      2.0443952      1.4072688
      43.6      2.0275481      1.3982368
      43.7      2.0108121      1.3892347
      43.8      1.9941876      1.3802633
      43.9      1.9776748      1.3713233
      44.0      1.9612740      1.3624154
      44.1      1.9449854      1.3535402
      44.2      1.9288093      1.3446985
      44.3      1.9127459      1.3358910
      44.4      1.8967955      1.3271182
      44.5      1.8809582      1.3183810
      44.6      1.8652343      1.3096800
      44.7      1.8496241      1.3010158
      44.8      1.8341277      1.2923891
      44.9      1.8187454      1.2838007
      45.0      1.8034773      1.2752510
      45.1      1.7883237      1.2667409
      45.2      1.7732847      1.2582709
      45.3      1.7583605      1.2498417
      45.4      1.7435514      1.2414540
      45.5      1.7288574      1.2331083
      45.6      1.7142788      1.2248054
      45.7      1.6998158      1.2165458
      45.8      1.6854684      1.2083302
      45.9      1.6712368      1.2001591
      46.0      1.6571213      1.1920333
      46.1      1.6431218      1.1839533
      46.2      1.6292387      1.1759197
      46.3      1.6154719      1.1679331
      46.4      1.6018216      1.1599942
      46.5      1.5882880      1.1521034
      46.6      1.5748712      1.1442615
      46.7      1.5615712      1.1364690
      46.8      1.5483882      1.1287264
      46.9      1.5353223      1.1210344
      47.0      1.5223735      1.1133935
      47.1      1.5095420      1.1058043
      47.2      1.4968278      1.0982673
      47.3      1.4842310      1.0907831
      47.4      1.4717517      1.0833522
      47.5      1.4593900      1.0759752
      47.6      1.4471458      1.0686526
      47.7      1.4350194      1.0613849
      47.8      1.4230106      1.0541728
      47.9      1.4111195      1.0470166
      48.0      1.3993463      1.0399170
      48.1      1.3876909      1.0328743
      48.2      1.3761533      1.0258893
      48.3      1.3647336      1.0189622
      48.4      1.3534318      1.0120937
      48.5      1.3422479      1.0052842
      48.6      1.3311818      0.9985342
      48.7      1.3202337      0.9918442
      48.8      1.3094035      0.9852147
      48.9      1.2986911      0.9786461
      49.0      1.2880966      0.9721389
      49.1      1.2776200      0.9656935
      49.2      1.2672611      0.9593104
      49.3      1.2570201      0.9529901
      49.4      1.2468968      0.9467329
      49.5      1.2368912      0.9405394
      49.6      1.2270032      0.9344099
      49.7      1.2172328      0.9283449
      49.8      1.2075800      0.9223448
      49.9      1.1980446      0.9164100
      50.0      1.1886266      0.9105408
      50.1      1.1793260      0.9047378
      50.2      1.1701426      0.8990013
      50.3      1.1610763      0.8933316
      50.4      1.1521271      0.8877292
      50.5      1.1432949      0.8821944
      50.6      1.1345795      0.8767277
      50.7      1.1259809      0.8713293
      50.8      1.1174989      0.8659996
      50.9      1.1091334      0.8607390
      51.0      1.1008843      0.8555478
      51.1      1.0927515      0.8504264
      51.2      1.0847348      0.8453750
      51.3      1.0768341      0.8403941
      51.4      1.0690492      0.8354839
      51.5      1.0613801      0.8306447
      51.6      1.0538265      0.8258769
      51.7      1.0463883      0.8211808
      51.8      1.0390652      0.8165566
      51.9      1.0318573      0.8120046
      52.0      1.0247642      0.8075252
      52.1      1.0177857      0.8031185
      52.2      1.0109218      0.7987850
      52.3      1.0041722      0.7945247
      52.4      0.9975367      0.7903380
      52.5      0.9910152      0.7862252
      52.6      0.9846073      0.7821864
      52.7      0.9783129      0.7782220
      52.8      0.9721318      0.7743321
      52.9      0.9660638      0.7705170
      53.0      0.9601086      0.7667768
      53.1      0.9542660      0.7631119
      53.2      0.9485358      0.7595224
      53.3      0.9429177      0.7560084
      53.4      0.9374115      0.7525703
      53.5      0.9320169      0.7492082
      53.6      0.9267337      0.7459222
      53.7      0.9215616      0.7427125
      53.8      0.9165003      0.7395794
      53.9      0.9115496      0.7365229
      54.0      0.9067092      0.7335432
      54.1      0.9019789      0.7306405
      54.2      0.8973583      0.7278148
      54.3      0.8928471      0.7250664
      54.4      0.8884451      0.7223954
      54.5      0.8841520      0.7198018
      54.6      0.8799674      0.7172859
      54.7      0.8758910      0.7148476
      54.8      0.8719226      0.7124871
      54.9      0.8680618      0.7102045
      55.0      0.8643083      0.7080000
      55.1      0.8606618      0.7058734
      55.2      0.8571220      0.7038250
      55.3      0.8536884      0.7018548
      55.4      0.8503608      0.6999629
      55.5      0.8471388      0.6981493
      55.6      0.8440221      0.6964140
      55.7      0.8410104      0.6947572
      55.8      0.8381031      0.6931788
      55.9      0.8353001      0.6916789
      56.0      0.8326010      0.6902575
      56.1      0.8300053      0.6889146
      56.2      0.8275127      0.6876502
      56.3      0.8251228      0.6864643
      56.4      0.8228352      0.6853569
      56.5      0.8206496      0.6843280
      56.6      0.8185655      0.6833777
      56.7      0.8165826      0.6825057
      56.8      0.8147004      0.6817123
      56.9      0.8129186      0.6809972
      57.0      0.8112368      0.6803604
      57.1      0.8096545      0.6798020
      57.2      0.8081712      0.6793218
      57.3      0.8067867      0.6789197
      57.4      0.8055005      0.6785958
      57.5      0.8043121      0.6783499
      57.6      0.8032211      0.6781820
      57.7      0.8022271      0.6780920
      57.8      0.8013296      0.6780797
      57.9      0.8005282      0.6781450
      58.0      0.7998225      0.6782880
      58.1      0.7992120      0.6785083
      58.2      0.7986961      0.6788060
      58.3      0.7982746      0.6791809
      58.4      0.7979469      0.6796329
      58.5      0.7977125      0.6801617
      58.6      0.7975710      0.6807674
      58.7      0.7975219      0.6814497
      58.8      0.7975648      0.6822084
      58.9      0.7976991      0.6830434
      59.0      0.7979243      0.6839546
      59.1      0.7982400      0.6849417
      59.2      0.7986457      0.6860046
      59.3      0.7991409      0.6871431
      59.4      0.7997251      0.6883570
      59.5      0.8003977      0.6896460
      59.6      0.8011583      0.6910100
      59.7      0.8020064      0.6924488
      59.8      0.8029415      0.6939621
      59.9      0.8039630      0.6955497
      60.0      0.8050704      0.6972114
      60.1      0.8062633      0.6989470
      60.2      0.8075410      0.7007561
      60.3      0.8089030      0.7026387
      60.4      0.8103489      0.7045942
      60.5      0.8118780      0.7066227
      60.6      0.8134899      0.7087237
      60.7      0.8151840      0.7108970
      60.8      0.8169598      0.7131423
      60.9      0.8188167      0.7154593
      61.0      0.8207541      0.7178477
      61.1      0.8227716      0.7203073
      61.2      0.8248685      0.7228378
      61.3      0.8270443      0.7254387
      61.4      0.8292984      0.7281099
      61.5      0.8316303      0.7308510
      61.6      0.8340395      0.7336616
      61.7      0.8365252      0.7365415
      61.8      0.8390870      0.7394903
      61.9      0.8417243      0.7425077
      62.0      0.8444366      0.7455932
      62.1      0.8472231      0.7487467
      62.2      0.8500834      0.7519676
      62.3      0.8530169      0.7552557
      62.4      0.8560229      0.7586105
      62.5      0.8591009      0.7620318
      62.6      0.8622503      0.7655191
      62.7      0.8654705      0.7690720
      62.8      0.8687609      0.7726902
      62.9      0.8721209      0.7763732
      63.0      0.8755499      0.7801207
      63.1      0.8790473      0.7839322
      63.2      0.8826125      0.7878074
      63.3      0.8862448      0.7917458
      63.4      0.8899438      0.7957470
      63.5      0.8937086      0.7998106
      63.6      0.8975389      0.8039361
      63.7      0.9014338      0.8081232
      63.8      0.9053928      0.8123713
      63.9      0.9094153      0.8166801
      64.0      0.9135007      0.8210490
      64.1      0.9176483      0.8254777
      64.2      0.9218575      0.8299656
      64.3      0.9261277      0.8345124
      64.4      0.9304582      0.8391175
      64.5      0.9348485      0.8437805
      64.6      0.9392978      0.8485009
      64.7      0.9438056      0.8532781
      64.8      0.9483711      0.8581119
      64.9      0.9529939      0.8630015
      65.0      0.9576731      0.8679466
      65.1      0.9624083      0.8729467
      65.2      0.9671986      0.8780011
      65.3      0.9720436      0.8831096
      65.4      0.9769425      0.8882714
      65.5      0.9818947      0.8934862
      65.6      0.9868996      0.8987533
      65.7      0.9919564      0.9040723
      65.8      0.9970646      0.9094427
      65.9      1.0022235      0.9148639
      66.0      1.0074324      0.9203353
      66.1      1.0126907      0.9258565
      66.2      1.0179977      0.9314269
      66.3      1.0233528      0.9370459
      66.4      1.0287553      0.9427130
      66.5      1.0342045      0.9484276
      66.6      1.0396998      0.9541893
      66.7      1.0452405      0.9599974
      66.8      1.0508260      0.9658513
      66.9      1.0564555      0.9717505
      67.0      1.0621285      0.9776944
      67.1      1.0678442      0.9836825
      67.2      1.0736020      0.9897142
      67.3      1.0794013      0.9957888
      67.4      1.0852413      1.0019058
      67.5      1.0911213      1.0080647
      67.6      1.0970408      1.0142648
      67.7      1.1029991      1.0205054
      67.8      1.1089954      1.0267862
      67.9      1.1150290      1.0331063
      68.0      1.1210995      1.0394653
      68.1      1.1272059      1.0458625
      68.2      1.1333478      1.0522974
      68.3      1.1395243      1.0587692
      68.4      1.1457349      1.0652774
      68.5      1.1519789      1.0718214
      68.6      1.1582555      1.0784005
      68.7      1.1645641      1.0850142
      68.8      1.1709041      1.0916617
      68.9      1.1772747      1.0983426
      69.0      1.1836753      1.1050561
      69.1      1.1901052      1.1118016
      69.2      1.1965637      1.1185785
      69.3      1.2030502      1.1253861
      69.4      1.2095639      1.1322239
      69.5      1.2161043      1.1390911
      69.6      1.2226706      1.1459871
      69.7      1.2292621      1.1529113
      69.8      1.2358782      1.1598630
      69.9      1.2425182      1.1668417
      70.0      1.2491814      1.1738465
      70.1      1.2558671      1.1808769
      70.2      1.2625747      1.1879323
      70.3      1.2693036      1.1950119
      70.4      1.2760529      1.2021151
      70.5      1.2828221      1.2092413
      70.6      1.2896104      1.2163898
      70.7      1.2964173      1.2235599
      70.8      1.3032420      1.2307510
      70.9      1.3100839      1.2379623
      71.0      1.3169422      1.2451933
      71.1      1.3238163      1.2524433
      71.2      1.3307056      1.2597115
      71.3      1.3376094      1.2669974
      71.4      1.3445270      1.2743002
      71.5      1.3514577      1.2816193
      71.6      1.3584009      1.2889540
      71.7      1.3653559      1.2963037
      71.8      1.3723220      1.3036676
      71.9      1.3792986      1.3110450
      72.0      1.3862851      1.3184354
      72.1      1.3932806      1.3258380
      72.2      1.4002847      1.3332522
      72.3      1.4072965      1.3406772
      72.4      1.4143156      1.3481124
      72.5      1.4213411      1.3555571
      72.6      1.4283725      1.3630107
      72.7      1.4354091      1.3704724
      72.8      1.4424503      1.3779415
      72.9      1.4494953      1.3854174
      73.0      1.4565435      1.3928995
      73.1      1.4635943      1.4003869
      73.2      1.4706471      1.4078791
      73.3      1.4777011      1.4153754
      73.4      1.4847558      1.4228750
      73.5      1.4918104      1.4303773
      73.6      1.4988644      1.4378816
      73.7      1.5059171      1.4453872
      73.8      1.5129679      1.4528935
      73.9      1.5200161      1.4603997
      74.0      1.5270610      1.4679053
      74.1      1.5341021      1.4754094
      74.2      1.5411387      1.4829114
      74.3      1.5481702      1.4904107
      74.4      1.5551959      1.4979065
      74.5      1.5622153      1.5053982
      74.6      1.5692276      1.5128852
      74.7      1.5762323      1.5203666
      74.8      1.5832288      1.5278419
      74.9      1.5902163      1.5353103
      75.0      1.5971944      1.5427713
      75.1      1.6041623      1.5502241
      75.2      1.6111195      1.5576680
      75.3      1.6180653      1.5651024
      75.4      1.6249992      1.5725266
      75.5      1.6319205      1.5799400
      75.6      1.6388286      1.5873418
      75.7      1.6457229      1.5947314
      75.8      1.6526028      1.6021081
      75.9      1.6594678      1.6094713
      76.0      1.6663171      1.6168204
      76.1      1.6731502      1.6241545
      76.2      1.6799666      1.6314732
      76.3      1.6867656      1.6387756
      76.4      1.6935466      1.6460613
      76.5      1.7003091      1.6533294
      76.6      1.7070524      1.6605794
      76.7      1.7137760      1.6678106
      76.8      1.7204793      1.6750224
      76.9      1.7271618      1.6822140
      77.0      1.7338227      1.6893850
      77.1      1.7404617      1.6965345
      77.2      1.7470780      1.7036620
      77.3      1.7536712      1.7107669
      77.4      1.7602407      1.7178484
      77.5      1.7667859      1.7249060
      77.6      1.7733062      1.7319390
      77.7      1.7798012      1.7389468
      77.8      1.7862701      1.7459288
      77.9      1.7927126      1.7528843
      78.0      1.7991280      1.7598128
      78.1      1.8055158      1.7667135
      78.2      1.8118755      1.7735859
      78.3      1.8182065      1.7804293
      78.4      1.8245083      1.7872432
      78.5      1.8307803      1.7940269
      78.6      1.8370221      1.8007798
      78.7      1.8432331      1.8075014
      78.8      1.8494127      1.8141909
      78.9      1.8555605      1.8208479
      79.0      1.8616759      1.8274717
      79.1      1.8677584      1.8340617
      79.2      1.8738076      1.8406173
      79.3      1.8798228      1.8471380
      79.4      1.8858037      1.8536231
      79.5      1.8917496      1.8600721
      79.6      1.8976601      1.8664844
      79.7      1.9035348      1.8728594
      79.8      1.9093730      1.8791965
      79.9      1.9151744      1.8854953
      80.0      1.9209384      1.8917550
      80.1      1.9266645      1.8979752
      80.2      1.9323524      1.9041553
      80.3      1.9380014      1.9102947
      80.4      1.9436112      1.9163929
      80.5      1.9491813      1.9224494
      80.6      1.9547111      1.9284636
      80.7      1.9602003      1.9344349
      80.8      1.9656484      1.9403628
      80.9      1.9710549      1.9462468
      81.0      1.9764194      1.9520864
      81.1      1.9817414      1.9578809
      81.2      1.9870205      1.9636300
      81.3      1.9922563      1.9693331
      81.4      1.9974483      1.9749897
      81.5      2.0025961      1.9805993
      81.6      2.0076992      1.9861613
      81.7      2.0127573      1.9916753
      81.8      2.0177699      1.9971407
      81.9      2.0227366      2.0025571
      82.0      2.0276570      2.0079240
      82.1      2.0325307      2.0132409
      82.2      2.0373573      2.0185073
      82.3      2.0421363      2.0237228
      82.4      2.0468675      2.0288869
      82.5      2.0515503      2.0339990
      82.6      2.0561844      2.0390588
      82.7      2.0607695      2.0440658
      82.8      2.0653051      2.0490195
      82.9      2.0697908      2.0539195
      83.0      2.0742263      2.0587654
      83.1      2.0786113      2.0635566
      83.2      2.0829453      2.0682929
      83.3      2.0872280      2.0729736
      83.4      2.0914591      2.0775985
      83.5      2.0956381      2.0821670
      83.6      2.0997648      2.0866789
      83.7      2.1038388      2.0911336
      83.8      2.1078597      2.0955308
      83.9      2.1118273      2.0998700
      84.0      2.1157411      2.1041509
      84.1      2.1196009      2.1083730
      84.2      2.1234064      2.1125361
      84.3      2.1271572      2.1166396
      84.4      2.1308530      2.1206833
      84.5      2.1344935      2.1246667
      84.6      2.1380784      2.1285895
      84.7      2.1416074      2.1324514
      84.8      2.1450802      2.1362519
      84.9      2.1484965      2.1399907
      85.0      2.1518560      2.1436675
      85.1      2.1551584      2.1472820
      85.2      2.1584036      2.1508337
      85.3      2.1615910      2.1543225
      85.4      2.1647207      2.1577478
      85.5      2.1677921      2.1611095
      85.6      2.1708052      2.1644073
      85.7      2.1737595      2.1676407
      85.8      2.1766550      2.1708095
      85.9      2.1794912      2.1739135
      86.0      2.1822681      2.1769522
      86.1      2.1849853      2.1799255
      86.2      2.1876426      2.1828330
      86.3      2.1902399      2.1856746
      86.4      2.1927767      2.1884498
      86.5      2.1952530      2.1911584
      86.6      2.1976685      2.1938003
      86.7      2.2000231      2.1963750
      86.8      2.2023164      2.1988825
      86.9      2.2045484      2.2013224
      87.0      2.2067187      2.2036945
      87.1      2.2088273      2.2059986
      87.2      2.2108739      2.2082344
      87.3      2.2128583      2.2104017
      87.4      2.2147804      2.2125004
      87.5      2.2166399      2.2145302
      87.6      2.2184368      2.2164909
      87.7      2.2201709      2.2183823
      87.8      2.2218419      2.2202042
      87.9      2.2234498      2.2219565
      88.0      2.2249943      2.2236389
      88.1      2.2264754      2.2252513
      88.2      2.2278929      2.2267936
      88.3      2.2292466      2.2282655
      88.4      2.2305365      2.2296669
      88.5      2.2317624      2.2309976
      88.6      2.2329242      2.2322576
      88.7      2.2340217      2.2334467
      88.8      2.2350549      2.2345647
      88.9      2.2360236      2.2356115
      89.0      2.2369277      2.2365870
      89.1      2.2377672      2.2374911
      89.2      2.2385419      2.2383237
      89.3      2.2392518      2.2390847
      89.4      2.2398968      2.2397740
      89.5      2.2404767      2.2403914
      89.6      2.2409916      2.2409370
      89.7      2.2414413      2.2414106
      89.8      2.2418258      2.2418121
      89.9      2.2421450      2.2421416
      90.0      2.2423989      2.2423989
      90.1      2.2425874      2.2425840
      90.2      2.2427104      2.2426968
      90.3      2.2427680      2.2427373
      90.4      2.2427601      2.2427054
      90.5      2.2426866      2.2426012
      90.6      2.2425476      2.2424246
      90.7      2.2423429      2.2421756
      90.8      2.2420727      2.2418541
      90.9      2.2417368      2.2414603
      91.0      2.2413353      2.2409940
      91.1      2.2408682      2.2404553
      91.2      2.2403355      2.2398441
      91.3      2.2397371      2.2391606
      91.4      2.2390731      2.2384047
      91.5      2.2383435      2.2375765
      91.6      2.2375483      2.2366760
      91.7      2.2366876      2.2357032
      91.8      2.2357614      2.2346582
      91.9      2.2347697      2.2335410
      92.0      2.2337125      2.2323518
      92.1      2.2325900      2.2310905
      92.2      2.2314021      2.2297573
      92.3      2.2301489      2.2283522
      92.4      2.2288304      2.2268754
      92.5      2.2274468      2.2253268
      92.6      2.2259981      2.2237066
      92.7      2.2244844      2.2220149
      92.8      2.2229057      2.2202518
      92.9      2.2212621      2.2184175
      93.0      2.2195538      2.2165120
      93.1      2.2177808      2.2145354
      93.2      2.2159431      2.2124880
      93.3      2.2140410      2.2103697
      93.4      2.2120745      2.2081809
      93.5      2.2100438      2.2059216
      93.6      2.2079489      2.2035920
      93.7      2.2057899      2.2011922
      93.8      2.2035670      2.1987224
      93.9      2.2012804      2.1961829
      94.0      2.1989301      2.1935736
      94.1      2.1965163      2.1908950
      94.2      2.1940392      2.1881470
      94.3      2.1914988      2.1853300
      94.4      2.1888954      2.1824442
      94.5      2.1862291      2.1794897
      94.6      2.1835000      2.1764667
      94.7      2.1807084      2.1733755
      94.8      2.1778543      2.1702163
      94.9      2.1749381      2.1669893
      95.0      2.1719598      2.1636948
      95.1      2.1689196      2.1603330
      95.2      2.1658178      2.1569041
      95.3      2.1626545      2.1534085
      95.4      2.1594299      2.1498463
      95.5      2.1561443      2.1462178
      95.6      2.1527977      2.1425233
      95.7      2.1493906      2.1387631
      95.8      2.1459230      2.1349374
      95.9      2.1423952      2.1310465
      96.0      2.1388074      2.1270908
      96.1      2.1351599      2.1230705
      96.2      2.1314528      2.1189858
      96.3      2.1276864      2.1148372
      96.4      2.1238611      2.1106250
      96.5      2.1199769      2.1063494
      96.6      2.1160342      2.1020107
      96.7      2.1120332      2.0976094
      96.8      2.1079742      2.0931456
      96.9      2.1038574      2.0886199
      97.0      2.0996832      2.0840324
      97.1      2.0954517      2.0793836
      97.2      2.0911633      2.0746739
      97.3      2.0868183      2.0699034
      97.4      2.0824169      2.0650727
      97.5      2.0779594      2.0601822
      97.6      2.0734461      2.0552320
      97.7      2.0688774      2.0502228
      97.8      2.0642535      2.0451547
      97.9      2.0595748      2.0400283
      98.0      2.0548414      2.0348439
      98.1      2.0500539      2.0296019
      98.2      2.0452124      2.0243027
      98.3      2.0403174      2.0189467
      98.4      2.0353691      2.0135343
      98.5      2.0303678      2.0080660
      98.6      2.0253140      2.0025421
      98.7      2.0202079      1.9969631
      98.8      2.0150499      1.9913295
      98.9      2.0098403      1.9856416
      99.0      2.0045795      1.9798998
      99.1      1.9992679      1.9741047
      99.2      1.9939058      1.9682567
      99.3      1.9884935      1.9623562
      99.4      1.9830316      1.9564037
      99.5      1.9775202      1.9503997
      99.6      1.9719598      1.9443445
      99.7      1.9663508      1.9382388
      99.8      1.9606935      1.9320828
      99.9      1.9549884      1.9258773
     100.0      1.9492358      1.9196225
     100.1      1.9434361      1.9133190
     100.2      1.9375897      1.9069673
     100.3      1.9316971      1.9005679
     100.4      1.9257587      1.8941213
     100.5      1.9197747      1.8876279
     100.6      1.9137457      1.8810883
     100.7      1.9076721      1.8745030
     100.8      1.9015543      1.8678726
     100.9      1.8953927      1.8611974
     101.0      1.8891878      1.8544781
     101.1      1.8829399      1.8477151
     101.2      1.8766495      1.8409090
     101.3      1.8703171      1.8340604
     101.4      1.8639431      1.8271697
     101.5      1.8575279      1.8202375
     101.6      1.8510720      1.8132643
     101.7      1.8445759      1.8062508
     101.8      1.8380399      1.7991973
     101.9      1.8314645      1.7921045
     102.0      1.8248503      1.7849730
     102.1      1.8181977      1.7778032
     102.2      1.8115071      1.7705958
     102.3      1.8047790      1.7633513
     102.4      1.7980139      1.7560703
     102.5      1.7912123      1.7487534
     102.6      1.7843746      1.7414011
     102.7      1.7775014      1.7340140
     102.8      1.7705930      1.7265926
     102.9      1.7636501      1.7191377
     103.0      1.7566731      1.7116497
     103.1      1.7496624      1.7041292
     103.2      1.7426187      1.6965768
     103.3      1.7355424      1.6889932
     103.4      1.7284340      1.6813789
     103.5      1.7212939      1.6737345
     103.6      1.7141228      1.6660606
     103.7      1.7069212      1.6583578
     103.8      1.6996895      1.6506267
     103.9      1.6924282      1.6428680
     104.0      1.6851380      1.6350822
     104.1      1.6778193      1.6272699
     104.2      1.6704726      1.6194319
     104.3      1.6630985      1.6115686
     104.4      1.6556975      1.6036807
     104.5      1.6482701      1.5957688
     104.6      1.6408169      1.5878336
     104.7      1.6333384      1.5798756
     104.8      1.6258352      1.5718955
     104.9      1.6183078      1.5638940
     105.0      1.6107568      1.5558716
     105.1      1.6031827      1.5478290
     105.2      1.5955860      1.5397668
     105.3      1.5879673      1.5316857
     105.4      1.5803272      1.5235862
     105.5      1.5726663      1.5154691
     105.6      1.5649850      1.5073350
     105.7      1.5572840      1.4991844
     105.8      1.5495638      1.4910182
     105.9      1.5418250      1.4828368
     106.0      1.5340682      1.4746410
     106.1      1.5262938      1.4664313
     106.2      1.5185026      1.4582085
     106.3      1.5106951      1.4499732
     106.4      1.5028719      1.4417260
     106.5      1.4950335      1.4334676
     106.6      1.4871805      1.4251987
     106.7      1.4793136      1.4169198
     106.8      1.4714332      1.4086317
     106.9      1.4635400      1.4003350
     107.0      1.4556346      1.3920303
     107.1      1.4477176      1.3837184
     107.2      1.4397895      1.3753998
     107.3      1.4318510      1.3670753
     107.4      1.4239027      1.3587454
     107.5      1.4159451      1.3504109
     107.6      1.4079789      1.3420724
     107.7      1.4000046      1.3337305
     107.8      1.3920229      1.3253860
     107.9      1.3840344      1.3170394
     108.0      1.3760397      1.3086915
     108.1      1.3680393      1.3003429
     108.2      1.3600339      1.2919942
     108.3      1.3520242      1.2836462
     108.4      1.3440106      1.2752994
     108.5      1.3359939      1.2669546
     108.6      1.3279746      1.2586124
     108.7      1.3199534      1.2502735
     108.8      1.3119309      1.2419384
     108.9      1.3039077      1.2336080
     109.0      1.2958844      1.2252828
     109.1      1.2878617      1.2169635
     109.2      1.2798401      1.2086507
     109.3      1.2718203      1.2003452
     109.4      1.2638029      1.1920475
     109.5      1.2557885      1.1837584
     109.6      1.2477779      1.1754784
     109.7      1.2397715      1.1672083
     109.8      1.2317700      1.1589487
     109.9      1.2237741      1.1507003
     110.0      1.2157844      1.1424636
     110.1      1.2078014      1.1342394
     110.2      1.1998260      1.1260283
     110.3      1.1918585      1.1178309
     110.4      1.1838998      1.1096480
     110.5      1.1759505      1.1014801
     110.6      1.1680111      1.0933279
     110.7      1.1600823      1.0851921
     110.8      1.1521648      1.0770732
     110.9      1.1442591      1.0689720
     111.0      1.1363660      1.0608891
     111.1      1.1284860      1.0528250
     111.2      1.1206199      1.0447806
     111.3      1.1127681      1.0367563
     111.4      1.1049314      1.0287528
     111.5      1.0971104      1.0207708
     111.6      1.0893058      1.0128109
     111.7      1.0815181      1.0048737
     111.8      1.0737481      0.9969599
     111.9      1.0659963      0.9890700
     112.0      1.0582634      0.9812048
     112.1      1.0505501      0.9733647
     112.2      1.0428569      0.9655505
     112.3      1.0351846      0.9577628
     112.4      1.0275337      0.9500022
     112.5      1.0199049      0.9422692
     112.6      1.0122988      0.9345646
     112.7      1.0047161      0.9268889
     112.8      0.9971574      0.9192427
     112.9      0.9896234      0.9116267
     113.0      0.9821147      0.9040413
     113.1      0.9746319      0.8964874
     113.2      0.9671756      0.8889653
     113.3      0.9597466      0.8814758
     113.4      0.9523454      0.8740194
     113.5      0.9449727      0.8665967
     113.6      0.9376291      0.8592083
     113.7      0.9303152      0.8518548
     113.8      0.9230317      0.8445368
     113.9      0.9157793      0.8372548
     114.0      0.9085585      0.8300095
     114.1      0.9013700      0.8228013
     114.2      0.8942144      0.8156309
     114.3      0.8870923      0.8084989
     114.4      0.8800045      0.8014057
     114.5      0.8729515      0.7943520
     114.6      0.8659339      0.7873383
     114.7      0.8589523      0.7803652
     114.8      0.8520075      0.7734332
     114.9      0.8451000      0.7665429
     115.0      0.8382305      0.7596948
     115.1      0.8313996      0.7528895
     115.2      0.8246078      0.7461275
     115.3      0.8178559      0.7394092
     115.4      0.8111444      0.7327354
     115.5      0.8044741      0.7261064
     115.6      0.7978454      0.7195229
     115.7      0.7912590      0.7129853
     115.8      0.7847155      0.7064941
     115.9      0.7782156      0.7000499
     116.0      0.7717599      0.6936532
     116.1      0.7653490      0.6873045
     116.2      0.7589834      0.6810042
     116.3      0.7526638      0.6747529
     116.4      0.7463909      0.6685511
     116.5      0.7401651      0.6623992
     116.6      0.7339872      0.6562978
     116.7      0.7278577      0.6502473
     116.8      0.7217773      0.6442482
     116.9      0.7157465      0.6383009
     117.0      0.7097659      0.6324060
     117.1      0.7038361      0.6265640
     117.2      0.6979578      0.6207751
     117.3      0.6921316      0.6150400
     117.4      0.6863579      0.6093591
     117.5      0.6806375      0.6037328
     117.6      0.6749709      0.5981616
     117.7      0.6693586      0.5926459
     117.8      0.6638014      0.5871861
     117.9      0.6582997      0.5817826
     118.0      0.6528541      0.5764360
     118.1      0.6474653      0.5711466
     118.2      0.6421338      0.5659148
     118.3      0.6368602      0.5607410
     118.4      0.6316450      0.5556256
     118.5      0.6264889      0.5505692
     118.6      0.6213924      0.5455719
     118.7      0.6163560      0.5406343
     118.8      0.6113803      0.5357567
     118.9      0.6064660      0.5309395
     119.0      0.6016135      0.5261831
     119.1      0.5968235      0.5214878
     119.2      0.5920964      0.5168540
     119.3      0.5874328      0.5122821
     119.4      0.5828333      0.5077725
     119.5      0.5782985      0.5033254
     119.6      0.5738288      0.4989412
     119.7      0.5694249      0.4946204
     119.8      0.5650872      0.4903631
     119.9      0.5608163      0.4861698
     120.0      0.5566127      0.4820408
     120.1      0.5524771      0.4779763
     120.2      0.5484098      0.4739768
     120.3      0.5444114      0.4700424
     120.4      0.5404826      0.4661736
     120.5      0.5366237      0.4623706
     120.6      0.5328353      0.4586337
     120.7      0.5291179      0.4549632
     120.8      0.5254721      0.4513594
     120.9      0.5218983      0.4478226
     121.0      0.5183970      0.4443530
     121.1      0.5149689      0.4409509
     121.2      0.5116143      0.4376165
     121.3      0.5083337      0.4343502
     121.4      0.5051277      0.4311522
     121.5      0.5019968      0.4280226
     121.6      0.4989414      0.4249619
     121.7      0.4959621      0.4219701
     121.8      0.4930593      0.4190475
     121.9      0.4902335      0.4161943
     122.0      0.4874852      0.4134109
     122.1      0.4848148      0.4106972
     122.2      0.4822228      0.4080537
     122.3      0.4797098      0.4054804
     122.4      0.4772761      0.4029776
     122.5      0.4749223      0.4005454
     122.6      0.4726487      0.3981840
     122.7      0.4704559      0.3958937
     122.8      0.4683442      0.3936745
     122.9      0.4663142      0.3915267
     123.0      0.4643663      0.3894504
     123.1      0.4625009      0.3874457
     123.2      0.4607185      0.3855128
     123.3      0.4590195      0.3836519
     123.4      0.4574043      0.3818630
     123.5      0.4558734      0.3801464
     123.6      0.4544272      0.3785020
     123.7      0.4530660      0.3769302
     123.8      0.4517904      0.3754308
     123.9      0.4506007      0.3740042
     124.0      0.4494974      0.3726502
     124.1      0.4484808      0.3713692
     124.2      0.4475514      0.3701610
     124.3      0.4467095      0.3690259
     124.4      0.4459555      0.3679639
     124.5      0.4452899      0.3669751
     124.6      0.4447130      0.3660594
     124.7      0.4442252      0.3652171
     124.8      0.4438269      0.3644481
     124.9      0.4435184      0.3637525
     125.0      0.4433002      0.3631302
     125.1      0.4431725      0.3625815
     125.2      0.4431358      0.3621062
     125.3      0.4431904      0.3617044
     125.4      0.4433367      0.3613761
     125.5      0.4435750      0.3611213
     125.6      0.4439057      0.3609401
     125.7      0.4443291      0.3608323
     125.8      0.4448455      0.3607981
     125.9      0.4454553      0.3608373
     126.0      0.4461588      0.3609501
     126.1      0.4469564      0.3611362
     126.2      0.4478483      0.3613958
     126.3      0.4488348      0.3617287
     126.4      0.4499164      0.3621349
     126.5      0.4510933      0.3626144
     126.6      0.4523657      0.3631671
     126.7      0.4537341      0.3637929
     126.8      0.4551987      0.3644918
     126.9      0.4567597      0.3652637
     127.0      0.4584175      0.3661085
     127.1      0.4601724      0.3670261
     127.2      0.4620246      0.3680165
     127.3      0.4639745      0.3690794
     127.4      0.4660222      0.3702148
     127.5      0.4681681      0.3714227
     127.6      0.4704123      0.3727028
     127.7      0.4727552      0.3740551
     127.8      0.4751971      0.3754794
     127.9      0.4777381      0.3769755
     128.0      0.4803785      0.3785434
     128.1      0.4831185      0.3801829
     128.2      0.4859585      0.3818938
     128.3      0.4888985      0.3836760
     128.4      0.4919388      0.3855292
     128.5      0.4950797      0.3874534
     128.6      0.4983214      0.3894484
     128.7      0.5016640      0.3915139
     128.8      0.5051078      0.3936497
     128.9      0.5086530      0.3958557
     129.0      0.5122998      0.3981317
     129.1      0.5160483      0.4004774
     129.2      0.5198988      0.4028927
     129.3      0.5238514      0.4053773
     129.4      0.5279063      0.4079309
     129.5      0.5320637      0.4105534
     129.6      0.5363237      0.4132445
     129.7      0.5406866      0.4160040
     129.8      0.5451524      0.4188316
     129.9      0.5497214      0.4217271
     130.0      0.5543936      0.4246902
     130.1      0.5591693      0.4277205
     130.2      0.5640485      0.4308180
     130.3      0.5690314      0.4339822
     130.4      0.5741181      0.4372129
     130.5      0.5793087      0.4405098
     130.6      0.5846034      0.4438726
     130.7      0.5900023      0.4473010
     130.8      0.5955055      0.4507947
     130.9      0.6011130      0.4543534
     131.0      0.6068251      0.4579767
     131.1      0.6126417      0.4616644
     131.2      0.6185630      0.4654160
     131.3      0.6245890      0.4692313
     131.4      0.6307199      0.4731100
     131.5      0.6369557      0.4770516
     131.6      0.6432965      0.4810559
     131.7      0.6497423      0.4851224
     131.8      0.6562932      0.4892508
     131.9      0.6629492      0.4934408
     132.0      0.6697105      0.4976919
     132.1      0.6765770      0.5020038
     132.2      0.6835488      0.5063761
     132.3      0.6906260      0.5108084
     132.4      0.6978085      0.5153004
     132.5      0.7050963      0.5198515
     132.6      0.7124896      0.5244615
     132.7      0.7199882      0.5291299
     132.8      0.7275923      0.5338562
     132.9      0.7353018      0.5386401
     133.0      0.7431167      0.5434812
     133.1      0.7510371      0.5483789
     133.2      0.7590628      0.5533330
     133.3      0.7671939      0.5583428
     133.4      0.7754304      0.5634081
     133.5      0.7837722      0.5685283
     133.6      0.7922193      0.5737030
     133.7      0.8007717      0.5789317
     133.8      0.8094294      0.5842139
     133.9      0.8181922      0.5895493
     134.0      0.8270601      0.5949372
     134.1      0.8360331      0.6003773
     134.2      0.8451111      0.6058691
     134.3      0.8542940      0.6114120
     134.4      0.8635818      0.6170056
     134.5      0.8729744      0.6226494
     134.6      0.8824716      0.6283428
     134.7      0.8920735      0.6340854
     134.8      0.9017800      0.6398767
     134.9      0.9115908      0.6457161
     135.0      0.9215060      0.6516031
     135.1      0.9315253      0.6575372
     135.2      0.9416488      0.6635179
     135.3      0.9518762      0.6695447
     135.4      0.9622075      0.6756169
     135.5      0.9726425      0.6817342
     135.6      0.9831811      0.6878958
     135.7      0.9938232      0.6941013
     135.8      1.0045685      0.7003501
     135.9      1.0154170      0.7066417
     136.0      1.0263685      0.7129755
     136.1      1.0374228      0.7193509
     136.2      1.0485798      0.7257674
     136.3      1.0598393      0.7322244
     136.4      1.0712012      0.7387213
     136.5      1.0826651      0.7452575
     136.6      1.0942311      0.7518325
     136.7      1.1058988      0.7584457
     136.8      1.1176680      0.7650964
     136.9      1.1295387      0.7717842
     137.0      1.1415105      0.7785083
     137.1      1.1535833      0.7852682
     137.2      1.1657568      0.7920633
     137.3      1.1780308      0.7988930
     137.4      1.1904051      0.8057566
     137.5      1.2028794      0.8126536
     137.6      1.2154536      0.8195833
     137.7      1.2281274      0.8265451
     137.8      1.2409005      0.8335384
     137.9      1.2537727      0.8405626
     138.0      1.2667437      0.8476170
     138.1      1.2798132      0.8547009
     138.2      1.2929811      0.8618139
     138.3      1.3062470      0.8689551
     138.4      1.3196106      0.8761241
     138.5      1.3330717      0.8833200
     138.6      1.3466300      0.8905424
     138.7      1.3602852      0.8977905
     138.8      1.3740369      0.9050636
     138.9      1.3878850      0.9123612
     139.0      1.4018290      0.9196826
     139.1      1.4158687      0.9270271
     139.2      1.4300038      0.9343940
     139.3      1.4442339      0.9417826
     139.4      1.4585587      0.9491924
     139.5      1.4729779      0.9566227
     139.6      1.4874912      0.9640726
     139.7      1.5020981      0.9715417
     139.8      1.5167984      0.9790292
     139.9      1.5315918      0.9865344
     140.0      1.5464777      0.9940567
     140.1      1.5614560      1.0015954
     140.2      1.5765262      1.0091497
     140.3      1.5916880      1.0167190
     140.4      1.6069409      1.0243027
     140.5      1.6222846      1.0318999
     140.6      1.6377188      1.0395101
     140.7      1.6532430      1.0471325
     140.8      1.6688569      1.0547665
     140.9      1.6845600      1.0624112
     141.0      1.7003519      1.0700661
     141.1      1.7162323      1.0777305
     141.2      1.7322007      1.0854036
     141.3      1.7482567      1.0930847
     141.4      1.7643999      1.1007731
     141.5      1.7806299      1.1084682
     141.6      1.7969462      1.1161691
     141.7      1.8133484      1.1238753
     141.8      1.8298361      1.1315860
     141.9      1.8464087      1.1393004
     142.0      1.8630660      1.1470180
     142.1      1.8798073      1.1547378
     142.2      1.8966324      1.1624594
     142.3      1.9135406      1.1701818
     142.4      1.9305315      1.1779045
     142.5      1.9476047      1.1856266
     142.6      1.9647597      1.1933476
     142.7      1.9819961      1.2010666
     142.8      1.9993132      1.2087830
     142.9      2.0167107      1.2164960
     143.0      2.0341880      1.2242049
     143.1      2.0517446      1.2319090
     143.2      2.0693802      1.2396075
     143.3      2.0870940      1.2472999
     143.4      2.1048857      1.2549852
     143.5      2.1227547      1.2626629
     143.6      2.1407005      1.2703321
     143.7      2.1587226      1.2779922
     143.8      2.1768205      1.2856425
     143.9      2.1949936      1.2932822
     144.0      2.2132413      1.3009106
     144.1      2.2315633      1.3085270
     144.2      2.2499588      1.3161307
     144.3      2.2684274      1.3237209
     144.4      2.2869685      1.3312969
     144.5      2.3055816      1.3388580
     144.6      2.3242661      1.3464036
     144.7      2.3430214      1.3539328
     144.8      2.3618470      1.3614449
     144.9      2.3807423      1.3689393
     145.0      2.3997067      1.3764152
     145.1      2.4187397      1.3838719
     145.2      2.4378407      1.3913087
     145.3      2.4570090      1.3987249
     145.4      2.4762441      1.4061197
     145.5      2.4955455      1.4134925
     145.6      2.5149124      1.4208425
     145.7      2.5343444      1.4281691
     145.8      2.5538407      1.4354714
     145.9      2.5734009      1.4427489
     146.0      2.5930242      1.4500007
     146.1      2.6127101      1.4572263
     146.2      2.6324580      1.4644248
     146.3      2.6522671      1.4715956
     146.4      2.6721370      1.4787380
     146.5      2.6920670      1.4858513
     146.6      2.7120564      1.4929348
     146.7      2.7321045      1.4999877
     146.8      2.7522109      1.5070095
     146.9      2.7723748      1.5139993
     147.0      2.7925955      1.5209565
     147.1      2.8128725      1.5278805
     147.2      2.8332051      1.5347705
     147.3      2.8535926      1.5416258
     147.4      2.8740343      1.5484457
     147.5      2.8945296      1.5552296
     147.6      2.9150779      1.5619768
     147.7      2.9356784      1.5686866
     147.8      2.9563305      1.5753584
     147.9      2.9770335      1.5819914
     148.0      2.9977867      1.5885849
     148.1      3.0185895      1.5951384
     148.2      3.0394412      1.6016511
     148.3      3.0603410      1.6081224
     148.4      3.0812883      1.6145517
     148.5      3.1022825      1.6209381
     148.6      3.1233227      1.6272812
     148.7      3.1444083      1.6335802
     148.8      3.1655386      1.6398345
     148.9      3.1867130      1.6460435
     149.0      3.2079306      1.6522064
     149.1      3.2291908      1.6583227
     149.2      3.2504928      1.6643916
     149.3      3.2718360      1.6704127
     149.4      3.2932196      1.6763852
     149.5      3.3146430      1.6823085
     149.6      3.3361053      1.6881819
     149.7      3.3576058      1.6940049
     149.8      3.3791440      1.6997768
     149.9      3.4007189      1.7054970
     150.0      3.4223298      1.7111649
     150.1      3.4439761      1.7167799
     150.2      3.4656570      1.7223413
     150.3      3.4873717      1.7278486
     150.4      3.5091196      1.7333011
     150.5      3.5308998      1.7386982
     150.6      3.5527116      1.7440394
     150.7      3.5745542      1.7493241
     150.8      3.5964270      1.7545517
     150.9      3.6183292      1.7597215
     151.0      3.6402599      1.7648330
     151.1      3.6622185      1.7698857
     151.2      3.6842041      1.7748789
     151.3      3.7062161      1.7798121
     151.4      3.7282536      1.7846847
     151.5      3.7503159      1.7894961
     151.6      3.7724023      1.7942458
     151.7      3.7945118      1.7989333
     151.8      3.8166439      1.8035580
     151.9      3.8387976      1.8081193
     152.0      3.8609723      1.8126167
     152.1      3.8831671      1.8170497
     152.2      3.9053813      1.8214177
     152.3      3.9276140      1.8257201
     152.4      3.9498646      1.8299566
     152.5      3.9721322      1.8341265
     152.6      3.9944160      1.8382294
     152.7      4.0167152      1.8422646
     152.8      4.0390291      1.8462318
     152.9      4.0613569      1.8501304
     153.0      4.0836977      1.8539600
     153.1      4.1060508      1.8577199
     153.2      4.1284154      1.8614098
     153.3      4.1507906      1.8650291
     153.4      4.1731758      1.8685774
     153.5      4.1955700      1.8720542
     153.6      4.2179726      1.8754590
     153.7      4.2403826      1.8787914
     153.8      4.2627993      1.8820508
     153.9      4.2852218      1.8852369
     154.0      4.3076495      1.8883492
     154.1      4.3300814      1.8913873
     154.2      4.3525168      1.8943507
     154.3      4.3749548      1.8972389
     154.4      4.3973947      1.9000516
     154.5      4.4198356      1.9027883
     154.6      4.4422767      1.9054486
     154.7      4.4647173      1.9080320
     154.8      4.4871564      1.9105383
     154.9      4.5095933      1.9129669
     155.0      4.5320272      1.9153175
     155.1      4.5544573      1.9175896
     155.2      4.5768827      1.9197830
     155.3      4.5993026      1.9218971
     155.4      4.6217163      1.9239317
     155.5      4.6441228      1.9258863
     155.6      4.6665214      1.9277607
     155.7      4.6889113      1.9295543
     155.8      4.7112916      1.9312669
     155.9      4.7336615      1.9328982
     156.0      4.7560203      1.9344477
     156.1      4.7783670      1.9359152
     156.2      4.8007009      1.9373002
     156.3      4.8230211      1.9386026
     156.4      4.8453268      1.9398219
     156.5      4.8676172      1.9409578
     156.6      4.8898916      1.9420101
     156.7      4.9121489      1.9429784
     156.8      4.9343886      1.9438625
     156.9      4.9566096      1.9446619
     157.0      4.9788112      1.9453765
     157.1      5.0009927      1.9460060
     157.2      5.0231530      1.9465501
     157.3      5.0452915      1.9470085
     157.4      5.0674073      1.9473809
     157.5      5.0894996      1.9476672
     157.6      5.1115676      1.9478670
     157.7      5.1336105      1.9479801
     157.8      5.1556273      1.9480063
     157.9      5.1776174      1.9479453
     158.0      5.1995799      1.9477969
     158.1      5.2215140      1.9475609
     158.2      5.2434188      1.9472371
     158.3      5.2652936      1.9468252
     158.4      5.2871375      1.9463251
     158.5      5.3089497      1.9457366
     158.6      5.3307294      1.9450594
     158.7      5.3524757      1.9442934
     158.8      5.3741880      1.9434384
     158.9      5.3958653      1.9424943
     159.0      5.4175068      1.9414608
     159.1      5.4391118      1.9403378
     159.2      5.4606793      1.9391252
     159.3      5.4822087      1.9378229
     159.4      5.5036991      1.9364305
     159.5      5.5251496      1.9349482
     159.6      5.5465595      1.9333756
     159.7      5.5679280      1.9317127
     159.8      5.5892543      1.9299594
     159.9      5.6105375      1.9281156
     160.0      5.6317769      1.9261811
     160.1      5.6529716      1.9241559
     160.2      5.6741209      1.9220399
     160.3      5.6952239      1.9198330
     160.4      5.7162799      1.9175351
     160.5      5.7372881      1.9151461
     160.6      5.7582476      1.9126660
     160.7      5.7791576      1.9100948
     160.8      5.8000175      1.9074323
     160.9      5.8208263      1.9046786
     161.0      5.8415833      1.9018335
     161.1      5.8622877      1.8988971
     161.2      5.8829388      1.8958694
     161.3      5.9035356      1.8927502
     161.4      5.9240775      1.8895397
     161.5      5.9445637      1.8862377
     161.6      5.9649933      1.8828444
     161.7      5.9853657      1.8793597
     161.8      6.0056800      1.8757836
     161.9      6.0259354      1.8721161
     162.0      6.0461312      1.8683573
     162.1      6.0662666      1.8645072
     162.2      6.0863408      1.8605658
     162.3      6.1063531      1.8565332
     162.4      6.1263027      1.8524095
     162.5      6.1461888      1.8481946
     162.6      6.1660107      1.8438887
     162.7      6.1857676      1.8394919
     162.8      6.2054588      1.8350041
     162.9      6.2250835      1.8304256
     163.0      6.2446409      1.8257563
     163.1      6.2641303      1.8209964
     163.2      6.2835510      1.8161460
     163.3      6.3029021      1.8112052
     163.4      6.3221830      1.8061741
     163.5      6.3413930      1.8010529
     163.6      6.3605312      1.7958416
     163.7      6.3795969      1.7905405
     163.8      6.3985894      1.7851495
     163.9      6.4175081      1.7796690
     164.0      6.4363520      1.7740990
     164.1      6.4551206      1.7684398
     164.2      6.4738130      1.7626914
     164.3      6.4924287      1.7568541
     164.4      6.5109667      1.7509280
     164.5      6.5294265      1.7449133
     164.6      6.5478073      1.7388103
     164.7      6.5661085      1.7326191
     164.8      6.5843292      1.7263399
     164.9      6.6024688      1.7199729
     165.0      6.6205266      1.7135184
     165.1      6.6385019      1.7069765
     165.2      6.6563940      1.7003476
     165.3      6.6742022      1.6936318
     165.4      6.6919258      1.6868294
     165.5      6.7095641      1.6799407
     165.6      6.7271164      1.6729658
     165.7      6.7445821      1.6659051
     165.8      6.7619605      1.6587589
     165.9      6.7792509      1.6515273
     166.0      6.7964526      1.6442107
     166.1      6.8135650      1.6368094
     166.2      6.8305873      1.6293236
     166.3      6.8475190      1.6217537
     166.4      6.8643594      1.6141000
     166.5      6.8811078      1.6063627
     166.6      6.8977635      1.5985422
     166.7      6.9143260      1.5906389
     166.8      6.9307945      1.5826530
     166.9      6.9471684      1.5745848
     167.0      6.9634472      1.5664348
     167.1      6.9796301      1.5582032
     167.2      6.9957165      1.5498905
     167.3      7.0117058      1.5414969
     167.4      7.0275973      1.5330229
     167.5      7.0433905      1.5244687
     167.6      7.0590848      1.5158349
     167.7      7.0746794      1.5071217
     167.8      7.0901739      1.4983295
     167.9      7.1055675      1.4894589
     168.0      7.1208598      1.4805100
     168.1      7.1360500      1.4714834
     168.2      7.1511376      1.4623794
     168.3      7.1661221      1.4531985
     168.4      7.1810028      1.4439411
     168.5      7.1957791      1.4346076
     168.6      7.2104504      1.4251985
     168.7      7.2250163      1.4157141
     168.8      7.2394761      1.4061549
     168.9      7.2538292      1.3965215
     169.0      7.2680751      1.3868141
     169.1      7.2822132      1.3770333
     169.2      7.2962430      1.3671796
     169.3      7.3101639      1.3572534
     169.4      7.3239754      1.3472552
     169.5      7.3376769      1.3371854
     169.6      7.3512679      1.3270446
     169.7      7.3647478      1.3168332
     169.8      7.3781162      1.3065518
     169.9      7.3913725      1.2962008
     170.0      7.4045161      1.2857807
     170.1      7.4175466      1.2752921
     170.2      7.4304635      1.2647355
     170.3      7.4432661      1.2541113
     170.4      7.4559541      1.2434201
     170.5      7.4685270      1.2326625
     170.6      7.4809842      1.2218389
     170.7      7.4933252      1.2109500
     170.8      7.5055496      1.1999962
     170.9      7.5176569      1.1889781
     171.0      7.5296465      1.1778962
     171.1      7.5415181      1.1667512
     171.2      7.5532711      1.1555435
     171.3      7.5649052      1.1442738
     171.4      7.5764198      1.1329425
     171.5      7.5878144      1.1215504
     171.6      7.5990887      1.1100979
     171.7      7.6102422      1.0985856
     171.8      7.6212744      1.0870142
     171.9      7.6321849      1.0753843
     172.0      7.6429733      1.0636963
     172.1      7.6536392      1.0519510
     172.2      7.6641820      1.0401489
     172.3      7.6746015      1.0282906
     172.4      7.6848972      1.0163768
     172.5      7.6950687      1.0044080
     172.6      7.7051156      0.9923850
     172.7      7.7150374      0.9803082
     172.8      7.7248339      0.9681784
     172.9      7.7345045      0.9559962
     173.0      7.7440491      0.9437622
     173.1      7.7534670      0.9314770
     173.2      7.7627580      0.9191414
     173.3      7.7719218      0.9067558
     173.4      7.7809579      0.8943211
     173.5      7.7898659      0.8818379
     173.6      7.7986456      0.8693067
     173.7      7.8072966      0.8567283
     173.8      7.8158186      0.8441034
     173.9      7.8242111      0.8314325
     174.0      7.8324739      0.8187165
     174.1      7.8406067      0.8059559
     174.2      7.8486091      0.7931514
     174.3      7.8564808      0.7803037
     174.4      7.8642215      0.7674135
     174.5      7.8718309      0.7544816
     174.6      7.8793086      0.7415084
     174.7      7.8866545      0.7284949
     174.8      7.8938681      0.7154416
     174.9      7.9009493      0.7023493
     175.0      7.9078977      0.6892187
     175.1      7.9147130      0.6760504
     175.2      7.9213950      0.6628453
     175.3      7.9279435      0.6496039
     175.4      7.9343580      0.6363270
     175.5      7.9406385      0.6230153
     175.6      7.9467847      0.6096696
     175.7      7.9527962      0.5962905
     175.8      7.9586730      0.5828789
     175.9      7.9644146      0.5694353
     176.0      7.9700210      0.5559606
     176.1      7.9754918      0.5424554
     176.2      7.9808270      0.5289205
     176.3      7.9860261      0.5153567
     176.4      7.9910891      0.5017646
     176.5      7.9960158      0.4881451
     176.6      8.0008059      0.4744988
     176.7      8.0054593      0.4608265
     176.8      8.0099758      0.4471289
     176.9      8.0143551      0.4334068
     177.0      8.0185972      0.4196610
     177.1      8.0227018      0.4058921
     177.2      8.0266688      0.3921009
     177.3      8.0304981      0.3782883
     177.4      8.0341894      0.3644548
     177.5      8.0377427      0.3506014
     177.6      8.0411577      0.3367287
     177.7      8.0444344      0.3228376
     177.8      8.0475726      0.3089287
     177.9      8.0505723      0.2950028
     178.0      8.0534332      0.2810608
     178.1      8.0561553      0.2671033
     178.2      8.0587384      0.2531311
     178.3      8.0611825      0.2391450
     178.4      8.0634874      0.2251458
     178.5      8.0656531      0.2111342
     178.6      8.0676795      0.1971110
     178.7      8.0695665      0.1830769
     178.8      8.0713140      0.1690328
     178.9      8.0729220      0.1549795
     179.0      8.0743904      0.1409175
     179.1      8.0757191      0.1268479
     179.2      8.0769080      0.1127712
     179.3      8.0779573      0.0986884
     179.4      8.0788667      0.0846001
     179.5      8.0796362      0.0705072
     179.6      8.0802659      0.0564104
     179.7      8.0807556      0.0423105
     179.8      8.0811055      0.0282083
     179.9      8.0813154      0.0141045
     180.0      8.0813854      0.0000000
