 # List of d(q) for j, j' =            5           7
 #    0  1.00000000
 #    1  0.80289862
 #    2  0.73680525
 #    3  0.62952658
 #    4  0.55500982
 #    5  0.45886844
 #    6  0.38917799
 #    7  0.30453532
 #    8  0.24599832
 #    9  0.16883083
 #   10  0.12429349
       0.0  14461.3048689      0.0000000
       0.1  14460.8564454     25.2389429
       0.2  14459.5112414     50.4731134
       0.3  14457.2694560     75.6977400
       0.4  14454.1314215    100.9080538
       0.5  14450.0976025    126.0992897
       0.6  14445.1685966    151.2666871
       0.7  14439.3451337    176.4054916
       0.8  14432.6280761    201.5109560
       0.9  14425.0184183    226.5783415
       1.0  14416.5172870    251.6029191
       1.1  14407.1259405    276.5799704
       1.2  14396.8457687    301.5047891
       1.3  14385.6782926    326.3726821
       1.4  14373.6251645    351.1789707
       1.5  14360.6881669    375.9189918
       1.6  14346.8692129    400.5880990
       1.7  14332.1703454    425.1816637
       1.8  14316.5937367    449.6950767
       1.9  14300.1416882    474.1237487
       2.0  14282.8166301    498.4631119
       2.1  14264.6211203    522.7086211
       2.2  14245.5578448    546.8557549
       2.3  14225.6296162    570.9000164
       2.4  14204.8393739    594.8369349
       2.5  14183.1901832    618.6620667
       2.6  14160.6852346    642.3709962
       2.7  14137.3278436    665.9593372
       2.8  14113.1214493    689.4227339
       2.9  14088.0696144    712.7568618
       3.0  14062.1760244    735.9574291
       3.1  14035.4444864    759.0201775
       3.2  14007.8789288    781.9408836
       3.3  13979.4834004    804.7153593
       3.4  13950.2620697    827.3394538
       3.5  13920.2192236    849.8090536
       3.6  13889.3592674    872.1200843
       3.7  13857.6867230    894.2685113
       3.8  13825.2062288    916.2503406
       3.9  13791.9225381    938.0616203
       4.0  13757.8405188    959.6984409
       4.1  13722.9651520    981.1569370
       4.2  13687.3015311   1002.4332877
       4.3  13650.8548609   1023.5237176
       4.4  13613.6304565   1044.4244979
       4.5  13575.6337423   1065.1319474
       4.6  13536.8702510   1085.6424329
       4.7  13497.3456222   1105.9523707
       4.8  13457.0656016   1126.0582271
       4.9  13416.0360399   1145.9565192
       5.0  13374.2628915   1165.6438160
       5.1  13331.7522130   1185.1167390
       5.2  13288.5101630   1204.3719631
       5.3  13244.5429997   1223.4062173
       5.4  13199.8570805   1242.2162859
       5.5  13154.4588604   1260.7990085
       5.6  13108.3548910   1279.1512813
       5.7  13061.5518188   1297.2700579
       5.8  13014.0563844   1315.1523495
       5.9  12965.8754206   1332.7952261
       6.0  12917.0158517   1350.1958170
       6.1  12867.4846916   1367.3513112
       6.2  12817.2890430   1384.2589585
       6.3  12766.4360953   1400.9160700
       6.4  12714.9331238   1417.3200184
       6.5  12662.7874881   1433.4682389
       6.6  12610.0066305   1449.3582298
       6.7  12556.5980748   1464.9875529
       6.8  12502.5694248   1480.3538339
       6.9  12447.9283625   1495.4547635
       7.0  12392.6826472   1510.2880972
       7.1  12336.8401135   1524.8516563
       7.2  12280.4086698   1539.1433281
       7.3  12223.3962973   1553.1610663
       7.4  12165.8110477   1566.9028917
       7.5  12107.6610422   1580.3668925
       7.6  12048.9544699   1593.5512246
       7.7  11989.6995858   1606.4541118
       7.8  11929.9047096   1619.0738468
       7.9  11869.5782242   1631.4087907
       8.0  11808.7285736   1643.4573740
       8.1  11747.3642616   1655.2180965
       8.2  11685.4938504   1666.6895277
       8.3  11623.1259584   1677.8703071
       8.4  11560.2692590   1688.7591443
       8.5  11496.9324787   1699.3548195
       8.6  11433.1243957   1709.6561831
       8.7  11368.8538378   1719.6621568
       8.8  11304.1296812   1729.3717327
       8.9  11238.9608484   1738.7839745
       9.0  11173.3563068   1747.8980166
       9.1  11107.3250670   1756.7130650
       9.2  11040.8761807   1765.2283969
       9.3  10974.0187395   1773.4433612
       9.4  10906.7618728   1781.3573778
       9.5  10839.1147464   1788.9699385
       9.6  10771.0865604   1796.2806065
       9.7  10702.6865479   1803.2890161
       9.8  10633.9239727   1809.9948736
       9.9  10564.8081283   1816.3979561
      10.0  10495.3483354   1822.4981124
      10.1  10425.5539408   1828.2952623
      10.2  10355.4343151   1833.7893966
      10.3  10284.9988514   1838.9805771
      10.4  10214.2569633   1843.8689364
      10.5  10143.2180832   1848.4546776
      10.6  10071.8916606   1852.7380742
      10.7  10000.2871603   1856.7194699
      10.8   9928.4140607   1860.3992784
      10.9   9856.2818518   1863.7779830
      11.0   9783.9000340   1866.8561364
      11.1   9711.2781157   1869.6343603
      11.2   9638.4256122   1872.1133456
      11.3   9565.3520431   1874.2938512
      11.4   9492.0669317   1876.1767044
      11.5   9418.5798022   1877.7628003
      11.6   9344.9001785   1879.0531012
      11.7   9271.0375824   1880.0486365
      11.8   9197.0015318   1880.7505020
      11.9   9122.8015392   1881.1598599
      12.0   9048.4471095   1881.2779378
      12.1   8973.9477387   1881.1060286
      12.2   8899.3129121   1880.6454898
      12.3   8824.5521026   1879.8977431
      12.4   8749.6747689   1878.8642741
      12.5   8674.6903538   1877.5466312
      12.6   8599.6082827   1875.9464255
      12.7   8524.4379618   1874.0653301
      12.8   8449.1887764   1871.9050795
      12.9   8373.8700893   1869.4674689
      13.0   8298.4912392   1866.7543537
      13.1   8223.0615389   1863.7676489
      13.2   8147.5902736   1860.5093283
      13.3   8072.0866998   1856.9814238
      13.4   7996.5600429   1853.1860251
      13.5   7921.0194963   1849.1252784
      13.6   7845.4742193   1844.8013862
      13.7   7769.9333359   1840.2166063
      13.8   7694.4059329   1835.3732512
      13.9   7618.9010584   1830.2736871
      14.0   7543.4277206   1824.9203335
      14.1   7467.9948858   1819.3156621
      14.2   7392.6114770   1813.4621962
      14.3   7317.2863726   1807.3625098
      14.4   7242.0284046   1801.0192268
      14.5   7166.8463575   1794.4350200
      14.6   7091.7489662   1787.6126107
      14.7   7016.7449153   1780.5547674
      14.8   6941.8428369   1773.2643049
      14.9   6867.0513100   1765.7440841
      15.0   6792.3788581   1757.9970100
      15.1   6717.8339488   1750.0260320
      15.2   6643.4249916   1741.8341419
      15.3   6569.1603370   1733.4243738
      15.4   6495.0482750   1724.7998028
      15.5   6421.0970337   1715.9635439
      15.6   6347.3147781   1706.9187515
      15.7   6273.7096088   1697.6686181
      15.8   6200.2895605   1688.2163733
      15.9   6127.0626010   1678.5652831
      16.0   6054.0366297   1668.7186486
      16.1   5981.2194767   1658.6798055
      16.2   5908.6189010   1648.4521223
      16.3   5836.2425899   1638.0390002
      16.4   5764.0981577   1627.4438712
      16.5   5692.1931442   1616.6701980
      16.6   5620.5350138   1605.7214720
      16.7   5549.1311543   1594.6012132
      16.8   5477.9888760   1583.3129685
      16.9   5407.1154104   1571.8603108
      17.0   5336.5179090   1560.2468383
      17.1   5266.2034425   1548.4761730
      17.2   5196.1790000   1536.5519598
      17.3   5126.4514872   1524.4778655
      17.4   5057.0277263   1512.2575777
      17.5   4987.9144544   1499.8948039
      17.6   4919.1183229   1487.3932699
      17.7   4850.6458964   1474.7567194
      17.8   4782.5036520   1461.9889124
      17.9   4714.6979781   1449.0936245
      18.0   4647.2351737   1436.0746455
      18.1   4580.1214477   1422.9357787
      18.2   4513.3629180   1409.6808392
      18.3   4446.9656105   1396.3136536
      18.4   4380.9354585   1382.8380584
      18.5   4315.2783020   1369.2578989
      18.6   4249.9998869   1355.5770284
      18.7   4185.1058642   1341.7993070
      18.8   4120.6017893   1327.9286004
      18.9   4056.4931219   1313.9687790
      19.0   3992.7852242   1299.9237166
      19.1   3929.4833616   1285.7972897
      19.2   3866.5927012   1271.5933759
      19.3   3804.1183113   1257.3158535
      19.4   3742.0651615   1242.9685996
      19.5   3680.4381214   1228.5554899
      19.6   3619.2419604   1214.0803969
      19.7   3558.4813475   1199.5471894
      19.8   3498.1608503   1184.9597311
      19.9   3438.2849350   1170.3218797
      20.0   3378.8579657   1155.6374857
      20.1   3319.8842043   1140.9103917
      20.2   3261.3678098   1126.1444310
      20.3   3203.3128383   1111.3434267
      20.4   3145.7232422   1096.5111909
      20.5   3088.6028707   1081.6515231
      20.6   3031.9554685   1066.7682099
      20.7   2975.7846765   1051.8650237
      20.8   2920.0940309   1036.9457213
      20.9   2864.8869634   1022.0140436
      21.0   2810.1668007   1007.0737142
      21.1   2755.9367646    992.1284387
      21.2   2702.1999720    977.1819032
      21.3   2648.9594342    962.2377740
      21.4   2596.2180574    947.2996962
      21.5   2543.9786424    932.3712932
      21.6   2492.2438844    917.4561651
      21.7   2441.0163734    902.5578885
      21.8   2390.2985937    887.6800151
      21.9   2340.0929245    872.8260709
      22.0   2290.4016392    857.9995556
      22.1   2241.2269064    843.2039414
      22.2   2192.5707890    828.4426721
      22.3   2144.4352452    813.7191625
      22.4   2096.8221279    799.0367974
      22.5   2049.7331856    784.3989309
      22.6   2003.1700619    769.8088853
      22.7   1957.1342961    755.2699505
      22.8   1911.6273232    740.7853832
      22.9   1866.6504746    726.3584062
      23.0   1822.2049776    711.9922073
      23.1   1778.2919566    697.6899387
      23.2   1734.9124324    683.4547166
      23.3   1692.0673237    669.2896199
      23.4   1649.7574463    655.1976899
      23.5   1607.9835143    641.1819292
      23.6   1566.7461403    627.2453015
      23.7   1526.0458354    613.3907306
      23.8   1485.8830102    599.6210997
      23.9   1446.2579750    585.9392509
      24.0   1407.1709404    572.3479845
      24.1   1368.6220175    558.8500585
      24.2   1330.6112187    545.4481876
      24.3   1293.1384582    532.1450432
      24.4   1256.2035526    518.9432524
      24.5   1219.8062213    505.8453973
      24.6   1183.9460871    492.8540151
      24.7   1148.6226771    479.9715970
      24.8   1113.8354231    467.2005877
      24.9   1079.5836622    454.5433853
      25.0   1045.8666377    442.0023404
      25.1   1012.6834995    429.5797559
      25.2    980.0333051    417.2778864
      25.3    947.9150202    405.0989377
      25.4    916.3275192    393.0450667
      25.5    885.2695864    381.1183806
      25.6    854.7399166    369.3209369
      25.7    824.7371157    357.6547426
      25.8    795.2597017    346.1217542
      25.9    766.3061054    334.7238773
      26.0    737.8746716    323.4629660
      26.1    709.9636593    312.3408229
      26.2    682.5712433    301.3591989
      26.3    655.6955145    290.5197924
      26.4    629.3344810    279.8242497
      26.5    603.4860693    269.2741644
      26.6    578.1481247    258.8710770
      26.7    553.3184128    248.6164751
      26.8    528.9946198    238.5117932
      26.9    505.1743543    228.5584121
      27.0    481.8551474    218.7576592
      27.1    459.0344545    209.1108080
      27.2    436.7096556    199.6190783
      27.3    414.8780570    190.2836360
      27.4    393.5368916    181.1055928
      27.5    372.6833207    172.0860065
      27.6    352.3144345    163.2258806
      27.7    332.4272533    154.5261645
      27.8    313.0187289    145.9877533
      27.9    294.0857452    137.6114881
      28.0    275.6251196    129.3981556
      28.1    257.6336040    121.3484885
      28.2    240.1078860    113.4631652
      28.3    223.0445900    105.7428102
      28.4    206.4402782     98.1879941
      28.5    190.2914521     90.7992334
      28.6    174.5945532     83.5769911
      28.7    159.3459645     76.5216764
      28.8    144.5420115     69.6336451
      28.9    130.1789635     62.9131997
      29.0    116.2530346     56.3605896
      29.1    102.7603852     49.9760110
      29.2     89.6971227     43.7596077
      29.3     77.0593034     37.7114708
      29.4     64.8429331     31.8316392
      29.5     53.0439685     26.1200998
      29.6     41.6583185     20.5767876
      29.7     30.6818456     15.2015864
      29.8     20.1103666      9.9943285
      29.9      9.9396543      4.9547958
      30.0      0.1654387      0.0827194
      30.1     -9.2165920     -4.6222198
      30.2    -18.2107901     -9.1603906
      30.3    -26.8215468    -13.5322113
      30.4    -35.0532914    -17.7381490
      30.5    -42.9104899    -21.7787198
      30.6    -50.3976435    -25.6544878
      30.7    -57.5192878    -29.3660650
      30.8    -64.2799910    -32.9141108
      30.9    -70.6843532    -36.2993313
      31.0    -76.7370047    -39.5224792
      31.1    -82.4426049    -42.5843532
      31.2    -87.8058411    -45.4857973
      31.3    -92.8314271    -48.2277005
      31.4    -97.5241020    -50.8109965
      31.5   -101.8886290    -53.2366624
      31.6   -105.9297942    -55.5057192
      31.7   -109.6524049    -57.6192303
      31.8   -113.0612891    -59.5783015
      31.9   -116.1612934    -61.3840805
      32.0   -118.9572825    -63.0377556
      32.1   -121.4541373    -64.5405560
      32.2   -123.6567542    -65.8937507
      32.3   -125.5700435    -67.0986478
      32.4   -127.1989284    -68.1565941
      32.5   -128.5483435    -69.0689746
      32.6   -129.6232337    -69.8372113
      32.7   -130.4285530    -70.4627633
      32.8   -130.9692633    -70.9471252
      32.9   -131.2503332    -71.2918276
      33.0   -131.2767365    -71.4984351
      33.1   -131.0534514    -71.5685468
      33.2   -130.5854590    -71.5037949
      33.3   -129.8777421    -71.3058440
      33.4   -128.9352844    -70.9763908
      33.5   -127.7630688    -70.5171630
      33.6   -126.3660765    -69.9299188
      33.7   -124.7492858    -69.2164460
      33.8   -122.9176709    -68.3785614
      33.9   -120.8762008    -67.4181098
      34.0   -118.6298380    -66.3369635
      34.1   -116.1835375    -65.1370217
      34.2   -113.5422459    -63.8202091
      34.3   -110.7108996    -62.3884759
      34.4   -107.6944245    -60.8437963
      34.5   -104.4977340    -59.1881683
      34.6   -101.1257290    -57.4236127
      34.7    -97.5832957    -55.5521721
      34.8    -93.8753054    -53.5759105
      34.9    -90.0066129    -51.4969122
      35.0    -85.9820556    -49.3172811
      35.1    -81.8064526    -47.0391399
      35.2    -77.4846033    -44.6646294
      35.3    -73.0212870    -42.1959074
      35.4    -68.4212610    -39.6351483
      35.5    -63.6892606    -36.9845419
      35.6    -58.8299972    -34.2462927
      35.7    -53.8481581    -31.4226194
      35.8    -48.7484048    -28.5157536
      35.9    -43.5353728    -25.5279391
      36.0    -38.2136698    -22.4614315
      36.1    -32.7878757    -19.3184969
      36.2    -27.2625409    -16.1014112
      36.3    -21.6421859    -12.8124593
      36.4    -15.9313002     -9.4539345
      36.5    -10.1343415     -6.0281372
      36.6     -4.2557346     -2.5373748
      36.7      1.7001291      1.0160399
      36.8      7.7288927      4.6297891
      36.9     13.8262343      8.3015507
      37.0     19.9878682     12.0289994
      37.1     26.2095456     15.8098073
      37.2     32.4870552     19.6416448
      37.3     38.8162240     23.5221815
      37.4     45.1929182     27.4490866
      37.5     51.6130438     31.4200303
      37.6     58.0725476     35.4326841
      37.7     64.5674174     39.4847216
      37.8     71.0936830     43.5738198
      37.9     77.6474171     47.6976591
      38.0     84.2247354     51.8539249
      38.1     90.8217978     56.0403075
      38.2     97.4348088     60.2545038
      38.3    104.0600179     64.4942171
      38.4    110.6937205     68.7571588
      38.5    117.3322585     73.0410483
      38.6    123.9720206     77.3436142
      38.7    130.6094431     81.6625952
      38.8    137.2410104     85.9957402
      38.9    143.8632553     90.3408097
      39.0    150.4727598     94.6955761
      39.1    157.0661555     99.0578244
      39.2    163.6401238    103.4253533
      39.3    170.1913969    107.7959755
      39.4    176.7167576    112.1675183
      39.5    183.2130405    116.5378247
      39.6    189.6771314    120.9047539
      39.7    196.1059687    125.2661816
      39.8    202.4965430    129.6200013
      39.9    208.8458981    133.9641244
      40.0    215.1511308    138.2964811
      40.1    221.4093914    142.6150209
      40.2    227.6178843    146.9177133
      40.3    233.7738679    151.2025484
      40.4    239.8746548    155.4675376
      40.5    245.9176128    159.7107137
      40.6    251.9001642    163.9301322
      40.7    257.8197865    168.1238713
      40.8    263.6740128    172.2900327
      40.9    269.4604316    176.4267422
      41.0    275.1766870    180.5321501
      41.1    280.8204793    184.6044316
      41.2    286.3895647    188.6417877
      41.3    291.8817553    192.6424454
      41.4    297.2949200    196.6046581
      41.5    302.6269838    200.5267066
      41.6    307.8759280    204.4068988
      41.7    313.0397907    208.2435710
      41.8    318.1166665    212.0350876
      41.9    323.1047066    215.7798419
      42.0    328.0021188    219.4762566
      42.1    332.8071674    223.1227840
      42.2    337.5181737    226.7179065
      42.3    342.1335151    230.2601370
      42.4    346.6516260    233.7480190
      42.5    351.0709968    237.1801276
      42.6    355.3901748    240.5550692
      42.7    359.6077632    243.8714819
      42.8    363.7224216    247.1280365
      42.9    367.7328657    250.3234359
      43.0    371.6378671    253.4564159
      43.1    375.4362531    256.5257454
      43.2    379.1269069    259.5302269
      43.3    382.7087669    262.4686962
      43.4    386.1808269    265.3400231
      43.5    389.5421357    268.1431116
      43.6    392.7917970    270.8768998
      43.7    395.9289688    273.5403606
      43.8    398.9528640    276.1325015
      43.9    401.8627490    278.6523649
      44.0    404.6579444    281.0990283
      44.1    407.3378242    283.4716044
      44.2    409.9018155    285.7692413
      44.3    412.3493984    287.9911228
      44.4    414.6801055    290.1364679
      44.5    416.8935218    292.2045317
      44.6    418.9892840    294.1946049
      44.7    420.9670802    296.1060143
      44.8    422.8266498    297.9381224
      44.9    424.5677830    299.6903278
      45.0    426.1903200    301.3620653
      45.1    427.6941512    302.9528056
      45.2    429.0792163    304.4620555
      45.3    430.3455042    305.8893580
      45.4    431.4930522    307.2342919
      45.5    432.5219460    308.4964722
      45.6    433.4323186    309.6755501
      45.7    434.2243504    310.7712124
      45.8    434.8982685    311.7831820
      45.9    435.4543461    312.7112174
      46.0    435.8929021    313.5551132
      46.1    436.2143004    314.3146991
      46.2    436.4189498    314.9898407
      46.3    436.5073028    315.5804389
      46.4    436.4798558    316.0864297
      46.5    436.3371479    316.5077842
      46.6    436.0797606    316.8445085
      46.7    435.7083172    317.0966435
      46.8    435.2234824    317.2642646
      46.9    434.6259613    317.3474814
      47.0    433.9164992    317.3464379
      47.1    433.0958807    317.2613119
      47.2    432.1649291    317.0923149
      47.3    431.1245062    316.8396919
      47.4    429.9755109    316.5037211
      47.5    428.7188794    316.0847136
      47.6    427.3555839    315.5830133
      47.7    425.8866322    314.9989961
      47.8    424.3130672    314.3330704
      47.9    422.6359659    313.5856762
      48.0    420.8564390    312.7572849
      48.1    418.9756301    311.8483991
      48.2    416.9947151    310.8595521
      48.3    414.9149013    309.7913077
      48.4    412.7374271    308.6442599
      48.5    410.4635609    307.4190321
      48.6    408.0946005    306.1162773
      48.7    405.6318727    304.7366773
      48.8    403.0767321    303.2809427
      48.9    400.4305610    301.7498119
      49.0    397.6947679    300.1440513
      49.1    394.8707874    298.4644545
      49.2    391.9600794    296.7118422
      49.3    388.9641282    294.8870611
      49.4    385.8844417    292.9909845
      49.5    382.7225508    291.0245108
      49.6    379.4800090    288.9885638
      49.7    376.1583908    286.8840916
      49.8    372.7592921    284.7120669
      49.9    369.2843283    282.4734858
      50.0    365.7351346    280.1693675
      50.1    362.1133644    277.8007542
      50.2    358.4206892    275.3687100
      50.3    354.6587975    272.8743210
      50.4    350.8293942    270.3186942
      50.5    346.9341998    267.7029574
      50.6    342.9749496    265.0282584
      50.7    338.9533932    262.2957649
      50.8    334.8712935    259.5066633
      50.9    330.7304261    256.6621589
      51.0    326.5325785    253.7634746
      51.1    322.2795493    250.8118511
      51.2    317.9731477    247.8085458
      51.3    313.6151925    244.7548324
      51.4    309.2075116    241.6520005
      51.5    304.7519410    238.5013548
      51.6    300.2503243    235.3042147
      51.7    295.7045119    232.0619136
      51.8    291.1163604    228.7757985
      51.9    286.4877314    225.4472292
      52.0    281.8204915    222.0775779
      52.1    277.1165110    218.6682285
      52.2    272.3776636    215.2205761
      52.3    267.6058253    211.7360265
      52.4    262.8028741    208.2159954
      52.5    257.9706889    204.6619077
      52.6    253.1111492    201.0751976
      52.7    248.2261342    197.4573070
      52.8    243.3175219    193.8096858
      52.9    238.3871890    190.1337908
      53.0    233.4370097    186.4310853
      53.1    228.4688552    182.7030385
      53.2    223.4845931    178.9511246
      53.3    218.4860867    175.1768229
      53.4    213.4751941    171.3816164
      53.5    208.4537683    167.5669917
      53.6    203.4236555    163.7344385
      53.7    198.3866953    159.8854485
      53.8    193.3447197    156.0215154
      53.9    188.2995527    152.1441337
      54.0    183.2530093    148.2547988
      54.1    178.2068952    144.3550058
      54.2    173.1630064    140.4462493
      54.3    168.1231280    136.5300227
      54.4    163.0890340    132.6078177
      54.5    158.0624869    128.6811235
      54.6    153.0452367    124.7514264
      54.7    148.0390205    120.8202094
      54.8    143.0455622    116.8889514
      54.9    138.0665714    112.9591264
      55.0    133.1037436    109.0322036
      55.1    128.1587588    105.1096465
      55.2    123.2332818    101.1929119
      55.3    118.3289612     97.2834503
      55.4    113.4474289     93.3827047
      55.5    108.5902999     89.4921100
      55.6    103.7591714     85.6130929
      55.7     98.9556228     81.7470712
      55.8     94.1812147     77.8954531
      55.9     89.4374889     74.0596370
      56.0     84.7259678     70.2410107
      56.1     80.0481537     66.4409510
      56.2     75.4055287     62.6608233
      56.3     70.7995543     58.9019810
      56.4     66.2316704     55.1657651
      56.5     61.7032959     51.4535036
      56.6     57.2158274     47.7665112
      56.7     52.7706391     44.1060886
      56.8     48.3690827     40.4735223
      56.9     44.0124866     36.8700838
      57.0     39.7021561     33.2970298
      57.1     35.4393722     29.7556009
      57.2     31.2253922     26.2470219
      57.3     27.0614488     22.7725009
      57.4     22.9487499     19.3332293
      57.5     18.8884784     15.9303811
      57.6     14.8817917     12.5651123
      57.7     10.9298219      9.2385613
      57.8      7.0336747      5.9518475
      57.9      3.1944300      2.7060717
      58.0     -0.5868589     -0.4976846
      58.1     -4.3091654     -3.6583594
      58.2     -7.9714897     -6.7749108
      58.3    -11.5728592     -9.8463172
      58.4    -15.1123286    -12.8715773
      58.5    -18.5889802    -15.8497111
      58.6    -22.0019240    -18.7797597
      58.7    -25.3502978    -21.6607858
      58.8    -28.6332676    -24.4918737
      58.9    -31.8500276    -27.2721303
      59.0    -34.9998003    -30.0006844
      59.1    -38.0818369    -32.6766878
      59.2    -41.0954170    -35.2993151
      59.3    -44.0398491    -37.8677643
      59.4    -46.9144704    -40.3812563
      59.5    -49.7186472    -42.8390363
      59.6    -52.4517749    -45.2403728
      59.7    -55.1132777    -47.5845587
      59.8    -57.7026092    -49.8709111
      59.9    -60.2192521    -52.0987715
      60.0    -62.6627185    -54.2675061
      60.1    -65.0325496    -56.3765059
      60.2    -67.3283161    -58.4251867
      60.3    -69.5496177    -60.4129897
      60.4    -71.6960837    -62.3393812
      60.5    -73.7673726    -64.2038529
      60.6    -75.7631722    -66.0059220
      60.7    -77.6831996    -67.7451313
      60.8    -79.5272008    -69.4210494
      60.9    -81.2949515    -71.0332705
      61.0    -82.9862559    -72.5814148
      61.1    -84.6009477    -74.0651287
      61.2    -86.1388892    -75.4840841
      61.3    -87.5999719    -76.8379793
      61.4    -88.9841156    -78.1265386
      61.5    -90.2912691    -79.3495124
      61.6    -91.5214097    -80.5066774
      61.7    -92.6745428    -81.5978362
      61.8    -93.7507024    -82.6228177
      61.9    -94.7499504    -83.5814768
      62.0    -95.6723768    -84.4736948
      62.1    -96.5180991    -85.2993787
      62.2    -97.2872628    -86.0584618
      62.3    -97.9800406    -86.7509034
      62.4    -98.5966324    -87.3766885
      62.5    -99.1372652    -87.9358282
      62.6    -99.6021929    -88.4283593
      62.7    -99.9916960    -88.8543442
      62.8   -100.3060812    -89.2138709
      62.9   -100.5456815    -89.5070531
      63.0   -100.7108558    -89.7340295
      63.1   -100.8019886    -89.8949644
      63.2   -100.8194899    -89.9900469
      63.3   -100.7637948    -90.0194912
      63.4   -100.6353631    -89.9835363
      63.5   -100.4346795    -89.8824458
      63.6   -100.1622527    -89.7165076
      63.7    -99.8186155    -89.4860343
      63.8    -99.4043244    -89.1913620
      63.9    -98.9199593    -88.8328513
      64.0    -98.3661232    -88.4108859
      64.1    -97.7434418    -87.9258735
      64.2    -97.0525633    -87.3782445
      64.3    -96.2941577    -86.7684528
      64.4    -95.4689172    -86.0969748
      64.5    -94.5775550    -85.3643093
      64.6    -93.6208055    -84.5709777
      64.7    -92.5994238    -83.7175232
      64.8    -91.5141853    -82.8045105
      64.9    -90.3658853    -81.8325262
      65.0    -89.1553388    -80.8021778
      65.1    -87.8833798    -79.7140936
      65.2    -86.5508611    -78.5689225
      65.3    -85.1586542    -77.3673338
      65.4    -83.7076484    -76.1100165
      65.5    -82.1987504    -74.7976794
      65.6    -80.6328846    -73.4310506
      65.7    -79.0109918    -72.0108769
      65.8    -77.3340294    -70.5379239
      65.9    -75.6029706    -69.0129755
      66.0    -73.8188043    -67.4368333
      66.1    -71.9825343    -65.8103167
      66.2    -70.0951795    -64.1342622
      66.3    -68.1577726    -62.4095229
      66.4    -66.1713605    -60.6369685
      66.5    -64.1370031    -58.8174849
      66.6    -62.0557737    -56.9519733
      66.7    -59.9287577    -55.0413506
      66.8    -57.7570527    -53.0865483
      66.9    -55.5417681    -51.0885123
      67.0    -53.2840241    -49.0482028
      67.1    -50.9849519    -46.9665936
      67.2    -48.6456928    -44.8446717
      67.3    -46.2673980    -42.6834369
      67.4    -43.8512277    -40.4839015
      67.5    -41.3983516    -38.2470897
      67.6    -38.9099471    -35.9740373
      67.7    -36.3872001    -33.6657912
      67.8    -33.8313038    -31.3234090
      67.9    -31.2434583    -28.9479586
      68.0    -28.6248704    -26.5405177
      68.1    -25.9767530    -24.1021732
      68.2    -23.3003246    -21.6340211
      68.3    -20.5968088    -19.1371659
      68.4    -17.8674340    -16.6127200
      68.5    -15.1134328    -14.0618034
      68.6    -12.3360416    -11.4855432
      68.7     -9.5365000     -8.8850734
      68.8     -6.7160506     -6.2615338
      68.9     -3.8759383     -3.6160703
      69.0     -1.0174099     -0.9498340
      69.1      1.8582863      1.7360194
      69.2      4.7499010      4.4403295
      69.3      7.6561844      7.1619320
      69.4     10.5758866      9.8996595
      69.5     13.5077579     12.6523412
      69.6     16.4505497     15.4188040
      69.7     19.4030145     18.1978726
      69.8     22.3639065     20.9883702
      69.9     25.3319822     23.7891189
      70.0     28.3060005     26.5989398
      70.1     31.2847235     29.4166540
      70.2     34.2669167     32.2410830
      70.3     37.2513497     35.0710485
      70.4     40.2367961     37.9053737
      70.5     43.2220347     40.7428833
      70.6     46.2058492     43.5824039
      70.7     49.1870290     46.4227648
      70.8     52.1643696     49.2627980
      70.9     55.1366729     52.1013391
      71.0     58.1027477     54.9372272
      71.1     61.0614100     57.7693060
      71.2     64.0114838     60.5964237
      71.3     66.9518006     63.4174337
      71.4     69.8812010     66.2311947
      71.5     72.7985339     69.0365718
      71.6     75.7026579     71.8324361
      71.7     78.5924410     74.6176659
      71.8     81.4667613     77.3911463
      71.9     84.3245071     80.1517705
      72.0     87.1645776     82.8984395
      72.1     89.9858831     85.6300627
      72.2     92.7873452     88.3455587
      72.3     95.5678976     91.0438549
      72.4     98.3264859     93.7238888
      72.5    101.0620682     96.3846076
      72.6    103.7736156     99.0249691
      72.7    106.4601122    101.6439418
      72.8    109.1205555    104.2405056
      72.9    111.7539571    106.8136516
      73.0    114.3593423    109.3623829
      73.1    116.9357511    111.8857151
      73.2    119.4822381    114.3826761
      73.3    121.9978728    116.8523069
      73.4    124.4817402    119.2936618
      73.5    126.9329406    121.7058085
      73.6    129.3505903    124.0878289
      73.7    131.7338217    126.4388192
      73.8    134.0817833    128.7578899
      73.9    136.3936405    131.0441666
      74.0    138.6685754    133.2967900
      74.1    140.9057873    135.5149164
      74.2    143.1044926    137.6977178
      74.3    145.2639255    139.8443821
      74.4    147.3833378    141.9541139
      74.5    149.4619992    144.0261341
      74.6    151.4991979    146.0596804
      74.7    153.4942400    148.0540079
      74.8    155.4464506    150.0083888
      74.9    157.3551733    151.9221131
      75.0    159.2197706    153.7944884
      75.1    161.0396241    155.6248406
      75.2    162.8141349    157.4125136
      75.3    164.5427231    159.1568700
      75.4    166.2248287    160.8572911
      75.5    167.8599110    162.5131767
      75.6    169.4474494    164.1239461
      75.7    170.9869431    165.6890377
      75.8    172.4779114    167.2079092
      75.9    173.9198938    168.6800379
      76.0    175.3124500    170.1049210
      76.1    176.6551600    171.4820753
      76.2    177.9476242    172.8110379
      76.3    179.1894636    174.0913657
      76.4    180.3803198    175.3226362
      76.5    181.5198551    176.5044470
      76.6    182.6077522    177.6364165
      76.7    183.6437148    178.7181834
      76.8    184.6274674    179.7494071
      76.9    185.5587551    180.7297680
      77.0    186.4373441    181.6589670
      77.1    187.2630212    182.5367262
      77.2    188.0355943    183.3627884
      77.3    188.7548921    184.1369176
      77.4    189.4207640    184.8588986
      77.5    190.0330804    185.5285377
      77.6    190.5917326    186.1456617
      77.7    191.0966326    186.7101192
      77.8    191.5477131    187.2217793
      77.9    191.9449276    187.6805326
      78.0    192.2882504    188.0862908
      78.1    192.5776762    188.4389865
      78.2    192.8132204    188.7385736
      78.3    192.9949188    188.9850268
      78.4    193.1228277    189.1783421
      78.5    193.1970236    189.3185363
      78.6    193.2176034    189.4056471
      78.7    193.1846840    189.4397329
      78.8    193.0984023    189.4208732
      78.9    192.9589152    189.3491679
      79.0    192.7663994    189.2247377
      79.1    192.5210512    189.0477236
      79.2    192.2230864    188.8182870
      79.3    191.8727403    188.5366099
      79.4    191.4702674    188.2028941
      79.5    191.0159413    187.8173617
      79.6    190.5100546    187.3802546
      79.7    189.9529185    186.8918344
      79.8    189.3448629    186.3523824
      79.9    188.6862361    185.7621995
      80.0    187.9774048    185.1216056
      80.1    187.2187535    184.4309401
      80.2    186.4106846    183.6905610
      80.3    185.5536184    182.9008453
      80.4    184.6479923    182.0621887
      80.5    183.6942612    181.1750049
      80.6    182.6928968    180.2397261
      80.7    181.6443877    179.2568023
      80.8    180.5492391    178.2267015
      80.9    179.4079725    177.1499091
      81.0    178.2211254    176.0269276
      81.1    176.9892512    174.8582769
      81.2    175.7129190    173.6444936
      81.3    174.3927131    172.3861308
      81.4    173.0292328    171.0837580
      81.5    171.6230924    169.7379609
      81.6    170.1749208    168.3493409
      81.7    168.6853608    166.9185147
      81.8    167.1550696    165.4461148
      81.9    165.5847179    163.9327881
      82.0    163.9749900    162.3791966
      82.1    162.3265830    160.7860166
      82.2    160.6402072    159.1539384
      82.3    158.9165853    157.4836662
      82.4    157.1564523    155.7759177
      82.5    155.3605549    154.0314239
      82.6    153.5296519    152.2509283
      82.7    151.6645129    150.4351875
      82.8    149.7659189    148.5849699
      82.9    147.8346613    146.7010560
      83.0    145.8715422    144.7842378
      83.1    143.8773734    142.8353188
      83.2    141.8529766    140.8551129
      83.3    139.7991828    138.8444452
      83.4    137.7168322    136.8041504
      83.5    135.6067735    134.7350736
      83.6    133.4698641    132.6380691
      83.7    131.3069690    130.5140004
      83.8    129.1189614    128.3637400
      83.9    126.9067215    126.1881686
      84.0    124.6711367    123.9881752
      84.1    122.4131010    121.7646564
      84.2    120.1335147    119.5185162
      84.3    117.8332841    117.2506657
      84.4    115.5133213    114.9620224
      84.5    113.1745434    112.6535102
      84.6    110.8178726    110.3260589
      84.7    108.4442355    107.9806037
      84.8    106.0545633    105.6180850
      84.9    103.6497906    103.2394478
      85.0    101.2308557    100.8456417
      85.1     98.7987002     98.4376202
      85.2     96.3542683     96.0163403
      85.3     93.8985067     93.5827623
      85.4     91.4323642     91.1378495
      85.5     88.9567914     88.6825673
      85.6     86.4727401     86.2178835
      85.7     83.9811632     83.7447675
      85.8     81.4830145     81.2641900
      85.9     78.9792477     78.7771227
      86.0     76.4708168     76.2845377
      86.1     73.9586752     73.7874075
      86.2     71.4437756     71.2867042
      86.3     68.9270698     68.7833995
      86.4     66.4095079     66.2784639
      86.5     63.8920383     63.7728668
      86.6     61.3756074     61.2675757
      86.7     58.8611589     58.7635563
      86.8     56.3496337     56.2617714
      86.9     53.8419698     53.7631813
      87.0     51.3391015     51.2687430
      87.1     48.8419592     48.7794101
      87.2     46.3514692     46.2961319
      87.3     43.8685534     43.8198538
      87.4     41.3941287     41.3515163
      87.5     38.9291069     38.8920550
      87.6     36.4743944     36.4424002
      87.7     34.0308916     34.0034762
      87.8     31.5994930     31.5762016
      87.9     29.1810865     29.1614883
      88.0     26.7765532     26.7602417
      88.1     24.3867673     24.3733599
      88.2     22.0125956     22.0017337
      88.3     19.6548970     19.6462461
      88.4     17.3145226     17.3077719
      88.5     14.9923153     14.9871778
      88.6     12.6891092     12.6853214
      88.7     10.4057298     10.4030515
      88.8      8.1429933      8.1412074
      88.9      5.9017064      5.9006188
      89.0      3.6826663      3.6821054
      89.1      1.4866601      1.4864767
      89.2     -0.6855353     -0.6854685
      89.3     -2.8331536     -2.8329422
      89.4     -4.9554392     -4.9551675
      89.5     -7.0516475     -7.0513790
      89.6     -9.1210452     -9.1208230
      89.7    -11.1629107    -11.1627576
      89.8    -13.1765337    -13.1764535
      89.9    -15.1612166    -15.1611935
      90.0    -17.1162733    -17.1162733
      90.1    -19.0410308    -19.0410018
      90.2    -20.9348284    -20.9347008
      90.3    -22.7970184    -22.7967059
      90.4    -24.6269663    -24.6263661
      90.5    -26.4240509    -26.4230447
      90.6    -28.1876644    -28.1861188
      90.7    -29.9172129    -29.9149802
      90.8    -31.6121165    -31.6090350
      90.9    -33.2718090    -33.2677044
      91.0    -34.8957390    -34.8904242
      91.1    -36.4833691    -36.4766457
      91.2    -38.0341769    -38.0258354
      91.3    -39.5476546    -39.5374754
      91.4    -41.0233094    -41.0110635
      91.5    -42.4606636    -42.4461134
      91.6    -43.8592548    -43.8421547
      91.7    -45.2186359    -45.1987334
      91.8    -46.5383755    -46.5154116
      91.9    -47.8180576    -47.7917680
      92.0    -49.0572823    -49.0273979
      92.1    -50.2556654    -50.2219134
      92.2    -51.4128387    -51.3749431
      92.3    -52.5284503    -52.4861331
      92.4    -53.6021642    -53.5551460
      92.5    -54.6336612    -54.5816621
      92.6    -55.6226380    -55.5653784
      92.7    -56.5688081    -56.5060097
      92.8    -57.4719014    -57.4032879
      92.9    -58.3316646    -58.2569626
      93.0    -59.1478609    -59.0668008
      93.1    -59.9202704    -59.8325873
      93.2    -60.6486898    -60.5541242
      93.3    -61.3329330    -61.2312317
      93.4    -61.9728303    -61.8637475
      93.5    -62.5682294    -62.4515270
      93.6    -63.1189946    -62.9944437
      93.7    -63.6250073    -63.4923885
      93.8    -64.0861659    -63.9452704
      93.9    -64.5023857    -64.3530161
      94.0    -64.8735990    -64.7155702
      94.1    -65.1997552    -65.0328949
      94.2    -65.4808205    -65.3049703
      94.3    -65.7167782    -65.5317943
      94.4    -65.9076285    -65.7133824
      94.5    -66.0533883    -65.8497678
      94.6    -66.1540917    -65.9410013
      94.7    -66.2097894    -65.9871515
      94.8    -66.2205489    -65.9883041
      94.9    -66.1864545    -65.9445627
      95.0    -66.1076072    -65.8560478
      95.1    -65.9841245    -65.7228977
      95.2    -65.8161404    -65.5452674
      95.3    -65.6038056    -65.3233295
      95.4    -65.3472868    -65.0572732
      95.5    -65.0467672    -64.7473048
      95.6    -64.7024464    -64.3936475
      95.7    -64.3145396    -63.9965409
      95.8    -63.8832784    -63.5562413
      95.9    -63.4089101    -63.0730215
      96.0    -62.8916978    -62.5471705
      96.1    -62.3319202    -61.9789934
      96.2    -61.7298716    -61.3688114
      96.3    -61.0858616    -60.7169613
      96.4    -60.4002149    -60.0237959
      96.5    -59.6732717    -59.2896833
      96.6    -58.9053867    -58.5150069
      96.7    -58.0969297    -57.7001654
      96.8    -57.2482850    -56.8455724
      96.9    -56.3598514    -55.9516563
      97.0    -55.4320420    -55.0188600
      97.1    -54.4652840    -54.0476408
      97.2    -53.4600186    -53.0384704
      97.3    -52.4167008    -51.9918342
      97.4    -51.3357990    -50.9082315
      97.5    -50.2177953    -49.7881751
      97.6    -49.0631846    -48.6321910
      97.7    -47.8724750    -47.4408185
      97.8    -46.6461875    -46.2146096
      97.9    -45.3848555    -44.9541289
      98.0    -44.0890247    -43.6599534
      98.1    -42.7592531    -42.3326722
      98.2    -41.3961106    -40.9728863
      98.3    -40.0001786    -39.5812083
      98.4    -38.5720501    -38.1582620
      98.5    -37.1123294    -36.7046825
      98.6    -35.6216317    -35.2211157
      98.7    -34.1005829    -33.7082177
      98.8    -32.5498193    -32.1666553
      98.9    -30.9699878    -30.5971050
      99.0    -29.3617449    -29.0002531
      99.1    -27.7257572    -27.3767954
      99.2    -26.0627004    -25.7274367
      99.3    -24.3732597    -24.0528907
      99.4    -22.6581292    -22.3538795
      99.5    -20.9180116    -20.6311337
      99.6    -19.1536181    -18.8853916
      99.7    -17.3656681    -17.1173993
      99.8    -15.5548887    -15.3279101
      99.9    -13.7220146    -13.5176846
     100.0    -11.8677881    -11.6874897
     100.1     -9.9929581     -9.8380990
     100.2     -8.0982806     -7.9702922
     100.3     -6.1845179     -6.0848547
     100.4     -4.2524385     -4.1825772
     100.5     -2.3028166     -2.2642558
     100.6     -0.3364324     -0.3306913
     100.7      1.6459291      1.6173110
     100.8      3.6434776      3.5789416
     100.9      5.6554182      5.5533871
     101.0      7.6809515      7.5398308
     101.1      9.7192741      9.5374524
     101.2     11.7695788     11.5454290
     101.3     13.8310550     13.5629353
     101.4     15.9028887     15.5891434
     101.5     17.9842630     17.6232236
     101.6     20.0743587     19.6643450
     101.7     22.1723541     21.7116749
     101.8     24.2774255     23.7643801
     101.9     26.3887477     25.8216267
     102.0     28.5054939     27.8825805
     102.1     30.6268364     29.9464073
     102.2     32.7519468     32.0122734
     102.3     34.8799961     34.0793459
     102.4     37.0101553     36.1467927
     102.5     39.1415954     38.2137833
     102.6     41.2734881     40.2794888
     102.7     43.4050056     42.3430823
     102.8     45.5353213     44.4037392
     102.9     47.6636102     46.4606376
     103.0     49.7890485     48.5129584
     103.1     51.9108149     50.5598862
     103.2     54.0280901     52.6006087
     103.3     56.1400573     54.6343177
     103.4     58.2459028     56.6602093
     103.5     60.3448161     58.6774840
     103.6     62.4359899     60.6853472
     103.7     64.5186209     62.6830094
     103.8     66.5919098     64.6696863
     103.9     68.6550616     66.6445998
     104.0     70.7072860     68.6069774
     104.1     72.7477976     70.5560531
     104.2     74.7758162     72.4910673
     104.3     76.7905671     74.4112676
     104.4     78.7912814     76.3159084
     104.5     80.7771961     78.2042518
     104.6     82.7475548     80.0755676
     104.7     84.7016074     81.9291334
     104.8     86.6386108     83.7642353
     104.9     88.5578291     85.5801677
     105.0     90.4585336     87.3762338
     105.1     92.3400035     89.1517461
     105.2     94.2015256     90.9060260
     105.3     96.0423953     92.6384048
     105.4     97.8619159     94.3482234
     105.5     99.6593999     96.0348327
     105.6    101.4341684     97.6975940
     105.7    103.1855516     99.3358788
     105.8    104.9128892    100.9490698
     105.9    106.6155308    102.5365602
     106.0    108.2928353    104.0977545
     106.1    109.9441722    105.6320688
     106.2    111.5689210    107.1389304
     106.3    113.1664719    108.6177786
     106.4    114.7362258    110.0680648
     106.5    116.2775945    111.4892523
     106.6    117.7900010    112.8808170
     106.7    119.2728798    114.2422473
     106.8    120.7256767    115.5730441
     106.9    122.1478495    116.8727216
     107.0    123.5388678    118.1408068
     107.1    124.8982135    119.3768400
     107.2    126.2253807    120.5803750
     107.3    127.5198761    121.7509788
     107.4    128.7812188    122.8882325
     107.5    130.0089411    123.9917309
     107.6    131.2025881    125.0610826
     107.7    132.3617181    126.0959104
     107.8    133.4859027    127.0958514
     107.9    134.5747269    128.0605570
     108.0    135.6277894    128.9896929
     108.1    136.6447026    129.8829395
     108.2    137.6250928    130.7399918
     108.3    138.5686003    131.5605595
     108.4    139.4748794    132.3443673
     108.5    140.3435988    133.0911546
     108.6    141.1744414    133.8006759
     108.7    141.9671048    134.4727008
     108.8    142.7213009    135.1070139
     108.9    143.4367565    135.7034152
     109.0    144.1132128    136.2617197
     109.1    144.7504262    136.7817578
     109.2    145.3481679    137.2633752
     109.3    145.9062239    137.7064330
     109.4    146.4243956    138.1108076
     109.5    146.9024993    138.4763910
     109.6    147.3403664    138.8030903
     109.7    147.7378438    139.0908283
     109.8    148.0947935    139.3395432
     109.9    148.4110929    139.5491886
     110.0    148.6866347    139.7197334
     110.1    148.9213270    139.8511622
     110.2    149.1150934    139.9434748
     110.3    149.2678729    139.9966863
     110.4    149.3796199    140.0108273
     110.5    149.4503043    139.9859437
     110.6    149.4799115    139.9220965
     110.7    149.4684422    139.8193621
     110.8    149.4159128    139.6778318
     110.9    149.3223550    139.4976122
     111.0    149.1878160    139.2788249
     111.1    149.0123582    139.0216063
     111.2    148.7960595    138.7261078
     111.3    148.5390133    138.3924957
     111.4    148.2413280    138.0209506
     111.5    147.9031274    137.6116681
     111.6    147.5245504    137.1648581
     111.7    147.1057512    136.6807449
     111.8    146.6468989    136.1595672
     111.9    146.1481776    135.6015776
     112.0    145.6097865    135.0070431
     112.1    145.0319395    134.3762443
     112.2    144.4148653    133.7094758
     112.3    143.7588073    133.0070456
     112.4    143.0640234    132.2692754
     112.5    142.3307862    131.4965002
     112.6    141.5593823    130.6890681
     112.7    140.7501129    129.8473403
     112.8    139.9032933    128.9716909
     112.9    139.0192527    128.0625066
     113.0    138.0983342    127.1201868
     113.1    137.1408948    126.1451432
     113.2    136.1473050    125.1377994
     113.3    135.1179491    124.0985914
     113.4    134.0532243    123.0279666
     113.5    132.9535413    121.9263844
     113.6    131.8193238    120.7943153
     113.7    130.6510083    119.6322411
     113.8    129.4490443    118.4406545
     113.9    128.2138934    117.2200592
     114.0    126.9460300    115.9709691
     114.1    125.6459405    114.6939087
     114.2    124.3141234    113.3894127
     114.3    122.9510890    112.0580254
     114.4    121.5573594    110.7003010
     114.5    120.1334678    109.3168030
     114.6    118.6799591    107.9081042
     114.7    117.1973889    106.4747862
     114.8    115.6863239    105.0174394
     114.9    114.1473413    103.5366627
     115.0    112.5810289    102.0330632
     115.1    110.9879844    100.5072558
     115.2    109.3688159     98.9598633
     115.3    107.7241409     97.3915160
     115.4    106.0545867     95.8028511
     115.5    104.3607897     94.1945130
     115.6    102.6433956     92.5671527
     115.7    100.9030587     90.9214275
     115.8     99.1404421     89.2580010
     115.9     97.3562171     87.5775424
     116.0     95.5510633     85.8807268
     116.1     93.7256679     84.1682343
     116.2     91.8807260     82.4407504
     116.3     90.0169397     80.6989649
     116.4     88.1350185     78.9435726
     116.5     86.2356786     77.1752720
     116.6     84.3196428     75.3947659
     116.7     82.3876402     73.6027605
     116.8     80.4404060     71.7999656
     116.9     78.4786809     69.9870937
     117.0     76.5032114     68.1648605
     117.1     74.5147492     66.3339839
     117.2     72.5140508     64.4951841
     117.3     70.5018775     62.6491833
     117.4     68.4789950     60.7967053
     117.5     66.4461729     58.9384751
     117.6     64.4041848     57.0752191
     117.7     62.3538080     55.2076642
     117.8     60.2958229     53.3365378
     117.9     58.2310128     51.4625677
     118.0     56.1601638     49.5864815
     118.1     54.0840645     47.7090063
     118.2     52.0035054     45.8308689
     118.3     49.9192791     43.9527948
     118.4     47.8321795     42.0755085
     118.5     45.7430020     40.1997329
     118.6     43.6525426     38.3261892
     118.7     41.5615983     36.4555965
     118.8     39.4709665     34.5886716
     118.9     37.3814443     32.7261285
     119.0     35.2938291     30.8686785
     119.1     33.2089175     29.0170297
     119.2     31.1275054     27.1718867
     119.3     29.0503876     25.3339504
     119.4     26.9783576     23.5039177
     119.5     24.9122071     21.6824814
     119.6     22.8527261     19.8703295
     119.7     20.8007022     18.0681455
     119.8     18.7569205     16.2766076
     119.9     16.7221633     14.4963890
     120.0     14.6972098     12.7281571
     120.1     12.6828359     10.9725735
     120.2     10.6798138      9.2302939
     120.3      8.6889117      7.5019677
     120.4      6.7108936      5.7882375
     120.5      4.7465191      4.0897393
     120.6      2.7965430      2.4071021
     120.7      0.8617148      0.7409474
     120.8     -1.0572210     -0.9081104
     120.9     -2.9595257     -2.5394651
     121.0     -4.8444664     -4.1525181
     121.1     -6.7113163     -5.7466792
     121.2     -8.5593551     -7.3213665
     121.3    -10.3878692     -8.8760066
     121.4    -12.1961518    -10.4100351
     121.5    -13.9835035    -11.9228967
     121.6    -15.7492320    -13.4140451
     121.7    -17.4926530    -14.8829435
     121.8    -19.2130902    -16.3290650
     121.9    -20.9098753    -17.7518921
     122.0    -22.5823485    -19.1509176
     122.1    -24.2298588    -20.5256445
     122.2    -25.8517640    -21.8755860
     122.3    -27.4474311    -23.2002659
     122.4    -29.0162367    -24.4992189
     122.5    -30.5575668    -25.7719904
     122.6    -32.0708172    -27.0181369
     122.7    -33.5553942    -28.2372260
     122.8    -35.0107139    -29.4288369
     122.9    -36.4362032    -30.5925600
     123.0    -37.8312998    -31.7279977
     123.1    -39.1954522    -32.8347639
     123.2    -40.5281200    -33.9124845
     123.3    -41.8287742    -34.9607974
     123.4    -43.0968976    -35.9793528
     123.5    -44.3319843    -36.9678132
     123.6    -45.5335406    -37.9258532
     123.7    -46.7010850    -38.8531602
     123.8    -47.8341480    -39.7494341
     123.9    -48.9322729    -40.6143876
     124.0    -49.9950153    -41.4477461
     124.1    -51.0219439    -42.2492480
     124.2    -52.0126403    -43.0186444
     124.3    -52.9666992    -43.7556998
     124.4    -53.8837284    -44.4601917
     124.5    -54.7633496    -45.1319106
     124.6    -55.6051976    -45.7706604
     124.7    -56.4089213    -46.3762585
     124.8    -57.1741831    -46.9485352
     124.9    -57.9006597    -47.4873347
     125.0    -58.5880418    -47.9925142
     125.1    -59.2360342    -48.4639447
     125.2    -59.8443563    -48.9015105
     125.3    -60.4127418    -49.3051095
     125.4    -60.9409388    -49.6746531
     125.5    -61.4287105    -50.0100665
     125.6    -61.8758345    -50.3112881
     125.7    -62.2821033    -50.5782701
     125.8    -62.6473244    -50.8109782
     125.9    -62.9713204    -51.0093916
     126.0    -63.2539287    -51.1735033
     126.1    -63.4950022    -51.3033195
     126.2    -63.6944088    -51.3988600
     126.3    -63.8520317    -51.4601583
     126.4    -63.9677695    -51.4872609
     126.5    -64.0415361    -51.4802282
     126.6    -64.0732608    -51.4391335
     126.7    -64.0628885    -51.3640637
     126.8    -64.0103794    -51.2551189
     126.9    -63.9157093    -51.1124122
     127.0    -63.7788696    -50.9360700
     127.1    -63.5998670    -50.7262318
     127.2    -63.3787241    -50.4830499
     127.3    -63.1154788    -50.2066896
     127.4    -62.8101845    -49.8973289
     127.5    -62.4629105    -49.5551587
     127.6    -62.0737413    -49.1803823
     127.7    -61.6427769    -48.7732158
     127.8    -61.1701332    -48.3338873
     127.9    -60.6559410    -47.8626377
     128.0    -60.1003469    -47.3597196
     128.1    -59.5035128    -46.8253981
     128.2    -58.8656159    -46.2599500
     128.3    -58.1868487    -45.6636639
     128.4    -57.4674190    -45.0368403
     128.5    -56.7075497    -44.3797909
     128.6    -55.9074788    -43.6928392
     128.7    -55.0674593    -42.9763197
     128.8    -54.1877592    -42.2305780
     128.9    -53.2686615    -41.4559708
     129.0    -52.3104637    -40.6528656
     129.1    -51.3134781    -39.8216403
     129.2    -50.2780317    -38.9626836
     129.3    -49.2044659    -38.0763942
     129.4    -48.0931363    -37.1631811
     129.5    -46.9444131    -36.2234632
     129.6    -45.7586803    -35.2576692
     129.7    -44.5363361    -34.2662372
     129.8    -43.2777926    -33.2496150
     129.9    -41.9834754    -32.2082593
     130.0    -40.6538240    -31.1426360
     130.1    -39.2892912    -30.0532196
     130.2    -37.8903431    -28.9404936
     130.3    -36.4574590    -27.8049494
     130.4    -34.9911313    -26.6470869
     130.5    -33.4918649    -25.4674139
     130.6    -31.9601778    -24.2664460
     130.7    -30.3966001    -23.0447062
     130.8    -28.8016744    -21.8027251
     130.9    -27.1759554    -20.5410402
     131.0    -25.5200097    -19.2601958
     131.1    -23.8344158    -17.9607432
     131.2    -22.1197634    -16.6432398
     131.3    -20.3766540    -15.3082493
     131.4    -18.6057000    -13.9563415
     131.5    -16.8075246    -12.5880917
     131.6    -14.9827621    -11.2040809
     131.7    -13.1320570     -9.8048952
     131.8    -11.2560642     -8.3911257
     131.9     -9.3554487     -6.9633685
     132.0     -7.4308852     -5.5222239
     132.1     -5.4830583     -4.0682968
     132.2     -3.5126617     -2.6021959
     132.3     -1.5203982     -1.1245338
     132.4      0.4930201      0.3640733
     132.5      2.5268730      1.8630062
     132.6      4.5804315      3.3716423
     132.7      6.6529586      4.8893564
     132.8      8.7437094      6.4155207
     132.9     10.8519313      7.9495052
     133.0     12.9768645      9.4906779
     133.1     15.1177418     11.0384048
     133.2     17.2737895     12.5920506
     133.3     19.4442270     14.1509787
     133.4     21.6282675     15.7145514
     133.5     23.8251184     17.2821303
     133.6     26.0339810     18.8530765
     133.7     28.2540513     20.4267508
     133.8     30.4845201     22.0025142
     133.9     32.7245732     23.5797276
     134.0     34.9733919     25.1577527
     134.1     37.2301531     26.7359520
     134.2     39.4940296     28.3136887
     134.3     41.7641905     29.8903277
     134.4     44.0398014     31.4652349
     134.5     46.3200248     33.0377785
     134.6     48.6040202     34.6073284
     134.7     50.8909447     36.1732567
     134.8     53.1799528     37.7349383
     134.9     55.4701973     39.2917506
     135.0     57.7608293     40.8430741
     135.1     60.0509983     42.3882925
     135.2     62.3398529     43.9267930
     135.3     64.6265409     45.4579665
     135.4     66.9102096     46.9812079
     135.5     69.1900060     48.4959162
     135.6     71.4650776     50.0014949
     135.7     73.7345718     51.4973520
     135.8     75.9976372     52.9829005
     135.9     78.2534232     54.4575586
     136.0     80.5010806     55.9207495
     136.1     82.7397620     57.3719022
     136.2     84.9686216     58.8104515
     136.3     87.1868163     60.2358379
     136.4     89.3935053     61.6475083
     136.5     91.5878507     63.0449161
     136.6     93.7690178     64.4275210
     136.7     95.9361753     65.7947897
     136.8     98.0884959     67.1461960
     136.9    100.2251562     68.4812207
     137.0    102.3453371     69.7993521
     137.1    104.4482244     71.1000861
     137.2    106.5330087     72.3829264
     137.3    108.5988859     73.6473846
     137.4    110.6450575     74.8929806
     137.5    112.6707308     76.1192424
     137.6    114.6751193     77.3257067
     137.7    116.6574429     78.5119189
     137.8    118.6169283     79.6774330
     137.9    120.5528091     80.8218122
     138.0    122.4643263     81.9446289
     138.1    124.3507283     83.0454647
     138.2    126.2112716     84.1239106
     138.3    128.0452206     85.1795675
     138.4    129.8518482     86.2120458
     138.5    131.6304360     87.2209659
     138.6    133.3802746     88.2059582
     138.7    135.1006637     89.1666634
     138.8    136.7909125     90.1027323
     138.9    138.4503400     91.0138263
     139.0    140.0782751     91.8996172
     139.1    141.6740571     92.7597874
     139.2    143.2370357     93.5940304
     139.3    144.7665714     94.4020502
     139.4    146.2620357     95.1835618
     139.5    147.7228112     95.9382915
     139.6    149.1482923     96.6659765
     139.7    150.5378848     97.3663653
     139.8    151.8910066     98.0392179
     139.9    153.2070878     98.6843055
     140.0    154.4855708     99.3014108
     140.1    155.7259107     99.8903281
     140.2    156.9275755    100.4508632
     140.3    158.0900461    100.9828337
     140.4    159.2128167    101.4860689
     140.5    160.2953951    101.9604096
     140.6    161.3373026    102.4057089
     140.7    162.3380744    102.8218312
     140.8    163.2972598    103.2086532
     140.9    164.2144223    103.5660634
     141.0    165.0891398    103.8939620
     141.1    165.9210048    104.1922615
     141.2    166.7096247    104.4608862
     141.3    167.4546216    104.6997724
     141.4    168.1556329    104.9088684
     141.5    168.8123111    105.0881345
     141.6    169.4243243    105.2375430
     141.7    169.9913561    105.3570781
     141.8    170.5131055    105.4467360
     141.9    170.9892879    105.5065249
     142.0    171.4196342    105.5364649
     142.1    171.8038916    105.5365879
     142.2    172.1418236    105.5069379
     142.3    172.4332099    105.4475705
     142.4    172.6778467    105.3585531
     142.5    172.8755468    105.2399649
     142.6    173.0261396    105.0918968
     142.7    173.1294713    104.9144513
     142.8    173.1854050    104.7077426
     142.9    173.1938207    104.4718961
     143.0    173.1546154    104.2070489
     143.1    173.0677033    103.9133494
     143.2    172.9330155    103.5909572
     143.3    172.7505005    103.2400433
     143.4    172.5201242    102.8607895
     143.5    172.2418696    102.4533889
     143.6    171.9157372    102.0180454
     143.7    171.5417450    101.5549737
     143.8    171.1199282    101.0643994
     143.9    170.6503397    100.5465585
     144.0    170.1330498    100.0016976
     144.1    169.5681464     99.4300737
     144.2    168.9557349     98.8319539
     144.3    168.2959382     98.2076157
     144.4    167.5888968     97.5573463
     144.5    166.8347686     96.8814432
     144.6    166.0337291     96.1802133
     144.7    165.1859715     95.4539730
     144.8    164.2917060     94.7030486
     144.9    163.3511608     93.9277754
     145.0    162.3645811     93.1284978
     145.1    161.3322297     92.3055695
     145.2    160.2543865     91.4593527
     145.3    159.1313490     90.5902185
     145.4    157.9634315     89.6985465
     145.5    156.7509658     88.7847247
     145.6    155.4943006     87.8491491
     145.7    154.1938016     86.8922238
     145.8    152.8498515     85.9143608
     145.9    151.4628498     84.9159798
     146.0    150.0332126     83.8975078
     146.1    148.5613729     82.8593791
     146.2    147.0477800     81.8020353
     146.3    145.4928997     80.7259246
     146.4    143.8972141     79.6315022
     146.5    142.2612215     78.5192297
     146.6    140.5854363     77.3895750
     146.7    138.8703888     76.2430122
     146.8    137.1166249     75.0800211
     146.9    135.3247065     73.9010876
     147.0    133.4952106     72.7067027
     147.1    131.6287299     71.4973629
     147.2    129.7258719     70.2735699
     147.3    127.7872596     69.0358301
     147.4    125.8135304     67.7846545
     147.5    123.8053365     66.5205588
     147.6    121.7633448     65.2440628
     147.7    119.6882362     63.9556902
     147.8    117.5807058     62.6559686
     147.9    115.4414628     61.3454293
     148.0    113.2712298     60.0246068
     148.1    111.0707432     58.6940386
     148.2    108.8407526     57.3542654
     148.3    106.5820207     56.0058304
     148.4    104.2953229     54.6492793
     148.5    101.9814475     53.2851600
     148.6     99.6411951     51.9140224
     148.7     97.2753785     50.5364182
     148.8     94.8848223     49.1529007
     148.9     92.4703631     47.7640245
     149.0     90.0328486     46.3703450
     149.1     87.5731381     44.9724190
     149.2     85.0921016     43.5708035
     149.3     82.5906198     42.1660560
     149.4     80.0695838     40.7587343
     149.5     77.5298952     39.3493961
     149.6     74.9724650     37.9385987
     149.7     72.3982142     36.5268990
     149.8     69.8080730     35.1148532
     149.9     67.2029807     33.7030164
     150.0     64.5838854     32.2919427
     150.1     61.9517436     30.8821847
     150.2     59.3075202     29.4742932
     150.3     56.6521878     28.0688175
     150.4     53.9867267     26.6663046
     150.5     51.3121246     25.2672991
     150.6     48.6293761     23.8723433
     150.7     45.9394826     22.4819766
     150.8     43.2434517     21.0967356
     150.9     40.5422975     19.7171537
     151.0     37.8370393     18.3437607
     151.1     35.1287025     16.9770830
     151.2     32.4183170     15.6176433
     151.3     29.7069182     14.2659601
     151.4     26.9955453     12.9225477
     151.5     24.2852423     11.5879161
     151.6     21.5770566     10.2625705
     151.7     18.8720394      8.9470113
     151.8     16.1712449      7.6417341
     151.9     13.4757303      6.3472291
     152.0     10.7865552      5.0639809
     152.1      8.1047816      3.7924690
     152.2      5.4314732      2.5331665
     152.3      2.7676952      1.2865411
     152.4      0.1145141      0.0530539
     152.5     -2.5270030     -1.1668401
     152.6     -5.1557881     -2.3726926
     152.7     -7.7707733     -3.5640617
     152.8    -10.3708909     -4.7405127
     152.9    -12.9550736     -5.9016178
     153.0    -15.5222550     -7.0469563
     153.1    -18.0713699     -8.1761150
     153.2    -20.6013547     -9.2886881
     153.3    -23.1111476    -10.3842777
     153.4    -25.5996892    -11.4624935
     153.5    -28.0659223    -12.5229532
     153.6    -30.5087931    -13.5652827
     153.7    -32.9272507    -14.5891162
     153.8    -35.3202480    -15.5940962
     153.9    -37.6867417    -16.5798739
     154.0    -40.0256929    -17.5461089
     154.1    -42.3360672    -18.4924699
     154.2    -44.6168353    -19.4186343
     154.3    -46.8669732    -20.3242887
     154.4    -49.0854623    -21.2091287
     154.5    -51.2712903    -22.0728594
     154.6    -53.4234510    -22.9151951
     154.7    -55.5409448    -23.7358595
     154.8    -57.6227793    -24.5345862
     154.9    -59.6679692    -25.3111181
     155.0    -61.6755369    -26.0652082
     155.1    -63.6445128    -26.7966192
     155.2    -65.5739354    -27.5051238
     155.3    -67.4628521    -28.1905046
     155.4    -69.3103189    -28.8525545
     155.5    -71.1154014    -29.4910764
     155.6    -72.8771743    -30.1058835
     155.7    -74.5947226    -30.6967994
     155.8    -76.2671414    -31.2636580
     155.9    -77.8935360    -31.8063034
     156.0    -79.4730227    -32.3245905
     156.1    -81.0047291    -32.8183845
     156.2    -82.4877938    -33.2875612
     156.3    -83.9213674    -33.7320071
     156.4    -85.3046124    -34.1516190
     156.5    -86.6367034    -34.5463048
     156.6    -87.9168278    -34.9159827
     156.7    -89.1441859    -35.2605818
     156.8    -90.3179908    -35.5800417
     156.9    -91.4374692    -35.8743130
     157.0    -92.5018616    -36.1433568
     157.1    -93.5104223    -36.3871449
     157.2    -94.4624198    -36.6056600
     157.3    -95.3571371    -36.7988954
     157.4    -96.1938720    -36.9668551
     157.5    -96.9719371    -37.1095537
     157.6    -97.6906604    -37.2270167
     157.7    -98.3493853    -37.3192801
     157.8    -98.9474711    -37.3863903
     157.9    -99.4842926    -37.4284047
     158.0    -99.9592413    -37.4453909
     158.1   -100.3717248    -37.4374271
     158.2   -100.7211674    -37.4046019
     158.3   -101.0070102    -37.3470145
     158.4   -101.2287115    -37.2647741
     158.5   -101.3857467    -37.1580005
     158.6   -101.4776088    -37.0268236
     158.7   -101.5038083    -36.8713833
     158.8   -101.4638738    -36.6918297
     158.9   -101.3573517    -36.4883231
     159.0   -101.1838068    -36.2610334
     159.1   -100.9428221    -36.0101404
     159.2   -100.6339994    -35.7358339
     159.3   -100.2569592    -35.4383130
     159.4    -99.8113407    -35.1177866
     159.5    -99.2968023    -34.7744731
     159.6    -98.7130217    -34.4086001
     159.7    -98.0596956    -34.0204044
     159.8    -97.3365407    -33.6101322
     159.9    -96.5432928    -33.1780385
     160.0    -95.6797077    -32.7243873
     160.1    -94.7455611    -32.2494515
     160.2    -93.7406485    -31.7535123
     160.3    -92.6647856    -31.2368599
     160.4    -91.5178083    -30.6997925
     160.5    -90.2995727    -30.1426167
     160.6    -89.0099552    -29.5656475
     160.7    -87.6488530    -28.9692074
     160.8    -86.2161833    -28.3536271
     160.9    -84.7118844    -27.7192448
     161.0    -83.1359150    -27.0664064
     161.1    -81.4882546    -26.3954651
     161.2    -79.7689035    -25.7067812
     161.3    -77.9778828    -25.0007222
     161.4    -76.1152344    -24.2776626
     161.5    -74.1810213    -23.5379835
     161.6    -72.1753272    -22.7820725
     161.7    -70.0982570    -22.0103239
     161.8    -67.9499364    -21.2231378
     161.9    -65.7305121    -20.4209208
     162.0    -63.4401518    -19.6040850
     162.1    -61.0790443    -18.7730485
     162.2    -58.6473992    -17.9282346
     162.3    -56.1454471    -17.0700721
     162.4    -53.5734396    -16.1989951
     162.5    -50.9316492    -15.3154423
     162.6    -48.2203692    -14.4198574
     162.7    -45.4399137    -13.5126886
     162.8    -42.5906177    -12.5943885
     162.9    -39.6728369    -11.6654139
     163.0    -36.6869476    -10.7262254
     163.1    -33.6333467     -9.7772877
     163.2    -30.5124518     -8.8190688
     163.3    -27.3247006     -7.8520402
     163.4    -24.0705515     -6.8766766
     163.5    -20.7504831     -5.8934556
     163.6    -17.3649940     -4.9028577
     163.7    -13.9146030     -3.9053658
     163.8    -10.3998489     -2.9014653
     163.9     -6.8212902     -1.8916437
     164.0     -3.1795053     -0.8763904
     164.1      0.5249080      0.1438034
     164.2      4.2913323      1.1684450
     164.3      8.1191310      2.1970405
     164.4     12.0076482      3.2290946
     164.5     15.9562092      4.2641114
     164.6     19.9641201      5.3015942
     164.7     24.0306687      6.3410458
     164.8     28.1551239      7.3819688
     164.9     32.3367366      8.4238657
     165.0     36.5747394      9.4662391
     165.1     40.8683468     10.5085922
     165.2     45.2167556     11.5504284
     165.3     49.6191452     12.5912523
     165.4     54.0746773     13.6305692
     165.5     58.5824966     14.6678857
     165.6     63.1417309     15.7027099
     165.7     67.7514911     16.7345514
     165.8     72.4108717     17.7629217
     165.9     77.1189510     18.7873342
     166.0     81.8747910     19.8073046
     166.1     86.6774382     20.8223513
     166.2     91.5259232     21.8319949
     166.3     96.4192616     22.8357592
     166.4    101.3564538     23.8331707
     166.5    106.3364855     24.8237595
     166.6    111.3583277     25.8070590
     166.7    116.4209372     26.7826060
     166.8    121.5232571     27.7499415
     166.9    126.6642163     28.7086102
     167.0    131.8427307     29.6581613
     167.1    137.0577029     30.5981481
     167.2    142.3080225     31.5281286
     167.3    147.5925669     32.4476656
     167.4    152.9102009     33.3563269
     167.5    158.2597777     34.2536852
     167.6    163.6401385     35.1393187
     167.7    169.0501135     36.0128110
     167.8    174.4885216     36.8737513
     167.9    179.9541712     37.7217348
     168.0    185.4458604     38.5563624
     168.1    190.9623770     39.3772414
     168.2    196.5024993     40.1839853
     168.3    202.0649961     40.9762140
     168.4    207.6486271     41.7535543
     168.5    213.2521435     42.5156394
     168.6    218.8742880     43.2621096
     168.7    224.5137952     43.9926125
     168.8    230.1693922     44.7068026
     168.9    235.8397986     45.4043418
     169.0    241.5237271     46.0848997
     169.1    247.2198837     46.7481534
     169.2    252.9269683     47.3937878
     169.3    258.6436748     48.0214957
     169.4    264.3686914     48.6309778
     169.5    270.1007014     49.2219432
     169.6    275.8383830     49.7941091
     169.7    281.5804101     50.3472011
     169.8    287.3254526     50.8809532
     169.9    293.0721764     51.3951081
     170.0    298.8192444     51.8894172
     170.1    304.5653161     52.3636408
     170.2    310.3090489     52.8175478
     170.3    316.0490975     53.2509163
     170.4    321.7841150     53.6635336
     170.5    327.5127530     54.0551958
     170.6    333.2336620     54.4257085
     170.7    338.9454918     54.7748866
     170.8    344.6468917     55.1025544
     170.9    350.3365112     55.4085455
     171.0    356.0130002     55.6927032
     171.1    361.6750093     55.9548804
     171.2    367.3211903     56.1949395
     171.3    372.9501967     56.4127527
     171.4    378.5606837     56.6082018
     171.5    384.1513089     56.7811788
     171.6    389.7207327     56.9315849
     171.7    395.2676185     57.0593318
     171.8    400.7906329     57.1643406
     171.9    406.2884468     57.2465427
     172.0    411.7597348     57.3058791
     172.1    417.2031765     57.3423012
     172.2    422.6174560     57.3557700
     172.3    428.0012632     57.3462566
     172.4    433.3532933     57.3137423
     172.5    438.6722478     57.2582181
     172.6    443.9568344     57.1796853
     172.7    449.2057678     57.0781551
     172.8    454.4177698     56.9536485
     172.9    459.5915697     56.8061967
     173.0    464.7259046     56.6358409
     173.1    469.8195199     56.4426319
     173.2    474.8711697     56.2266309
     173.3    479.8796170     55.9879086
     173.4    484.8436340     55.7265457
     173.5    489.7620026     55.4426327
     173.6    494.6335148     55.1362697
     173.7    499.4569729     54.8075668
     173.8    504.2311898     54.4566436
     173.9    508.9549895     54.0836293
     174.0    513.6272073     53.6886627
     174.1    518.2466904     53.2718920
     174.2    522.8122978     52.8334749
     174.3    527.3229009     52.3735785
     174.4    531.7773838     51.8923791
     174.5    536.1746436     51.3900622
     174.6    540.5135908     50.8668224
     174.7    544.7931493     50.3228632
     174.8    549.0122571     49.7583974
     174.9    553.1698663     49.1736463
     175.0    557.2649438     48.5688401
     175.1    561.2964710     47.9442175
     175.2    565.2634446     47.3000260
     175.3    569.1648767     46.6365212
     175.4    572.9997951     45.9539672
     175.5    576.7672436     45.2526364
     175.6    580.4662820     44.5328090
     175.7    584.0959870     43.7947734
     175.8    587.6554517     43.0388258
     175.9    591.1437867     42.2652700
     176.0    594.5601194     41.4744174
     176.1    597.9035950     40.6665868
     176.2    601.1733766     39.8421045
     176.3    604.3686452     39.0013037
     176.4    607.4886000     38.1445248
     176.5    610.5324588     37.2721149
     176.6    613.4994581     36.3844281
     176.7    616.3888534     35.4818246
     176.8    619.1999193     34.5646714
     176.9    621.9319498     33.6333416
     177.0    624.5842585     32.6882144
     177.1    627.1561786     31.7296750
     177.2    629.6470635     30.7581141
     177.3    632.0562865     29.7739283
     177.4    634.3832416     28.7775195
     177.5    636.6273429     27.7692947
     177.6    638.7880255     26.7496662
     177.7    640.8647450     25.7190510
     177.8    642.8569782     24.6778710
     177.9    644.7642232     23.6265524
     178.0    646.5859990     22.5655259
     178.1    648.3218464     21.4952265
     178.2    649.9713275     20.4160928
     178.3    651.5340263     19.3285675
     178.4    653.0095483     18.2330967
     178.5    654.3975212     17.1301301
     178.6    655.6975946     16.0201204
     178.7    656.9094404     14.9035236
     178.8    658.0327525     13.7807982
     178.9    659.0672471     12.6524055
     179.0    660.0126631     11.5188092
     179.1    660.8687615     10.3804753
     179.2    661.6353260      9.2378717
     179.3    662.3121630      8.0914682
     179.4    662.8991014      6.9417363
     179.5    663.3959929      5.7891487
     179.6    663.8027118      4.6341795
     179.7    664.1191555      3.4773039
     179.8    664.3452438      2.3189977
     179.9    664.4809197      1.1597374
     180.0    664.5261488      0.0000000
