 # List of d(q) for j, j' =            8          21
 #    0  1.00000000
 #    1  0.19473216
 #    2  0.20467473
 #    3  0.07528466
 #    4  0.09879450
 #    5  0.04507629
 #    6  0.06338476
 #    7  0.02776163
 #    8  0.04680886
 #    9  0.01820351
 #   10  0.03626911
 #   11  0.01302362
 #   12  0.02910202
 #   13  0.01190378
 #   14  0.02860540
 #   15  0.00686243
 #   16  0.03364239
       0.0    266.3467897      0.0000000
       0.1    266.3283460      0.4648304
       0.2    266.2730227      0.9294663
       0.3    266.1808426      1.3937133
       0.4    266.0518438      1.8573772
       0.5    265.8860797      2.3202643
       0.6    265.6836186      2.7821815
       0.7    265.4445442      3.2429362
       0.8    265.1689553      3.7023368
       0.9    264.8569656      4.1601924
       1.0    264.5087039      4.6163134
       1.1    264.1243139      5.0705113
       1.2    263.7039540      5.5225989
       1.3    263.2477974      5.9723906
       1.4    262.7560322      6.4197022
       1.5    262.2288606      6.8643513
       1.6    261.6664996      7.3061575
       1.7    261.0691804      7.7449420
       1.8    260.4371483      8.1805285
       1.9    259.7706627      8.6127427
       2.0    259.0699971      9.0414125
       2.1    258.3354385      9.4663686
       2.2    257.5672877      9.8874439
       2.3    256.7658588     10.3044742
       2.4    255.9314793     10.7172980
       2.5    255.0644897     11.1257568
       2.6    254.1652434     11.5296949
       2.7    253.2341067     11.9289600
       2.8    252.2714581     12.3234027
       2.9    251.2776888     12.7128771
       3.0    250.2532017     13.0972406
       3.1    249.1984118     13.4763543
       3.2    248.1137458     13.8500827
       3.3    246.9996418     14.2182940
       3.4    245.8565489     14.5808603
       3.5    244.6849273     14.9376575
       3.6    243.4852479     15.2885652
       3.7    242.2579921     15.6334674
       3.8    241.0036512     15.9722520
       3.9    239.7227268     16.3048109
       4.0    238.4157299     16.6310406
       4.1    237.0831808     16.9508415
       4.2    235.7256092     17.2641186
       4.3    234.3435533     17.5707813
       4.4    232.9375600     17.8707432
       4.5    231.5081843     18.1639228
       4.6    230.0559893     18.4502429
       4.7    228.5815455     18.7296309
       4.8    227.0854309     19.0020191
       4.9    225.5682305     19.2673442
       5.0    224.0305359     19.5255478
       5.1    222.4729451     19.7765760
       5.2    220.8960624     20.0203801
       5.3    219.3004975     20.2569158
       5.4    217.6868659     20.4861438
       5.5    216.0557878     20.7080296
       5.6    214.4078886     20.9225435
       5.7    212.7437977     21.1296608
       5.8    211.0641492     21.3293614
       5.9    209.3695803     21.5216303
       6.0    207.6607323     21.7064572
       6.1    205.9382491     21.8838368
       6.2    204.2027778     22.0537684
       6.3    202.4549677     22.2162564
       6.4    200.6954703     22.3713098
       6.5    198.9249388     22.5189424
       6.6    197.1440279     22.6591728
       6.7    195.3533934     22.7920244
       6.8    193.5536919     22.9175252
       6.9    191.7455804     23.0357079
       7.0    189.9297160     23.1466098
       7.1    188.1067554     23.2502728
       7.2    186.2773550     23.3467432
       7.3    184.4421702     23.4360722
       7.4    182.6018550     23.5183149
       7.5    180.7570621     23.5935310
       7.6    178.9084420     23.6617847
       7.7    177.0566433     23.7231442
       7.8    175.2023119     23.7776820
       7.9    173.3460908     23.8254748
       8.0    171.4886199     23.8666030
       8.1    169.6305355     23.9011514
       8.2    167.7724703     23.9292085
       8.3    165.9150527     23.9508667
       8.4    164.0589068     23.9662220
       8.5    162.2046518     23.9753741
       8.6    160.3529021     23.9784263
       8.7    158.5042667     23.9754854
       8.8    156.6593489     23.9666615
       8.9    154.8187462     23.9520680
       9.0    152.9830500     23.9318216
       9.1    151.1528452     23.9060419
       9.2    149.3287098     23.8748515
       9.3    147.5112151     23.8383760
       9.4    145.7009250     23.7967438
       9.5    143.8983959     23.7500857
       9.6    142.1041764     23.6985354
       9.7    140.3188073     23.6422288
       9.8    138.5428208     23.5813041
       9.9    136.7767408     23.5159020
      10.0    135.0210827     23.4461650
      10.1    133.2763526     23.3722376
      10.2    131.5430477     23.2942664
      10.3    129.8216557     23.2123996
      10.4    128.1126547     23.1267869
      10.5    126.4165132     23.0375797
      10.6    124.7336895     22.9449307
      10.7    123.0646321     22.8489937
      10.8    121.4097787     22.7499239
      10.9    119.7695570     22.6478774
      11.0    118.1443836     22.5430111
      11.1    116.5346646     22.4354828
      11.2    114.9407949     22.3254507
      11.3    113.3631584     22.2130738
      11.4    111.8021276     22.0985112
      11.5    110.2580639     21.9819225
      11.6    108.7313169     21.8634672
      11.7    107.2222247     21.7433049
      11.8    105.7311136     21.6215953
      11.9    104.2582981     21.4984974
      12.0    102.8040808     21.3741703
      12.1    101.3687522     21.2487722
      12.2     99.9525908     21.1224609
      12.3     98.5558629     20.9953935
      12.4     97.1788225     20.8677262
      12.5     95.8217113     20.7396142
      12.6     94.4847589     20.6112116
      12.7     93.1681821     20.4826712
      12.8     91.8721858     20.3541447
      12.9     90.5969619     20.2257823
      13.0     89.3426904     20.0977324
      13.1     88.1095384     19.9701421
      13.2     86.8976607     19.8431564
      13.3     85.7071997     19.7169188
      13.4     84.5382852     19.5915704
      13.5     83.3910346     19.4672504
      13.6     82.2655530     19.3440960
      13.7     81.1619329     19.2222417
      13.8     80.0802547     19.1018200
      13.9     79.0205864     18.9829608
      14.0     77.9829837     18.8657912
      14.1     76.9674902     18.7504360
      14.2     75.9741373     18.6370170
      14.3     75.0029445     18.5256532
      14.4     74.0539193     18.4164608
      14.5     73.1270573     18.3095529
      14.6     72.2223424     18.2050395
      14.7     71.3397468     18.1030275
      14.8     70.4792310     18.0036206
      14.9     69.6407443     17.9069191
      15.0     68.8242247     17.8130201
      15.1     68.0295987     17.7220172
      15.2     67.2567820     17.6340004
      15.3     66.5056794     17.5490565
      15.4     65.7761847     17.4672682
      15.5     65.0681814     17.3887151
      15.6     64.3815422     17.3134728
      15.7     63.7161299     17.2416132
      15.8     63.0717967     17.1732044
      15.9     62.4483852     17.1083108
      16.0     61.8457280     17.0469929
      16.1     61.2636484     16.9893074
      16.2     60.7019599     16.9353069
      16.3     60.1604670     16.8850403
      16.4     59.6389651     16.8385523
      16.5     59.1372410     16.7958839
      16.6     58.6550726     16.7570719
      16.7     58.1922296     16.7221493
      16.8     57.7484733     16.6911450
      16.9     57.3235572     16.6640838
      17.0     56.9172270     16.6409867
      17.1     56.5292209     16.6218705
      17.2     56.1592697     16.6067481
      17.3     55.8070973     16.5956285
      17.4     55.4724205     16.5885166
      17.5     55.1549499     16.5854133
      17.6     54.8543894     16.5863157
      17.7     54.5704368     16.5912169
      17.8     54.3027842     16.6001062
      17.9     54.0511181     16.6129688
      18.0     53.8151193     16.6297864
      18.1     53.5944638     16.6505367
      18.2     53.3888226     16.6751936
      18.3     53.1978620     16.7037274
      18.4     53.0212441     16.7361046
      18.5     52.8586267     16.7722884
      18.6     52.7096639     16.8122380
      18.7     52.5740061     16.8559093
      18.8     52.4513003     16.9032548
      18.9     52.3411906     16.9542233
      19.0     52.2433180     17.0087606
      19.1     52.1573211     17.0668090
      19.2     52.0828363     17.1283077
      19.3     52.0194977     17.1931927
      19.4     51.9669376     17.2613968
      19.5     51.9247871     17.3328501
      19.6     51.8926755     17.4074794
      19.7     51.8702314     17.4852091
      19.8     51.8570826     17.5659603
      19.9     51.8528562     17.6496519
      20.0     51.8571793     17.7361999
      20.1     51.8696786     17.8255179
      20.2     51.8899812     17.9175171
      20.3     51.9177149     18.0121062
      20.4     51.9525078     18.1091920
      20.5     51.9939891     18.2086788
      20.6     52.0417892     18.3104689
      20.7     52.0955401     18.4144629
      20.8     52.1548750     18.5205592
      20.9     52.2194295     18.6286548
      21.0     52.2888408     18.7386447
      21.1     52.3627490     18.8504225
      21.2     52.4407962     18.9638804
      21.3     52.5226276     19.0789091
      21.4     52.6078914     19.1953982
      21.5     52.6962388     19.3132362
      21.6     52.7873246     19.4323103
      21.7     52.8808071     19.5525069
      21.8     52.9763484     19.6737118
      21.9     53.0736146     19.7958098
      22.0     53.1722761     19.9186852
      22.1     53.2720076     20.0422218
      22.2     53.3724883     20.1663030
      22.3     53.4734023     20.2908119
      22.4     53.5744384     20.4156314
      22.5     53.6752907     20.5406445
      22.6     53.7756583     20.6657340
      22.7     53.8752460     20.7907830
      22.8     53.9737638     20.9156747
      22.9     54.0709278     21.0402930
      23.0     54.1664596     21.1645219
      23.1     54.2600870     21.2882461
      23.2     54.3515437     21.4113509
      23.3     54.4405700     21.5337226
      23.4     54.5269122     21.6552482
      23.5     54.6103233     21.7758156
      23.6     54.6905628     21.8953139
      23.7     54.7673969     22.0136334
      23.8     54.8405988     22.1306657
      23.9     54.9099483     22.2463036
      24.0     54.9752323     22.3604414
      24.1     55.0362448     22.4729752
      24.2     55.0927871     22.5838024
      24.3     55.1446673     22.6928224
      24.4     55.1917013     22.7999363
      24.5     55.2337119     22.9050471
      24.6     55.2705295     23.0080598
      24.7     55.3019921     23.1088816
      24.8     55.3279449     23.2074217
      24.9     55.3482407     23.3035916
      25.0     55.3627401     23.3973050
      25.1     55.3713111     23.4884782
      25.2     55.3738292     23.5770298
      25.3     55.3701778     23.6628809
      25.4     55.3602478     23.7459553
      25.5     55.3439376     23.8261793
      25.6     55.3211535     23.9034820
      25.7     55.2918092     23.9777953
      25.8     55.2558261     24.0490540
      25.9     55.2131334     24.1171954
      26.0     55.1636676     24.1821602
      26.1     55.1073727     24.2438918
      26.2     55.0442005     24.3023367
      26.3     54.9741102     24.3574445
      26.4     54.8970681     24.4091677
      26.5     54.8130483     24.4574623
      26.6     54.7220320     24.5022871
      26.7     54.6240077     24.5436044
      26.8     54.5189710     24.5813796
      26.9     54.4069250     24.6155813
      27.0     54.2878793     24.6461814
      27.1     54.1618508     24.6731553
      27.2     54.0288633     24.6964814
      27.3     53.8889474     24.7161417
      27.4     53.7421402     24.7321213
      27.5     53.5884856     24.7444089
      27.6     53.4280339     24.7529963
      27.7     53.2608420     24.7578788
      27.8     53.0869729     24.7590549
      27.9     52.9064957     24.7565267
      28.0     52.7194859     24.7502994
      28.1     52.5260245     24.7403816
      28.2     52.3261988     24.7267852
      28.3     52.1201013     24.7095255
      28.4     51.9078305     24.6886208
      28.5     51.6894899     24.6640929
      28.6     51.4651887     24.6359668
      28.7     51.2350410     24.6042706
      28.8     50.9991659     24.5690355
      28.9     50.7576874     24.5302961
      29.0     50.5107342     24.4880899
      29.1     50.2584396     24.4424574
      29.2     50.0009413     24.3934422
      29.3     49.7383811     24.3410909
      29.4     49.4709050     24.2854530
      29.5     49.1986631     24.2265808
      29.6     48.9218088     24.1645296
      29.7     48.6404996     24.0993572
      29.8     48.3548962     24.0311243
      29.9     48.0651625     23.9598942
      30.0     47.7714656     23.8857328
      30.1     47.4739756     23.8087085
      30.2     47.1728652     23.7288921
      30.3     46.8683099     23.6463570
      30.4     46.5604874     23.5611787
      30.5     46.2495778     23.4734350
      30.6     45.9357633     23.3832060
      30.7     45.6192277     23.2905736
      30.8     45.3001569     23.1956221
      30.9     44.9787383     23.0984376
      31.0     44.6551604     22.9991079
      31.1     44.3296133     22.8977227
      31.2     44.0022878     22.7943735
      31.3     43.6733757     22.6891534
      31.4     43.3430696     22.5821567
      31.5     43.0115624     22.4734796
      31.6     42.6790475     22.3632194
      31.7     42.3457185     22.2514746
      31.8     42.0117688     22.1383451
      31.9     41.6773920     22.0239316
      32.0     41.3427811     21.9083362
      32.1     41.0081287     21.7916613
      32.2     40.6736267     21.6740107
      32.3     40.3394663     21.5554886
      32.4     40.0058376     21.4361998
      32.5     39.6729297     21.3162496
      32.6     39.3409304     21.1957440
      32.7     39.0100259     21.0747889
      32.8     38.6804011     20.9534908
      32.9     38.3522389     20.8319562
      33.0     38.0257204     20.7102917
      33.1     37.7010247     20.5886035
      33.2     37.3783289     20.4669982
      33.3     37.0578074     20.3455819
      33.4     36.7396325     20.2244601
      33.5     36.4239739     20.1037383
      33.6     36.1109983     19.9835213
      33.7     35.8008700     19.8639132
      33.8     35.4937499     19.7450175
      33.9     35.1897962     19.6269367
      34.0     34.8891638     19.5097728
      34.1     34.5920041     19.3936264
      34.2     34.2984654     19.2785973
      34.3     34.0086922     19.1647839
      34.4     33.7228255     19.0522837
      34.5     33.4410026     18.9411925
      34.6     33.1633570     18.8316049
      34.7     32.8900182     18.7236139
      34.8     32.6211117     18.6173111
      34.9     32.3567590     18.5127862
      35.0     32.0970774     18.4101273
      35.1     31.8421798     18.3094206
      35.2     31.5921751     18.2107507
      35.3     31.3471676     18.1141998
      35.4     31.1072572     18.0198484
      35.5     30.8725392     17.9277748
      35.6     30.6431045     17.8380550
      35.7     30.4190393     17.7507631
      35.8     30.2004252     17.6659705
      35.9     29.9873389     17.5837466
      36.0     29.7798526     17.5041582
      36.1     29.5780335     17.4272696
      36.2     29.3819442     17.3531428
      36.3     29.1916423     17.2818369
      36.4     29.0071805     17.2134088
      36.5     28.8286068     17.1479122
      36.6     28.6559640     17.0853986
      36.7     28.4892904     17.0259164
      36.8     28.3286191     16.9695113
      36.9     28.1739782     16.9162264
      37.0     28.0253912     16.8661014
      37.1     27.8828764     16.8191737
      37.2     27.7464473     16.7754775
      37.3     27.6161125     16.7350439
      37.4     27.4918759     16.6979012
      37.5     27.3737362     16.6640748
      37.6     27.2616876     16.6335868
      37.7     27.1557193     16.6064566
      37.8     27.0558158     16.5827004
      37.9     26.9619570     16.5623311
      38.0     26.8741179     16.5453591
      38.1     26.7922690     16.5317912
      38.2     26.7163762     16.5216313
      38.3     26.6464009     16.5148805
      38.4     26.5822998     16.5115365
      38.5     26.5240254     16.5115941
      38.6     26.4715259     16.5150449
      38.7     26.4247449     16.5218777
      38.8     26.3836220     16.5320781
      38.9     26.3480926     16.5456288
      39.0     26.3180880     16.5625094
      39.1     26.2935355     16.5826967
      39.2     26.2743584     16.6061644
      39.3     26.2604764     16.6328835
      39.4     26.2518052     16.6628218
      39.5     26.2482568     16.6959445
      39.6     26.2497400     16.7322140
      39.7     26.2561596     16.7715898
      39.8     26.2674175     16.8140287
      39.9     26.2834119     16.8594849
      40.0     26.3040382     16.9079098
      40.1     26.3291884     16.9592524
      40.2     26.3587517     17.0134589
      40.3     26.3926144     17.0704733
      40.4     26.4306601     17.1302368
      40.5     26.4727696     17.1926886
      40.6     26.5188214     17.2577652
      40.7     26.5686913     17.3254012
      40.8     26.6222529     17.3955286
      40.9     26.6793778     17.4680775
      41.0     26.7399352     17.5429760
      41.1     26.8037927     17.6201498
      41.2     26.8708159     17.6995232
      41.3     26.9408685     17.7810181
      41.4     27.0138130     17.8645550
      41.5     27.0895101     17.9500525
      41.6     27.1678193     18.0374274
      41.7     27.2485990     18.1265952
      41.8     27.3317063     18.2174697
      41.9     27.4169975     18.3099635
      42.0     27.5043279     18.4039876
      42.1     27.5935522     18.4994519
      42.2     27.6845245     18.5962651
      42.3     27.7770984     18.6943348
      42.4     27.8711271     18.7935675
      42.5     27.9664637     18.8938690
      42.6     28.0629611     18.9951440
      42.7     28.1604724     19.0972967
      42.8     28.2588507     19.2002304
      42.9     28.3579493     19.3038479
      43.0     28.4576221     19.4080516
      43.1     28.5577235     19.5127435
      43.2     28.6581083     19.6178251
      43.3     28.7586323     19.7231978
      43.4     28.8591521     19.8287630
      43.5     28.9595253     19.9344217
      43.6     29.0596105     20.0400753
      43.7     29.1592676     20.1456251
      43.8     29.2583579     20.2509727
      43.9     29.3567441     20.3560200
      44.0     29.4542902     20.4606693
      44.1     29.5508623     20.5648232
      44.2     29.6463279     20.6683853
      44.3     29.7405565     20.7712593
      44.4     29.8334196     20.8733500
      44.5     29.9247906     20.9745630
      44.6     30.0145452     21.0748046
      44.7     30.1025613     21.1739822
      44.8     30.1887192     21.2720043
      44.9     30.2729016     21.3687806
      45.0     30.3549935     21.4642218
      45.1     30.4348829     21.5582400
      45.2     30.5124603     21.6507489
      45.3     30.5876188     21.7416633
      45.4     30.6602546     21.8308999
      45.5     30.7302667     21.9183765
      45.6     30.7975571     22.0040131
      45.7     30.8620308     22.0877312
      45.8     30.9235960     22.1694540
      45.9     30.9821641     22.2491068
      46.0     31.0376496     22.3266167
      46.1     31.0899705     22.4019128
      46.2     31.1390479     22.4749263
      46.3     31.1848067     22.5455907
      46.4     31.2271747     22.6138413
      46.5     31.2660838     22.6796159
      46.6     31.3014689     22.7428545
      46.7     31.3332688     22.8034995
      46.8     31.3614259     22.8614956
      46.9     31.3858860     22.9167900
      47.0     31.4065988     22.9693323
      47.1     31.4235177     23.0190747
      47.2     31.4365996     23.0659720
      47.3     31.4458055     23.1099814
      47.4     31.4510997     23.1510629
      47.5     31.4524506     23.1891790
      47.6     31.4498303     23.2242951
      47.7     31.4432146     23.2563792
      47.8     31.4325831     23.2854021
      47.9     31.4179193     23.3113371
      48.0     31.3992104     23.3341607
      48.1     31.3764473     23.3538520
      48.2     31.3496247     23.3703928
      48.3     31.3187412     23.3837680
      48.4     31.2837989     23.3939651
      48.5     31.2448037     23.4009745
      48.6     31.2017653     23.4047896
      48.7     31.1546970     23.4054064
      48.8     31.1036155     23.4028241
      48.9     31.0485416     23.3970443
      49.0     30.9894991     23.3880719
      49.1     30.9265159     23.3759143
      49.2     30.8596229     23.3605820
      49.3     30.7888548     23.3420880
      49.4     30.7142494     23.3204483
      49.5     30.6358483     23.2956818
      49.6     30.5536959     23.2678098
      49.7     30.4678401     23.2368567
      49.8     30.3783322     23.2028495
      49.9     30.2852261     23.1658176
      50.0     30.1885794     23.1257935
      50.1     30.0884522     23.0828120
      50.2     29.9849079     23.0369107
      50.3     29.8780126     22.9881296
      50.4     29.7678352     22.9365113
      50.5     29.6544475     22.8821007
      50.6     29.5379237     22.8249454
      50.7     29.4183409     22.7650951
      50.8     29.2957785     22.7026021
      50.9     29.1703183     22.6375207
      51.0     29.0420446     22.5699077
      51.1     28.9110439     22.4998218
      51.2     28.7774049     22.4273242
      51.3     28.6412183     22.3524777
      51.4     28.5025770     22.2753474
      51.5     28.3615756     22.1960004
      51.6     28.2183106     22.1145054
      51.7     28.0728803     22.0309331
      51.8     27.9253845     21.9453559
      51.9     27.7759249     21.8578480
      52.0     27.6246041     21.7684851
      52.1     27.4715265     21.6773444
      52.2     27.3167977     21.5845046
      52.3     27.1605242     21.4900459
      52.4     27.0028138     21.3940497
      52.5     26.8437753     21.2965988
      52.6     26.6835181     21.1977769
      52.7     26.5221528     21.0976692
      52.8     26.3597902     20.9963615
      52.9     26.1965420     20.8939409
      53.0     26.0325203     20.7904951
      53.1     25.8678374     20.6861127
      53.2     25.7026061     20.5808830
      53.3     25.5369392     20.4748959
      53.4     25.3709497     20.3682418
      53.5     25.2047506     20.2610117
      53.6     25.0384545     20.1532967
      53.7     24.8721741     20.0451885
      53.8     24.7060216     19.9367789
      53.9     24.5401089     19.8281597
      54.0     24.3745472     19.7194229
      54.1     24.2094473     19.6106604
      54.2     24.0449191     19.5019639
      54.3     23.8810719     19.3934251
      54.4     23.7180140     19.2851352
      54.5     23.5558526     19.1771852
      54.6     23.3946941     19.0696654
      54.7     23.2346435     18.9626660
      54.8     23.0758047     18.8562761
      54.9     22.9182802     18.7505845
      55.0     22.7621710     18.6456789
      55.1     22.6075767     18.5416465
      55.2     22.4545954     18.4385733
      55.3     22.3033233     18.3365443
      55.4     22.1538550     18.2356437
      55.5     22.0062832     18.1359543
      55.6     21.8606989     18.0375577
      55.7     21.7171909     17.9405343
      55.8     21.5758460     17.8449631
      55.9     21.4367490     17.7509215
      56.0     21.2999824     17.6584857
      56.1     21.1656266     17.5677301
      56.2     21.0337595     17.4787275
      56.3     20.9044569     17.3915491
      56.4     20.7777919     17.3062642
      56.5     20.6538352     17.2229403
      56.6     20.5326551     17.1416432
      56.7     20.4143172     17.0624366
      56.8     20.2988845     16.9853822
      56.9     20.1864173     16.9105396
      57.0     20.0769732     16.8379665
      57.1     19.9706070     16.7677184
      57.2     19.8673708     16.6998484
      57.3     19.7673137     16.6344076
      57.4     19.6704820     16.5714447
      57.5     19.5769191     16.5110061
      57.6     19.4866655     16.4531359
      57.7     19.3997587     16.3978756
      57.8     19.3162333     16.3452646
      57.9     19.2361206     16.2953395
      58.0     19.1594494     16.2481346
      58.1     19.0862449     16.2036815
      58.2     19.0165297     16.1620096
      58.3     18.9503230     16.1231453
      58.4     18.8876412     16.0871127
      58.5     18.8284975     16.0539332
      58.6     18.7729020     16.0236254
      58.7     18.7208618     15.9962057
      58.8     18.6723809     15.9716873
      58.9     18.6274602     15.9500811
      59.0     18.5860977     15.9313952
      59.1     18.5482881     15.9156351
      59.2     18.5140233     15.9028036
      59.3     18.4832921     15.8929007
      59.4     18.4560803     15.8859240
      59.5     18.4323707     15.8818681
      59.6     18.4121433     15.8807253
      59.7     18.3953749     15.8824849
      59.8     18.3820397     15.8871337
      59.9     18.3721089     15.8946561
      60.0     18.3655509     15.9050336
      60.1     18.3623312     15.9182452
      60.2     18.3624128     15.9342674
      60.3     18.3657557     15.9530742
      60.4     18.3723174     15.9746369
      60.5     18.3820529     15.9989244
      60.6     18.3949143     16.0259034
      60.7     18.4108514     16.0555378
      60.8     18.4298116     16.0877894
      60.9     18.4517395     16.1226175
      61.0     18.4765778     16.1599791
      61.1     18.5042666     16.1998290
      61.2     18.5347439     16.2421199
      61.3     18.5679453     16.2868020
      61.4     18.6038046     16.3338238
      61.5     18.6422533     16.3831312
      61.6     18.6832210     16.4346687
      61.7     18.7266352     16.4883782
      61.8     18.7724219     16.5442002
      61.9     18.8205049     16.6020730
      62.0     18.8708067     16.6619333
      62.1     18.9232477     16.7237160
      62.2     18.9777472     16.7873541
      62.3     19.0342227     16.8527794
      62.4     19.0925903     16.9199219
      62.5     19.1527650     16.9887100
      62.6     19.2146602     17.0590710
      62.7     19.2781884     17.1309304
      62.8     19.3432609     17.2042130
      62.9     19.4097880     17.2788418
      63.0     19.4776789     17.3547390
      63.1     19.5468423     17.4318257
      63.2     19.6171858     17.5100218
      63.3     19.6886164     17.5892465
      63.4     19.7610406     17.6694182
      63.5     19.8343643     17.7504541
      63.6     19.9084929     17.8322713
      63.7     19.9833317     17.9147857
      63.8     20.0587854     17.9979131
      63.9     20.1347587     18.0815686
      64.0     20.2111563     18.1656669
      64.1     20.2878825     18.2501226
      64.2     20.3648422     18.3348497
      64.3     20.4419401     18.4197625
      64.4     20.5190812     18.5047748
      64.5     20.5961708     18.5898007
      64.6     20.6731147     18.6747541
      64.7     20.7498192     18.7595494
      64.8     20.8261910     18.8441010
      64.9     20.9021376     18.9283237
      65.0     20.9775672     19.0121325
      65.1     21.0523888     19.0954432
      65.2     21.1265122     19.1781720
      65.3     21.1998482     19.2602355
      65.4     21.2723088     19.3415513
      65.5     21.3438069     19.4220376
      65.6     21.4142566     19.5016136
      65.7     21.4835735     19.5801992
      65.8     21.5516742     19.6577156
      65.9     21.6184769     19.7340846
      66.0     21.6839013     19.8092296
      66.1     21.7478686     19.8830749
      66.2     21.8103014     19.9555461
      66.3     21.8711242     20.0265703
      66.4     21.9302633     20.0960759
      66.5     21.9876465     20.1639928
      66.6     22.0432037     20.2302522
      66.7     22.0968666     20.2947871
      66.8     22.1485688     20.3575323
      66.9     22.1982461     20.4184240
      67.0     22.2458362     20.4774002
      67.1     22.2912790     20.5344009
      67.2     22.3345166     20.5893678
      67.3     22.3754931     20.6422447
      67.4     22.4141553     20.6929771
      67.5     22.4504517     20.7415128
      67.6     22.4843337     20.7878015
      67.7     22.5157547     20.8317950
      67.8     22.5446706     20.8734474
      67.9     22.5710399     20.9127147
      68.0     22.5948235     20.9495555
      68.1     22.6159846     20.9839305
      68.2     22.6344893     21.0158025
      68.3     22.6503058     21.0451369
      68.4     22.6634054     21.0719014
      68.5     22.6737615     21.0960661
      68.6     22.6813505     21.1176033
      68.7     22.6861512     21.1364881
      68.8     22.6881451     21.1526977
      68.9     22.6873164     21.1662121
      69.0     22.6836520     21.1770135
      69.1     22.6771412     21.1850868
      69.2     22.6677763     21.1904193
      69.3     22.6555521     21.1930010
      69.4     22.6404661     21.1928242
      69.5     22.6225185     21.1898839
      69.6     22.6017120     21.1841776
      69.7     22.5780523     21.1757054
      69.8     22.5515473     21.1644698
      69.9     22.5222078     21.1504759
      70.0     22.4900472     21.1337314
      70.1     22.4550814     21.1142464
      70.2     22.4173289     21.0920337
      70.3     22.3768109     21.0671083
      70.4     22.3335509     21.0394880
      70.5     22.2875749     21.0091929
      70.6     22.2389117     20.9762454
      70.7     22.1875922     20.9406706
      70.8     22.1336498     20.9024958
      70.9     22.0771203     20.8617508
      71.0     22.0180419     20.8184676
      71.1     21.9564549     20.7726805
      71.2     21.8924022     20.7244263
      71.3     21.8259286     20.6737438
      71.4     21.7570811     20.6206742
      71.5     21.6859090     20.5652605
      71.6     21.6124636     20.5075482
      71.7     21.5367981     20.4475848
      71.8     21.4589679     20.3854197
      71.9     21.3790301     20.3211044
      72.0     21.2970438     20.2546923
      72.1     21.2130699     20.1862386
      72.2     21.1271710     20.1158005
      72.3     21.0394114     20.0434369
      72.4     20.9498571     19.9692083
      72.5     20.8585756     19.8931771
      72.6     20.7656359     19.8154073
      72.7     20.6711085     19.7359641
      72.8     20.5750653     19.6549146
      72.9     20.4775793     19.5723272
      73.0     20.3787249     19.4882716
      73.1     20.2785779     19.4028188
      73.2     20.1772147     19.3160410
      73.3     20.0747131     19.2280118
      73.4     19.9711518     19.1388056
      73.5     19.8666103     19.0484980
      73.6     19.7611689     18.9571655
      73.7     19.6549088     18.8648855
      73.8     19.5479118     18.7717363
      73.9     19.4402602     18.6777967
      74.0     19.3320368     18.5831465
      74.1     19.2233251     18.4878658
      74.2     19.1142086     18.3920355
      74.3     19.0047715     18.2957367
      74.4     18.8950978     18.1990509
      74.5     18.7852720     18.1020602
      74.6     18.6753784     18.0048465
      74.7     18.5655014     17.9074921
      74.8     18.4557253     17.8100794
      74.9     18.3461343     17.7126906
      75.0     18.2368123     17.6154080
      75.1     18.1278429     17.5183137
      75.2     18.0193092     17.4214896
      75.3     17.9112940     17.3250171
      75.4     17.8038796     17.2289776
      75.5     17.6971475     17.1334516
      75.6     17.5911785     17.0385193
      75.7     17.4860530     16.9442605
      75.8     17.3818502     16.8507539
      75.9     17.2786486     16.7580777
      76.0     17.1765256     16.6663094
      76.1     17.0755578     16.5755254
      76.2     16.9758204     16.4858011
      76.3     16.8773876     16.3972111
      76.4     16.7803324     16.3098287
      76.5     16.6847265     16.2237262
      76.6     16.5906402     16.1389746
      76.7     16.4981423     16.0556435
      76.8     16.4073003     15.9738014
      76.9     16.3181800     15.8935151
      77.0     16.2308457     15.8148502
      77.1     16.1453600     15.7378704
      77.2     16.0617839     15.6626382
      77.3     15.9801766     15.5892143
      77.4     15.9005953     15.5176575
      77.5     15.8230956     15.4480250
      77.6     15.7477311     15.3803724
      77.7     15.6745533     15.3147530
      77.8     15.6036121     15.2512185
      77.9     15.5349549     15.1898185
      78.0     15.4686273     15.1306007
      78.1     15.4046727     15.0736107
      78.2     15.3431324     15.0188920
      78.3     15.2840455     14.9664860
      78.4     15.2274487     14.9164319
      78.5     15.1733767     14.8687667
      78.6     15.1218618     14.8235253
      78.7     15.0729340     14.7807401
      78.8     15.0266210     14.7404414
      78.9     14.9829481     14.7026571
      79.0     14.9419382     14.6674127
      79.1     14.9036119     14.6347316
      79.2     14.8679873     14.6046344
      79.3     14.8350802     14.5771396
      79.4     14.8049038     14.5522632
      79.5     14.7774689     14.5300188
      79.6     14.7527839     14.5104173
      79.7     14.7308547     14.4934675
      79.8     14.7116848     14.4791756
      79.9     14.6952753     14.4675452
      80.0     14.6816245     14.4585776
      80.1     14.6707286     14.4522715
      80.2     14.6625812     14.4486233
      80.3     14.6571734     14.4476267
      80.4     14.6544941     14.4492731
      80.5     14.6545295     14.4535514
      80.6     14.6572635     14.4604481
      80.7     14.6626776     14.4699472
      80.8     14.6707510     14.4820303
      80.9     14.6814604     14.4966767
      81.0     14.6947803     14.5138632
      81.1     14.7106828     14.5335642
      81.2     14.7291378     14.5557520
      81.3     14.7501129     14.5803964
      81.4     14.7735734     14.6074650
      81.5     14.7994826     14.6369230
      81.6     14.8278015     14.6687337
      81.7     14.8584889     14.7028580
      81.8     14.8915019     14.7392546
      81.9     14.9267951     14.7778803
      82.0     14.9643213     14.8186896
      82.1     15.0040314     14.8616351
      82.2     15.0458743     14.9066675
      82.3     15.0897971     14.9537355
      82.4     15.1357451     15.0027858
      82.5     15.1836617     15.0537633
      82.6     15.2334886     15.1066114
      82.7     15.2851661     15.1612713
      82.8     15.3386326     15.2176829
      82.9     15.3938251     15.2757843
      83.0     15.4506790     15.3355120
      83.1     15.5091284     15.3968010
      83.2     15.5691058     15.4595851
      83.3     15.6305428     15.5237963
      83.4     15.6933693     15.5893657
      83.5     15.7575142     15.6562227
      83.6     15.8229054     15.7242958
      83.7     15.8894695     15.7935123
      83.8     15.9571323     15.8637985
      83.9     16.0258185     15.9350794
      84.0     16.0954521     16.0072796
      84.1     16.1659563     16.0803223
      84.2     16.2372534     16.1541302
      84.3     16.3092652     16.2286252
      84.4     16.3819130     16.3037287
      84.5     16.4551174     16.3793613
      84.6     16.5287986     16.4554432
      84.7     16.6028765     16.5318942
      84.8     16.6772707     16.6086337
      84.9     16.7519006     16.6855809
      85.0     16.8266853     16.7626547
      85.1     16.9015439     16.8397738
      85.2     16.9763956     16.9168570
      85.3     17.0511595     16.9938231
      85.4     17.1257550     17.0705908
      85.5     17.2001015     17.1470793
      85.6     17.2741189     17.2232078
      85.7     17.3477273     17.2988958
      85.8     17.4208473     17.3740632
      85.9     17.4933999     17.4486305
      86.0     17.5653068     17.5225186
      86.1     17.6364903     17.5956491
      86.2     17.7068733     17.6679442
      86.3     17.7763796     17.7393268
      86.4     17.8449337     17.8097208
      86.5     17.9124612     17.8790509
      86.6     17.9788886     17.9472426
      86.7     18.0441432     18.0142227
      86.8     18.1081538     18.0799189
      86.9     18.1708502     18.1442602
      87.0     18.2321632     18.2071767
      87.1     18.2920254     18.2685998
      87.2     18.3503702     18.3284624
      87.3     18.4071328     18.3866986
      87.4     18.4622497     18.4432441
      87.5     18.5156590     18.4980362
      87.6     18.5673004     18.5510137
      87.7     18.6171150     18.6021170
      87.8     18.6650460     18.6512883
      87.9     18.7110379     18.6984714
      88.0     18.7550373     18.7436123
      88.1     18.7969926     18.7866583
      88.2     18.8368539     18.8275590
      88.3     18.8745734     18.8662659
      88.4     18.9101052     18.9027324
      88.5     18.9434054     18.9369140
      88.6     18.9744322     18.9687682
      88.7     19.0031459     18.9982547
      88.8     19.0295089     19.0253354
      88.9     19.0534856     19.0499743
      89.0     19.0750428     19.0721376
      89.1     19.0941495     19.0917939
      89.2     19.1107769     19.1089140
      89.3     19.1248984     19.1234711
      89.4     19.1364898     19.1354405
      89.5     19.1455291     19.1448001
      89.6     19.1519968     19.1515301
      89.7     19.1558758     19.1556132
      89.8     19.1571510     19.1570343
      89.9     19.1558101     19.1557809
      90.0     19.1518430     19.1518430
      90.1     19.1452420     19.1452128
      90.2     19.1360019     19.1358853
      90.3     19.1241198     19.1238577
      90.4     19.1095955     19.1091298
      90.5     19.0924308     19.0917038
      90.6     19.0726302     19.0715845
      90.7     19.0502007     19.0487790
      90.8     19.0251514     19.0232969
      90.9     18.9974941     18.9951504
      91.0     18.9672428     18.9643540
      91.1     18.9344141     18.9309247
      91.2     18.8990267     18.8948819
      91.3     18.8611019     18.8562472
      91.4     18.8206632     18.8150450
      91.5     18.7777364     18.7713018
      91.6     18.7323497     18.7250463
      91.7     18.6845336     18.6763098
      91.8     18.6343206     18.6251257
      91.9     18.5817457     18.5715298
      92.0     18.5268460     18.5155599
      92.1     18.4696606     18.4572563
      92.2     18.4102309     18.3966611
      92.3     18.3486004     18.3338187
      92.4     18.2848146     18.2687757
      92.5     18.2189208     18.2015804
      92.6     18.1509686     18.1322835
      92.7     18.0810094     18.0609372
      92.8     18.0090964     17.9875960
      92.9     17.9352848     17.9123161
      93.0     17.8596313     17.8351553
      93.1     17.7821947     17.7561735
      93.2     17.7030352     17.6754320
      93.3     17.6222147     17.5929939
      93.4     17.5397969     17.5089238
      93.5     17.4558466     17.4232879
      93.6     17.3704305     17.3361539
      93.7     17.2836164     17.2475907
      93.8     17.1954735     17.1576687
      93.9     17.1060725     17.0664597
      94.0     17.0154852     16.9740363
      94.1     16.9237843     16.8804727
      94.2     16.8310441     16.7858439
      94.3     16.7373395     16.6902261
      94.4     16.6427466     16.5936963
      94.5     16.5473424     16.4963324
      94.6     16.4512046     16.3982132
      94.7     16.3544117     16.2994181
      94.8     16.2570431     16.2000273
      94.9     16.1591785     16.1001215
      95.0     16.0608985     15.9997819
      95.1     15.9622839     15.8990902
      95.2     15.8634160     15.7981285
      95.3     15.7643766     15.6969791
      95.4     15.6652475     15.5957246
      95.5     15.5661110     15.4944477
      95.6     15.4670493     15.3932312
      95.7     15.3681447     15.2921580
      95.8     15.2694795     15.1913106
      95.9     15.1711360     15.0907718
      96.0     15.0731963     14.9906237
      96.1     14.9757420     14.8909485
      96.2     14.8788548     14.7918278
      96.3     14.7826158     14.6933429
      96.4     14.6871056     14.5955744
      96.5     14.5924044     14.4986024
      96.6     14.4985918     14.4025063
      96.7     14.4057467     14.3073648
      96.8     14.3139472     14.2132558
      96.9     14.2232706     14.1202563
      97.0     14.1337935     14.0284423
      97.1     14.0455913     13.9378888
      97.2     13.9587386     13.8486698
      97.3     13.8733089     13.7608580
      97.4     13.7893743     13.6745249
      97.5     13.7070061     13.5897408
      97.6     13.6262741     13.5065746
      97.7     13.5472467     13.4250938
      97.8     13.4699910     13.3453644
      97.9     13.3945726     13.2674509
      98.0     13.3210557     13.1914162
      98.1     13.2495029     13.1173213
      98.2     13.1799750     13.0452260
      98.3     13.1125313     12.9751879
      98.4     13.0472293     12.9072629
      98.5     12.9841246     12.8415052
      98.6     12.9232712     12.7779668
      98.7     12.8647209     12.7166980
      98.8     12.8085239     12.6577469
      98.9     12.7547282     12.6011596
      99.0     12.7033798     12.5469802
      99.1     12.6545227     12.4952504
      99.2     12.6081987     12.4460101
      99.3     12.5644474     12.3992967
      99.4     12.5233064     12.3551454
      99.5     12.4848109     12.3135892
      99.6     12.4489940     12.2746588
      99.7     12.4158864     12.2383823
      99.8     12.3855166     12.2047858
      99.9     12.3579104     12.1738928
     100.0     12.3330918     12.1457244
     100.1     12.3110820     12.1202993
     100.2     12.2918998     12.0976338
     100.3     12.2755617     12.0777415
     100.4     12.2620818     12.0606338
     100.5     12.2514715     12.0463195
     100.6     12.2437399     12.0348048
     100.7     12.2388937     12.0260936
     100.8     12.2369368     12.0201870
     100.9     12.2378709     12.0170839
     101.0     12.2416949     12.0167805
     101.1     12.2484055     12.0192704
     101.2     12.2579966     12.0245450
     101.3     12.2704599     12.0325928
     101.4     12.2857843     12.0434002
     101.5     12.3039563     12.0569508
     101.6     12.3249601     12.0732258
     101.7     12.3487770     12.0922042
     101.8     12.3753864     12.1138621
     101.9     12.4047647     12.1381737
     102.0     12.4368862     12.1651104
     102.1     12.4717228     12.1946415
     102.2     12.5092438     12.2267337
     102.3     12.5494163     12.2613516
     102.4     12.5922049     12.2984575
     102.5     12.6375722     12.3380113
     102.6     12.6854781     12.3799707
     102.7     12.7358806     12.4242915
     102.8     12.7887354     12.4709270
     102.9     12.8439958     12.5198287
     103.0     12.9016132     12.5709457
     103.1     12.9615369     12.6242254
     103.2     13.0237139     12.6796131
     103.3     13.0880895     12.7370522
     103.4     13.1546068     12.7964842
     103.5     13.2232071     12.8578488
     103.6     13.2938297     12.9210840
     103.7     13.3664122     12.9861260
     103.8     13.4408904     13.0529094
     103.9     13.5171983     13.1213671
     104.0     13.5952683     13.1914307
     104.1     13.6750312     13.2630301
     104.2     13.7564162     13.3360938
     104.3     13.8393512     13.4105490
     104.4     13.9237623     13.4863217
     104.5     14.0095746     13.5633366
     104.6     14.0967118     13.6415173
     104.7     14.1850961     13.7207860
     104.8     14.2746489     13.8010645
     104.9     14.3652904     13.8822730
     105.0     14.4569395     13.9643312
     105.1     14.5495145     14.0471580
     105.2     14.6429326     14.1306714
     105.3     14.7371101     14.2147889
     105.4     14.8319629     14.2994272
     105.5     14.9274057     14.3845027
     105.6     15.0233531     14.4699313
     105.7     15.1197188     14.5556285
     105.8     15.2164162     14.6415094
     105.9     15.3133583     14.7274892
     106.0     15.4104577     14.8134827
     106.1     15.5076270     14.8994048
     106.2     15.6047784     14.9851701
     106.3     15.7018240     15.0706938
     106.4     15.7986762     15.1558908
     106.5     15.8952471     15.2406766
     106.6     15.9914491     15.3249667
     106.7     16.0871949     15.4086772
     106.8     16.1823974     15.4917246
     106.9     16.2769700     15.5740260
     107.0     16.3708264     15.6554991
     107.1     16.4638808     15.7360622
     107.2     16.5560481     15.8156345
     107.3     16.6472440     15.8941360
     107.4     16.7373847     15.9714875
     107.5     16.8263874     16.0476109
     107.6     16.9141701     16.1224291
     107.7     17.0006519     16.1958662
     107.8     17.0857528     16.2678474
     107.9     17.1693939     16.3382992
     108.0     17.2514977     16.4071493
     108.1     17.3319877     16.4743270
     108.2     17.4107889     16.5397628
     108.3     17.4878276     16.6033891
     108.4     17.5630316     16.6651394
     108.5     17.6363302     16.7249491
     108.6     17.7076543     16.7827554
     108.7     17.7769365     16.8384969
     108.8     17.8441109     16.8921144
     108.9     17.9091137     16.9435502
     109.0     17.9718826     16.9927488
     109.1     18.0323574     17.0396565
     109.2     18.0904798     17.0842216
     109.3     18.1461934     17.1263946
     109.4     18.1994439     17.1661279
     109.5     18.2501792     17.2033762
     109.6     18.2983493     17.2380963
     109.7     18.3439061     17.2702473
     109.8     18.3868043     17.2997906
     109.9     18.4270004     17.3266897
     110.0     18.4644534     17.3509106
     110.1     18.4991247     17.3724216
     110.2     18.5309780     17.3911935
     110.3     18.5599795     17.4071994
     110.4     18.5860980     17.4204149
     110.5     18.6093044     17.4308179
     110.6     18.6295727     17.4383891
     110.7     18.6468789     17.4431116
     110.8     18.6612019     17.4449707
     110.9     18.6725233     17.4439548
     111.0     18.6808269     17.4400544
     111.1     18.6860996     17.4332627
     111.2     18.6883308     17.4235756
     111.3     18.6875124     17.4109913
     111.4     18.6836391     17.3955109
     111.5     18.6767086     17.3771378
     111.6     18.6667208     17.3558780
     111.7     18.6536785     17.3317403
     111.8     18.6375875     17.3047358
     111.9     18.6184559     17.2748784
     112.0     18.5962947     17.2421842
     112.1     18.5711175     17.2066721
     112.2     18.5429409     17.1683635
     112.3     18.5117837     17.1272822
     112.4     18.4776678     17.0834545
     112.5     18.4406176     17.0369092
     112.6     18.4006601     16.9876774
     112.7     18.3578251     16.9357929
     112.8     18.3121447     16.8812914
     112.9     18.2636540     16.8242115
     113.0     18.2123902     16.7645936
     113.1     18.1583935     16.7024807
     113.2     18.1017063     16.6379180
     113.3     18.0423735     16.5709527
     113.4     17.9804426     16.5016344
     113.5     17.9159633     16.4300146
     113.6     17.8489878     16.3561471
     113.7     17.7795705     16.2800876
     113.8     17.7077683     16.2018938
     113.9     17.6336401     16.1216252
     114.0     17.5572471     16.0393433
     114.1     17.4786527     15.9551115
     114.2     17.3979222     15.8689948
     114.3     17.3151232     15.7810601
     114.4     17.2303252     15.6913756
     114.5     17.1435994     15.6000115
     114.6     17.0550191     15.5070392
     114.7     16.9646595     15.4125319
     114.8     16.8725973     15.3165639
     114.9     16.7789111     15.2192109
     115.0     16.6836810     15.1205500
     115.1     16.5869887     15.0206595
     115.2     16.4889174     14.9196186
     115.3     16.3895518     14.8175078
     115.4     16.2889777     14.7144085
     115.5     16.1872826     14.6104031
     115.6     16.0845548     14.5055747
     115.7     15.9808840     14.4000073
     115.8     15.8763608     14.2937857
     115.9     15.7710770     14.1869950
     116.0     15.6651251     14.0797212
     116.1     15.5585986     13.9720506
     116.2     15.4515916     13.8640699
     116.3     15.3441990     13.7558662
     116.4     15.2365162     13.6475268
     116.5     15.1286393     13.5391391
     116.6     15.0206645     13.4307908
     116.7     14.9126888     13.3225695
     116.8     14.8048092     13.2145627
     116.9     14.6971228     13.1068578
     117.0     14.5897270     12.9995419
     117.1     14.4827191     12.8927020
     117.2     14.3761966     12.7864247
     117.3     14.2702565     12.6807959
     117.4     14.1649958     12.5759012
     117.5     14.0605111     12.4718257
     117.6     13.9568987     12.3686536
     117.7     13.8542543     12.2664685
     117.8     13.7526731     12.1653530
     117.9     13.6522497     12.0653891
     118.0     13.5530780     11.9666576
     118.1     13.4552509     11.8692383
     118.2     13.3588607     11.7732100
     118.3     13.2639985     11.6786503
     118.4     13.1707545     11.5856354
     118.5     13.0792176     11.4942403
     118.6     12.9894758     11.4045386
     118.7     12.9016155     11.3166026
     118.8     12.8157220     11.2305028
     118.9     12.7318789     11.1463083
     119.0     12.6501685     11.0640867
     119.1     12.5706715     10.9839036
     119.2     12.4934669     10.9058231
     119.3     12.4186320     10.8299073
     119.4     12.3462422     10.7562167
     119.5     12.2763711     10.6848095
     119.6     12.2090906     10.6157423
     119.7     12.1444702     10.5490695
     119.8     12.0825776     10.4848434
     119.9     12.0234784     10.4231143
     120.0     11.9672359     10.3639303
     120.1     11.9139112     10.3073372
     120.2     11.8635630     10.2533786
     120.3     11.8162480     10.2020960
     120.4     11.7720201     10.1535283
     120.5     11.7309310     10.1077122
     120.6     11.6930296     10.0646820
     120.7     11.6583626     10.0244696
     120.8     11.6269740      9.9871044
     120.9     11.5989049      9.9526133
     121.0     11.5741941      9.9210207
     121.1     11.5528774      9.8923487
     121.2     11.5349881      9.8666165
     121.3     11.5205563      9.8438411
     121.4     11.5096097      9.8240366
     121.5     11.5021730      9.8072147
     121.6     11.4982679      9.7933844
     121.7     11.4979133      9.7825523
     121.8     11.5011251      9.7747222
     121.9     11.5079165      9.7698953
     122.0     11.5182974      9.7680702
     122.1     11.5322749      9.7692429
     122.2     11.5498531      9.7734068
     122.3     11.5710330      9.7805526
     122.4     11.5958127      9.7906685
     122.5     11.6241872      9.8037400
     122.6     11.6561485      9.8197502
     122.7     11.6916856      9.8386795
     122.8     11.7307845      9.8605057
     122.9     11.7734282      9.8852042
     123.0     11.8195965      9.9127477
     123.1     11.8692666      9.9431068
     123.2     11.9224123      9.9762491
     123.3     11.9790046     10.0121402
     123.4     12.0390117     10.0507432
     123.5     12.1023986     10.0920186
     123.6     12.1691275     10.1359248
     123.7     12.2391579     10.1824179
     123.8     12.3124462     10.2314516
     123.9     12.3889461     10.2829775
     124.0     12.4686085     10.3369449
     124.1     12.5513814     10.3933011
     124.2     12.6372103     10.4519911
     124.3     12.7260379     10.5129582
     124.4     12.8178043     10.5761433
     124.5     12.9124470     10.6414857
     124.6     13.0099009     10.7089226
     124.7     13.1100986     10.7783894
     124.8     13.2129700     10.8498198
     124.9     13.3184428     10.9231458
     125.0     13.4264422     10.9982976
     125.1     13.5368913     11.0752038
     125.2     13.6497109     11.1537917
     125.3     13.7648197     11.2339868
     125.4     13.8821342     11.3157134
     125.5     14.0015689     11.3988945
     125.6     14.1230364     11.4834516
     125.7     14.2464474     11.5693052
     125.8     14.3717108     11.6563746
     125.9     14.4987337     11.7445780
     126.0     14.6274216     11.8338327
     126.1     14.7576783     11.9240548
     126.2     14.8894063     12.0151599
     126.3     15.0225063     12.1070627
     126.4     15.1568781     12.1996771
     126.5     15.2924198     12.2929166
     126.6     15.4290286     12.3866938
     126.7     15.5666005     12.4809211
     126.8     15.7050304     12.5755105
     126.9     15.8442123     12.6703735
     127.0     15.9840396     12.7654216
     127.1     16.1244046     12.8605660
     127.2     16.2651990     12.9557176
     127.3     16.4063141     13.0507878
     127.4     16.5476406     13.1456876
     127.5     16.6890687     13.2403284
     127.6     16.8304885     13.3346217
     127.7     16.9717897     13.4284794
     127.8     17.1128621     13.5218137
     127.9     17.2535951     13.6145373
     128.0     17.3938787     13.7065635
     128.1     17.5336026     13.7978059
     128.2     17.6726569     13.8881792
     128.3     17.8109321     13.9775987
     128.4     17.9483192     14.0659803
     128.5     18.0847096     14.1532412
     128.6     18.2199953     14.2392993
     128.7     18.3540692     14.3240737
     128.8     18.4868249     14.4074845
     128.9     18.6181569     14.4894530
     129.0     18.7479607     14.5699020
     129.1     18.8761330     14.6487552
     129.2     19.0025715     14.7259380
     129.3     19.1271753     14.8013773
     129.4     19.2498448     14.8750014
     129.5     19.3704819     14.9467400
     129.6     19.4889900     15.0165249
     129.7     19.6052741     15.0842892
     129.8     19.7192409     15.1499679
     129.9     19.8307990     15.2134979
     130.0     19.9398586     15.2748179
     130.1     20.0463323     15.3338686
     130.2     20.1501342     15.3905925
     130.3     20.2511810     15.4449344
     130.4     20.3493912     15.4968409
     130.5     20.4446857     15.5462610
     130.6     20.5369879     15.5931456
     130.7     20.6262232     15.6374481
     130.8     20.7123200     15.6791238
     130.9     20.7952088     15.7181307
     131.0     20.8748229     15.7544288
     131.1     20.9510982     15.7879806
     131.2     21.0239734     15.8187510
     131.3     21.0933899     15.8467073
     131.4     21.1592921     15.8718193
     131.5     21.2216272     15.8940591
     131.6     21.2803453     15.9134016
     131.7     21.3353996     15.9298240
     131.8     21.3867463     15.9433061
     131.9     21.4343447     15.9538302
     132.0     21.4781573     15.9613814
     132.1     21.5181497     15.9659472
     132.2     21.5542908     15.9675177
     132.3     21.5865527     15.9660856
     132.4     21.6149108     15.9616463
     132.5     21.6393438     15.9541978
     132.6     21.6598338     15.9437406
     132.7     21.6763662     15.9302779
     132.8     21.6889299     15.9138156
     132.9     21.6975171     15.8943621
     133.0     21.7021234     15.8719283
     133.1     21.7027480     15.8465279
     133.2     21.6993935     15.8181771
     133.3     21.6920657     15.7868945
     133.4     21.6807743     15.7527015
     133.5     21.6655321     15.7156217
     133.6     21.6463556     15.6756817
     133.7     21.6232647     15.6329100
     133.8     21.5962826     15.5873379
     133.9     21.5654362     15.5389990
     134.0     21.5307555     15.4879294
     134.1     21.4922744     15.4341674
     134.2     21.4500296     15.3777538
     134.3     21.4040617     15.3187315
     134.4     21.3544144     15.2571457
     134.5     21.3011348     15.1930440
     134.6     21.2442731     15.1264758
     134.7     21.1838831     15.0574930
     134.8     21.1200216     14.9861492
     134.9     21.0527485     14.9125005
     135.0     20.9821271     14.8366044
     135.1     20.9082237     14.7585207
     135.2     20.8311076     14.6783110
     135.3     20.7508511     14.5960388
     135.4     20.6675296     14.5117690
     135.5     20.5812212     14.4255686
     135.6     20.4920070     14.3375061
     135.7     20.3999708     14.2476514
     135.8     20.3051991     14.1560762
     135.9     20.2077811     14.0628535
     136.0     20.1078086     13.9680576
     136.1     20.0053759     13.8717642
     136.2     19.9005798     13.7740504
     136.3     19.7935193     13.6749943
     136.4     19.6842958     13.5746751
     136.5     19.5730130     13.4731731
     136.6     19.4597767     13.3705695
     136.7     19.3446946     13.2669466
     136.8     19.2278765     13.1623872
     136.9     19.1094341     13.0569751
     137.0     18.9894808     12.9507947
     137.1     18.8681317     12.8439310
     137.2     18.7455037     12.7364695
     137.3     18.6217150     12.6284961
     137.4     18.4968853     12.5200971
     137.5     18.3711355     12.4113593
     137.6     18.2445881     12.3023693
     137.7     18.1173662     12.1932142
     137.8     17.9895944     12.0839810
     137.9     17.8613979     11.9747566
     138.0     17.7329029     11.8656280
     138.1     17.6042362     11.7566820
     138.2     17.4755252     11.6480050
     138.3     17.3468980     11.5396831
     138.4     17.2184830     11.4318022
     138.5     17.0904087     11.3244474
     138.6     16.9628040     11.2177035
     138.7     16.8357978     11.1116546
     138.8     16.7095190     11.0063840
     138.9     16.5840963     10.9019744
     139.0     16.4596583     10.7985074
     139.1     16.3363329     10.6960639
     139.2     16.2142480     10.5947237
     139.3     16.0935304     10.4945655
     139.4     15.9743067     10.3956669
     139.5     15.8567023     10.2981043
     139.6     15.7408418     10.2019529
     139.7     15.6268491     10.1072863
     139.8     15.5148464     10.0141769
     139.9     15.4049552      9.9226957
     140.0     15.2972953      9.8329119
     140.1     15.1919852      9.7448933
     140.2     15.0891418      9.6587060
     140.3     14.9888804      9.5744144
     140.4     14.8913145      9.4920811
     140.5     14.7965556      9.4117668
     140.6     14.7047136      9.3335304
     140.7     14.6158959      9.2574289
     140.8     14.5302080      9.1835172
     140.9     14.4477531      9.1118483
     141.0     14.3686319      9.0424730
     141.1     14.2929428      8.9754401
     141.2     14.2207817      8.9107960
     141.3     14.1522417      8.8485852
     141.4     14.0874132      8.7888497
     141.5     14.0263839      8.7316293
     141.6     13.9692386      8.6769615
     141.7     13.9160589      8.6248815
     141.8     13.8669237      8.5754220
     141.9     13.8219084      8.5286133
     142.0     13.7810854      8.4844834
     142.1     13.7445238      8.4430576
     142.2     13.7122893      8.4043588
     142.3     13.6844442      8.3684077
     142.4     13.6610472      8.3352219
     142.5     13.6421537      8.3048170
     142.6     13.6278151      8.2772056
     142.7     13.6180795      8.2523982
     142.8     13.6129911      8.2304024
     142.9     13.6125902      8.2112232
     143.0     13.6169136      8.1948632
     143.1     13.6259939      8.1813223
     143.2     13.6398599      8.1705980
     143.3     13.6585365      8.1626849
     143.4     13.6820445      8.1575753
     143.5     13.7104008      8.1552588
     143.6     13.7436180      8.1557225
     143.7     13.7817049      8.1589509
     143.8     13.8246661      8.1649261
     143.9     13.8725018      8.1736275
     144.0     13.9252085      8.1850322
     144.1     13.9827782      8.1991146
     144.2     14.0451989      8.2158469
     144.3     14.1124542      8.2351986
     144.4     14.1845239      8.2571372
     144.5     14.2613831      8.2816273
     144.6     14.3430033      8.3086318
     144.7     14.4293513      8.3381107
     144.8     14.5203900      8.3700221
     144.9     14.6160782      8.4043217
     145.0     14.7163704      8.4409633
     145.1     14.8212170      8.4798981
     145.2     14.9305644      8.5210757
     145.3     15.0443550      8.5644433
     145.4     15.1625270      8.6099461
     145.5     15.2850147      8.6575277
     145.6     15.4117484      8.7071293
     145.7     15.5426545      8.7586907
     145.8     15.6776555      8.8121496
     145.9     15.8166703      8.8674421
     146.0     15.9596136      8.9245026
     146.1     16.1063967      8.9832640
     146.2     16.2569272      9.0436573
     146.3     16.4111091      9.1056124
     146.4     16.5688428      9.1690576
     146.5     16.7300253      9.2339197
     146.6     16.8945502      9.3001245
     146.7     17.0623078      9.3675963
     146.8     17.2331850      9.4362583
     146.9     17.4070658      9.5060328
     147.0     17.5838311      9.5768408
     147.1     17.7633585      9.6486025
     147.2     17.9455230      9.7212372
     147.3     18.1301968      9.7946633
     147.4     18.3172493      9.8687988
     147.5     18.5065471      9.9435605
     147.6     18.6979547     10.0188652
     147.7     18.8913340     10.0946287
     147.8     19.0865443     10.1707667
     147.9     19.2834433     10.2471944
     148.0     19.4818860     10.3238267
     148.1     19.6817259     10.4005785
     148.2     19.8828144     10.4773643
     148.3     20.0850013     10.5540988
     148.4     20.2881345     10.6306965
     148.5     20.4920607     10.7070723
     148.6     20.6966252     10.7831411
     148.7     20.9016718     10.8588180
     148.8     21.1070434     10.9340186
     148.9     21.3125818     11.0086588
     149.0     21.5181280     11.0826552
     149.1     21.7235221     11.1559248
     149.2     21.9286039     11.2283851
     149.3     22.1332123     11.2999548
     149.4     22.3371861     11.3705529
     149.5     22.5403641     11.4400995
     149.6     22.7425845     11.5085156
     149.7     22.9436860     11.5757234
     149.8     23.1435074     11.6416458
     149.9     23.3418877     11.7062073
     150.0     23.5386665     11.7693333
     150.1     23.7336840     11.8309505
     150.2     23.9267812     11.8909872
     150.3     24.1177999     11.9493730
     150.4     24.3065830     12.0060390
     150.5     24.4929745     12.0609177
     150.6     24.6768197     12.1139434
     150.7     24.8579656     12.1650522
     150.8     25.0362605     12.2141815
     150.9     25.2115545     12.2612709
     151.0     25.3836996     12.3062617
     151.1     25.5525498     12.3490972
     151.2     25.7179613     12.3897223
     151.3     25.8797924     12.4280844
     151.4     26.0379040     12.4641326
     151.5     26.1921594     12.4978183
     151.6     26.3424246     12.5290949
     151.7     26.4885685     12.5579180
     151.8     26.6304627     12.5842455
     151.9     26.7679821     12.6080376
     152.0     26.9010048     12.6292567
     152.1     27.0294118     12.6478677
     152.2     27.1530880     12.6638375
     152.3     27.2719217     12.6771359
     152.4     27.3858047     12.6877347
     152.5     27.4946327     12.6956085
     152.6     27.5983054     12.7007342
     152.7     27.6967263     12.7030912
     152.8     27.7898031     12.7026614
     152.9     27.8774478     12.6994294
     153.0     27.9595765     12.6933821
     153.1     28.0361100     12.6845093
     153.2     28.1069734     12.6728030
     153.3     28.1720965     12.6582582
     153.4     28.2314138     12.6408721
     153.5     28.2848645     12.6206447
     153.6     28.3323929     12.5975786
     153.7     28.3739480     12.5716789
     153.8     28.4094840     12.5429535
     153.9     28.4389602     12.5114125
     154.0     28.4623409     12.4770690
     154.1     28.4795959     12.4399384
     154.2     28.4907002     12.4000388
     154.3     28.4956342     12.3573907
     154.4     28.4943838     12.3120171
     154.5     28.4869401     12.2639438
     154.6     28.4733001     12.2131988
     154.7     28.4534661     12.1598125
     154.8     28.4274463     12.1038179
     154.9     28.3952543     12.0452505
     155.0     28.3569096     11.9841478
     155.1     28.3124372     11.9205500
     155.2     28.2618680     11.8544994
     155.3     28.2052387     11.7860406
     155.4     28.1425917     11.7152204
     155.5     28.0739751     11.6420878
     155.6     27.9994431     11.5666940
     155.7     27.9190554     11.4890922
     155.8     27.8328777     11.4093377
     155.9     27.7409814     11.3274877
     156.0     27.6434438     11.2436015
     156.1     27.5403478     11.1577402
     156.2     27.4317823     11.0699667
     156.3     27.3178417     10.9803457
     156.4     27.1986262     10.8889437
     156.5     27.0742418     10.7958287
     156.6     26.9448000     10.7010705
     156.7     26.8104179     10.6047402
     156.8     26.6712182     10.5069106
     156.9     26.5273292     10.4076558
     157.0     26.3788844     10.3070513
     157.1     26.2260230     10.2051737
     157.2     26.0688893     10.1021009
     157.3     25.9076330      9.9979121
     157.4     25.7424090      9.8926874
     157.5     25.5733772      9.7865078
     157.6     25.4007026      9.6794553
     157.7     25.2245552      9.5716129
     157.8     25.0451099      9.4630640
     157.9     24.8625463      9.3538932
     158.0     24.6770487      9.2441852
     158.1     24.4888060      9.1340255
     158.2     24.2980116      9.0235000
     158.3     24.1048632      8.9126950
     158.4     23.9095628      8.8016971
     158.5     23.7123166      8.6905931
     158.6     23.5133347      8.5794700
     158.7     23.3128313      8.4684146
     158.8     23.1110241      8.3575142
     158.9     22.9081348      8.2468554
     159.0     22.7043883      8.1365251
     159.1     22.5000130      8.0266096
     159.2     22.2952406      7.9171952
     159.3     22.0903058      7.8083674
     159.4     21.8854463      7.7002115
     159.5     21.6809026      7.5928121
     159.6     21.4769179      7.4862532
     159.7     21.2737378      7.3806181
     159.8     21.0716103      7.2759891
     159.9     20.8707855      7.1724478
     160.0     20.6715157      7.0700748
     160.1     20.4740548      6.9689496
     160.2     20.2786587      6.8691507
     160.3     20.0855845      6.7707553
     160.4     19.8950909      6.6738395
     160.5     19.7074376      6.5784779
     160.6     19.5228854      6.4847437
     160.7     19.3416960      6.3927089
     160.8     19.1641314      6.3024436
     160.9     18.9904545      6.2140166
     161.0     18.8209283      6.1274949
     161.1     18.6558159      6.0429437
     161.2     18.4953802      5.9604266
     161.3     18.3398841      5.8800051
     161.4     18.1895898      5.8017390
     161.5     18.0447591      5.7256861
     161.6     17.9056528      5.6519021
     161.7     17.7725308      5.5804406
     161.8     17.6456517      5.5113532
     161.9     17.5252729      5.4446892
     162.0     17.4116501      5.3804958
     162.1     17.3050371      5.3188177
     162.2     17.2056862      5.2596975
     162.3     17.1138471      5.2031753
     162.4     17.0297674      5.1492889
     162.5     16.9536923      5.0980736
     162.6     16.8858641      5.0495622
     162.7     16.8265223      5.0037850
     162.8     16.7759036      4.9607697
     162.9     16.7342410      4.9205417
     163.0     16.7017645      4.8831234
     163.1     16.6787002      4.8485347
     163.2     16.6652707      4.8167931
     163.3     16.6616945      4.7879132
     163.4     16.6681860      4.7619068
     163.5     16.6849552      4.7387833
     163.6     16.7122078      4.7185491
     163.7     16.7501448      4.7012080
     163.8     16.7989624      4.6867611
     163.9     16.8588519      4.6752067
     164.0     16.9299993      4.6665402
     164.1     17.0125855      4.6607546
     164.2     17.1067858      4.6578399
     164.3     17.2127701      4.6577833
     164.4     17.3307023      4.6605694
     164.5     17.4607407      4.6661800
     164.6     17.6030373      4.6745942
     164.7     17.7577381      4.6857885
     164.8     17.9249827      4.6997365
     164.9     18.1049043      4.7164092
     165.0     18.2976294      4.7357750
     165.1     18.5032780      4.7577996
     165.2     18.7219631      4.7824461
     165.3     18.9537909      4.8096750
     165.4     19.1988604      4.8394444
     165.5     19.4572635      4.8717097
     165.6     19.7290849      4.9064239
     165.7     20.0144017      4.9435375
     165.8     20.3132837      4.9829985
     165.9     20.6257931      5.0247528
     166.0     20.9519845      5.0687438
     166.1     21.2919047      5.1149126
     166.2     21.6455925      5.1631980
     166.3     22.0130792      5.2135369
     166.4     22.3943877      5.2658637
     166.5     22.7895333      5.3201109
     166.6     23.1985228      5.3762090
     166.7     23.6213552      5.4340865
     166.8     24.0580210      5.4936700
     166.9     24.5085028      5.5548842
     167.0     24.9727746      5.6176520
     167.1     25.4508022      5.6818946
     167.2     25.9425433      5.7475315
     167.3     26.4479467      5.8144807
     167.4     26.9669534      5.8826586
     167.5     27.4994956      5.9519802
     167.6     28.0454973      6.0223590
     167.7     28.6048739      6.0937073
     167.8     29.1775327      6.1659362
     167.9     29.7633722      6.2389553
     168.0     30.3622829      6.3126736
     168.1     30.9741468      6.3869987
     168.2     31.5988374      6.4618375
     168.3     32.2362201      6.5370959
     168.4     32.8861519      6.6126791
     168.5     33.5484817      6.6884915
     168.6     34.2230501      6.7644371
     168.7     34.9096896      6.8404191
     168.8     35.6082245      6.9163404
     168.9     36.3184715      6.9921035
     169.0     37.0402387      7.0676107
     169.1     37.7733270      7.1427640
     169.2     38.5175290      7.2174652
     169.3     39.2726299      7.2916163
     169.4     40.0384071      7.3651191
     169.5     40.8146305      7.4378756
     169.6     41.6010626      7.5097883
     169.7     42.3974587      7.5807595
     169.8     43.2035666      7.6506924
     169.9     44.0191272      7.7194902
     170.0     44.8438744      7.7870571
     170.1     45.6775353      7.8532975
     170.2     46.5198300      7.9181170
     170.3     47.3704723      7.9814215
     170.4     48.2291695      8.0431181
     170.5     49.0956223      8.1031149
     170.6     49.9695256      8.1613209
     170.7     50.8505681      8.2176461
     170.8     51.7384326      8.2720020
     170.9     52.6327962      8.3243013
     171.0     53.5333307      8.3744579
     171.1     54.4397022      8.4223874
     171.2     55.3515717      8.4680065
     171.3     56.2685953      8.5112339
     171.4     57.1904240      8.5519897
     171.5     58.1167045      8.5901959
     171.6     59.0470787      8.6257761
     171.7     59.9811844      8.6586559
     171.8     60.9186551      8.6887628
     171.9     61.8591205      8.7160263
     172.0     62.8022068      8.7403779
     172.1     63.7475364      8.7617512
     172.2     64.6947285      8.7800821
     172.3     65.6433992      8.7953087
     172.4     66.5931618      8.8073712
     172.5     67.5436269      8.8162124
     172.6     68.4944025      8.8217774
     172.7     69.4450946      8.8240138
     172.8     70.3953069      8.8228714
     172.9     71.3446416      8.8183031
     173.0     72.2926991      8.8102638
     173.1     73.2390784      8.7987114
     173.2     74.1833776      8.7836063
     173.3     75.1251937      8.7649117
     173.4     76.0641231      8.7425936
     173.5     76.9997617      8.7166205
     173.6     77.9317051      8.6869640
     173.7     78.8595492      8.6535983
     173.8     79.7828897      8.6165007
     173.9     80.7013231      8.5756512
     174.0     81.6144464      8.5310327
     174.1     82.5218577      8.4826311
     174.2     83.4231561      8.4304353
     174.3     84.3179420      8.3744369
     174.4     85.2058177      8.3146308
     174.5     86.0863871      8.2510146
     174.6     86.9592563      8.1835889
     174.7     87.8240336      8.1123576
     174.8     88.6803298      8.0373271
     174.9     89.5277586      7.9585072
     175.0     90.3659365      7.8759103
     175.1     91.1944834      7.7895522
     175.2     92.0130224      7.6994513
     175.3     92.8211804      7.6056291
     175.4     93.6185880      7.5081101
     175.5     94.4048800      7.4069215
     175.6     95.1796954      7.3020937
     175.7     95.9426778      7.1936598
     175.8     96.6934754      7.0816558
     175.9     97.4317413      6.9661205
     176.0     98.1571338      6.8470955
     176.1     98.8693165      6.7246253
     176.2     99.5679584      6.5987570
     176.3    100.2527345      6.4695404
     176.4    100.9233252      6.3370280
     176.5    101.5794176      6.2012751
     176.6    102.2207046      6.0623393
     176.7    102.8468857      5.9202809
     176.8    103.4576672      5.7751627
     176.9    104.0527619      5.6270498
     177.0    104.6318898      5.4760100
     177.1    105.1947780      5.3221131
     177.2    105.7411610      5.1654314
     177.3    106.2707805      5.0060393
     177.4    106.7833860      4.8440135
     177.5    107.2787349      4.6794327
     177.6    107.7565922      4.5123777
     177.7    108.2167312      4.3429314
     177.8    108.6589333      4.1711784
     177.9    109.0829882      3.9972052
     178.0    109.4886941      3.8211003
     178.1    109.8758577      3.6429537
     178.2    110.2442945      3.4628570
     178.3    110.5938285      3.2809035
     178.4    110.9242930      3.0971880
     178.5    111.2355300      2.9118067
     178.6    111.5273908      2.7248571
     178.7    111.7997356      2.5364379
     178.8    112.0524341      2.3466491
     178.9    112.2853653      2.1555918
     179.0    112.4984175      1.9633681
     179.1    112.6914886      1.7700810
     179.2    112.8644861      1.5758343
     179.3    113.0173269      1.3807328
     179.4    113.1499376      1.1848817
     179.5    113.2622547      0.9883871
     179.6    113.3542241      0.7913553
     179.7    113.4258018      0.5938934
     179.8    113.4769532      0.3961085
     179.9    113.5076539      0.1981081
     180.0    113.5178892      0.0000000
