 # List of d(q) for j, j' =           13          24
 #    0  1.00000000
 #    1  0.29874189
 #    2  0.26973435
 #    3  0.13253368
 #    4  0.13122376
 #    5  0.07490456
 #    6  0.08696400
 #    7  0.05388636
 #    8  0.06238965
 #    9  0.03932914
 #   10  0.04712295
 #   11  0.02972938
 #   12  0.03582927
 #   13  0.02450911
 #   14  0.02972909
 #   15  0.01894131
 #   16  0.02452378
 #   17  0.01594529
 #   18  0.02127368
 #   19  0.01471339
 #   20  0.01968683
 #   21  0.01153877
 #   22  0.01981117
 #   23  0.00989020
 #   24  0.01997716
 #   25  0.00757150
 #   26  0.02278845
       0.0    471.3546513      0.0000000
       0.1    471.2762777      0.8225319
       0.2    471.0412356      1.6442408
       0.3    470.6497615      2.4643051
       0.4    470.1022489      3.2819062
       0.5    469.3992483      4.0962292
       0.6    468.5414659      4.9064651
       0.7    467.5297630      5.7118115
       0.8    466.3651548      6.5114744
       0.9    465.0488089      7.3046692
       1.0    463.5820438      8.0906222
       1.1    461.9663272      8.8685720
       1.2    460.2032738      9.6377702
       1.3    458.2946433     10.3974834
       1.4    456.2423382     11.1469941
       1.5    454.0484007     11.8856015
       1.6    451.7150104     12.6126233
       1.7    449.2444815     13.3273964
       1.8    446.6392592     14.0292782
       1.9    443.9019166     14.7176472
       2.0    441.0351516     15.3919048
       2.1    438.0417828     16.0514755
       2.2    434.9247461     16.6958081
       2.3    431.6870906     17.3243768
       2.4    428.3319746     17.9366814
       2.5    424.8626613     18.5322490
       2.6    421.2825147     19.1106337
       2.7    417.5949949     19.6714180
       2.8    413.8036537     20.2142132
       2.9    409.9121298     20.7386598
       3.0    405.9241440     21.2444282
       3.1    401.8434944     21.7312192
       3.2    397.6740515     22.1987641
       3.3    393.4197529     22.6468253
       3.4    389.0845983     23.0751965
       3.5    384.6726442     23.4837031
       3.6    380.1879990     23.8722020
       3.7    375.6348171     24.2405818
       3.8    371.0172940     24.5887632
       3.9    366.3396608     24.9166985
       4.0    361.6061787     25.2243719
       4.1    356.8211336     25.5117991
       4.2    351.9888305     25.7790274
       4.3    347.1135886     26.0261349
       4.4    342.1997351     26.2532311
       4.5    337.2516002     26.4604556
       4.6    332.2735118     26.6479782
       4.7    327.2697898     26.8159985
       4.8    322.2447408     26.9647449
       4.9    317.2026530     27.0944746
       5.0    312.1477908     27.2054726
       5.1    307.0843898     27.2980509
       5.2    302.0166514     27.3725484
       5.3    296.9487378     27.4293294
       5.4    291.8847673     27.4687831
       5.5    286.8288092     27.4913231
       5.6    281.7848790     27.4973856
       5.7    276.7569340     27.4874294
       5.8    271.7488683     27.4619344
       5.9    266.7645087     27.4214006
       6.0    261.8076104     27.3663472
       6.1    256.8818524     27.2973115
       6.2    251.9908339     27.2148477
       6.3    247.1380702     27.1195259
       6.4    242.3269887     27.0119307
       6.5    237.5609256     26.8926602
       6.6    232.8431223     26.7623250
       6.7    228.1767219     26.6215463
       6.8    223.5647665     26.4709555
       6.9    219.0101936     26.3111923
       7.0    214.5158338     26.1429038
       7.1    210.0844077     25.9667430
       7.2    205.7185241     25.7833678
       7.3    201.4206768     25.5934395
       7.4    197.1932433     25.3976214
       7.5    193.0384823     25.1965780
       7.6    188.9585324     24.9909734
       7.7    184.9554102     24.7814699
       7.8    181.0310091     24.5687270
       7.9    177.1870982     24.3534003
       8.0    173.4253211     24.1361397
       8.1    169.7471952     23.9175889
       8.2    166.1541112     23.6983837
       8.3    162.6473325     23.4791510
       8.4    159.2279951     23.2605078
       8.5    155.8971076     23.0430597
       8.6    152.6555511     22.8274003
       8.7    149.5040798     22.6141097
       8.8    146.4433215     22.4037540
       8.9    143.4737781     22.1968836
       9.0    140.5958267     21.9940329
       9.1    137.8097204     21.7957190
       9.2    135.1155899     21.6024410
       9.3    132.5134446     21.4146790
       9.4    130.0031741     21.2328935
       9.5    127.5845504     21.0575246
       9.6    125.2572293     20.8889911
       9.7    123.0207526     20.7276903
       9.8    120.8745504     20.5739967
       9.9    118.8179434     20.4282621
      10.0    116.8501454     20.2908148
      10.1    114.9702656     20.1619591
      10.2    113.1773121     20.0419749
      10.3    111.4701940     19.9311176
      10.4    109.8477249     19.8296174
      10.5    108.3086257     19.7376793
      10.6    106.8515280     19.6554829
      10.7    105.4749776     19.5831821
      10.8    104.1774375     19.5209052
      10.9    102.9572918     19.4687547
      11.0    101.8128491     19.4268074
      11.1    100.7423461     19.3951146
      11.2     99.7439518     19.3737018
      11.3     98.8157707     19.3625693
      11.4     97.9558470     19.3616922
      11.5     97.1621687     19.3710209
      11.6     96.4326712     19.3904811
      11.7     95.7652414     19.4199743
      11.8     95.1577219     19.4593784
      11.9     94.6079150     19.5085480
      12.0     94.1135866     19.5673149
      12.1     93.6724706     19.6354887
      12.2     93.2822727     19.7128573
      12.3     92.9406744     19.7991878
      12.4     92.6453377     19.8942269
      12.5     92.3939085     19.9977019
      12.6     92.1840208     20.1093211
      12.7     92.0133008     20.2287749
      12.8     91.8793710     20.3557366
      12.9     91.7798538     20.4898630
      13.0     91.7123756     20.6307956
      13.1     91.6745707     20.7781613
      13.2     91.6640847     20.9315735
      13.3     91.6785786     21.0906329
      13.4     91.7157324     21.2549287
      13.5     91.7732482     21.4240393
      13.6     91.8488541     21.5975336
      13.7     91.9403076     21.7749720
      13.8     92.0453987     21.9559072
      13.9     92.1619530     22.1398856
      14.0     92.2878352     22.3264480
      14.1     92.4209515     22.5151312
      14.2     92.5592531     22.7054684
      14.3     92.7007384     22.8969909
      14.4     92.8434562     23.0892286
      14.5     92.9855077     23.2817118
      14.6     93.1250492     23.4739714
      14.7     93.2602944     23.6655406
      14.8     93.3895163     23.8559558
      14.9     93.5110495     24.0447574
      15.0     93.6232920     24.2314910
      15.1     93.7247068     24.4157087
      15.2     93.8138236     24.5969694
      15.3     93.8892405     24.7748403
      15.4     93.9496250     24.9488976
      15.5     93.9937152     25.1187278
      15.6     94.0203211     25.2839279
      15.7     94.0283256     25.4441068
      15.8     94.0166846     25.5988861
      15.9     93.9844285     25.7479006
      16.0     93.9306620     25.8907993
      16.1     93.8545650     26.0272462
      16.2     93.7553923     26.1569206
      16.3     93.6324740     26.2795183
      16.4     93.4852154     26.3947519
      16.5     93.3130967     26.5023513
      16.6     93.1156726     26.6020645
      16.7     92.8925721     26.6936578
      16.8     92.6434978     26.7769166
      16.9     92.3682249     26.8516456
      17.0     92.0666007     26.9176690
      17.1     91.7385436     26.9748312
      17.2     91.3840419     27.0229969
      17.3     91.0031526     27.0620511
      17.4     90.5960001     27.0918997
      17.5     90.1627749     27.1124693
      17.6     89.7037318     27.1237076
      17.7     89.2191887     27.1255830
      17.8     88.7095246     27.1180852
      17.9     88.1751776     27.1012244
      18.0     87.6166436     27.0750319
      18.1     87.0344737     27.0395595
      18.2     86.4292725     26.9948798
      18.3     85.8016957     26.9410852
      18.4     85.1524484     26.8782883
      18.5     84.4822822     26.8066215
      18.6     83.7919932     26.7262363
      18.7     83.0824198     26.6373031
      18.8     82.3544399     26.5400108
      18.9     81.6089685     26.4345664
      19.0     80.8469554     26.3211941
      19.1     80.0693825     26.2001351
      19.2     79.2772613     26.0716471
      19.3     78.4716302     25.9360032
      19.4     77.6535519     25.7934917
      19.5     76.8241107     25.6444151
      19.6     75.9844103     25.4890897
      19.7     75.1355705     25.3278446
      19.8     74.2787250     25.1610208
      19.9     73.4150185     24.9889710
      20.0     72.5456044     24.8120580
      20.1     71.6716420     24.6306546
      20.2     70.7942938     24.4451421
      20.3     69.9147230     24.2559100
      20.4     69.0340913     24.0633546
      20.5     68.1535561     23.8678784
      20.6     67.2742677     23.6698893
      20.7     66.3973679     23.4697992
      20.8     65.5239864     23.2680238
      20.9     64.6552397     23.0649809
      21.0     63.7922278     22.8610899
      21.1     62.9360327     22.6567709
      21.2     62.0877161     22.4524436
      21.3     61.2483170     22.2485265
      21.4     60.4188503     22.0454358
      21.5     59.6003043     21.8435846
      21.6     58.7936394     21.6433822
      21.7     57.9997860     21.4452328
      21.8     57.2196426     21.2495348
      21.9     56.4540749     21.0566802
      22.0     55.7039137     20.8670534
      22.1     54.9699536     20.6810303
      22.2     54.2529519     20.4989780
      22.3     53.5536270     20.3212536
      22.4     52.8726576     20.1482035
      22.5     52.2106814     19.9801628
      22.6     51.5682944     19.8174543
      22.7     50.9460497     19.6603884
      22.8     50.3444571     19.5092618
      22.9     49.7639822     19.3643573
      23.0     49.2050459     19.2259431
      23.1     48.6680239     19.0942722
      23.2     48.1532465     18.9695819
      23.3     47.6609982     18.8520935
      23.4     47.1915175     18.7420116
      23.5     46.7449968     18.6395239
      23.6     46.3215826     18.5448008
      23.7     45.9213756     18.4579948
      23.8     45.5444307     18.3792408
      23.9     45.1907575     18.3086552
      24.0     44.8603205     18.2463362
      24.1     44.5530400     18.1923633
      24.2     44.2687922     18.1467976
      24.3     44.0074102     18.1096812
      24.4     43.7686843     18.0810374
      24.5     43.5523636     18.0608709
      24.6     43.3581561     18.0491676
      24.7     43.1857302     18.0458947
      24.8     43.0347153     18.0510010
      24.9     42.9047036     18.0644168
      25.0     42.7952506     18.0860544
      25.1     42.7058766     18.1158082
      25.2     42.6360684     18.1535550
      25.3     42.5852799     18.1991542
      25.4     42.5529344     18.2524486
      25.5     42.5384253     18.3132641
      25.6     42.5411182     18.3814109
      25.7     42.5603521     18.4566833
      25.8     42.5954412     18.5388607
      25.9     42.6456767     18.6277078
      26.0     42.7103281     18.7229755
      26.1     42.7886451     18.8244010
      26.2     42.8798596     18.9317090
      26.3     42.9831869     19.0446118
      26.4     43.0978280     19.1628105
      26.5     43.2229711     19.2859952
      26.6     43.3577935     19.4138461
      26.7     43.5014636     19.5460341
      26.8     43.6531421     19.6822214
      26.9     43.8119847     19.8220626
      27.0     43.9771430     19.9652051
      27.1     44.1477671     20.1112905
      27.2     44.3230067     20.2599545
      27.3     44.5020135     20.4108287
      27.4     44.6839423     20.5635406
      27.5     44.8679534     20.7177153
      27.6     45.0532138     20.8729753
      27.7     45.2388990     21.0289424
      27.8     45.4241948     21.1852376
      27.9     45.6082988     21.3414828
      28.0     45.7904218     21.4973009
      28.1     45.9697896     21.6523171
      28.2     46.1456445     21.8061596
      28.3     46.3172463     21.9584603
      28.4     46.4838741     22.1088559
      28.5     46.6448278     22.2569882
      28.6     46.7994286     22.4025054
      28.7     46.9470210     22.5450626
      28.8     47.0869737     22.6843226
      28.9     47.2186804     22.8199564
      29.0     47.3415616     22.9516445
      29.1     47.4550645     23.0790768
      29.2     47.5586649     23.2019541
      29.3     47.6518675     23.3199878
      29.4     47.7342069     23.4329013
      29.5     47.8052480     23.5404304
      29.6     47.8645870     23.6423234
      29.7     47.9118518     23.7383423
      29.8     47.9467024     23.8282626
      29.9     47.9688317     23.9118745
      30.0     47.9779652     23.9889826
      30.1     47.9738617     24.0594068
      30.2     47.9563138     24.1229824
      30.3     47.9251472     24.1795606
      30.4     47.8802215     24.2290087
      30.5     47.8214298     24.2712102
      30.6     47.7486988     24.3060653
      30.7     47.6619886     24.3334907
      30.8     47.5612923     24.3534203
      30.9     47.4466359     24.3658048
      31.0     47.3180780     24.3706118
      31.1     47.1757093     24.3678262
      31.2     47.0196518     24.3574496
      31.3     46.8500588     24.3395009
      31.4     46.6671138     24.3140158
      31.5     46.4710303     24.2810466
      31.6     46.2620506     24.2406625
      31.7     46.0404452     24.1929487
      31.8     45.8065120     24.1380070
      31.9     45.5605754     24.0759546
      32.0     45.3029855     24.0069247
      32.1     45.0341166     23.9310656
      32.2     44.7543668     23.8485403
      32.3     44.4641565     23.7595265
      32.4     44.1639274     23.6642157
      32.5     43.8541416     23.5628131
      32.6     43.5352798     23.4555369
      32.7     43.2078409     23.3426178
      32.8     42.8723399     23.2242985
      32.9     42.5293074     23.1008332
      33.0     42.1792878     22.9724866
      33.1     41.8228382     22.8395339
      33.2     41.4605269     22.7022598
      33.3     41.0929324     22.5609575
      33.4     40.7206416     22.4159289
      33.5     40.3442488     22.2674831
      33.6     39.9643541     22.1159358
      33.7     39.5815622     21.9616092
      33.8     39.1964810     21.8048305
      33.9     38.8097200     21.6459315
      34.0     38.4218893     21.4852478
      34.1     38.0335979     21.3231181
      34.2     37.6454529     21.1598833
      34.3     37.2580574     20.9958859
      34.4     36.8720099     20.8314690
      34.5     36.4879027     20.6669756
      34.6     36.1063205     20.5027482
      34.7     35.7278395     20.3391274
      34.8     35.3530261     20.1764516
      34.9     34.9824354     20.0150561
      35.0     34.6166106     19.8552721
      35.1     34.2560814     19.6974267
      35.2     33.9013632     19.5418413
      35.3     33.5529560     19.3888314
      35.4     33.2113433     19.2387059
      35.5     32.8769915     19.0917662
      35.6     32.5503486     18.9483056
      35.7     32.2318433     18.8086089
      35.8     31.9218847     18.6729514
      35.9     31.6208609     18.5415987
      36.0     31.3291389     18.4148058
      36.1     31.0470635     18.2928167
      36.2     30.7749567     18.1758639
      36.3     30.5131175     18.0641677
      36.4     30.2618211     17.9579362
      36.5     30.0213183     17.8573642
      36.6     29.7918357     17.7626335
      36.7     29.5735747     17.6739120
      36.8     29.3667118     17.5913534
      36.9     29.1713979     17.5150973
      37.0     28.9877583     17.4452684
      37.1     28.8158928     17.3819767
      37.2     28.6558754     17.3253169
      37.3     28.5077544     17.2753685
      37.4     28.3715524     17.2321955
      37.5     28.2472666     17.1958464
      37.6     28.1348686     17.1663540
      37.7     28.0343051     17.1437356
      37.8     27.9454978     17.1279927
      37.9     27.8683439     17.1191112
      38.0     27.8027165     17.1170615
      38.1     27.7484650     17.1217984
      38.2     27.7054154     17.1332615
      38.3     27.6733713     17.1513753
      38.4     27.6521139     17.1760492
      38.5     27.6414030     17.2071780
      38.6     27.6409776     17.2446420
      38.7     27.6505565     17.2883074
      38.8     27.6698392     17.3380267
      38.9     27.6985064     17.3936388
      39.0     27.7362212     17.4549695
      39.1     27.7826296     17.5218324
      39.2     27.8373617     17.5940283
      39.3     27.9000324     17.6713469
      39.4     27.9702423     17.7535663
      39.5     28.0475789     17.8404541
      39.6     28.1316172     17.9317677
      39.7     28.2219213     18.0272551
      39.8     28.3180447     18.1266551
      39.9     28.4195321     18.2296984
      40.0     28.5259198     18.3361078
      40.1     28.6367372     18.4455991
      40.2     28.7515075     18.5578816
      40.3     28.8697493     18.6726588
      40.4     28.9909773     18.7896293
      40.5     29.1147033     18.9084873
      40.6     29.2404378     19.0289230
      40.7     29.3676904     19.1506241
      40.8     29.4959716     19.2732756
      40.9     29.6247931     19.3965612
      41.0     29.7536697     19.5201637
      41.1     29.8821197     19.6437658
      41.2     30.0096662     19.7670508
      41.3     30.1358380     19.8897033
      41.4     30.2601708     20.0114100
      41.5     30.3822081     20.1318602
      41.6     30.5015020     20.2507467
      41.7     30.6176143     20.3677664
      41.8     30.7301175     20.4826212
      41.9     30.8385954     20.5950180
      42.0     30.9426441     20.7046702
      42.1     31.0418729     20.8112979
      42.2     31.1359049     20.9146284
      42.3     31.2243779     21.0143971
      42.4     31.3069451     21.1103478
      42.5     31.3832756     21.2022337
      42.6     31.4530552     21.2898173
      42.7     31.5159872     21.3728715
      42.8     31.5717924     21.4511798
      42.9     31.6202101     21.5245369
      43.0     31.6609983     21.5927489
      43.1     31.6939344     21.6556341
      43.2     31.7188152     21.7130231
      43.3     31.7354576     21.7647592
      43.4     31.7436986     21.8106989
      43.5     31.7433959     21.8507118
      43.6     31.7344276     21.8846815
      43.7     31.7166928     21.9125052
      43.8     31.6901114     21.9340943
      43.9     31.6546246     21.9493746
      44.0     31.6101941     21.9582859
      44.1     31.5568031     21.9607831
      44.2     31.4944552     21.9568351
      44.3     31.4231752     21.9464259
      44.4     31.3430082     21.9295538
      44.5     31.2540197     21.9062320
      44.6     31.1562955     21.8764880
      44.7     31.0499410     21.8403641
      44.8     30.9350813     21.7979166
      44.9     30.8118604     21.7492163
      45.0     30.6804410     21.6943479
      45.1     30.5410040     21.6334098
      45.2     30.3937481     21.5665142
      45.3     30.2388891     21.4937865
      45.4     30.0766593     21.4153648
      45.5     29.9073071     21.3314002
      45.6     29.7310962     21.2420560
      45.7     29.5483050     21.1475072
      45.8     29.3592258     21.0479404
      45.9     29.1641643     20.9435534
      46.0     28.9634386     20.8345542
      46.1     28.7573786     20.7211611
      46.2     28.5463249     20.6036020
      46.3     28.3306285     20.4821137
      46.4     28.1106497     20.3569415
      46.5     27.8867569     20.2283388
      46.6     27.6593265     20.0965660
      46.7     27.4287412     19.9618906
      46.8     27.1953897     19.8245859
      46.9     26.9596656     19.6849308
      47.0     26.7219664     19.5432090
      47.1     26.4826929     19.3997086
      47.2     26.2422478     19.2547209
      47.3     26.0010352     19.1085403
      47.4     25.7594598     18.9614633
      47.5     25.5179253     18.8137880
      47.6     25.2768343     18.6658133
      47.7     25.0365870     18.5178382
      47.8     24.7975802     18.3701614
      47.9     24.5602069     18.2230802
      48.0     24.3248549     18.0768901
      48.1     24.0919064     17.9318841
      48.2     23.8617368     17.7883521
      48.3     23.6347142     17.6465801
      48.4     23.4111985     17.5068496
      48.5     23.1915405     17.3694370
      48.6     22.9760814     17.2346130
      48.7     22.7651519     17.1026421
      48.8     22.5590714     16.9737817
      48.9     22.3581478     16.8482817
      49.0     22.1626765     16.7263842
      49.1     21.9729395     16.6083226
      49.2     21.7892057     16.4943210
      49.3     21.6117296     16.3845942
      49.4     21.4407509     16.2793469
      49.5     21.2764943     16.1787732
      49.6     21.1191691     16.0830563
      49.7     20.9689684     15.9923681
      49.8     20.8260689     15.9068687
      49.9     20.6906308     15.8267063
      50.0     20.5627974     15.7520167
      50.1     20.4426947     15.6829230
      50.2     20.3304312     15.6195353
      50.3     20.2260979     15.5619507
      50.4     20.1297682     15.5102530
      50.5     20.0414976     15.4645122
      50.6     19.9613237     15.4247850
      50.7     19.8892662     15.3911139
      50.8     19.8253272     15.3635280
      50.9     19.7694907     15.3420422
      51.0     19.7217234     15.3266577
      51.1     19.6819741     15.3173615
      51.2     19.6501746     15.3141271
      51.3     19.6262393     15.3169139
      51.4     19.6100659     15.3256680
      51.5     19.6015356     15.3403217
      51.6     19.6005132     15.3607940
      51.7     19.6068477     15.3869907
      51.8     19.6203725     15.4188050
      51.9     19.6409063     15.4561170
      52.0     19.6682528     15.4987947
      52.1     19.7022018     15.5466939
      52.2     19.7425296     15.5996587
      52.3     19.7889994     15.6575220
      52.4     19.8413618     15.7201055
      52.5     19.8993558     15.7872204
      52.6     19.9627091     15.8586680
      52.7     20.0311388     15.9342397
      52.8     20.1043520     16.0137178
      52.9     20.1820467     16.0968761
      53.0     20.2639123     16.1834800
      53.1     20.3496306     16.2732874
      53.2     20.4388760     16.3660492
      53.3     20.5313169     16.4615098
      53.4     20.6266160     16.5594078
      53.5     20.7244312     16.6594762
      53.6     20.8244164     16.7614436
      53.7     20.9262223     16.8650344
      53.8     21.0294972     16.9699697
      53.9     21.1338877     17.0759675
      54.0     21.2390396     17.1827440
      54.1     21.3445984     17.2900135
      54.2     21.4502105     17.3974897
      54.3     21.5555239     17.5048859
      54.4     21.6601886     17.6119158
      54.5     21.7638578     17.7182944
      54.6     21.8661885     17.8237380
      54.7     21.9668421     17.9279655
      54.8     22.0654853     18.0306988
      54.9     22.1617911     18.1316631
      55.0     22.2554386     18.2305881
      55.1     22.3461149     18.3272080
      55.2     22.4335147     18.4212628
      55.3     22.5173416     18.5124982
      55.4     22.5973084     18.6006663
      55.5     22.6731379     18.6855267
      55.6     22.7445634     18.7668463
      55.7     22.8113293     18.8444003
      55.8     22.8731915     18.9179723
      55.9     22.9299178     18.9873554
      56.0     22.9812889     19.0523520
      56.1     23.0270983     19.1127745
      56.2     23.0671529     19.1684458
      56.3     23.1012735     19.2191997
      56.4     23.1292947     19.2648808
      56.5     23.1510660     19.3053457
      56.6     23.1664512     19.3404623
      56.7     23.1753295     19.3701110
      56.8     23.1775949     19.3941843
      56.9     23.1731571     19.4125874
      57.0     23.1619410     19.4252382
      57.1     23.1438873     19.4320676
      57.2     23.1189526     19.4330195
      57.3     23.0871089     19.4280511
      57.4     23.0483442     19.4171328
      57.5     23.0026620     19.4002484
      57.6     22.9500818     19.3773949
      57.7     22.8906383     19.3485829
      57.8     22.8243820     19.3138361
      57.9     22.7513784     19.2731914
      58.0     22.6717082     19.2266990
      58.1     22.5854670     19.1744220
      58.2     22.4927647     19.1164364
      58.3     22.3937259     19.0528308
      58.4     22.2884889     18.9837063
      58.5     22.1772057     18.9091763
      58.6     22.0600416     18.8293661
      58.7     21.9371744     18.7444124
      58.8     21.8087947     18.6544636
      58.9     21.6751048     18.5596788
      59.0     21.5363185     18.4602280
      59.1     21.3926604     18.3562912
      59.2     21.2443657     18.2480581
      59.3     21.0916791     18.1357282
      59.4     20.9348549     18.0195094
      59.5     20.7741559     17.8996185
      59.6     20.6098529     17.7762798
      59.7     20.4422242     17.6497254
      59.8     20.2715549     17.5201941
      59.9     20.0981362     17.3879311
      60.0     19.9222647     17.2531873
      60.1     19.7442418     17.1162191
      60.2     19.5643732     16.9772872
      60.3     19.3829676     16.8366565
      60.4     19.2003369     16.6945956
      60.5     19.0167947     16.5513756
      60.6     18.8326560     16.4072700
      60.7     18.6482364     16.2625540
      60.8     18.4638515     16.1175036
      60.9     18.2798159     15.9723954
      61.0     18.0964430     15.8275057
      61.1     17.9140438     15.6831099
      61.2     17.7329266     15.5394820
      61.3     17.5533961     15.3968940
      61.4     17.3757527     15.2556151
      61.5     17.2002923     15.1159112
      61.6     17.0273050     14.9780445
      61.7     16.8570748     14.8422726
      61.8     16.6898792     14.7088482
      61.9     16.5259882     14.5780182
      62.0     16.3656641     14.4500237
      62.1     16.2091604     14.3250989
      62.2     16.0567222     14.2034709
      62.3     15.9085845     14.0853593
      62.4     15.7649727     13.9709752
      62.5     15.6261016     13.8605214
      62.6     15.4921753     13.7541916
      62.7     15.3633864     13.6521699
      62.8     15.2399159     13.5546307
      62.9     15.1219326     13.4617380
      63.0     15.0095930     13.3736453
      63.1     14.9030411     13.2904952
      63.2     14.8024075     13.2124190
      63.3     14.7078099     13.1395366
      63.4     14.6193525     13.0719560
      63.5     14.5371258     13.0097734
      63.6     14.4612064     12.9530726
      63.7     14.3916572     12.9019254
      63.8     14.3285270     12.8563907
      63.9     14.2718504     12.8165152
      64.0     14.2216482     12.7823327
      64.1     14.1779267     12.7538643
      64.2     14.1406785     12.7311183
      64.3     14.1098819     12.7140903
      64.4     14.0855013     12.7027633
      64.5     14.0674876     12.6971073
      64.6     14.0557777     12.6970801
      64.7     14.0502952     12.7026267
      64.8     14.0509505     12.7136801
      64.9     14.0576408     12.7301609
      65.0     14.0702508     12.7519779
      65.1     14.0886526     12.7790280
      65.2     14.1127062     12.8111969
      65.3     14.1422600     12.8483589
      65.4     14.1771508     12.8903774
      65.5     14.2172045     12.9371055
      65.6     14.2622364     12.9883857
      65.7     14.3120518     13.0440509
      65.8     14.3664462     13.1039246
      65.9     14.4252060     13.1678210
      66.0     14.4881089     13.2355460
      66.1     14.5549245     13.3068973
      66.2     14.6254147     13.3816646
      66.3     14.6993347     13.4596309
      66.4     14.7764327     13.5405722
      66.5     14.8564513     13.6242584
      66.6     14.9391279     13.7104538
      66.7     15.0241950     13.7989175
      66.8     15.1113811     13.8894044
      66.9     15.2004112     13.9816650
      67.0     15.2910075     14.0754466
      67.1     15.3828900     14.1704937
      67.2     15.4757770     14.2665485
      67.3     15.5693860     14.3633516
      67.4     15.6634342     14.4606425
      67.5     15.7576391     14.5581602
      67.6     15.8517190     14.6556439
      67.7     15.9453940     14.7528335
      67.8     16.0383863     14.8494701
      67.9     16.1304210     14.9452969
      68.0     16.2212266     15.0400594
      68.1     16.3105355     15.1335061
      68.2     16.3980849     15.2253894
      68.3     16.4836172     15.3154656
      68.4     16.5668804     15.4034958
      68.5     16.6476289     15.4892464
      68.6     16.7256239     15.5724894
      68.7     16.8006341     15.6530034
      68.8     16.8724358     15.7305735
      68.9     16.9408138     15.8049921
      69.0     17.0055617     15.8760595
      69.1     17.0664822     15.9435840
      69.2     17.1233877     16.0073825
      69.3     17.1761008     16.0672809
      69.4     17.2244542     16.1231146
      69.5     17.2682916     16.1747285
      69.6     17.3074677     16.2219777
      69.7     17.3418485     16.2647278
      69.8     17.3713118     16.3028549
      69.9     17.3957471     16.3362461
      70.0     17.4150561     16.3647997
      70.1     17.4291527     16.3884254
      70.2     17.4379635     16.4070445
      70.3     17.4414273     16.4205900
      70.4     17.4394958     16.4290069
      70.5     17.4321333     16.4322522
      70.6     17.4193172     16.4302947
      70.7     17.4010375     16.4231157
      70.8     17.3772968     16.4107085
      70.9     17.3481108     16.3930785
      71.0     17.3135078     16.3702432
      71.1     17.2735286     16.3422325
      71.2     17.2282264     16.3090878
      71.3     17.1776670     16.2708627
      71.4     17.1219280     16.2276225
      71.5     17.0610991     16.1794439
      71.6     16.9952817     16.1264151
      71.7     16.9245885     16.0686355
      71.8     16.8491434     16.0062153
      71.9     16.7690812     15.9392755
      72.0     16.6845471     15.8679472
      72.1     16.5956965     15.7923719
      72.2     16.5026945     15.7127005
      72.3     16.4057156     15.6290933
      72.4     16.3049433     15.5417198
      72.5     16.2005695     15.4507577
      72.6     16.0927942     15.3563932
      72.7     15.9818250     15.2588200
      72.8     15.8678765     15.1582391
      72.9     15.7511701     15.0548583
      73.0     15.6319328     14.9488917
      73.1     15.5103977     14.8405592
      73.2     15.3868025     14.7300860
      73.3     15.2613894     14.6177020
      73.4     15.1344045     14.5036415
      73.5     15.0060974     14.3881423
      73.6     14.8767200     14.2714454
      73.7     14.7465268     14.1537945
      73.8     14.6157735     14.0354350
      73.9     14.4847171     13.9166142
      74.0     14.3536146     13.7975800
      74.1     14.2227233     13.6785805
      74.2     14.0922992     13.5598638
      74.3     13.9625973     13.4416771
      74.4     13.8338704     13.3242661
      74.5     13.7063691     13.2078747
      74.6     13.5803406     13.0927440
      74.7     13.4560286     12.9791122
      74.8     13.3336726     12.8672140
      74.9     13.2135074     12.7572798
      75.0     13.0957625     12.6495352
      75.1     12.9806615     12.5442008
      75.2     12.8684220     12.4414914
      75.3     12.7592547     12.3416156
      75.4     12.6533630     12.2447754
      75.5     12.5509427     12.1511656
      75.6     12.4521815     12.0609733
      75.7     12.3572586     11.9743780
      75.8     12.2663442     11.8915503
      75.9     12.1795991     11.8126524
      76.0     12.0971748     11.7378370
      76.1     12.0192125     11.6672477
      76.2     11.9458433     11.6010179
      76.3     11.8771874     11.5392710
      76.4     11.8133547     11.4821201
      76.5     11.7544436     11.4296674
      76.6     11.7005414     11.3820044
      76.7     11.6517239     11.3392116
      76.8     11.6080554     11.3013578
      76.9     11.5695882     11.2685009
      77.0     11.5363630     11.2406868
      77.1     11.5084086     11.2179501
      77.2     11.4857415     11.2003134
      77.3     11.4683665     11.1877877
      77.4     11.4562763     11.1803721
      77.5     11.4494517     11.1780539
      77.6     11.4478614     11.1808089
      77.7     11.4514627     11.1886009
      77.8     11.4602006     11.2013822
      77.9     11.4740090     11.2190937
      78.0     11.4928103     11.2416648
      78.1     11.5165155     11.2690139
      78.2     11.5450247     11.3010482
      78.3     11.5782273     11.3376643
      78.4     11.6160022     11.3787483
      78.5     11.6582179     11.4241758
      78.6     11.7047333     11.4738126
      78.7     11.7553973     11.5275149
      78.8     11.8100500     11.5851295
      78.9     11.8685225     11.6464940
      79.0     11.9306373     11.7114379
      79.1     11.9962090     11.7797819
      79.2     12.0650445     11.8513394
      79.3     12.1369437     11.9259162
      79.4     12.2116995     12.0033112
      79.5     12.2890989     12.0833168
      79.6     12.3689228     12.1657196
      79.7     12.4509472     12.2503006
      79.8     12.5349430     12.3368359
      79.9     12.6206772     12.4250969
      80.0     12.7079130     12.5148512
      80.1     12.7964104     12.6058633
      80.2     12.8859270     12.6978942
      80.3     12.9762181     12.7907032
      80.4     13.0670377     12.8840474
      80.5     13.1581388     12.9776829
      80.6     13.2492742     13.0713651
      80.7     13.3401966     13.1648492
      80.8     13.4306596     13.2578912
      80.9     13.5204182     13.3502476
      81.0     13.6092292     13.4416770
      81.1     13.6968518     13.5319399
      81.2     13.7830482     13.6207994
      81.3     13.8675840     13.7080220
      81.4     13.9502289     13.7933779
      81.5     14.0307573     13.8766415
      81.6     14.1089483     13.9575922
      81.7     14.1845868     14.0360144
      81.8     14.2574637     14.1116987
      81.9     14.3273764     14.1844416
      82.0     14.3941292     14.2540466
      82.1     14.4575340     14.3203242
      82.2     14.5174101     14.3830927
      82.3     14.5735854     14.4421783
      82.4     14.6258964     14.4974158
      82.5     14.6741883     14.5486486
      82.6     14.7183159     14.5957295
      82.7     14.7581435     14.6385206
      82.8     14.7935454     14.6768939
      82.9     14.8244061     14.7107316
      83.0     14.8506206     14.7399263
      83.1     14.8720945     14.7643810
      83.2     14.8887446     14.7840099
      83.3     14.9004986     14.7987379
      83.4     14.9072955     14.8085013
      83.5     14.9090857     14.8132479
      83.6     14.9058311     14.8129368
      83.7     14.8975054     14.8075387
      83.8     14.8840936     14.7970360
      83.9     14.8655926     14.7814228
      84.0     14.8420111     14.7607050
      84.1     14.8133691     14.7349000
      84.2     14.7796985     14.7040369
      84.3     14.7410428     14.6681567
      84.4     14.6974566     14.6273115
      84.5     14.6490062     14.5815650
      84.6     14.5957687     14.5309922
      84.7     14.5378326     14.4756790
      84.8     14.4752968     14.4157223
      84.9     14.4082710     14.3512296
      85.0     14.3368752     14.2823190
      85.1     14.2612392     14.2091186
      85.2     14.1815029     14.1317664
      85.3     14.0978154     14.0504099
      85.4     14.0103350     13.9652060
      85.5     13.9192287     13.8763204
      85.6     13.8246719     13.7839272
      85.7     13.7268479     13.6882087
      85.8     13.6259477     13.5893549
      85.9     13.5221693     13.4875632
      86.0     13.4157175     13.3830374
      86.1     13.3068031     13.2759882
      86.2     13.1956429     13.1666319
      86.3     13.0824589     13.0551900
      86.4     12.9674778     12.9418895
      86.5     12.8509307     12.8269611
      86.6     12.7330522     12.7106399
      86.7     12.6140804     12.5931640
      86.8     12.4942560     12.4747745
      86.9     12.3738216     12.3557146
      87.0     12.2530218     12.2362294
      87.1     12.1321019     12.1165650
      87.2     12.0113080     11.9969682
      87.3     11.8908860     11.8776857
      87.4     11.7710812     11.7589637
      87.5     11.6521378     11.6410475
      87.6     11.5342983     11.5241807
      87.7     11.4178029     11.4086046
      87.8     11.3028892     11.2945580
      87.9     11.1897913     11.1822762
      88.0     11.0787397     11.0719908
      88.1     10.9699604     10.9639293
      88.2     10.8636746     10.8583140
      88.3     10.7600981     10.7553622
      88.4     10.6594411     10.6552852
      88.5     10.5619073     10.5582880
      88.6     10.4676937     10.4645690
      88.7     10.3769901     10.3743192
      88.8     10.2899789     10.2877222
      88.9     10.2068342     10.2049532
      89.0     10.1277219     10.1261794
      89.1     10.0527991     10.0515589
      89.2      9.9822136      9.9812405
      89.3      9.9161039      9.9153639
      89.4      9.8545989      9.8540585
      89.5      9.7978171      9.7974440
      89.6      9.7458669      9.7456294
      89.7      9.6988462      9.6987132
      89.8      9.6568419      9.6567831
      89.9      9.6199302      9.6199155
      90.0      9.5881759      9.5881759
      90.1      9.5616327      9.5616181
      90.2      9.5403429      9.5402848
      90.3      9.5243371      9.5242066
      90.4      9.5136346      9.5134028
      90.5      9.5082429      9.5078808
      90.6      9.5081579      9.5076365
      90.7      9.5133639      9.5126539
      90.8      9.5238337      9.5229053
      90.9      9.5395283      9.5383515
      91.0      9.5603977      9.5589416
      91.1      9.5863800      9.5846134
      91.2      9.6174027      9.6152934
      91.3      9.6533818      9.6508971
      91.4      9.6942227      9.6913289
      91.5      9.7398200      9.7364824
      91.6      9.7900580      9.7862410
      91.7      9.8448109      9.8404778
      91.8      9.9039429      9.8990559
      91.9      9.9673086      9.9618287
      92.0     10.0347535     10.0286406
      92.1     10.1061140     10.0993267
      92.2     10.1812183     10.1737138
      92.3     10.2598859     10.2516205
      92.4     10.3419291     10.3328575
      92.5     10.4271525     10.4172281
      92.6     10.5153537     10.5045289
      92.7     10.6063243     10.5945500
      92.8     10.6998494     10.6870752
      92.9     10.7957088     10.7818834
      93.0     10.8936773     10.8787479
      93.1     10.9935250     10.9774378
      93.2     11.0950181     11.0777184
      93.3     11.1979193     11.1793511
      93.4     11.3019881     11.2820947
      93.5     11.4069819     11.3857056
      93.6     11.5126559     11.4899383
      93.7     11.6187641     11.5945461
      93.8     11.7250594     11.6992815
      93.9     11.8312949     11.8038969
      94.0     11.9372235     11.9081450
      94.1     12.0425992     12.0117796
      94.2     12.1471773     12.1145557
      94.3     12.2507149     12.2162308
      94.4     12.3529717     12.3165644
      94.5     12.4537104     12.4153198
      94.6     12.5526970     12.5122633
      94.7     12.6497018     12.6071658
      94.8     12.7444995     12.6998027
      94.9     12.8368697     12.7899547
      95.0     12.9265978     12.8774082
      95.1     13.0134751     12.9619556
      95.2     13.0972994     13.0433961
      95.3     13.1778752     13.1215358
      95.4     13.2550147     13.1961885
      95.5     13.3285377     13.2671758
      95.6     13.3982722     13.3343276
      95.7     13.4640547     13.3974826
      95.8     13.5257307     13.4564885
      95.9     13.5831549     13.5112025
      96.0     13.6361917     13.5614912
      96.1     13.6847153     13.6072317
      96.2     13.7286102     13.6483110
      96.3     13.7677710     13.6846269
      96.4     13.8021035     13.7160877
      96.5     13.8315239     13.7426128
      96.6     13.8559597     13.7641330
      96.7     13.8753495     13.7805899
      96.8     13.8896436     13.7919370
      96.9     13.8988033     13.7981390
      97.0     13.9028018     13.7991725
      97.1     13.9016239     13.7950254
      97.2     13.8952659     13.7856976
      97.3     13.8837360     13.7712006
      97.4     13.8670539     13.7515575
      97.5     13.8452510     13.7268029
      97.6     13.8183701     13.6969832
      97.7     13.7864658     13.6621560
      97.8     13.7496037     13.6223901
      97.9     13.7078607     13.5777658
      98.0     13.6613249     13.5283738
      98.1     13.6100951     13.4743161
      98.2     13.5542806     13.4157048
      98.3     13.4940013     13.3526623
      98.4     13.4293871     13.2853211
      98.5     13.3605778     13.2138234
      98.6     13.2877227     13.1383206
      98.7     13.2109803     13.0589732
      98.8     13.1305178     12.9759503
      98.9     13.0465111     12.8894293
      99.0     12.9591441     12.7995955
      99.1     12.8686083     12.7066415
      99.2     12.7751027     12.6107672
      99.3     12.6788328     12.5121786
      99.4     12.5800107     12.4110883
      99.5     12.4788542     12.3077142
      99.6     12.3755868     12.2022795
      99.7     12.2704366     12.0950119
      99.8     12.1636363     11.9861433
      99.9     12.0554225     11.8759092
     100.0     11.9460351     11.7645480
     100.1     11.8357168     11.6523008
     100.2     11.7247128     11.5394108
     100.3     11.6132697     11.4261223
     100.4     11.5016358     11.3126808
     100.5     11.3900595     11.1993319
     100.6     11.2787899     11.0863213
     100.7     11.1680751     10.9738935
     100.8     11.0581626     10.8622921
     100.9     10.9492981     10.7517586
     101.0     10.8417253     10.6425322
     101.1     10.7356853     10.5348492
     101.2     10.6314159     10.4289423
     101.3     10.5291514     10.3250402
     101.4     10.4291216     10.2233673
     101.5     10.3315518     10.1241428
     101.6     10.2366618     10.0275805
     101.7     10.1446659      9.9338883
     101.8     10.0557721      9.8432674
     101.9      9.9701816      9.7559123
     102.0      9.8880886      9.6720102
     102.1      9.8096798      9.5917404
     102.2      9.7351336      9.5152743
     102.3      9.6646202      9.4427744
     102.4      9.5983012      9.3743947
     102.5      9.5363287      9.3102797
     102.6      9.4788456      9.2505643
     102.7      9.4259849      9.1953739
     102.8      9.3778694      9.1448232
     102.9      9.3346115      9.0990171
     103.0      9.2963132      9.0580493
     103.1      9.2630654      9.0220031
     103.2      9.2349479      8.9909505
     103.3      9.2120294      8.9649523
     103.4      9.1943669      8.9440583
     103.5      9.1820061      8.9283065
     103.6      9.1749808      8.9177235
     103.7      9.1733132      8.9123243
     103.8      9.1770136      8.9121125
     103.9      9.1860804      8.9170796
     104.0      9.2005003      8.9272061
     104.1      9.2202479      8.9424604
     104.2      9.2452863      8.9627998
     104.3      9.2755667      8.9881700
     104.4      9.3110286      9.0185056
     104.5      9.3516003      9.0537298
     104.6      9.3971985      9.0937552
     104.7      9.4477288      9.1384834
     104.8      9.5030858      9.1878057
     104.9      9.5631535      9.2416028
     105.0      9.6278051      9.2997456
     105.1      9.6969038      9.3620952
     105.2      9.7703029      9.4285035
     105.3      9.8478460      9.4988129
     105.4      9.9293673      9.5728574
     105.5     10.0146923      9.6504625
     105.6     10.1036378      9.7314457
     105.7     10.1960126      9.8156172
     105.8     10.2916176      9.9027796
     105.9     10.3902464      9.9927292
     106.0     10.4916860     10.0852559
     106.1     10.5957168     10.1801438
     106.2     10.7021133     10.2771718
     106.3     10.8106447     10.3761140
     106.4     10.9210751     10.4767400
     106.5     11.0331646     10.5788159
     106.6     11.1466689     10.6821044
     106.7     11.2613408     10.7863655
     106.8     11.3769301     10.8913570
     106.9     11.4931845     10.9968351
     107.0     11.6098499     11.1025547
     107.1     11.7266711     11.2082703
     107.2     11.8433924     11.3137365
     107.3     11.9597581     11.4187082
     107.4     12.0755129     11.5229414
     107.5     12.1904028     11.6261938
     107.6     12.3041755     11.7282253
     107.7     12.4165808     11.8287983
     107.8     12.5273715     11.9276786
     107.9     12.6363034     12.0246356
     108.0     12.7431366     12.1194431
     108.1     12.8476354     12.2118796
     108.2     12.9495690     12.3017287
     108.3     13.0487122     12.3887798
     108.4     13.1448455     12.4728286
     108.5     13.2377561     12.5536773
     108.6     13.3272380     12.6311352
     108.7     13.4130926     12.7050191
     108.8     13.4951289     12.7751538
     108.9     13.5731646     12.8413723
     109.0     13.6470255     12.9035161
     109.1     13.7165468     12.9614360
     109.2     13.7815731     13.0149920
     109.3     13.8419585     13.0640536
     109.4     13.8975674     13.1085004
     109.5     13.9482745     13.1482222
     109.6     13.9939651     13.1831191
     109.7     14.0345356     13.2131019
     109.8     14.0698935     13.2380922
     109.9     14.0999575     13.2580226
     110.0     14.1246581     13.2728370
     110.1     14.1439375     13.2824904
     110.2     14.1577495     13.2869491
     110.3     14.1660602     13.2861911
     110.4     14.1688475     13.2802055
     110.5     14.1661015     13.2689933
     110.6     14.1578244     13.2525666
     110.7     14.1440307     13.2309491
     110.8     14.1247468     13.2041760
     110.9     14.1000112     13.1722936
     111.0     14.0698745     13.1353594
     111.1     14.0343991     13.0934422
     111.2     13.9936591     13.0466214
     111.3     13.9477402     12.9949872
     111.4     13.8967398     12.9386404
     111.5     13.8407660     12.8776919
     111.6     13.7799383     12.8122626
     111.7     13.7143868     12.7424835
     111.8     13.6442519     12.6684945
     111.9     13.5696842     12.5904450
     112.0     13.4908443     12.5084930
     112.1     13.4079019     12.4228050
     112.2     13.3210362     12.3335555
     112.3     13.2304347     12.2409267
     112.4     13.1362935     12.1451080
     112.5     13.0388164     12.0462956
     112.6     12.9382147     11.9446920
     112.7     12.8347065     11.8405057
     112.8     12.7285167     11.7339506
     112.9     12.6198759     11.6252455
     113.0     12.5090203     11.5146139
     113.1     12.3961909     11.4022829
     113.2     12.2816335     11.2884833
     113.3     12.1655973     11.1734488
     113.4     12.0483353     11.0574155
     113.5     11.9301030     10.9406212
     113.6     11.8111583     10.8233053
     113.7     11.6917606     10.7057078
     113.8     11.5721705     10.5880692
     113.9     11.4526490     10.4706296
     114.0     11.3334572     10.3536283
     114.1     11.2148554     10.2373033
     114.2     11.0971027     10.1218906
     114.3     10.9804564     10.0076240
     114.4     10.8651716      9.8947343
     114.5     10.7515003      9.7834489
     114.6     10.6396910      9.6739912
     114.7     10.5299882      9.5665804
     114.8     10.4226318      9.4614304
     114.9     10.3178566      9.3587501
     115.0     10.2158918      9.2587423
     115.1     10.1169603      9.1616036
     115.2     10.0212785      9.0675239
     115.3      9.9290556      8.9766859
     115.4      9.8404932      8.8892648
     115.5      9.7557849      8.8054279
     115.6      9.6751157      8.7253340
     115.7      9.5986617      8.6491335
     115.8      9.5265899      8.5769677
     115.9      9.4590573      8.5089686
     116.0      9.3962113      8.4452588
     116.1      9.3381885      8.3859508
     116.2      9.2851151      8.3311472
     116.3      9.2371063      8.2809405
     116.4      9.1942660      8.2354122
     116.5      9.1566868      8.1946337
     116.6      9.1244495      8.1586652
     116.7      9.0976230      8.1275561
     116.8      9.0762644      8.1013449
     116.9      9.0604185      8.0800589
     117.0      9.0501179      8.0637141
     117.1      9.0453829      8.0523157
     117.2      9.0462212      8.0458573
     117.3      9.0526285      8.0443217
     117.4      9.0645877      8.0476804
     117.5      9.0820696      8.0558941
     117.6      9.1050326      8.0689125
     117.7      9.1334228      8.0866744
     117.8      9.1671744      8.1091081
     117.9      9.2062093      8.1361314
     118.0      9.2504380      8.1676520
     118.1      9.2997591      8.2035673
     118.2      9.3540598      8.2437652
     118.3      9.4132164      8.2881239
     118.4      9.4770942      8.3365124
     118.5      9.5455478      8.3887908
     118.6      9.6184218      8.4448106
     118.7      9.6955507      8.5044151
     118.8      9.7767594      8.5674396
     118.9      9.8618640      8.6337121
     119.0      9.9506714      8.7030533
     119.1     10.0429805      8.7752774
     119.2     10.1385822      8.8501922
     119.3     10.2372599      8.9275998
     119.4     10.3387903      9.0072969
     119.5     10.4429435      9.0890754
     119.6     10.5494838      9.1727226
     119.7     10.6581699      9.2580223
     119.8     10.7687560      9.3447544
     119.9     10.8809917      9.4326963
     120.0     10.9946230      9.5216229
     120.1     11.1093928      9.6113070
     120.2     11.2250412      9.7015203
     120.3     11.3413066      9.7920336
     120.4     11.4579257      9.8826175
     120.5     11.5746346      9.9730427
     120.6     11.6911690     10.0630805
     120.7     11.8072653     10.1525039
     120.8     11.9226605     10.2410872
     120.9     12.0370934     10.3286074
     121.0     12.1503050     10.4148442
     121.1     12.2620389     10.4995803
     121.2     12.3720422     10.5826027
     121.3     12.4800658     10.6637025
     121.4     12.5858653     10.7426753
     121.5     12.6892010     10.8193224
     121.6     12.7898392     10.8934505
     121.7     12.8875521     10.9648725
     121.8     12.9821186     11.0334078
     121.9     13.0733250     11.0988828
     122.0     13.1609649     11.1611312
     122.1     13.2448403     11.2199946
     122.2     13.3247619     11.2753224
     122.3     13.4005492     11.3269728
     122.4     13.4720313     11.3748123
     122.5     13.5390474     11.4187167
     122.6     13.6014466     11.4585713
     122.7     13.6590888     11.4942705
     122.8     13.7118450     11.5257190
     122.9     13.7595973     11.5528312
     123.0     13.8022393     11.5755319
     123.1     13.8396766     11.5937561
     123.2     13.8718267     11.6074496
     123.3     13.8986196     11.6165686
     123.4     13.9199974     11.6210801
     123.5     13.9359151     11.6209620
     123.6     13.9463402     11.6162029
     123.7     13.9512531     11.6068025
     123.8     13.9506472     11.5927711
     123.9     13.9445286     11.5741301
     124.0     13.9329165     11.5509113
     124.1     13.9158430     11.5231576
     124.2     13.8933529     11.4909223
     124.3     13.8655039     11.4542691
     124.4     13.8323665     11.4132723
     124.5     13.7940235     11.3680160
     124.6     13.7505702     11.3185945
     124.7     13.7021142     11.2651115
     124.8     13.6487747     11.2076806
     124.9     13.5906830     11.1464242
     125.0     13.5279817     11.0814738
     125.1     13.4608244     11.0129697
     125.2     13.3893757     10.9410600
     125.3     13.3138105     10.8659012
     125.4     13.2343140     10.7876572
     125.5     13.1510808     10.7064990
     125.6     13.0643149     10.6226044
     125.7     12.9742292     10.5361578
     125.8     12.8810447     10.4473493
     125.9     12.7849905     10.3563747
     126.0     12.6863028     10.2634346
     126.1     12.5852249     10.1687344
     126.2     12.4820062     10.0724836
     126.3     12.3769019      9.9748952
     126.4     12.2701722      9.8761855
     126.5     12.1620822      9.7765732
     126.6     12.0529007      9.6762793
     126.7     11.9429000      9.5755263
     126.8     11.8323552      9.4745380
     126.9     11.7215433      9.3735384
     127.0     11.6107432      9.2727518
     127.1     11.5002344      9.1724021
     127.2     11.3902967      9.0727121
     127.3     11.2812095      8.9739030
     127.4     11.1732512      8.8761941
     127.5     11.0666985      8.7798022
     127.6     10.9618257      8.6849410
     127.7     10.8589043      8.5918206
     127.8     10.7582021      8.5006473
     127.9     10.6599828      8.4116228
     128.0     10.5645052      8.3249437
     128.1     10.4720226      8.2408013
     128.2     10.3827824      8.1593811
     128.3     10.2970254      8.0808622
     128.4     10.2149851      8.0054170
     128.5     10.1368873      7.9332107
     128.6     10.0629497      7.8644012
     128.7      9.9933809      7.7991383
     128.8      9.9283805      7.7375638
     128.9      9.8681380      7.6798108
     129.0      9.8128329      7.6260034
     129.1      9.7626338      7.5762569
     129.2      9.7176983      7.5306767
     129.3      9.6781725      7.4893590
     129.4      9.6441904      7.4523897
     129.5      9.6158741      7.4198448
     129.6      9.5933328      7.3917900
     129.7      9.5766630      7.3682803
     129.8      9.5659481      7.3493603
     129.9      9.5612581      7.3350641
     130.0      9.5626495      7.3254145
     130.1      9.5701648      7.3204239
     130.2      9.5838330      7.3200936
     130.3      9.6036688      7.3244140
     130.4      9.6296729      7.3333648
     130.5      9.6618318      7.3469145
     130.6      9.7001180      7.3650213
     130.7      9.7444896      7.3876322
     130.8      9.7948908      7.4146839
     130.9      9.8512516      7.4461027
     131.0      9.9134881      7.4818044
     131.1      9.9815026      7.5216949
     131.2     10.0551838      7.5656702
     131.3     10.1344069      7.6136164
     131.4     10.2190339      7.6654104
     131.5     10.3089139      7.7209200
     131.6     10.4038833      7.7800040
     131.7     10.5037662      7.8425129
     131.8     10.6083746      7.9082887
     131.9     10.7175091      7.9771658
     132.0     10.8309589      8.0489711
     132.1     10.9485025      8.1235244
     132.2     11.0699082      8.2006389
     132.3     11.1949341      8.2801214
     132.4     11.3233295      8.3617731
     132.5     11.4548343      8.4453898
     132.6     11.5891808      8.5307622
     132.7     11.7260930      8.6176769
     132.8     11.8652882      8.7059163
     132.9     12.0064772      8.7952596
     133.0     12.1493648      8.8854829
     133.1     12.2936505      8.9763599
     133.2     12.4390296      9.0676624
     133.3     12.5851932      9.1591608
     133.4     12.7318293      9.2506247
     133.5     12.8786234      9.3418233
     133.6     13.0252591      9.4325261
     133.7     13.1714189      9.5225031
     133.8     13.3167849      9.6115257
     133.9     13.4610396      9.6993670
     134.0     13.6038664      9.7858025
     134.1     13.7449505      9.8706104
     134.2     13.8839795      9.9535722
     134.3     14.0206442     10.0344732
     134.4     14.1546393     10.1131031
     134.5     14.2856642     10.1892564
     134.6     14.4134232     10.2627328
     134.7     14.5376270     10.3333377
     134.8     14.6579927     10.4008827
     134.9     14.7742448     10.4651862
     135.0     14.8861157     10.5260734
     135.1     14.9933465     10.5833770
     135.2     15.0956873     10.6369377
     135.3     15.1928983     10.6866042
     135.4     15.2847500     10.7322339
     135.5     15.3710239     10.7736930
     135.6     15.4515129     10.8108571
     135.7     15.5260220     10.8436111
     135.8     15.5943688     10.8718497
     135.9     15.6563839     10.8954779
     136.0     15.7119112     10.9144106
     136.1     15.7608085     10.9285734
     136.2     15.8029479     10.9379025
     136.3     15.8382162     10.9423450
     136.4     15.8665149     10.9418587
     136.5     15.8877607     10.9364128
     136.6     15.9018860     10.9259873
     136.7     15.9088388     10.9105736
     136.8     15.9085829     10.8901744
     136.9     15.9010983     10.8648034
     137.0     15.8863810     10.8344858
     137.1     15.8644435     10.7992578
     137.2     15.8353145     10.7591668
     137.3     15.7990391     10.7142711
     137.4     15.7556786     10.6646402
     137.5     15.7053106     10.6103541
     137.6     15.6480292     10.5515035
     137.7     15.5839441     10.4881894
     137.8     15.5131813     10.4205233
     137.9     15.4358822     10.3486263
     138.0     15.3522038     10.2726294
     138.1     15.2623183     10.1926730
     138.2     15.1664128     10.1089066
     138.3     15.0646890     10.0214884
     138.4     14.9573628      9.9305852
     138.5     14.8446637      9.8363718
     138.6     14.7268348      9.7390306
     138.7     14.6041320      9.6387515
     138.8     14.4768236      9.5357311
     138.9     14.3451897      9.4301726
     139.0     14.2095218      9.3222851
     139.1     14.0701220      9.2122831
     139.2     13.9273026      9.1003865
     139.3     13.7813855      8.9868195
     139.4     13.6327011      8.8718104
     139.5     13.4815883      8.7555912
     139.6     13.3283933      8.6383969
     139.7     13.1734688      8.5204650
     139.8     13.0171739      8.4020349
     139.9     12.8598724      8.2833477
     140.0     12.7019331      8.1646452
     140.1     12.5437281      8.0461697
     140.2     12.3856323      7.9281634
     140.3     12.2280230      7.8108676
     140.4     12.0712785      7.6945225
     140.5     11.9157775      7.5793666
     140.6     11.7618984      7.4656358
     140.7     11.6100183      7.3535635
     140.8     11.4605121      7.2433795
     140.9     11.3137520      7.1353097
     141.0     11.1701063      7.0295757
     141.1     11.0299389      6.9263942
     141.2     10.8936081      6.8259763
     141.3     10.7614661      6.7285276
     141.4     10.6338580      6.6342471
     141.5     10.5111214      6.5433269
     141.6     10.3935849      6.4559522
     141.7     10.2815680      6.3723003
     141.8     10.1753801      6.2925405
     141.9     10.0753196      6.2168337
     142.0      9.9816736      6.1453319
     142.1      9.8947169      6.0781781
     142.2      9.8147112      6.0155057
     142.3      9.7419049      5.9574383
     142.4      9.6765322      5.9040893
     142.5      9.6188124      5.8555620
     142.6      9.5689498      5.8119489
     142.7      9.5271326      5.7733318
     142.8      9.4935327      5.7397815
     142.9      9.4683053      5.7113574
     143.0      9.4515884      5.6881079
     143.1      9.4435022      5.6700697
     143.2      9.4441491      5.6572682
     143.3      9.4536132      5.6497170
     143.4      9.4719598      5.6474181
     143.5      9.4992356      5.6503618
     143.6      9.5354681      5.6585268
     143.7      9.5806656      5.6718803
     143.8      9.6348172      5.6903777
     143.9      9.6978925      5.7139629
     144.0      9.7698416      5.7425688
     144.1      9.8505951      5.7761167
     144.2      9.9400644      5.8145169
     144.3     10.0381412      5.8576691
     144.4     10.1446983      5.9054619
     144.5     10.2595893      5.9577739
     144.6     10.3826491      6.0144731
     144.7     10.5136938      6.0754181
     144.8     10.6525213      6.1404575
     144.9     10.7989115      6.2094309
     145.0     10.9526270      6.2821688
     145.1     11.1134128      6.3584933
     145.2     11.2809974      6.4382183
     145.3     11.4550931      6.5211499
     145.4     11.6353964      6.6070871
     145.5     11.8215888      6.6958216
     145.6     12.0133371      6.7871391
     145.7     12.2102944      6.8808190
     145.8     12.4121005      6.9766354
     145.9     12.6183826      7.0743573
     146.0     12.8287562      7.1737495
     146.1     13.0428259      7.2745724
     146.2     13.2601859      7.3765833
     146.3     13.4804211      7.4795365
     146.4     13.7031076      7.5831839
     146.5     13.9278142      7.6872758
     146.6     14.1541025      7.7915608
     146.7     14.3815285      7.8957873
     146.8     14.6096431      7.9997033
     146.9     14.8379931      8.1030571
     147.0     15.0661223      8.2055983
     147.1     15.2935724      8.3070778
     147.2     15.5198838      8.4072485
     147.3     15.7445971      8.5058662
     147.4     15.9672533      8.6026896
     147.5     16.1873956      8.6974813
     147.6     16.4045698      8.7900081
     147.7     16.6183258      8.8800414
     147.8     16.8282180      8.9673582
     147.9     17.0338069      9.0517408
     148.0     17.2346596      9.1329782
     148.1     17.4303512      9.2108658
     148.2     17.6204653      9.2852063
     148.3     17.8045955      9.3558102
     148.4     17.9823456      9.4224957
     148.5     18.1533315      9.4850897
     148.6     18.3171811      9.5434278
     148.7     18.4735360      9.5973550
     148.8     18.6220516      9.6467257
     148.9     18.7623987      9.6914043
     149.0     18.8942638      9.7312653
     149.1     19.0173500      9.7661937
     149.2     19.1313776      9.7960854
     149.3     19.2360854      9.8208471
     149.4     19.3312304      9.8403969
     149.5     19.4165895      9.8546640
     149.6     19.4919592      9.8635895
     149.7     19.5571569      9.8671259
     149.8     19.6120208      9.8652377
     149.9     19.6564109      9.8579011
     150.0     19.6902092      9.8451046
     150.1     19.7133200      9.8268483
     150.2     19.7256705      9.8031446
     150.3     19.7272110      9.7740177
     150.4     19.7179150      9.7395037
     150.5     19.6977797      9.6996508
     150.6     19.6668261      9.6545187
     150.7     19.6250988      9.6041790
     150.8     19.5726666      9.5487145
     150.9     19.5096221      9.4882195
     151.0     19.4360818      9.4227994
     151.1     19.3521859      9.3525705
     151.2     19.2580986      9.2776598
     151.3     19.1540072      9.1982043
     151.4     19.0401226      9.1143517
     151.5     18.9166784      9.0262588
     151.6     18.7839311      8.9340924
     151.7     18.6421592      8.8380279
     151.8     18.4916632      8.7382496
     151.9     18.3327647      8.6349500
     152.0     18.1658064      8.5283295
     152.1     17.9911510      8.4185959
     152.2     17.8091808      8.3059640
     152.3     17.6202970      8.1906549
     152.4     17.4249192      8.0728960
     152.5     17.2234842      7.9529200
     152.6     17.0164456      7.8309646
     152.7     16.8042727      7.7072722
     152.8     16.5874498      7.5820889
     152.9     16.3664752      7.4556644
     153.0     16.1418601      7.3282511
     153.1     15.9141281      7.2001039
     153.2     15.6838135      7.0714793
     153.3     15.4514610      6.9426350
     153.4     15.2176238      6.8138293
     153.5     14.9828633      6.6853208
     153.6     14.7477474      6.5573673
     153.7     14.5128497      6.4302256
     153.8     14.2787482      6.3041509
     153.9     14.0460241      6.1793962
     154.0     13.8152605      6.0562116
     154.1     13.5870416      5.9348441
     154.2     13.3619510      5.8155366
     154.3     13.1405708      5.6985279
     154.4     12.9234801      5.5840516
     154.5     12.7112540      5.4723359
     154.6     12.5044625      5.3636033
     154.7     12.3036688      5.2580696
     154.8     12.1094284      5.1559439
     154.9     11.9222879      5.0574276
     155.0     11.7427836      4.9627148
     155.1     11.5714405      4.8719909
     155.2     11.4087711      4.7854328
     155.3     11.2552741      4.7032085
     155.4     11.1114334      4.6254763
     155.5     10.9777170      4.5523851
     155.6     10.8545757      4.4840733
     155.7     10.7424423      4.4206692
     155.8     10.6417304      4.3622904
     155.9     10.5528334      4.3090433
     156.0     10.4761239      4.2610235
     156.1     10.4119520      4.2183148
     156.2     10.3606453      4.1809897
     156.3     10.3225073      4.1491089
     156.4     10.2978172      4.1227211
     156.5     10.2868286      4.1018633
     156.6     10.2897692      4.0865601
     156.7     10.3068401      4.0768243
     156.8     10.3382149      4.0726561
     156.9     10.3840393      4.0740440
     157.0     10.4444308      4.0809642
     157.1     10.5194780      4.0933808
     157.2     10.6092400      4.1112459
     157.3     10.7137467      4.1344996
     157.4     10.8329980      4.1630705
     157.5     10.9669637      4.1968753
     157.6     11.1155833      4.2358195
     157.7     11.2787662      4.2797973
     157.8     11.4563911      4.3286918
     157.9     11.6483066      4.3823756
     158.0     11.8543310      4.4407106
     158.1     12.0742525      4.5035487
     158.2     12.3078293      4.5707319
     158.3     12.5547901      4.6420929
     158.4     12.8148342      4.7174551
     158.5     13.0876321      4.7966332
     158.6     13.3728260      4.8794337
     158.7     13.6700299      4.9656552
     158.8     13.9788307      5.0550886
     158.9     14.2987887      5.1475183
     159.0     14.6294382      5.2427218
     159.1     14.9702882      5.3404706
     159.2     15.3208234      5.4405310
     159.3     15.6805050      5.5426641
     159.4     16.0487718      5.6466263
     159.5     16.4250408      5.7521705
     159.6     16.8087086      5.8590460
     159.7     17.1991523      5.9669991
     159.8     17.5957308      6.0757742
     159.9     17.9977857      6.1851135
     160.0     18.4046429      6.2947586
     160.1     18.8156134      6.4044500
     160.2     19.2299951      6.5139286
     160.3     19.6470740      6.6229355
     160.4     20.0661252      6.7312132
     160.5     20.4864148      6.8385058
     160.6     20.9072011      6.9445596
     160.7     21.3277363      7.0491238
     160.8     21.7472676      7.1519510
     160.9     22.1650391      7.2527975
     161.0     22.5802930      7.3514243
     161.1     22.9922716      7.4475972
     161.2     23.4002183      7.5410876
     161.3     23.8033798      7.6316728
     161.4     24.2010070      7.7191365
     161.5     24.5923573      7.8032695
     161.6     24.9766957      7.8838699
     161.7     25.3532963      7.9607438
     161.8     25.7214445      8.0337053
     161.9     26.0804380      8.1025774
     162.0     26.4295884      8.1671920
     162.1     26.7682233      8.2273906
     162.2     27.0956869      8.2830243
     162.3     27.4113424      8.3339543
     162.4     27.7145732      8.3800525
     162.5     28.0047839      8.4212009
     162.6     28.2814024      8.4572930
     162.7     28.5438810      8.4882330
     162.8     28.7916976      8.5139368
     162.9     29.0243574      8.5343315
     163.0     29.2413940      8.5493562
     163.1     29.4423703      8.5589616
     163.2     29.6268803      8.5631104
     163.3     29.7945498      8.5617773
     163.4     29.9450378      8.5549490
     163.5     30.0780372      8.5426241
     163.6     30.1932760      8.5248135
     163.7     30.2905182      8.5015400
     163.8     30.3695645      8.4728384
     163.9     30.4302533      8.4387551
     164.0     30.4724614      8.3993487
     164.1     30.4961044      8.3546889
     164.2     30.5011378      8.3048573
     164.3     30.4875569      8.2499465
     164.4     30.4553976      8.1900601
     164.5     30.4047370      8.1253125
     164.6     30.3356931      8.0558289
     164.7     30.2484255      7.9817443
     164.8     30.1431353      7.9032039
     164.9     30.0200655      7.8203624
     165.0     29.8795006      7.7333838
     165.1     29.7217665      7.6424408
     165.2     29.5472308      7.5477148
     165.3     29.3563021      7.4493949
     165.4     29.1494298      7.3476781
     165.5     28.9271038      7.2427684
     165.6     28.6898539      7.1348765
     165.7     28.4382491      7.0242195
     165.8     28.1728975      6.9110198
     165.9     27.8944447      6.7955055
     166.0     27.6035740      6.6779089
     166.1     27.3010046      6.5584669
     166.2     26.9874913      6.4374196
     166.3     26.6638232      6.3150105
     166.4     26.3308227      6.1914853
     166.5     25.9893441      6.0670919
     166.6     25.6402728      5.9420795
     166.7     25.2845234      5.8166980
     166.8     24.9230389      5.6911976
     166.9     24.5567891      5.5658284
     167.0     24.1867688      5.4408391
     167.1     23.8139966      5.3164775
     167.2     23.4395133      5.1929889
     167.3     23.0643797      5.0706163
     167.4     22.6896757      4.9495994
     167.5     22.3164979      4.8301742
     167.6     21.9459582      4.7125725
     167.7     21.5791815      4.5970214
     167.8     21.2173041      4.4837425
     167.9     20.8614720      4.3729518
     168.0     20.5128384      4.2648589
     168.1     20.1725620      4.1596667
     168.2     19.8418051      4.0575708
     168.3     19.5217313      3.9587591
     168.4     19.2135036      3.8634114
     168.5     18.9182822      3.7716988
     168.6     18.6372226      3.6837839
     168.7     18.3714734      3.5998194
     168.8     18.1221740      3.5199487
     168.9     17.8904530      3.4443052
     169.0     17.6774254      3.3730118
     169.1     17.4841911      3.3061809
     169.2     17.3118328      3.2439140
     169.3     17.1614133      3.1863015
     169.4     17.0339742      3.1334226
     169.5     16.9305335      3.0853447
     169.6     16.8520836      3.0421237
     169.7     16.7995894      3.0038038
     169.8     16.7739862      2.9704170
     169.9     16.7761782      2.9419834
     170.0     16.8070360      2.9185112
     170.1     16.8673954      2.8999961
     170.2     16.9580553      2.8864221
     170.3     17.0797759      2.8777608
     170.4     17.2332773      2.8739721
     170.5     17.4192376      2.8750035
     170.6     17.6382916      2.8807909
     170.7     17.8910290      2.8912587
     170.8     18.1779934      2.9063192
     170.9     18.4996806      2.9258737
     171.0     18.8565372      2.9498123
     171.1     19.2489599      2.9780140
     171.2     19.6772939      3.0103473
     171.3     20.1418321      3.0466700
     171.4     20.6428138      3.0868302
     171.5     21.1804242      3.1306660
     171.6     21.7547936      3.1780061
     171.7     22.3659961      3.2286702
     171.8     23.0140496      3.2824694
     171.9     23.6989152      3.3392063
     172.0     24.4204962      3.3986762
     172.1     25.1786384      3.4606665
     172.2     25.9731295      3.5249581
     172.3     26.8036991      3.5913254
     172.4     27.6700183      3.6595367
     172.5     28.5717001      3.7293552
     172.6     29.5082994      3.8005390
     172.7     30.4793132      3.8728420
     172.8     31.4841809      3.9460142
     172.9     32.5222846      4.0198024
     173.0     33.5929500      4.0939508
     173.1     34.6954466      4.1682013
     173.2     35.8289884      4.2422944
     173.3     36.9927352      4.3159697
     173.4     38.1857929      4.3889662
     173.5     39.4072147      4.4610233
     173.6     40.6560023      4.5318812
     173.7     41.9311069      4.6012811
     173.8     43.2314307      4.6689667
     173.9     44.5558277      4.7346837
     174.0     45.9031059      4.7981811
     174.1     47.2720280      4.8592117
     174.2     48.6613138      4.9175322
     174.3     50.0696410      4.9729042
     174.4     51.4956478      5.0250946
     174.5     52.9379340      5.0738761
     174.6     54.3950632      5.1190277
     174.7     55.8655651      5.1603351
     174.8     57.3479367      5.1975915
     174.9     58.8406451      5.2305978
     175.0     60.3421294      5.2591631
     175.1     61.8508026      5.2831052
     175.2     63.3650543      5.3022511
     175.3     64.8832527      5.3164370
     175.4     66.4037472      5.3255091
     175.5     67.9248703      5.3293239
     175.6     69.4449404      5.3277483
     175.7     70.9622642      5.3206602
     175.8     72.4751391      5.3079485
     175.9     73.9818555      5.2895136
     176.0     75.4806996      5.2652674
     176.1     76.9699558      5.2351339
     176.2     78.4479094      5.1990489
     176.3     79.9128487      5.1569606
     176.4     81.3630680      5.1088293
     176.5     82.7968701      5.0546280
     176.6     84.2125684      4.9943420
     176.7     85.6084901      4.9279694
     176.8     86.9829782      4.8555207
     176.9     88.3343941      4.7770192
     177.0     89.6611203      4.6925005
     177.1     90.9615626      4.6020129
     177.2     92.2341527      4.5056171
     177.3     93.4773504      4.4033862
     177.4     94.6896461      4.2954053
     177.5     95.8695630      4.1817716
     177.6     97.0156595      4.0625942
     177.7     98.1265313      3.9379936
     177.8     99.2008135      3.8081019
     177.9    100.2371828      3.6730621
     178.0    101.2343595      3.5330282
     178.1    102.1911095      3.3881645
     178.2    103.1062461      3.2386455
     178.3    103.9786320      3.0846555
     178.4    104.8071809      2.9263882
     178.5    105.5908592      2.7640465
     178.6    106.3286878      2.5978414
     178.7    107.0197433      2.4279926
     178.8    107.6631596      2.2547271
     178.9    108.2581293      2.0782792
     179.0    108.8039049      1.8988900
     179.1    109.2997999      1.7168066
     179.2    109.7451899      1.5322821
     179.3    110.1395136      1.3455745
     179.4    110.4822737      1.1569465
     179.5    110.7730375      0.9666648
     179.6    111.0114380      0.7749997
     179.7    111.1971738      0.5822244
     179.8    111.3300103      0.3886143
     179.9    111.4097794      0.1944466
     180.0    111.4363804      0.0000000
