 # List of d(q) for j, j' =           17          18
 #    0  1.00000000
 #    1  0.71834765
 #    2  0.63015632
 #    3  0.50703512
 #    4  0.46689681
 #    5  0.40161642
 #    6  0.38251056
 #    7  0.33915019
 #    8  0.32806599
 #    9  0.29557348
 #   10  0.28849438
 #   11  0.26225627
 #   12  0.25770176
 #   13  0.23545932
 #   14  0.23300753
 #   15  0.21333390
 #   16  0.21243119
 #   17  0.19482751
 #   18  0.19526650
 #   19  0.17880751
 #   20  0.18044385
 #   21  0.16460587
 #   22  0.16786900
 #   23  0.15211094
 #   24  0.15698391
 #   25  0.14056908
 #   26  0.14808188
 #   27  0.12982855
 #   28  0.14111450
 #   29  0.11915021
 #   30  0.13723225
 #   31  0.10767752
 #   32  0.14002444
 #   33  0.09116948
 #   34  0.17408907
       0.0   1220.3063622      0.0000000
       0.1   1219.8483268      2.1290359
       0.2   1218.4750251      4.2532716
       0.3   1216.1888684      6.3679209
       0.4   1212.9938697      8.4682259
       0.5   1208.8956342     10.5494707
       0.6   1203.9013466     12.6069950
       0.7   1198.0197551     14.6362083
       0.8   1191.2611507     16.6326030
       0.9   1183.6373445     18.5917674
       1.0   1175.1616406     20.5093986
       1.1   1165.8488056     22.3813153
       1.2   1155.7150353     24.2034695
       1.3   1144.7779181     25.9719585
       1.4   1133.0563949     27.6830357
       1.5   1120.5707161     29.3331217
       1.6   1107.3423965     30.9188143
       1.7   1093.3941659     32.4368982
       1.8   1078.7499186     33.8843538
       1.9   1063.4346592     35.2583658
       2.0   1047.4744469     36.5563310
       2.1   1030.8963369     37.7758651
       2.2   1013.7283199     38.9148092
       2.3    995.9992601     39.9712357
       2.4    977.7388305     40.9434527
       2.5    958.9774477     41.8300088
       2.6    939.7462042     42.6296959
       2.7    920.0768004     43.3415524
       2.8    900.0014743     43.9648648
       2.9    879.5529317     44.4991688
       3.0    858.7642746     44.9442495
       3.1    837.6689292     45.3001414
       3.2    816.3005741     45.5671266
       3.3    794.6930672     45.7457331
       3.4    772.8803739     45.8367322
       3.5    750.8964943     45.8411343
       3.6    728.7753915     45.7601855
       3.7    706.5509198     45.5953618
       3.8    684.2567543     45.3483640
       3.9    661.9263204     45.0211111
       4.0    639.5927253     44.6157332
       4.1    617.2886903     44.1345638
       4.2    595.0464840     43.5801317
       4.3    572.8978578     42.9551520
       4.4    550.8739824     42.2625166
       4.5    529.0053868     41.5052843
       4.6    507.3218986     40.6866706
       4.7    485.8525866     39.8100364
       4.8    464.6257059     38.8788770
       4.9    443.6686451     37.8968106
       5.0    423.0078759     36.8675656
       5.1    402.6689057     35.7949692
       5.2    382.6762320     34.6829343
       5.3    363.0533011     33.5354467
       5.4    343.8224678     32.3565525
       5.5    325.0049597     31.1503449
       5.6    306.6208433     29.9209510
       5.7    288.6889942     28.6725187
       5.8    271.2270694     27.4092033
       5.9    254.2514838     26.1351550
       6.0    237.7773894     24.8545051
       6.1    221.8186574     23.5713536
       6.2    206.3878643     22.2897564
       6.3    191.4962813     21.0137125
       6.4    177.1538656     19.7471522
       6.5    163.3692573     18.4939250
       6.6    150.1497773     17.2577876
       6.7    137.5014299     16.0423932
       6.8    125.4289079     14.8512804
       6.9    113.9356012     13.6878630
       7.0    103.0236085     12.5554195
       7.1     92.6937515     11.4570846
       7.2     82.9455932     10.3958394
       7.3     73.7774580      9.3745038
       7.4     65.1864550      8.3957284
       7.5     57.1685046      7.4619872
       7.6     49.7183669      6.5755717
       7.7     42.8296732      5.7385845
       7.8     36.4949598      4.9529344
       7.9     30.7057041      4.2203316
       8.0     25.4523629      3.5422843
       8.1     20.7244131      2.9200953
       8.2     16.5103936      2.3548598
       8.3     12.7979500      1.8474634
       8.4      9.5738804      1.3985814
       8.5      6.8241828      1.0086784
       8.6      4.5341039      0.6780088
       8.7      2.6881898      0.4066178
       8.8      1.2703366      0.1943435
       8.9      0.2638430      0.0408193
       9.0     -0.3485365     -0.0545231
       9.1     -0.5845383     -0.0924495
       9.2     -0.4623349     -0.0739186
       9.3     -0.0004805     -0.0000776
       9.4      0.7821436      0.1277444
       9.5      1.8663842      0.3080422
       9.6      3.2328709      0.5391418
       9.7      4.8620705      0.8192072
       9.8      6.7343414      1.1462489
       9.9      8.8299873      1.5181318
      10.0     11.1293098      1.9325844
      10.1     13.6126609      2.3872078
      10.2     16.2604941      2.8794854
      10.3     19.0534145      3.4067927
      10.4     21.9722277      3.9664078
      10.5     24.9979878      4.5555214
      10.6     28.1120431      5.1712483
      10.7     31.2960810      5.8106374
      10.8     34.5321710      6.4706836
      10.9     37.8028057      7.1483383
      11.0     41.0909405      7.8405211
      11.1     44.3800310      8.5441308
      11.2     47.6540682      9.2560570
      11.3     50.8976122      9.9731909
      11.4     54.0958232     10.6924365
      11.5     57.2344904     11.4107221
      11.6     60.3000588     12.1250105
      11.7     63.2796539     12.8323099
      11.8     66.1611032     13.5296844
      11.9     68.9329563     14.2142641
      12.0     71.5845017     14.8832548
      12.1     74.1057823     15.5339476
      12.2     76.4876070     16.1637280
      12.3     78.7215613     16.7700846
      12.4     80.8000142     17.3506175
      12.5     82.7161238     17.9030459
      12.6     84.4638398     18.4252158
      12.7     86.0379035     18.9151065
      12.8     87.4338461     19.3708372
      12.9     88.6479843     19.7906728
      13.0     89.6774135     20.1730287
      13.1     90.5199990     20.5164761
      13.2     91.1743650     20.8197456
      13.3     91.6398817     21.0817307
      13.4     91.9166498     21.3014909
      13.5     92.0054838     21.4782536
      13.6     91.9078927     21.6114161
      13.7     91.6260599     21.7005462
      13.8     91.1628199     21.7453826
      13.9     90.5216349     21.7458352
      14.0     89.7065692     21.7019833
      14.1     88.7222621     21.6140749
      14.2     87.5738995     21.4825244
      14.3     86.2671849     21.3079095
      14.4     84.8083082     21.0909686
      14.5     83.2039148     20.8325965
      14.6     81.4610729     20.5338404
      14.7     79.5872400     20.1958945
      14.8     77.5902298     19.8200951
      14.9     75.4781771     19.4079145
      15.0     73.2595035     18.9609547
      15.1     70.9428819     18.4809406
      15.2     68.5372019     17.9697127
      15.3     66.0515335     17.4292196
      15.4     63.4950928     16.8615103
      15.5     60.8772059     16.2687256
      15.6     58.2072745     15.6530898
      15.7     55.4947415     15.0169018
      15.8     52.7490563     14.3625261
      15.9     49.9796417     13.6923836
      16.0     47.1958610     13.0089423
      16.1     44.4069859     12.3147079
      16.2     41.6221650     11.6122139
      16.3     38.8503939     10.9040122
      16.4     36.1004856     10.1926637
      16.5     33.3810423      9.4807282
      16.6     30.7004287      8.7707554
      16.7     28.0667460      8.0652747
      16.8     25.4878073      7.3667867
      16.9     22.9711151      6.6777535
      17.0     20.5238390      6.0005898
      17.1     18.1527960      5.3376540
      17.2     15.8644317      4.6912402
      17.3     13.6648031      4.0635691
      17.4     11.5595636      3.4567811
      17.5      9.5539484      2.8729277
      17.6      7.6527632      2.3139652
      17.7      5.8603727      1.7817471
      17.8      4.1806928      1.2780182
      17.9      2.6171824      0.8044083
      18.0      1.1728388      0.3624271
      18.1     -0.1498068     -0.0465415
      18.2     -1.3486910     -0.4212433
      18.3     -2.4222189     -0.7605585
      18.4     -3.3692626     -1.0635045
      18.5     -4.1891592     -1.3292397
      18.6     -4.8817057     -1.5570655
      18.7     -5.4471534     -1.7464282
      18.8     -5.8862009     -1.8969206
      18.9     -6.1999847     -2.0082830
      19.0     -6.3900694     -2.0804031
      19.1     -6.4584361     -2.1133159
      19.2     -6.4074692     -2.1072029
      19.3     -6.2399429     -2.0623909
      19.4     -5.9590054     -1.9793500
      19.5     -5.5681629     -1.8586910
      19.6     -5.0712620     -1.7011628
      19.7     -4.4724718     -1.5076490
      19.8     -3.7762638     -1.2791638
      19.9     -2.9873929     -1.0168475
      20.0     -2.1108760     -0.7219621
      20.1     -1.1519706     -0.3958859
      20.2     -0.1161534     -0.0401076
      20.3      0.9909028      0.3437795
      20.4      2.1633516      0.7540839
      20.5      3.3951961      1.1890227
      20.6      4.6803127      1.6467289
      20.7      6.0124740      2.1252583
      20.8      7.3853728      2.6225973
      20.9      8.7926459      3.1366709
      21.0     10.2278969      3.6653504
      21.1     11.6847201      4.2064620
      21.2     13.1567234      4.7577944
      21.3     14.6375507      5.3171083
      21.4     16.1209047      5.8821439
      21.5     17.6005683      6.4506299
      21.6     19.0704261      7.0202921
      21.7     20.5244850      7.5888618
      21.8     21.9568941      8.1540842
      21.9     23.3619638      8.7137271
      22.0     24.7341848      9.2655887
      22.1     26.0682447      9.8075061
      22.2     27.3590455     10.3373633
      22.3     28.6017189     10.8530984
      22.4     29.7916410     11.3527118
      22.5     30.9244459     11.8342731
      22.6     31.9960385     12.2959279
      22.7     33.0026058     12.7359050
      22.8     33.9406271     13.1525220
      22.9     34.8068834     13.5441920
      23.0     35.5984653     13.9094285
      23.1     36.3127796     14.2468512
      23.2     36.9475552     14.5551904
      23.3     37.5008472     14.8332914
      23.4     37.9710402     15.0801185
      23.5     38.3568504     15.2947584
      23.6     38.6573259     15.4764230
      23.7     38.8718465     15.6244523
      23.8     39.0001224     15.7383159
      23.9     39.0421906     15.8176151
      24.0     38.9984119     15.8620831
      24.1     38.8694651     15.8715866
      24.2     38.6563412     15.8461247
      24.3     38.3603364     15.7858292
      24.4     37.9830435     15.6909635
      24.5     37.5263429     15.5619208
      24.6     36.9923926     15.3992225
      24.7     36.3836171     15.2035156
      24.8     35.7026957     14.9755701
      24.9     34.9525497     14.7162752
      25.0     34.1363292     14.4266361
      25.1     33.2573989     14.1077694
      25.2     32.3193239     13.7608988
      25.3     31.3258536     13.3873499
      25.4     30.2809071     12.9885449
      25.5     29.1885562     12.5659973
      25.6     28.0530090     12.1213054
      25.7     26.8785933     11.6561462
      25.8     25.6697395     11.1722689
      25.9     24.4309627     10.6714882
      26.0     23.1668461     10.1556769
      26.1     21.8820226      9.6267589
      26.2     20.5811581      9.0867017
      26.3     19.2689334      8.5375093
      26.4     17.9500275      7.9812137
      26.5     16.6290996      7.4198679
      26.6     15.3107731      6.8555378
      26.7     13.9996182      6.2902944
      26.8     12.7001364      5.7262063
      26.9     11.4167439      5.1653312
      27.0     10.1537568      4.6097091
      27.1      8.9153757      4.0613540
      27.2      7.7056721      3.5222468
      27.3      6.5285740      2.9943276
      27.4      5.3878533      2.4794889
      27.5      4.2871130      1.9795685
      27.6      3.2297762      1.4963425
      27.7      2.2190748      1.0315192
      27.8      1.2580393      0.5867327
      27.9      0.3494901      0.1635369
      28.0     -0.5039713     -0.2366002
      28.1     -1.2999699     -0.6123013
      28.2     -2.0363634     -0.9622851
      28.3     -2.7112482     -1.2853708
      28.4     -3.3229644     -1.5804823
      28.5     -3.8700991     -1.8466517
      28.6     -4.3514898     -2.0830227
      28.7     -4.7662263     -2.2888539
      28.8     -5.1136516     -2.4635205
      28.9     -5.3933622     -2.6065169
      29.0     -5.6052072     -2.7174584
      29.1     -5.7492867     -2.7960815
      29.2     -5.8259490     -2.8422455
      29.3     -5.8357873     -2.8559319
      29.4     -5.7796354     -2.8372447
      29.5     -5.6585622     -2.7864093
      29.6     -5.4738660     -2.7037716
      29.7     -5.2270677     -2.5897960
      29.8     -4.9199029     -2.4450636
      29.9     -4.5543143     -2.2702699
      30.0     -4.1324422     -2.0662211
      30.1     -3.6566150     -1.8338317
      30.2     -3.1293395     -1.5741202
      30.3     -2.5532893     -1.2882050
      30.4     -1.9312944     -0.9773002
      30.5     -1.2663290     -0.6427105
      30.6     -0.5614993     -0.2858264
      30.7      0.1799689      0.0918819
      30.8      0.9547430      0.4888693
      30.9      1.7593970      0.9035229
      31.0      2.5904247      1.3341673
      31.1      3.4442533      1.7790716
      31.2      4.3172572      2.2364558
      31.3      5.2057718      2.7044979
      31.4      6.1061071      3.1813406
      31.5      7.0145618      3.6650985
      31.6      7.9274367      4.1538651
      31.7      8.8410486      4.6457204
      31.8      9.7517436      5.1387378
      31.9     10.6559102      5.6309914
      32.0     11.5499925      6.1205635
      32.1     12.4305028      6.6055516
      32.2     13.2940339      7.0840753
      32.3     14.1372706      7.5542838
      32.4     14.9570020      8.0143625
      32.5     15.7501319      8.4625397
      32.6     16.5136892      8.8970933
      32.7     17.2448385      9.3163571
      32.8     17.9408889      9.7187268
      32.9     18.5993031     10.1026662
      33.0     19.2177053     10.4667125
      33.1     19.7938891     10.8094816
      33.2     20.3258237     11.1296735
      33.3     20.8116607     11.4260766
      33.4     21.2497391     11.6975721
      33.5     21.6385902     11.9431382
      33.6     21.9769412     12.1618535
      33.7     22.2637189     12.3529004
      33.8     22.4980517     12.5155675
      33.9     22.6792716     12.6492528
      34.0     22.8069146     12.7534648
      34.1     22.8807218     12.8278249
      34.2     22.9006378     12.8720679
      34.3     22.8668100     12.8860431
      34.4     22.7795863     12.8697146
      34.5     22.6395124     12.8231610
      34.6     22.4473283     12.7465750
      34.7     22.2039640     12.6402620
      34.8     21.9105349     12.5046395
      34.9     21.5683360     12.3402344
      35.0     21.1788360     12.1476813
      35.1     20.7436706     11.9277195
      35.2     20.2646351     11.6811905
      35.3     19.7436766     11.4090341
      35.4     19.1828860     11.1122847
      35.5     18.5844886     10.7920675
      35.6     17.9508355     10.4495937
      35.7     17.2843938     10.0861561
      35.8     16.5877363      9.7031237
      35.9     15.8635318      9.3019365
      36.0     15.1145340      8.8841002
      36.1     14.3435710      8.4511798
      36.2     13.5535344      8.0047942
      36.3     12.7473675      7.5466096
      36.4     11.9280550      7.0783331
      36.5     11.0986108      6.6017066
      36.6     10.2620669      6.1184995
      36.7      9.4214622      5.6305027
      36.8      8.5798311      5.1395213
      36.9      7.7401921      4.6473679
      37.0      6.9055369      4.1558559
      37.1      6.0788194      3.6667924
      37.2      5.2629448      3.1819718
      37.3      4.4607598      2.7031687
      37.4      3.6750416      2.2321315
      37.5      2.9084885      1.7705756
      37.6      2.1637104      1.3201775
      37.7      1.4432197      0.8825679
      37.8      0.7494224      0.4593263
      37.9      0.0846102      0.0519748
      38.0     -0.5490477     -0.3380275
      38.1     -1.1495114     -0.7092898
      38.2     -1.7148773     -1.0604945
      38.3     -2.2433842     -1.3904025
      38.4     -2.7334189     -1.6978571
      38.5     -3.1835215     -1.9817887
      38.6     -3.5923893     -2.2412184
      38.7     -3.9588814     -2.4752615
      38.8     -4.2820210     -2.6831307
      38.9     -4.5609989     -2.8641388
      39.0     -4.7951747     -3.0177012
      39.1     -4.9840788     -3.1433379
      39.2     -5.1274123     -3.2406748
      39.3     -5.2250479     -3.3094454
      39.4     -5.2770286     -3.3494910
      39.5     -5.2835668     -3.3607618
      39.6     -5.2450426     -3.3433160
      39.7     -5.1620011     -3.2973202
      39.8     -5.0351494     -3.2230480
      39.9     -4.8653533     -3.1208791
      40.0     -4.6536327     -2.9912974
      40.1     -4.4011570     -2.8348892
      40.2     -4.1092402     -2.6523406
      40.3     -3.7793345     -2.4444349
      40.4     -3.4130247     -2.2120492
      40.5     -3.0120213     -1.9561513
      40.6     -2.5781532     -1.6777956
      40.7     -2.1133605     -1.3781190
      40.8     -1.6196866     -1.0583366
      40.9     -1.0992698     -0.7197368
      41.0     -0.5543348     -0.3636763
      41.1      0.0128157      0.0084247
      41.2      0.5998104      0.3950888
      41.3      1.2042184      0.7947862
      41.4      1.8235587      1.2059410
      41.5      2.4553095      1.6269373
      41.6      3.0969181      2.0561251
      41.7      3.7458104      2.4918268
      41.8      4.3994004      2.9323432
      41.9      5.0551004      3.3759606
      42.0      5.7103299      3.8209565
      42.1      6.3625257      4.2656066
      42.2      7.0091514      4.7081913
      42.3      7.6477059      5.1470018
      42.4      8.2757336      5.5803469
      42.5      8.8908321      6.0065591
      42.6      9.4906620      6.4240010
      42.7     10.0729542      6.8310713
      42.8     10.6355187      7.2262107
      42.9     11.1762518      7.6079078
      43.0     11.6931437      7.9747048
      43.1     12.1842854      8.3252027
      43.2     12.6478754      8.6580665
      43.3     13.0822252      8.9720301
      43.4     13.4857659      9.2659013
      43.5     13.8570524      9.5385655
      43.6     14.1947691      9.7889902
      43.7     14.4977330     10.0162287
      43.8     14.7648983     10.2194236
      43.9     14.9953592     10.3978095
      44.0     15.1883522     10.5507160
      44.1     15.3432588     10.6775701
      44.2     15.4596066     10.7778982
      44.3     15.5370703     10.8513274
      44.4     15.5754723     10.8975870
      44.5     15.5747824     10.9165093
      44.6     15.5351175     10.9080302
      44.7     15.4567397     10.8721888
      44.8     15.3400552     10.8091277
      44.9     15.1856119     10.7190918
      45.0     14.9940964     10.6024272
      45.1     14.7663308     10.4595804
      45.2     14.5032692     10.2910954
      45.3     14.2059930     10.0976124
      45.4     13.8757068      9.8798646
      45.5     13.5137326      9.6386758
      45.6     13.1215050      9.3749568
      45.7     12.7005646      9.0897018
      45.8     12.2525525      8.7839848
      45.9     11.7792027      8.4589552
      46.0     11.2823361      8.1158334
      46.1     10.7638527      7.7559060
      46.2     10.2257245      7.3805212
      46.3      9.6699874      6.9910832
      46.4      9.0987337      6.5890469
      46.5      8.5141039      6.1759127
      46.6      7.9182781      5.7532203
      46.7      7.3134685      5.3225431
      46.8      6.7019101      4.8854822
      46.9      6.0858529      4.4436602
      47.0      5.4675532      3.9987153
      47.1      4.8492653      3.5522949
      47.2      4.2332329      3.1060494
      47.3      3.6216808      2.6616261
      47.4      3.0168071      2.2206629
      47.5      2.4207745      1.7847822
      47.6      1.8357032      1.3555848
      47.7      1.2636622      0.9346439
      47.8      0.7066629      0.5234991
      47.9      0.1666511      0.1236511
      48.0     -0.3544996     -0.2634445
      48.1     -0.8549945     -0.6363823
      48.2     -1.3331241     -0.9938120
      48.3     -1.7872702     -1.3344442
      48.4     -2.2159113     -1.6570542
      48.5     -2.6176279     -1.9604874
      48.6     -2.9911075     -2.2436629
      48.7     -3.3351488     -2.5055777
      48.8     -3.6486656     -2.7453104
      48.9     -3.9306905     -2.9620244
      49.0     -4.1803778     -3.1549712
      49.1     -4.3970065     -3.3234926
      49.2     -4.5799818     -3.4670235
      49.3     -4.7288371     -3.5850938
      49.4     -4.8432353     -3.6773296
      49.5     -4.9229692     -3.7434552
      49.6     -4.9679618     -3.7832932
      49.7     -4.9782660     -3.7967658
      49.8     -4.9540638     -3.7838943
      49.9     -4.8956652     -3.7447991
      50.0     -4.8035061     -3.6796992
      50.1     -4.6781467     -3.5889112
      50.2     -4.5202684     -3.4728478
      50.3     -4.3306709     -3.3320163
      50.4     -4.1102686     -3.1670164
      50.5     -3.8600868     -2.9785379
      50.6     -3.5812576     -2.7673580
      50.7     -3.2750147     -2.5343380
      50.8     -2.9426887     -2.2804204
      50.9     -2.5857020     -2.0066248
      51.0     -2.2055624     -1.7140439
      51.1     -1.8038578     -1.4038400
      51.2     -1.3822494     -1.0772394
      51.3     -0.9424656     -0.7355288
      51.4     -0.4862952     -0.3800496
      51.5     -0.0155802     -0.0121932
      51.6      0.4677910      0.3666047
      51.7      0.9618908      0.7548692
      51.8      1.4647600      1.1510918
      51.9      1.9744152      1.5537365
      52.0      2.4888560      1.9612453
      52.1      3.0060727      2.3720441
      52.2      3.5240541      2.7845490
      52.3      4.0407945      3.1971717
      52.4      4.5543016      3.6083260
      52.5      5.0626035      4.0164334
      52.6      5.5637564      4.4199294
      52.7      6.0558512      4.8172690
      52.8      6.5370209      5.2069327
      52.9      7.0054473      5.5874322
      53.0      7.4593674      5.9573157
      53.1      7.8970800      6.3151737
      53.2      8.3169516      6.6596440
      53.3      8.7174222      6.9894168
      53.4      9.0970112      7.3032396
      53.5      9.4543221      7.5999217
      53.6      9.7880477      7.8783389
      53.7     10.0969743      8.1374371
      53.8     10.3799863      8.3762370
      53.9     10.6360698      8.5938368
      54.0     10.8643157      8.7894160
      54.1     11.0639230      8.9622384
      54.2     11.2342015      9.1116543
      54.3     11.3745733      9.2371036
      54.4     11.4845753      9.3381169
      54.5     11.5638599      9.4143178
      54.6     11.6121963      9.4654240
      54.7     11.6294705      9.4912480
      54.8     11.6156855      9.4916982
      54.9     11.5709609      9.4667784
      55.0     11.4955318      9.4165884
      55.1     11.3897477      9.3413229
      55.2     11.2540706      9.2412712
      55.3     11.0890731      9.1168153
      55.4     10.8954353      8.9684291
      55.5     10.6739427      8.7966757
      55.6     10.4254820      8.6022059
      55.7     10.1510380      8.3857552
      55.8      9.8516895      8.1481410
      55.9      9.5286046      7.8902595
      56.0      9.1830363      7.6130821
      56.1      8.8163174      7.3176517
      56.2      8.4298553      7.0050788
      56.3      8.0251265      6.6765371
      56.4      7.6036708      6.3332589
      56.5      7.1670850      5.9765306
      56.6      6.7170175      5.6076877
      56.7      6.2551612      5.2281098
      56.8      5.7832473      4.8392150
      56.9      5.3030389      4.4424550
      57.0      4.8163241      4.0393093
      57.1      4.3249091      3.6312796
      57.2      3.8306116      3.2198842
      57.3      3.3352542      2.8066524
      57.4      2.8406569      2.3931183
      57.5      2.3486311      1.9808154
      57.6      1.8609722      1.5712708
      57.7      1.3794534      1.1659993
      57.8      0.9058190      0.7664978
      57.9      0.4417779      0.3742397
      58.0     -0.0110025     -0.0093307
      58.1     -0.4509025     -0.3828035
      58.2     -0.8763559     -0.7448085
      58.3     -1.2858557     -1.0940203
      58.4     -1.6779595     -1.4291633
      58.5     -2.0512948     -1.7490163
      58.6     -2.4045637     -2.0524173
      58.7     -2.7365476     -2.3382673
      58.8     -3.0461115     -2.6055349
      58.9     -3.3322079     -2.8532600
      59.0     -3.5938804     -3.0805568
      59.1     -3.8302671     -3.2866178
      59.2     -4.0406034     -3.4707163
      59.3     -4.2242245     -3.6322091
      59.4     -4.3805677     -3.7705387
      59.5     -4.5091740     -3.8852358
      59.6     -4.6096896     -3.9759203
      59.7     -4.6818669     -4.0423030
      59.8     -4.7255648     -4.0841866
      59.9     -4.7407494     -4.1014661
      60.0     -4.7274932     -4.0941292
      60.1     -4.6859750     -4.0622565
      60.2     -4.6164786     -4.0060207
      60.3     -4.5193914     -3.9256858
      60.4     -4.3952028     -3.8216066
      60.5     -4.2445018     -3.6942263
      60.6     -4.0679749     -3.5440759
      60.7     -3.8664026     -3.3717709
      60.8     -3.6406569     -3.1780098
      60.9     -3.3916972     -2.9635708
      61.0     -3.1205668     -2.7293092
      61.1     -2.8283886     -2.4761539
      61.2     -2.5163605     -2.2051035
      61.3     -2.1857511     -1.9172232
      61.4     -1.8378943     -1.6136399
      61.5     -1.4741845     -1.2955386
      61.6     -1.0960711     -0.9641573
      61.7     -0.7050525     -0.6207827
      61.8     -0.3026711     -0.2667451
      61.9      0.1094932      0.0965868
      62.0      0.5298285      0.4678108
      62.1      0.9566977      0.8454966
      62.2      1.3884441      1.2281912
      62.3      1.8233976      1.6144247
      62.4      2.2598817      2.0027153
      62.5      2.6962189      2.3915753
      62.6      3.1307374      2.7795168
      62.7      3.5617774      3.1650568
      62.8      3.9876972      3.5467232
      62.9      4.4068791      3.9230602
      63.0      4.8177354      4.2926337
      63.1      5.2187146      4.6540368
      63.2      5.6083066      5.0058949
      63.3      5.9850485      5.3468711
      63.4      6.3475300      5.6756708
      63.5      6.6943982      5.9910470
      63.6      7.0243629      6.2918044
      63.7      7.3362007      6.5768043
      63.8      7.6287599      6.8449687
      63.9      7.9009645      7.0952840
      64.0      8.1518177      7.3268053
      64.1      8.3804057      7.5386592
      64.2      8.5859008      7.7300476
      64.3      8.7675640      7.9002505
      64.4      8.9247482      8.0486282
      64.5      9.0568994      8.1746241
      64.6      9.1635593      8.2777665
      64.7      9.2443666      8.3576705
      64.8      9.2990575      8.4140388
      64.9      9.3274674      8.4466634
      65.0      9.3295303      8.4554259
      65.1      9.3052794      8.4402979
      65.2      9.2548464      8.4013411
      65.3      9.1784609      8.3387068
      65.4      9.0764492      8.2526354
      65.5      8.9492329      8.1434553
      65.6      8.7973269      8.0115819
      65.7      8.6213374      7.8575152
      65.8      8.4219593      7.6818385
      65.9      8.1999735      7.4852161
      66.0      7.9562436      7.2683902
      66.1      7.6917124      7.0321785
      66.2      7.4073985      6.7774709
      66.3      7.1043919      6.5052259
      66.4      6.7838500      6.2164673
      66.5      6.4469930      5.9122799
      66.6      6.0950993      5.5938056
      66.7      5.7295004      5.2622389
      66.8      5.3515758      4.9188224
      66.9      4.9627479      4.5648422
      67.0      4.5644765      4.2016228
      67.1      4.1582531      3.8305220
      67.2      3.7455954      3.4529264
      67.3      3.3280416      3.0702451
      67.4      2.9071445      2.6839055
      67.5      2.4844656      2.2953469
      67.6      2.0615695      1.9060159
      67.7      1.6400177      1.5173603
      67.8      1.2213631      1.1308242
      67.9      0.8071441      0.7478421
      68.0      0.3988787      0.3698339
      68.1     -0.0019409     -0.0018008
      68.2     -0.3938538     -0.3656876
      68.3     -0.7754359     -0.7204827
      68.4     -1.1453050     -1.0648777
      68.5     -1.5021263     -1.3976047
      68.6     -1.8446165     -1.7174409
      68.7     -2.1715491     -2.0232132
      68.8     -2.4817587     -2.3138027
      68.9     -2.7741450     -2.5881484
      69.0     -3.0476771     -2.8452516
      69.1     -3.3013968     -3.0841797
      69.2     -3.5344225     -3.3040689
      69.3     -3.7459518     -3.5041282
      69.4     -3.9352646     -3.6836419
      69.5     -4.1017255     -3.8419722
      69.6     -4.2447863     -3.9785617
      69.7     -4.3639872     -4.0929353
      69.8     -4.4589590     -4.1847019
      69.9     -4.5294237     -4.2535558
      70.0     -4.5751959     -4.2992778
      70.1     -4.5961827     -4.3217360
      70.2     -4.5923842     -4.3208860
      70.3     -4.5638934     -4.2967712
      70.4     -4.5108952     -4.2495224
      70.5     -4.4336658     -4.1793574
      70.6     -4.3325717     -4.0865798
      70.7     -4.2080675     -3.9715781
      70.8     -4.0606945     -3.8348240
      70.9     -3.8910785     -3.6768704
      71.0     -3.6999268     -3.4983496
      71.1     -3.4880261     -3.2999704
      71.2     -3.2562387     -3.0825159
      71.3     -3.0054994     -2.8468399
      71.4     -2.7368121     -2.5938641
      71.5     -2.4512455     -2.3245741
      71.6     -2.1499291     -2.0400162
      71.7     -1.8340490     -1.7412929
      71.8     -1.5048431     -1.4295589
      71.9     -1.1635965     -1.1060168
      72.0     -0.8116367     -0.7719124
      72.1     -0.4503284     -0.4285299
      72.2     -0.0810681     -0.0771874
      72.3      0.2947204      0.2807688
      72.4      0.6755924      0.6439684
      72.5      1.0600871      1.0110230
      72.6      1.4467330      1.3805310
      72.7      1.8340540      1.7510829
      72.8      2.2205744      2.1212667
      72.9      2.6048247      2.4896732
      73.0      2.9853468      2.8549013
      73.1      3.3606998      3.2155632
      73.2      3.7294650      3.5702896
      73.3      4.0902516      3.9177350
      73.4      4.4417012      4.2565825
      73.5      4.7824933      4.5855489
      73.6      5.1113501      4.9033896
      73.7      5.4270412      5.2089028
      73.8      5.7283877      5.5009345
      73.9      6.0142672      5.7783825
      74.0      6.2836173      6.0402006
      74.1      6.5354398      6.2854024
      74.2      6.7688040      6.5130650
      74.3      6.9828504      6.7223325
      74.4      7.1767936      6.9124190
      74.5      7.3499251      7.0826116
      74.6      7.5016156      7.2322731
      74.7      7.6313177      7.3608441
      74.8      7.7385673      7.4678451
      74.9      7.8229855      7.5528784
      75.0      7.8842797      7.6156293
      75.1      7.9222444      7.6558675
      75.2      7.9367622      7.6734473
      75.3      7.9278037      7.6683089
      75.4      7.8954278      7.6404779
      75.5      7.8397810      7.5900654
      75.6      7.7610966      7.5172675
      75.7      7.6596942      7.4223642
      75.8      7.5359779      7.3057187
      75.9      7.3904347      7.1677758
      76.0      7.2236328      7.0090600
      76.1      7.0362188      6.8301736
      76.2      6.8289159      6.6317943
      76.3      6.6025203      6.4146728
      76.4      6.3578985      6.1796294
      76.5      6.0959839      5.9275514
      76.6      5.8177732      5.6593895
      76.7      5.5243226      5.3761540
      76.8      5.2167433      5.0789112
      76.9      4.8961981      4.7687793
      77.0      4.5638962      4.4469238
      77.1      4.2210889      4.1145537
      77.2      3.8690650      3.7729162
      77.3      3.5091455      3.4232927
      77.4      3.1426791      3.0669932
      77.5      2.7710368      2.7053522
      77.6      2.3956068      2.3397227
      77.7      2.0177891      1.9714719
      77.8      1.6389908      1.6019757
      77.9      1.2606202      1.2326133
      78.0      0.8840819      0.8647625
      78.1      0.5107713      0.4997943
      78.2      0.1420697      0.1390674
      78.3     -0.2206611     -0.2160764
      78.4     -0.5760836     -0.5643173
      78.5     -0.9228900     -0.9043627
      78.6     -1.2598065     -1.2349520
      78.7     -1.5855985     -1.5548611
      78.8     -1.8990748     -1.8629072
      78.9     -2.1990921     -2.1579529
      79.0     -2.4845594     -2.4389110
      79.1     -2.7544416     -2.7047479
      79.2     -3.0077637     -2.9544880
      79.3     -3.2436142     -3.1872168
      79.4     -3.4611481     -3.4020848
      79.5     -3.6595906     -3.5983104
      79.6     -3.8382392     -3.7751826
      79.7     -3.9964668     -3.9320639
      79.8     -4.1337237     -4.0683927
      79.9     -4.2495393     -4.1836849
      80.0     -4.3435242     -4.2775363
      80.1     -4.4153712     -4.3496233
      80.2     -4.4648565     -4.3997048
      80.3     -4.4918403     -4.4276226
      80.4     -4.4962674     -4.4333019
      80.5     -4.4781671     -4.4167517
      80.6     -4.4376529     -4.3780648
      80.7     -4.3749222     -4.3174170
      80.8     -4.2902553     -4.2350666
      80.9     -4.1840144     -4.1313536
      81.0     -4.0566417     -4.0066977
      81.1     -3.9086582     -3.8615975
      81.2     -3.7406614     -3.6966277
      81.3     -3.5533226     -3.5124377
      81.4     -3.3473850     -3.3097483
      81.5     -3.1236604     -3.0893496
      81.6     -2.8830259     -2.8520977
      81.7     -2.6264210     -2.5989113
      81.8     -2.3548437     -2.3307683
      81.9     -2.0693467     -2.0487022
      82.0     -1.7710335     -1.7537980
      82.1     -1.4610543     -1.4471881
      82.2     -1.1406012     -1.1300482
      82.3     -0.8109043     -0.8035925
      82.4     -0.4732265     -0.4690694
      82.5     -0.1288590     -0.1277566
      82.6      0.2208833      0.2190436
      82.7      0.5746674      0.5700094
      82.8      0.9311467      0.9238044
      82.9      1.2889661      1.2790823
      83.0      1.6467674      1.6344926
      83.1      2.0031938      1.9886853
      83.2      2.3568956      2.3403160
      83.3      2.7065349      2.6880510
      83.4      3.0507907      3.0305724
      83.5      3.3883636      3.3665827
      83.6      3.7179810      3.6948103
      83.7      4.0384016      4.0140135
      83.8      4.3484199      4.3229858
      83.9      4.6468709      4.6205600
      84.0      4.9326343      4.9056128
      84.1      5.2046387      5.1770688
      84.2      5.4618654      5.4339046
      84.3      5.7033524      5.6751526
      84.4      5.9281977      5.8999048
      84.5      6.1355627      6.1073157
      84.6      6.3246751      6.2966060
      84.7      6.4948322      6.4670648
      84.8      6.6454029      6.6180531
      84.9      6.7758303      6.7490052
      85.0      6.8856335      6.8594316
      85.1      6.9744096      6.9489202
      85.2      7.0418348      7.0171381
      85.3      7.0876658      7.0638327
      85.4      7.1117404      7.0888326
      85.5      7.1139782      7.0920482
      85.6      7.0943807      7.0734718
      85.7      7.0530314      7.0331780
      85.8      6.9900950      6.9713229
      85.9      6.9058172      6.8881437
      86.0      6.8005234      6.7839577
      86.1      6.6746174      6.6591609
      86.2      6.5285800      6.5142267
      86.3      6.3629670      6.3497041
      86.4      6.1784069      6.1662152
      86.5      5.9755988      5.9644531
      86.6      5.7553095      5.7451792
      86.7      5.5183708      5.5092203
      86.8      5.2656758      5.2574654
      86.9      4.9981762      4.9908623
      87.0      4.7168783      4.7104140
      87.1      4.4228390      4.4171750
      87.2      4.1171624      4.1122471
      87.3      3.8009950      3.7967754
      87.4      3.4755217      3.4719439
      87.5      3.1419613      3.1389709
      87.6      2.8015621      2.7991047
      87.7      2.4555968      2.4536185
      87.8      2.1053578      2.1038060
      87.9      1.7521528      1.7509760
      88.0      1.3972993      1.3964481
      88.1      1.0421202      1.0415473
      88.2      0.6879385      0.6875990
      88.3      0.3360722      0.3359243
      88.4     -0.0121700     -0.0121652
      88.5     -0.3554941     -0.3553723
      88.6     -0.6926255     -0.6924187
      88.7     -1.0223138     -1.0220506
      88.8     -1.3433372     -1.3430426
      88.9     -1.6545074     -1.6542025
      89.0     -1.9546738     -1.9543761
      89.1     -2.2427278     -2.2424511
      89.2     -2.5176069     -2.5173615
      89.3     -2.7782986     -2.7780913
      89.4     -3.0238445     -3.0236787
      89.5     -3.2533433     -3.2532194
      89.6     -3.4659544     -3.4658699
      89.7     -3.6609010     -3.6608508
      89.8     -3.8374730     -3.8374496
      89.9     -3.9950295     -3.9950234
      90.0     -4.1330011     -4.1330011
      90.1     -4.2508923     -4.2508859
      90.2     -4.3482829     -4.3482564
      90.3     -4.4248296     -4.4247690
      90.4     -4.4802675     -4.4801584
      90.5     -4.5144108     -4.5142389
      90.6     -4.5271535     -4.5269052
      90.7     -4.5184696     -4.5181323
      90.8     -4.4884134     -4.4879759
      90.9     -4.4371192     -4.4365718
      91.0     -4.3648006     -4.3641358
      91.1     -4.2717496     -4.2709624
      91.2     -4.1583359     -4.1574239
      91.3     -4.0250049     -4.0239689
      91.4     -3.8722763     -3.8711204
      91.5     -3.7007420     -3.6994739
      91.6     -3.5110641     -3.5096952
      91.7     -3.3039720     -3.3025178
      91.8     -3.0802600     -3.0787400
      91.9     -2.8407838     -2.8392220
      92.0     -2.5864580     -2.5848824
      92.1     -2.3182518     -2.3166949
      92.2     -2.0371863     -2.0356847
      92.3     -1.7443296     -1.7429243
      92.4     -1.4407936     -1.4395298
      92.5     -1.1277297     -1.1266563
      92.6     -0.8063238     -0.8054938
      92.7     -0.4777930     -0.4772626
      92.8     -0.1433799     -0.1432087
      92.9      0.1956513      0.1954007
      93.0      0.5380198      0.5372825
      93.1      0.8824331      0.8811418
      93.2      1.2275915      1.2256774
      93.3      1.5721934      1.5695864
      93.4      1.9149399      1.9115693
      93.5      2.2545395      2.2503343
      93.6      2.5897133      2.5846031
      93.7      2.9191996      2.9131149
      93.8      3.2417584      3.2346313
      93.9      3.5561765      3.5479413
      94.0      3.8612714      3.8518655
      94.1      4.1558962      4.1452604
      94.2      4.4389439      4.4270230
      94.3      4.7093509      4.6960947
      94.4      4.9661018      4.9514655
      94.5      5.2082326      5.1921774
      94.6      5.4348343      5.4173280
      94.7      5.6450566      5.6260744
      94.8      5.8381108      5.8176357
      94.9      6.0132727      5.9912959
      95.0      6.1698855      6.1464072
      95.1      6.3073621      6.2823917
      95.2      6.4251872      6.3987437
      95.3      6.5229192      6.4950318
      95.4      6.6001921      6.5709002
      95.5      6.6567164      6.6260702
      95.6      6.6922805      6.6603409
      95.7      6.7067513      6.6735902
      95.8      6.7000748      6.6657752
      95.9      6.6722762      6.6369320
      96.0      6.6234597      6.5871757
      96.1      6.5538082      6.5167001
      96.2      6.4635825      6.4257767
      96.3      6.3531204      6.3147536
      96.4      6.2228354      6.1840542
      96.5      6.0732153      6.0341757
      96.6      5.9048197      5.8656870
      96.7      5.7182787      5.6792266
      96.8      5.5142902      5.4754999
      96.9      5.2936171      5.2552772
      97.0      5.0570846      5.0193899
      97.1      4.8055773      4.7687279
      97.2      4.5400355      4.5042360
      97.3      4.2614519      4.2269104
      97.4      3.9708677      3.9377950
      97.5      3.6693691      3.6379772
      97.6      3.3580828      3.3285838
      97.7      3.0381719      3.0107773
      97.8      2.7108316      2.6857506
      97.9      2.3772850      2.3547233
      98.0      2.0387779      2.0189366
      98.1      1.6965746      1.6796489
      98.2      1.3519531      1.3381310
      98.3      1.0062003      0.9956611
      98.4      0.6606071      0.6535204
      98.5      0.3164639      0.3129878
      98.6     -0.0249449     -0.0246644
      98.7     -0.3623448     -0.3581757
      98.8     -0.6944768     -0.6863017
      98.9     -1.0201015     -1.0078194
      99.0     -1.3380040     -1.3215310
      99.1     -1.6469984     -1.6262690
      99.2     -1.9459323     -1.9209003
      99.3     -2.2336908     -2.2043305
      99.4     -2.5092010     -2.4755079
      99.5     -2.7714360     -2.7334274
      99.6     -3.0194185     -2.9771347
      99.7     -3.2522245     -3.2057290
      99.8     -3.4689870     -3.4183672
      99.9     -3.6688988     -3.6142664
     100.0     -3.8512159     -3.7927073
     100.1     -4.0152603     -3.9530365
     100.2     -4.1604220     -4.0946691
     100.3     -4.2861620     -4.2170907
     100.4     -4.3920138     -4.3198595
     100.5     -4.4775852     -4.4026077
     100.6     -4.5425601     -4.4650429
     100.7     -4.5866993     -4.5069494
     100.8     -4.6098415     -4.5281885
     100.9     -4.6119040     -4.5286993
     101.0     -4.5928830     -4.5084988
     101.1     -4.5528536     -4.4676819
     101.2     -4.4919694     -4.4064206
     101.3     -4.4104621     -4.3249638
     101.4     -4.3086404     -4.2236360
     101.5     -4.1868893     -4.1028362
     101.6     -4.0456681     -3.9630363
     101.7     -3.8855091     -3.8047792
     101.8     -3.7070156     -3.6286767
     101.9     -3.5108594     -3.4354074
     102.0     -3.2977784     -3.2257140
     102.1     -3.0685740     -3.0004002
     102.2     -2.8241080     -2.7603280
     102.3     -2.5652993     -2.5064143
     102.4     -2.2931207     -2.2396274
     102.5     -2.0085951     -1.9609833
     102.6     -1.7127916     -1.6715420
     102.7     -1.4068217     -1.3724032
     102.8     -1.0918353     -1.0647025
     102.9     -0.7690160     -0.7496069
     103.0     -0.4395768     -0.4283105
     103.1     -0.1047559     -0.1020298
     103.2      0.2341882      0.2280007
     103.3      0.5759815      0.5605331
     103.4      0.9193390      0.8943108
     103.5      1.2629696      1.2280737
     103.6      1.6055809      1.5605621
     103.7      1.9458842      1.8905221
     103.8      2.2825989      2.2167101
     103.9      2.6144578      2.5378973
     104.0      2.9402115      2.8528746
     104.1      3.2586330      3.1604570
     104.2      3.5685228      3.4594878
     104.3      3.8687127      3.7488434
     104.4      4.1580705      4.0274371
     104.5      4.4355046      4.2942233
     104.6      4.6999673      4.5482014
     104.7      4.9504593      4.7884197
     104.8      5.1860335      5.0139785
     104.9      5.4057981      5.2240340
     105.0      5.6089202      5.4178009
     105.1      5.7946292      5.5945559
     105.2      5.9622190      5.7536397
     105.3      6.1110514      5.8944599
     105.4      6.2405581      6.0164934
     105.5      6.3502429      6.1192875
     105.6      6.4396837      6.2024623
     105.7      6.5085339      6.2657119
     105.8      6.5565239      6.3088053
     105.9      6.5834621      6.3315875
     106.0      6.5892355      6.3339797
     106.1      6.5738103      6.3159799
     106.2      6.5372322      6.2776628
     106.3      6.4796258      6.2191791
     106.4      6.4011946      6.1407555
     106.5      6.3022202      6.0426931
     106.6      6.1830611      5.9253671
     106.7      6.0441515      5.7892243
     106.8      5.8859997      5.6347823
     106.9      5.7091863      5.4626270
     107.0      5.5143620      5.2734106
     107.1      5.3022451      5.0678488
     107.2      5.0736190      4.8467185
     107.3      4.8293295      4.6108544
     107.4      4.5702810      4.3611465
     107.5      4.2974340      4.0985357
     107.6      4.0118009      3.8240112
     107.7      3.7144425      3.5386063
     107.8      3.4064641      3.2433946
     107.9      3.0890113      2.9394858
     108.0      2.7632656      2.6280218
     108.1      2.4304406      2.3101720
     108.2      2.0917767      1.9871294
     108.3      1.7485369      1.6601055
     108.4      1.4020023      1.3303263
     108.5      1.0534667      0.9990274
     108.6      0.7042324      0.6674493
     108.7      0.3556052      0.3368329
     108.8      0.0088891      0.0084148
     108.9     -0.3346181     -0.3165773
     109.0     -0.6736296     -0.6369293
     109.1     -1.0068750     -0.9514454
     109.2     -1.3331043     -1.2589522
     109.3     -1.6510931     -1.5583032
     109.4     -1.9596470     -1.8483834
     109.5     -2.2576061     -2.1281132
     109.6     -2.5438495     -2.3964523
     109.7     -2.8172990     -2.6524040
     109.8     -3.0769238     -2.8950185
     109.9     -3.3217442     -3.1233966
     110.0     -3.5508348     -3.3366933
     110.1     -3.7633288     -3.5341204
     110.2     -3.9584205     -3.7149500
     110.3     -4.1353689     -3.8785167
     110.4     -4.2935002     -4.0242204
     110.5     -4.4322107     -4.1515285
     110.6     -4.5509685     -4.2599775
     110.7     -4.6493163     -4.3491752
     110.8     -4.7268726     -4.4188018
     110.9     -4.7833332     -4.4686113
     111.0     -4.8184728     -4.4984319
     111.1     -4.8321456     -4.5081674
     111.2     -4.8242859     -4.4977966
     111.3     -4.7949084     -4.4673741
     111.4     -4.7441083     -4.4170296
     111.5     -4.6720610     -4.3469676
     111.6     -4.5790215     -4.2574665
     111.7     -4.4653234     -4.1488774
     111.8     -4.3313779     -4.0216230
     111.9     -4.1776722     -3.8761957
     112.0     -4.0047678     -3.7131560
     112.1     -3.8132983     -3.5331300
     112.2     -3.6039674     -3.3368074
     112.3     -3.3775462     -3.1249385
     112.4     -3.1348701     -2.8983317
     112.5     -2.8768364     -2.6578502
     112.6     -2.6044001     -2.4044088
     112.7     -2.3185712     -2.1389703
     112.8     -2.0204107     -1.8625421
     112.9     -1.7110263     -1.5761725
     113.0     -1.3915691     -1.2809461
     113.1     -1.0632284     -0.9779804
     113.2     -0.7272283     -0.6684212
     113.3     -0.3848222     -0.3534386
     113.4     -0.0372889     -0.0342221
     113.5      0.3140725      0.2880234
     113.6      0.6679475      0.6120822
     113.7      1.0230109      0.9367328
     113.8      1.3779317      1.2607519
     113.9      1.7313782      1.5829194
     114.0      2.0820231      1.9020227
     114.1      2.4285480      2.2168616
     114.2      2.7696488      2.5262524
     114.3      3.1040404      2.8290326
     114.4      3.4304613      3.1240651
     114.5      3.7476788      3.4102426
     114.6      4.0544932      3.6864917
     114.7      4.3497425      3.9517767
     114.8      4.6323068      4.2051037
     114.9      4.9011122      4.4455245
     115.0      5.1551355      4.6721395
     115.1      5.3934075      4.8841015
     115.2      5.6150168      5.0806191
     115.3      5.8191134      5.2609589
     115.4      6.0049118      5.4244488
     115.5      6.1716942      5.5704804
     115.6      6.3188130      5.6985111
     115.7      6.4456932      5.8080661
     115.8      6.5518353      5.8987403
     115.9      6.6368163      5.9701997
     116.0      6.7002920      6.0221826
     116.1      6.7419983      6.0545004
     116.2      6.7617522      6.0670387
     116.3      6.7594522      6.0597572
     116.4      6.7350796      6.0326900
     116.5      6.6886980      5.9859456
     116.6      6.6204531      5.9197062
     116.7      6.5305729      5.8342270
     116.8      6.4193663      5.7298353
     116.9      6.2872224      5.6069294
     117.0      6.1346090      5.4659766
     117.1      5.9620710      5.3075120
     117.2      5.7702284      5.1321356
     117.3      5.5597743      4.9405112
     117.4      5.3314719      4.7333628
     117.5      5.0861524      4.5114723
     117.6      4.8247116      4.2756767
     117.7      4.5481065      4.0268645
     117.8      4.2573522      3.7659728
     117.9      3.9535180      3.4939833
     118.0      3.6377233      3.2119191
     118.1      3.3111340      2.9208402
     118.2      2.9749574      2.6218403
     118.3      2.6304388      2.3160418
     118.4      2.2788559      2.0045923
     118.5      1.9215147      1.6886600
     118.6      1.5597445      1.3694292
     118.7      1.1948930      1.0480958
     118.8      0.8283212      0.7258634
     118.9      0.4613983      0.4039379
     119.0      0.0954971      0.0835236
     119.1     -0.2680120     -0.2341814
     119.2     -0.6277651     -0.5479900
     119.3     -0.9824108     -0.8567302
     119.4     -1.3306145     -1.1592498
     119.5     -1.6710641     -1.4544202
     119.6     -2.0024743     -1.7411413
     119.7     -2.3235918     -2.0183450
     119.8     -2.6331998     -2.2849998
     119.9     -2.9301228     -2.5401140
     120.0     -3.2132311     -2.7827397
     120.1     -3.4814444     -3.0119766
     120.2     -3.7337370     -3.2269748
     120.3     -3.9691407     -3.4269384
     120.4     -4.1867491     -3.6111283
     120.5     -4.3857207     -3.7788649
     120.6     -4.5652825     -3.9295305
     120.7     -4.7247327     -4.0625722
     120.8     -4.8634434     -4.1775029
     120.9     -4.9808633     -4.2739040
     121.0     -5.0765197     -4.3514267
     121.1     -5.1500202     -4.4097928
     121.2     -5.2010547     -4.4487963
     121.3     -5.2293965     -4.4683040
     121.4     -5.2349031     -4.4682557
     121.5     -5.2175170     -4.4486645
     121.6     -5.1772661     -4.4096170
     121.7     -5.1142637     -4.3512724
     121.8     -5.0287082     -4.2738623
     121.9     -4.9208824     -4.1776898
     122.0     -4.7911526     -4.0631279
     122.1     -4.6399678     -3.9306184
     122.2     -4.4678573     -3.7806703
     122.3     -4.2754298     -3.6138576
     122.4     -4.0633704     -3.4308171
     122.5     -3.8324389     -3.2322462
     122.6     -3.5834667     -3.0189001
     122.7     -3.3173538     -2.7915890
     122.8     -3.0350658     -2.5511749
     122.9     -2.7376302     -2.2985687
     123.0     -2.4261327     -2.0347261
     123.1     -2.1017135     -1.7606448
     123.2     -1.7655628     -1.4773600
     123.3     -1.4189167     -1.1859410
     123.4     -1.0630524     -0.8874870
     123.5     -0.6992839     -0.5831229
     123.6     -0.3289569     -0.2739952
     123.7      0.0465561      0.0387325
     123.8      0.4258607      0.3538836
     123.9      0.8075462      0.6702733
     124.0      1.1901902      0.9867124
     124.1      1.5723645      1.3020127
     124.2      1.9526399      1.6149905
     124.3      2.3295916      1.9244717
     124.4      2.7018051      2.2292958
     124.5      3.0678804      2.5283206
     124.6      3.4264385      2.8204261
     124.7      3.7761253      3.1045189
     124.8      4.1156178      3.3795363
     124.9      4.4436284      3.6444501
     125.0      4.7589098      3.8982707
     125.1      5.0602601      4.1400504
     125.2      5.3465270      4.3688872
     125.3      5.6166123      4.5839284
     125.4      5.8694762      4.7843732
     125.5      6.1041409      4.9694759
     125.6      6.3196950      5.1385488
     125.7      6.5152964      5.2909648
     125.8      6.6901757      5.4261594
     125.9      6.8436395      5.5436330
     126.0      6.9750729      5.6429525
     126.1      7.0839420      5.7237535
     126.2      7.1697959      5.7857408
     126.3      7.2322687      5.8286899
     126.4      7.2710810      5.8524480
     126.5      7.2860411      5.8569341
     126.6      7.2770458      5.8421395
     126.7      7.2440811      5.8081278
     126.8      7.1872223      5.7550344
     126.9      7.1066341      5.6830663
     127.0      7.0025699      5.5925010
     127.1      6.8753711      5.4836855
     127.2      6.7254663      5.3570351
     127.3      6.5533694      5.2130315
     127.4      6.3596782      5.0522214
     127.5      6.1450725      4.8752138
     127.6      5.9103111      4.6826783
     127.7      5.6562298      4.4753421
     127.8      5.3837382      4.2539877
     127.9      5.0938164      4.0194494
     128.0      4.7875115      3.7726106
     128.1      4.4659341      3.5144000
     128.2      4.1302540      3.2457886
     128.3      3.7816961      2.9677857
     128.4      3.4215360      2.6814354
     128.5      3.0510953      2.3878121
     128.6      2.6717369      2.0880171
     128.7      2.2848598      1.7831741
     128.8      1.8918942      1.4744249
     128.9      1.4942960      1.1629257
     129.0      1.0935420      0.8498417
     129.1      0.6911236      0.5363440
     129.2      0.2885420      0.2236040
     129.3     -0.1126977     -0.0872100
     129.4     -0.5110919     -0.3949379
     129.5     -0.9051442     -0.6984315
     129.6     -1.2933711     -0.9965595
     129.7     -1.6743072     -1.2882112
     129.8     -2.0465112     -1.5723008
     129.9     -2.4085707     -1.8477715
     130.0     -2.7591079     -2.1135993
     130.1     -3.0967848     -2.3687970
     130.2     -3.4203082     -2.6124178
     130.3     -3.7284346     -2.8435590
     130.4     -4.0199747     -3.0613647
     130.5     -4.2937985     -3.2650300
     130.6     -4.5488390     -3.4538030
     130.7     -4.7840970     -3.6269882
     130.8     -4.9986443     -3.7839490
     130.9     -5.1916277     -3.9241098
     131.0     -5.3622722     -4.0469582
     131.1     -5.5098843     -4.1520471
     131.2     -5.6338544     -4.2389961
     131.3     -5.7336596     -4.3074928
     131.4     -5.8088657     -4.3572945
     131.5     -5.8591289     -4.3882281
     131.6     -5.8841977     -4.4001918
     131.7     -5.8839136     -4.3931545
     131.8     -5.8582121     -4.3671565
     131.9     -5.8071233     -4.3223089
     132.0     -5.7307719     -4.2587935
     132.1     -5.6293770     -4.1768617
     132.2     -5.5032513     -4.0768339
     132.3     -5.3528007     -3.9590978
     132.4     -5.1785223     -3.8241075
     132.5     -4.9810037     -3.6723811
     132.6     -4.7609200     -3.5044994
     132.7     -4.5190325     -3.3211029
     132.8     -4.2561853     -3.1228902
     132.9     -3.9733029     -2.9106148
     133.0     -3.6713867     -2.6850823
     133.1     -3.3515117     -2.4471474
     133.2     -3.0148225     -2.1977111
     133.3     -2.6625294     -1.9377163
     133.4     -2.2959037     -1.6681454
     133.5     -1.9162737     -1.3900158
     133.6     -1.5250196     -1.1043763
     133.7     -1.1235685     -0.8123031
     133.8     -0.7133894     -0.5148961
     133.9     -0.2959876     -0.2132742
     134.0      0.1271006      0.0914285
     134.1      0.5543134      0.3980670
     134.2      0.9840697      0.7054900
     134.3      1.4147743      1.0125437
     134.4      1.8448242      1.3180765
     134.5      2.2726145      1.6209433
     134.6      2.6965441      1.9200096
     134.7      3.1150219      2.2141559
     134.8      3.5264726      2.5022818
     134.9      3.9293427      2.7833099
     135.0      4.3221061      3.0561905
     135.1      4.7032701      3.3199047
     135.2      5.0713810      3.5734686
     135.3      5.4250294      3.8159370
     135.4      5.7628557      4.0464067
     135.5      6.0835553      4.2640203
     135.6      6.3858834      4.4679685
     135.7      6.6686602      4.6574942
     135.8      6.9307750      4.8318945
     135.9      7.1711908      4.9905235
     136.0      7.3889483      5.1327948
     136.1      7.5831696      5.2581837
     136.2      7.7530618      5.3662288
     136.3      7.8979202      5.4565341
     136.4      8.0171309      5.5287702
     136.5      8.1101739      5.5826753
     136.6      8.1766247      5.6180567
     136.7      8.2161564      5.6347908
     136.8      8.2285415      5.6328242
     136.9      8.2136525      5.6121733
     137.0      8.1714630      5.5729244
     137.1      8.1020483      5.5152333
     137.2      8.0055847      5.4393249
     137.3      7.8823501      5.3454919
     137.4      7.7327225      5.2340940
     137.5      7.5571794      5.1055564
     137.6      7.3562959      4.9603679
     137.7      7.1307435      4.7990796
     137.8      6.8812872      4.6223023
     137.9      6.6087835      4.4307044
     138.0      6.3141772      4.2250092
     138.1      5.9984984      4.0059925
     138.2      5.6628587      3.7744792
     138.3      5.3084475      3.5313404
     138.4      4.9365280      3.2774903
     138.5      4.5484323      3.0138824
     138.6      4.1455571      2.7415061
     138.7      3.7293588      2.4613830
     138.8      3.3013478      2.1745630
     138.9      2.8630835      1.8821202
     139.0      2.4161686      1.5851493
     139.1      1.9622434      1.2847608
     139.2      1.5029794      0.9820777
     139.3      1.0400739      0.6782305
     139.4      0.5752432      0.3743534
     139.5      0.1102167      0.0715800
     139.6     -0.3532695     -0.2289610
     139.7     -0.8134793     -0.5261501
     139.8     -1.2686827     -0.8188810
     139.9     -1.7171623     -1.1060648
     140.0     -2.1572199     -1.3866342
     140.1     -2.5871825     -1.6595473
     140.2     -3.0054088     -1.9237913
     140.3     -3.4102954     -2.1783869
     140.4     -3.8002826     -2.4223913
     140.5     -4.1738608     -2.6549020
     140.6     -4.5295757     -2.8750599
     140.7     -4.8660342     -3.0820530
     140.8     -5.1819099     -3.2751189
     140.9     -5.4759476     -3.4535477
     141.0     -5.7469690     -3.6166848
     141.1     -5.9938768     -3.7639332
     141.2     -6.2156591     -3.8947557
     141.3     -6.4113937     -4.0086768
     141.4     -6.5802516     -4.1052847
     141.5     -6.7215003     -4.1842323
     141.6     -6.8345072     -4.2452390
     141.7     -6.9187418     -4.2880911
     141.8     -6.9737787     -4.3126433
     141.9     -6.9992990     -4.3188186
     142.0     -6.9950918     -4.3066085
     142.1     -6.9610559     -4.2760736
     142.2     -6.8972002     -4.2273426
     142.3     -6.8036441     -4.1606123
     142.4     -6.6806175     -4.0761465
     142.5     -6.5284605     -3.9742749
     142.6     -6.3476222     -3.8553923
     142.7     -6.1386598     -3.7199566
     142.8     -5.9022368     -3.5684871
     142.9     -5.6391209     -3.4015628
     143.0     -5.3501818     -3.2198198
     143.1     -5.0363879     -3.0239491
     143.2     -4.6988035     -2.8146942
     143.3     -4.3385853     -2.5928477
     143.4     -3.9569780     -2.3592487
     143.5     -3.5553105     -2.1147797
     143.6     -3.1349913     -1.8603631
     143.7     -2.6975032     -1.5969575
     143.8     -2.2443986     -1.3255545
     143.9     -1.7772937     -1.0471750
     144.0     -1.2978630     -0.7628647
     144.1     -0.8078332     -0.4736910
     144.2     -0.3089771     -0.1807386
     144.3      0.1968925      0.1148949
     144.4      0.7079299      0.4121023
     144.5      1.2222628      0.7097716
     144.6      1.7379990      1.0067901
     144.7      2.2532335      1.3020482
     144.8      2.7660556      1.5944438
     144.9      3.2745554      1.8828866
     145.0      3.7768315      2.1663016
     145.1      4.2709976      2.4436336
     145.2      4.7551895      2.7138512
     145.3      5.2275724      2.9759499
     145.4      5.6863476      3.2289569
     145.5      6.1297590      3.4719337
     145.6      6.5561002      3.7039803
     145.7      6.9637207      3.9242380
     145.8      7.3510324      4.1318931
     145.9      7.7165155      4.3261795
     146.0      8.0587246      4.5063816
     146.1      8.3762940      4.6718370
     146.2      8.6679434      4.8219389
     146.3      8.9324831      4.9561385
     146.4      9.1688182      5.0739465
     146.5      9.3759535      5.1749355
     146.6      9.5529974      5.2587411
     146.7      9.6991657      5.3250633
     146.8      9.8137850      5.3736678
     146.9      9.8962954      5.4043863
     147.0      9.9462535      5.4171179
     147.1      9.9633339      5.4118284
     147.2      9.9473316      5.3885512
     147.3      9.8981629      5.3473867
     147.4      9.8158662      5.2885020
     147.5      9.7006027      5.2121300
     147.6      9.5526559      5.1185690
     147.7      9.3724315      5.0081808
     147.8      9.1604564      4.8813899
     147.9      8.9173772      4.7386816
     148.0      8.6439583      4.5806000
     148.1      8.3410797      4.4077462
     148.2      8.0097344      4.2207759
     148.3      7.6510251      4.0203968
     148.4      7.2661609      3.8073659
     148.5      6.8564530      3.5824869
     148.6      6.4233106      3.3466067
     148.7      5.9682360      3.1006127
     148.8      5.4928198      2.8454290
     148.9      4.9987352      2.5820133
     149.0      4.4877323      2.3113530
     149.1      3.9616323      2.0344616
     149.2      3.4223206      1.7523749
     149.3      2.8717410      1.4661470
     149.4      2.3118878      1.1768466
     149.5      1.7447998      0.8855528
     149.6      1.1725522      0.5933510
     149.7      0.5972498      0.3013290
     149.8      0.0210188      0.0105729
     149.9     -0.5540004     -0.2778371
     150.0     -1.1256610     -0.5628305
     150.1     -1.6918181     -0.8433506
     150.2     -2.2503358     -1.1183583
     150.3     -2.7990960     -1.3868364
     150.4     -3.3360054     -1.6477928
     150.5     -3.8590039     -1.9002644
     150.6     -4.3660717     -2.1433210
     150.7     -4.8552376     -2.3760681
     150.8     -5.3245860     -2.5976507
     150.9     -5.7722643     -2.8072563
     151.0     -6.1964899     -3.0041179
     151.1     -6.5955572     -3.1875166
     151.2     -6.9678444     -3.3567846
     151.3     -7.3118194     -3.5113075
     151.4     -7.6260462     -3.6505262
     151.5     -7.9091908     -3.7739397
     151.6     -8.1600259     -3.8811059
     151.7     -8.3774369     -3.9716441
     151.8     -8.5604258     -4.0452357
     151.9     -8.7081156     -4.1016259
     152.0     -8.8197546     -4.1406240
     152.1     -8.8947192     -4.1621043
     152.2     -8.9325172     -4.1660067
     152.3     -8.9327901     -4.1523364
     152.4     -8.8953153     -4.1211643
     152.5     -8.8200077     -4.0726263
     152.6     -8.7069202     -4.0069228
     152.7     -8.5562451     -3.9243180
     152.8     -8.3683133     -3.8251387
     152.9     -8.1435944     -3.7097730
     153.0     -7.8826957     -3.5786690
     153.1     -7.5863603     -3.4323327
     153.2     -7.2554657     -3.2713265
     153.3     -6.8910209     -3.0962666
     153.4     -6.4941636     -2.9078208
     153.5     -6.0661570     -2.7067060
     153.6     -5.6083853     -2.4936854
     153.7     -5.1223501     -2.2695658
     153.8     -4.6096649     -2.0351940
     153.9     -4.0720501     -1.7914543
     154.0     -3.5113276     -1.5392647
     154.1     -2.9294144     -1.2795734
     154.2     -2.3283160     -1.0133556
     154.3     -1.7101204     -0.7416093
     154.4     -1.0769900     -0.4653520
     154.5     -0.4311547     -0.1856169
     154.6      0.2250957      0.0965515
     154.7      0.8894201      0.3801007
     154.8      1.5594336      0.6639745
     154.9      2.2327163      0.9471170
     155.0      2.9068219      1.2284760
     155.1      3.5792863      1.5070077
     155.2      4.2476366      1.7816800
     155.3      4.9093999      2.0514766
     155.4      5.5621122      2.3154005
     155.5      6.2033276      2.5724780
     155.6      6.8306274      2.8217624
     155.7      7.4416284      3.0623370
     155.8      8.0339928      3.2933187
     155.9      8.6054358      3.5138615
     156.0      9.1537351      3.7231595
     156.1      9.6767390      3.9204494
     156.2     10.1723746      4.1050139
     156.3     10.6386558      4.2761841
     156.4     11.0736912      4.4333416
     156.5     11.4756913      4.5759212
     156.6     11.8429758      4.7034129
     156.7     12.1739803      4.8153631
     156.8     12.4672627      4.9113773
     156.9     12.7215091      4.9911202
     157.0     12.9355397      5.0543180
     157.1     13.1083135      5.1007587
     157.2     13.2389330      5.1302929
     157.3     13.3266488      5.1428343
     157.4     13.3708627      5.1383600
     157.5     13.3711313      5.1169104
     157.6     13.3271681      5.0785890
     157.7     13.2388462      5.0235618
     157.8     13.1061994      4.9520567
     157.9     12.9294229      4.8643626
     158.0     12.7088744      4.7608281
     158.1     12.4450731      4.6418602
     158.2     12.1386994      4.5079225
     158.3     11.7905934      4.3595337
     158.4     11.4017529      4.1972652
     158.5     10.9733308      4.0217392
     158.6     10.5066323      3.8336262
     158.7     10.0031109      3.6336423
     158.8      9.4643642      3.4225466
     158.9      8.8921295      3.2011382
     159.0      8.2882780      2.9702532
     159.1      7.6548096      2.7307615
     159.2      6.9938459      2.4835634
     159.3      6.3076240      2.2295864
     159.4      5.5984890      1.9697816
     159.5      4.8688866      1.7051200
     159.6      4.1213546      1.4365890
     159.7      3.3585148      1.1651885
     159.8      2.5830640      0.8919274
     159.9      1.7977652      0.6178194
     160.0      1.0054377      0.3438800
     160.1      0.2089477      0.0711215
     160.2     -0.5888016     -0.1994494
     160.3     -1.3848804     -0.4668366
     160.4     -2.1763421     -0.7300574
     160.5     -2.9602344     -0.9881465
     160.6     -3.7336089     -1.2401598
     160.7     -4.4935327     -1.4851772
     160.8     -5.2370982     -1.7223069
     160.9     -5.9614339     -1.9506879
     161.0     -6.6637151     -2.1694934
     161.1     -7.3411741     -2.3779342
     161.2     -7.9911107     -2.5752609
     161.3     -8.6109022     -2.7607671
     161.4     -9.1980131     -2.9337919
     161.5     -9.7500054     -3.0937221
     161.6    -10.2645476     -3.2399946
     161.7    -10.7394236     -3.3720980
     161.8    -11.1725421     -3.4895750
     161.9    -11.5619446     -3.5920237
     162.0    -11.9058133     -3.6790986
     162.1    -12.2024789     -3.7505126
     162.2    -12.4504277     -3.8060373
     162.3    -12.6483081     -3.8455038
     162.4    -12.7949364     -3.8688035
     162.5    -12.8893030     -3.8758882
     162.6    -12.9305768     -3.8667699
     162.7    -12.9181097     -3.8415212
     162.8    -12.8514406     -3.8002744
     162.9    -12.7302982     -3.7432210
     163.0    -12.5546038     -3.6706109
     163.1    -12.3244729     -3.5827513
     163.2    -12.0402168     -3.4800055
     163.3    -11.7023425     -3.3627912
     163.4    -11.3115530     -3.2315791
     163.5    -10.8687463     -3.0868907
     163.6    -10.3750140     -2.9292966
     163.7     -9.8316388     -2.7594137
     163.8     -9.2400918     -2.5779034
     163.9     -8.6020288     -2.3854686
     164.0     -7.9192863     -2.1828511
     164.1     -7.1938763     -1.9708287
     164.2     -6.4279809     -1.7502122
     164.3     -5.6239459     -1.5218423
     164.4     -4.7842744     -1.2865862
     164.5     -3.9116191     -1.0453347
     164.6     -3.0087741     -0.7989984
     164.7     -2.0786670     -0.5485042
     164.8     -1.1243493     -0.2947922
     164.9     -0.1489869     -0.0388118
     165.0      0.8441497      0.2184820
     165.1      1.8516961      0.4761318
     165.2      2.8702048      0.7331816
     165.3      3.8961565      0.9886807
     165.4      4.9259716      1.2416865
     165.5      5.9560223      1.4912689
     165.6      6.9826447      1.7365131
     165.7      8.0021511      1.9765234
     165.8      9.0108427      2.2104263
     165.9     10.0050225      2.4373737
     166.0     10.9810075      2.6565462
     166.1     11.9351426      2.8671559
     166.2     12.8638124      3.0684497
     166.3     13.7634551      3.2597112
     166.4     14.6305746      3.4402642
     166.5     15.4617535      3.6094747
     166.6     16.2536658      3.7667530
     166.7     17.0030889      3.9115561
     166.8     17.7069160      4.0433897
     166.9     18.3621677      4.1618093
     167.0     18.9660037      4.2664225
     167.1     19.5157339      4.3568899
     167.2     20.0088291      4.4329260
     167.3     20.4429311      4.4943008
     167.4     20.8158630      4.5408398
     167.5     21.1256379      4.5724249
     167.6     21.3704681      4.5889945
     167.7     21.5487729      4.5905434
     167.8     21.6591865      4.5771232
     167.9     21.7005646      4.5488412
     168.0     21.6719907      4.5058602
     168.1     21.5727817      4.4483979
     168.2     21.4024926      4.3767252
     168.3     21.1609206      4.2911659
     168.4     20.8481084      4.1920943
     168.5     20.4643467      4.0799345
     168.6     20.0101761      3.9551582
     168.7     19.4863877      3.8182825
     168.8     18.8940234      3.6698684
     168.9     18.2343754      3.5105178
     169.0     17.5089842      3.3408717
     169.1     16.7196367      3.1616071
     169.2     15.8683630      2.9734347
     169.3     14.9574321      2.7770958
     169.4     13.9893475      2.5733594
     169.5     12.9668412      2.3630191
     169.6     11.8928679      2.1468903
     169.7     10.7705973      1.9258067
     169.8      9.6034066      1.7006168
     169.9      8.3948718      1.4721812
     170.0      7.1487582      1.2413688
     170.1      5.8690104      1.0090537
     170.2      4.5597421      0.7761114
     170.3      3.2252241      0.5434160
     170.4      1.8698728      0.3118363
     170.5      0.4982378      0.0822330
     170.6     -0.8850112     -0.1445453
     170.7     -2.2750980     -0.3676645
     170.8     -3.6671535     -0.5863089
     170.9     -5.0562303     -0.7996836
     171.0     -6.4373172     -1.0070183
     171.1     -7.8053545     -1.2075694
     171.2     -9.1552487     -1.4006234
     171.3    -10.4818888     -1.5854991
     171.4    -11.7801612     -1.7615505
     171.5    -13.0449661     -1.9281688
     171.6    -14.2712332     -2.0847850
     171.7    -15.4539374     -2.2308717
     171.8    -16.5881152     -2.3659452
     171.9    -17.6688802     -2.4895670
     172.0    -18.6914390     -2.6013455
     172.1    -19.6511065     -2.7009374
     172.2    -20.5433217     -2.7880487
     172.3    -21.3636625     -2.8624356
     172.4    -22.1078604     -2.9239058
     172.5    -22.7718152     -2.9723183
     172.6    -23.3516089     -3.0075844
     172.7    -23.8435189     -3.0296674
     172.8    -24.2440317     -3.0385829
     172.9    -24.5498548     -3.0343983
     173.0    -24.7579291     -3.0172326
     173.1    -24.8654397     -2.9872553
     173.2    -24.8698272     -2.9446862
     173.3    -24.7687970     -2.8897938
     173.4    -24.5603289     -2.8228942
     173.5    -24.2426852     -2.7443499
     173.6    -23.8144189     -2.6545678
     173.7    -23.2743800     -2.5539981
     173.8    -22.6217215     -2.4431313
     173.9    -21.8559049     -2.3224974
     174.0    -20.9767042     -2.1926627
     174.1    -19.9842089     -2.0542275
     174.2    -18.8788269     -1.9078243
     174.3    -17.6612857     -1.7541145
     174.4    -16.3326328     -1.5937857
     174.5    -14.8942354     -1.4275492
     174.6    -13.3477792     -1.2561370
     174.7    -11.6952654     -1.0802985
     174.8     -9.9390083     -0.9007980
     174.9     -8.0816303     -0.7184108
     175.0     -6.1260572     -0.5339211
     175.1     -4.0755119     -0.3481177
     175.2     -1.9335073     -0.1617917
     175.3      0.2961613      0.0242670
     175.4      2.6094250      0.2092731
     175.5      5.0019513      0.3924486
     175.6      7.4691541      0.5730262
     175.7     10.0062050      0.7502525
     175.8     12.6080454      0.9233905
     175.9     15.2693993      1.0917230
     176.0     17.9847864      1.2545553
     176.1     20.7485364      1.4112177
     176.2     23.5548036      1.5610687
     176.3     26.3975821      1.7034969
     176.4     29.2707216      1.8379238
     176.5     32.1679439      1.9638060
     176.6     35.0828591      2.0806371
     176.7     38.0089831      2.1879501
     176.8     40.9397550      2.2853187
     176.9     43.8685545      2.3723594
     177.0     46.7887202      2.4487324
     177.1     49.6935674      2.5141437
     177.2     52.5764066      2.5683454
     177.3     55.4305619      2.6111370
     177.4     58.2493890      2.6423663
     177.5     61.0262937      2.6619295
     177.6     63.7547503      2.6697718
     177.7     66.4283193      2.6658875
     177.8     69.0406656      2.6503199
     177.9     71.5855760      2.6231610
     178.0     74.0569765      2.5845512
     178.1     76.4489494      2.5346786
     178.2     78.7557497      2.4737779
     178.3     80.9718212      2.4021298
     178.4     83.0918122      2.3200596
     178.5     85.1105905      2.2279355
     178.6     87.0232580      2.1261677
     178.7     88.8251641      2.0152061
     178.8     90.5119192      1.8955386
     178.9     92.0794069      1.7676891
     179.0     93.5237959      1.6322153
     179.1     94.8415503      1.4897063
     179.2     96.0294403      1.3407804
     179.3     97.0845507      1.1860820
     179.4     98.0042897      1.0262798
     179.5     98.7863959      0.8620630
     179.6     99.4289447      0.6941393
     179.7     99.9303542      0.5232317
     179.8    100.2893891      0.3500753
     179.9    100.5051646      0.1754145
     180.0    100.5771490      0.0000000
