 # List of d(q) for j, j' =           22          24
 #    0  1.00000000
 #    1  0.95233318
 #    2  0.91650570
 #    3  0.87648371
 #    4  0.84082957
 #    5  0.79930984
 #    6  0.76167973
 #    7  0.72262785
 #    8  0.68741759
 #    9  0.65162359
 #   10  0.61993002
 #   11  0.58788845
 #   12  0.55918315
 #   13  0.53061834
 #   14  0.50511503
 #   15  0.47929402
 #   16  0.45631689
 #   17  0.43312779
 #   18  0.41244750
 #   19  0.39128618
 #   20  0.37250815
 #   21  0.35319919
 #   22  0.33610670
 #   23  0.31837049
 #   24  0.30270335
 #   25  0.28614825
 #   26  0.27179468
 #   27  0.25610458
 #   28  0.24304983
 #   29  0.22805105
 #   30  0.21600332
 #   31  0.20166945
 #   32  0.19048419
 #   33  0.17679280
 #   34  0.16654910
 #   35  0.15316188
 #   36  0.14380010
 #   37  0.13066183
 #   38  0.12206160
 #   39  0.10875407
 #   40  0.10083328
 #   41  0.08668765
 #   42  0.07974288
 #   43  0.06239405
 #   44  0.05962294
       0.0   4720.0108265      0.0000000
       0.1   4717.7440282      8.2340125
       0.2   4710.9491173     16.4442812
       0.3   4699.6425278     24.6071583
       0.4   4683.8515892     32.6991871
       0.5   4663.6144361     40.6971969
       0.6   4638.9798820     48.5783958
       0.7   4610.0072577     56.3204625
       0.8   4576.7662159     63.9016353
       0.9   4539.3365008     71.3007988
       1.0   4497.8076857     78.4975678
       1.1   4452.2788785     85.4723673
       1.2   4402.8583960     92.2065092
       1.3   4349.6634092     98.6822647
       1.4   4292.8195601    104.8829323
       1.5   4232.4605521    110.7929011
       1.6   4168.7277151    116.3977092
       1.7   4101.7695471    121.6840966
       1.8   4031.7412345    126.6400526
       1.9   3958.8041521    131.2548579
       2.0   3883.1253454    135.5191202
       2.1   3804.8769968    139.4248043
       2.2   3724.2358782    142.9652559
       2.3   3641.3827913    146.1352187
       2.4   3556.5019980    148.9308462
       2.5   3469.7806440    151.3497060
       2.6   3381.4081758    153.3907789
       2.7   3291.5757552    155.0544511
       2.8   3200.4756724    156.3424998
       2.9   3108.3007598    157.2580741
       3.0   3015.2438095    157.8056681
       3.1   2921.4969956    157.9910897
       3.2   2827.2513042    157.8214228
       3.3   2732.6959724    157.3049846
       3.4   2638.0179393    156.4512774
       3.5   2543.4013098    155.2709354
       3.6   2449.0268336    153.7756672
       3.7   2355.0714018    151.9781937
       3.8   2261.7075615    149.8921817
       3.9   2169.1030514    147.5321745
       4.0   2077.4203586    144.9135187
       4.1   1986.8162994    142.0522878
       4.2   1897.4416244    138.9652037
       4.3   1809.4406499    135.6695562
       4.4   1722.9509154    132.1831197
       4.5   1638.1028704    128.5240699
       4.6   1555.0195891    124.7108984
       4.7   1473.8165151    120.7623272
       4.8   1394.6012363    116.6972238
       4.9   1317.4732912    112.5345148
       5.0   1242.5240047    108.2931025
       5.1   1169.8363575    103.9917805
       5.2   1099.4848853     99.6491520
       5.3   1031.5356100     95.2835503
       5.4    966.0460029     90.9129599
       5.5    903.0649778     86.5549424
       5.6    842.6329159     82.2265634
       5.7    784.7817202     77.9443241
       5.8    729.5348999     73.7240956
       5.9    676.9076832     69.5810579
       6.0    626.9071586     65.5296419
       6.1    579.5324430     61.5834769
       6.2    534.7748754     57.7553420
       6.3    492.6182363     54.0571228
       6.4    453.0389898     50.4997724
       6.5    416.0065485     47.0932782
       6.6    381.4835595     43.8466333
       6.7    349.4262092     40.7678134
       6.8    319.7845467     37.8637593
       6.9    292.5028228     35.1403645
       7.0    267.5198449     32.6024679
       7.1    244.7693436     30.2538523
       7.2    224.1803514     28.0972483
       7.3    205.6775915     26.1343427
       7.4    189.1818736     24.3657923
       7.5    174.6104966     22.7912432
       7.6    161.8776551     21.4093543
       7.7    150.8948496     20.2178253
       7.8    141.5712967     19.2134296
       7.9    133.8143391     18.3920511
       8.0    127.5298533     17.7487252
       8.1    122.6226531     17.2776829
       8.2    118.9968875     16.9723992
       8.3    116.5564315     16.8256437
       8.4    115.2052686     16.8295345
       8.5    114.8478624     16.9755949
       8.6    115.3895182     17.2548112
       8.7    116.7367302     17.6576936
       8.8    118.7975164     18.1743374
       8.9    121.4817371     18.7944865
       9.0    124.7013985     19.5075966
       9.1    128.3709384     20.3028995
       9.2    132.4074944     21.1694675
       9.3    136.7311532     22.0962768
       9.4    141.2651809     23.0722716
       9.5    145.9362331     24.0864259
       9.6    150.6745447     25.1278050
       9.7    155.4140984     26.1856250
       9.8    160.0927733     27.2493108
       9.9    164.6524711     28.3085512
      10.0    169.0392213     29.3533527
      10.1    173.2032655     30.3740896
      10.2    177.0991199     31.3615517
      10.3    180.6856174     32.3069886
      10.4    183.9259282     33.2021514
      10.5    186.7875612     34.0393294
      10.6    189.2423442     34.8113848
      10.7    191.2663860     35.5117825
      10.8    192.8400194     36.1346163
      10.9    193.9477259     36.6746311
      11.0    194.5780439     37.1272411
      11.1    194.7234600     37.4885434
      11.2    194.3802852     37.7553286
      11.3    193.5485165     37.9250855
      11.4    192.2316851     37.9960036
      11.5    190.4366922     37.9669700
      11.6    188.1736332     37.8375630
      11.7    185.4556119     37.6080419
      11.8    182.2985458     37.2793329
      11.9    178.7209631     36.8530106
      12.0    174.7437934     36.3312775
      12.1    170.3901522     35.7169388
      12.2    165.6851217     35.0133746
      12.3    160.6555282     34.2245092
      12.4    155.3297174     33.3547777
      12.5    149.7373286     32.4090896
      12.6    143.9090701     31.3927910
      12.7    137.8764950     30.3116241
      12.8    131.6717801     29.1716850
      12.9    125.3275078     27.9793807
      13.0    118.8764537     26.7413836
      13.1    112.3513780     25.4645867
      13.2    105.7848252     24.1560569
      13.3     99.2089295     22.8229882
      13.4     92.6552293     21.4726551
      13.5     86.1544904     20.1123664
      13.6     79.7365386     18.7494182
      13.7     73.4301023     17.3910493
      13.8     67.2626666     16.0443964
      13.9     61.2603377     14.7164510
      14.0     55.4477198     13.4140175
      14.1     49.8478036     12.1436732
      14.2     44.4818671     10.9117305
      14.3     39.3693896      9.7242004
      14.4     34.5279773      8.5867588
      14.5     29.9733026      7.5047156
      14.6     25.7190560      6.4829859
      14.7     21.7769106      5.5260641
      14.8     18.1564992      4.6380007
      14.9     14.8654041      3.8223829
      15.0     11.9091587      3.0823171
      15.1      9.2912618      2.4204156
      15.2      7.0132020      1.8387857
      15.3      5.0744951      1.3390225
      15.4      3.4727304      0.9222048
      15.5      2.2036283      0.5888940
      15.6      1.2611069      0.3391366
      15.7      0.6373580      0.1724694
      15.8      0.3229311      0.0879278
      15.9      0.3068255      0.0840577
      16.0      0.5765886      0.1589294
      16.1      1.1184217      0.3101547
      16.2      1.9172902      0.5349069
      16.3      2.9570396      0.8299426
      16.4      4.2205145      1.1916262
      16.5      5.6896817      1.6159569
      16.6      7.3457557      2.0985970
      16.7      9.1693253      2.6349021
      16.8     11.1404821      3.2199535
      16.9     13.2389482      3.8485913
      17.0     15.4442046      4.5154484
      17.1     17.7356172      5.2149867
      17.2     20.0925614      5.9415321
      17.3     22.4945440      6.6893122
      17.4     24.9213221      7.4524919
      17.5     27.3530175      8.2252110
      17.6     29.7702273      9.0016204
      17.7     32.1541289      9.7759182
      17.8     34.4865800     10.5423856
      17.9     36.7502123     11.2954209
      18.0     38.9285185     12.0295738
      18.1     41.0059333     12.7395769
      18.2     42.9679066     13.4203776
      18.3     44.8009695     14.0671665
      18.4     46.4927925     14.6754052
      18.5     48.0322362     15.2408522
      18.6     49.4093933     15.7595860
      18.7     50.6156236     16.2280265
      18.8     51.6435796     16.6429541
      18.9     52.4872249     17.0015264
      19.0     53.1418440     17.3012921
      19.1     53.6040441     17.5402027
      19.2     53.8717496     17.7166216
      19.3     53.9441878     17.8293305
      19.4     53.8218685     17.8775327
      19.5     53.5065547     17.8608550
      19.6     53.0012284     17.7793453
      19.7     52.3100477     17.6334690
      19.8     51.4382992     17.4241025
      19.9     50.3923439     17.1525234
      20.0     49.1795580     16.8203995
      20.1     47.8082678     16.4297747
      20.2     46.2876817     15.9830531
      20.3     44.6278166     15.4829806
      20.4     42.8394217     14.9326249
      20.5     40.9338986     14.3353534
      20.6     38.9232198     13.6948098
      20.7     36.8198445     13.0148888
      20.8     34.6366328     12.2997095
      20.9     32.3867596     11.5535878
      21.0     30.0836278     10.7810080
      21.1     27.7407817      9.9865928
      21.2     25.3718205      9.1750737
      21.3     22.9903141      8.3512599
      21.4     20.6097190      7.5200080
      21.5     18.2432978      6.6861910
      21.6     15.9040399      5.8546676
      21.7     13.6045861      5.0302516
      21.8     11.3571563      4.2176825
      21.9      9.1734802      3.4215961
      22.0      7.0647336      2.6464958
      22.1      5.0414775      1.8967262
      22.2      3.1136029      1.1764462
      22.3      1.2902802      0.4896048
      22.4     -0.4200863     -0.1600824
      22.5     -2.0098982     -0.7691548
      22.6     -3.4723978     -1.3344263
      22.7     -4.8016969     -1.8530039
      22.8     -5.9927999     -2.3223034
      22.9     -7.0416213     -2.7400635
      23.0     -7.9449973     -3.1043578
      23.1     -8.7006917     -3.4136043
      23.2     -9.3073958     -3.6665733
      23.3     -9.7647234     -3.8623924
      23.4    -10.0731993     -4.0005498
      23.5    -10.2342430     -4.0808949
      23.6    -10.2501475     -4.1036366
      23.7    -10.1240523     -4.0693403
      23.8     -9.8599123     -3.9789212
      23.9     -9.4624619     -3.8336368
      24.0     -8.9371753     -3.6350767
      24.1     -8.2902220     -3.3851502
      24.2     -7.5284197     -3.0860726
      24.3     -6.6591833     -2.7403496
      24.4     -5.6904714     -2.3507589
      24.5     -4.6307297     -1.9203323
      24.6     -3.4888329     -1.4523341
      24.7     -2.2740243     -0.9502399
      24.8     -0.9958542     -0.4177131
      24.9      0.3358827      0.1414186
      25.0      1.7112105      0.7231888
      25.1      3.1200358      1.3235174
      25.2      4.5522109      1.9382371
      25.3      5.9975965      2.5631200
      25.4      7.4461238      3.1939041
      25.5      8.8878554      3.8263204
      25.6     10.3130435      4.4561191
      25.7     11.7121879      5.0790967
      25.8     13.0760905      5.6911212
      25.9     14.3959073      6.2881581
      26.0     15.6631982      6.8662942
      26.1     16.8699733      7.4217620
      26.2     18.0087354      7.9509621
      26.3     19.0725201      8.4504842
      26.4     20.0549310      8.9171278
      26.5     20.9501714      9.3479207
      26.6     21.7530723      9.7401358
      26.7     22.4591158     10.0913074
      26.8     23.0644539     10.3992442
      26.9     23.5659240     10.6620420
      27.0     23.9610592     10.8780932
      27.1     24.2480943     11.0460959
      27.2     24.4259679     11.1650593
      27.3     24.4943196     11.2343088
      27.4     24.4534835     11.2534879
      27.5     24.3044772     11.2225587
      27.6     24.0489869     11.1418003
      27.7     23.6893483     11.0118051
      27.8     23.2285245     10.8334735
      27.9     22.6700796     10.6080061
      28.0     22.0181492     10.3368949
      28.1     21.2774082     10.0219120
      28.2     20.4530345      9.6650971
      28.3     19.5506718      9.2687430
      28.4     18.5763885      8.8353801
      28.5     17.5366351      8.3677591
      28.6     16.4382000      7.8688325
      28.7     15.2881634      7.3417353
      28.8     14.0938498      6.7897639
      28.9     12.8627802      6.2163551
      29.0     11.6026232      5.6250634
      29.1     10.3211457      5.0195383
      29.2      9.0261637      4.4035012
      29.3      7.7254939      3.7807212
      29.4      6.4269048      3.1549917
      29.5      5.1380694      2.5301064
      29.6      3.8665188      1.9098355
      29.7      2.6195976      1.2979023
      29.8      1.4044200      0.6979602
      29.9      0.2278290      0.1135700
      30.0     -0.9036433     -0.4518217
      30.1     -1.9838126     -0.9949033
      30.2     -3.0068763     -1.5125188
      30.3     -3.9674459     -2.0016860
      30.4     -4.8605749     -2.4596150
      30.5     -5.6817855     -2.8837241
      30.6     -6.4270903     -3.2716552
      30.7     -7.0930122     -3.6212872
      30.8     -7.6766001     -3.9307483
      30.9     -8.1754416     -4.1984265
      31.0     -8.5876719     -4.4229780
      31.1     -8.9119801     -4.6033347
      31.2     -9.1476105     -4.7387093
      31.3     -9.2943623     -4.8285988
      31.4     -9.3525843     -4.8727865
      31.5     -9.3231675     -4.8713416
      31.6     -9.2075335     -4.8246178
      31.7     -9.0076204     -4.7332492
      31.8     -8.7258655     -4.5981454
      31.9     -8.3651849     -4.4204844
      32.0     -7.9289509     -4.2017038
      32.1     -7.4209660     -3.9434908
      32.2     -6.8454354     -3.6477701
      32.3     -6.2069368     -3.3166912
      32.4     -5.5103882     -2.9526137
      32.5     -4.7610145     -2.5580912
      32.6     -3.9643115     -2.1358552
      32.7     -3.1260099     -1.6887966
      32.8     -2.2520370     -1.2199469
      32.9     -1.3484785     -0.7324591
      33.0     -0.4215392     -0.2295867
      33.1      0.5224965      0.2853364
      33.2      1.4773042      0.8089174
      33.3      2.4365588      1.3377264
      33.4      3.3939738      1.8683172
      33.5      4.3433396      2.3972498
      33.6      5.2785612      2.9211111
      33.7      6.1936944      3.4365368
      33.8      7.0829815      3.9402315
      33.9      7.9408847      4.4289896
      34.0      8.7621184      4.8997144
      34.1      9.5416792      5.3494375
      34.2     10.2748743      5.7753361
      34.3     10.9573472      6.1747506
      34.4     11.5851018      6.5452002
      34.5     12.1545233      6.8843978
      34.6     12.6623970      7.1902630
      34.7     13.1059246      7.4609345
      34.8     13.4827372      7.6947810
      34.9     13.7909059      7.8904099
      35.0     14.0289499      8.0466751
      35.1     14.1958412      8.1626833
      35.2     14.2910068      8.2377981
      35.3     14.3143278      8.2716435
      35.4     14.2661363      8.2641042
      35.5     14.1472088      8.2153260
      35.6     13.9587574      8.1257133
      35.7     13.7024183      7.9959257
      35.8     13.3802377      7.8268728
      35.9     12.9946558      7.6197069
      36.0     12.5484873      7.3758158
      36.1     12.0449012      7.0968119
      36.2     11.4873979      6.7845223
      36.3     10.8797843      6.4409757
      36.4     10.2261476      6.0683891
      36.5      9.5308273      5.6691533
      36.6      8.7983865      5.2458169
      36.7      8.0335812      4.8010701
      36.8      7.2413292      4.3377271
      36.9      6.4266783      3.8587076
      37.0      5.5947738      3.3670189
      37.1      4.7508260      2.8657362
      37.2      3.9000769      2.3579830
      37.3      3.0477676      1.8469118
      37.4      2.1991061      1.3356839
      37.5      1.3592347      0.8274497
      37.6      0.5331994      0.3253290
      37.7     -0.2740813     -0.1676081
      37.8     -1.0578452     -0.6483608
      37.9     -1.8135150     -1.1140154
      38.0     -2.5367251     -1.5617639
      38.1     -3.2233466     -1.9889205
      38.2     -3.8695114     -2.3929383
      38.3     -4.4716335     -2.7714247
      38.4     -5.0264294     -3.1221555
      38.5     -5.5309357     -3.4430884
      38.6     -5.9825248     -3.7323751
      38.7     -6.3789185     -3.9883719
      38.8     -6.7181995     -4.2096494
      38.9     -6.9988201     -4.3950005
      39.0     -7.2196089     -4.5434471
      39.1     -7.3797750     -4.6542455
      39.2     -7.4789099     -4.7268902
      39.3     -7.5169870     -4.7611158
      39.4     -7.4943585     -4.7568980
      39.5     -7.4117508     -4.7144532
      39.6     -7.2702561     -4.6342357
      39.7     -7.0713237     -4.5169340
      39.8     -6.8167475     -4.3634662
      39.9     -6.5086527     -4.1749729
      40.0     -6.1494797     -3.9528093
      40.1     -5.7419665     -3.6985363
      40.2     -5.2891299     -3.4139096
      40.3     -4.7942440     -3.1008680
      40.4     -4.2608184     -2.7615212
      40.5     -3.6925743     -2.3981352
      40.6     -3.0934202     -2.0131181
      40.7     -2.4674259     -1.6090045
      40.8     -1.8187963     -1.1884390
      40.9     -1.1518441     -0.7541593
      41.0     -0.4709624     -0.3089791
      41.1      0.2194031      0.1442302
      41.2      0.9147822      0.6025574
      41.3      1.6107078      1.0630699
      41.4      2.3027441      1.5228320
      41.5      2.9865131      1.9789235
      41.6      3.6577220      2.4284575
      41.7      4.3121886      2.8685988
      41.8      4.9458671      3.2965810
      41.9      5.5548712      3.7097238
      42.0      6.1354979      4.1054494
      42.1      6.6842487      4.4812983
      42.2      7.1978498      4.8349439
      42.3      7.6732708      5.1642073
      42.4      8.1077416      5.4670695
      42.5      8.4987679      5.7416844
      42.6      8.8441446      5.9863889
      42.7      9.1419671      6.1997134
      42.8      9.3906414      6.3803896
      42.9      9.5888914      6.5273585
      43.0      9.7357647      6.6397756
      43.1      9.8306363      6.7170160
      43.2      9.8732098      6.7586772
      43.3      9.8635172      6.7645812
      43.4      9.8019164      6.7347744
      43.5      9.6890865      6.6695270
      43.6      9.5260214      6.5693305
      43.7      9.3140215      6.4348936
      43.8      9.0546835      6.2671374
      43.9      8.7498884      6.0671886
      44.0      8.4017878      5.8363722
      44.1      8.0127887      5.5762022
      44.2      7.5855371      5.2883717
      44.3      7.1228994      4.9747418
      44.4      6.6279436      4.6373292
      44.5      6.1039187      4.2782932
      44.6      5.5542333      3.8999219
      44.7      4.9824335      3.5046173
      44.8      4.3921797      3.0948801
      44.9      3.7872235      2.6732934
      45.0      3.1713834      2.2425067
      45.1      2.5485211      1.8052190
      45.2      1.9225168      1.3641617
      45.3      1.2972455      0.9220814
      45.4      0.6765525      0.4817230
      45.5      0.0642302      0.0458122
      45.6     -0.5360056     -0.3829614
      45.7     -1.1205378     -0.8019608
      45.8     -1.6858700     -1.2086181
      45.9     -2.2286473     -1.6004503
      46.0     -2.7456765     -1.9750744
      46.1     -3.2339443     -2.3302222
      46.2     -3.6906355     -2.6637539
      46.3     -4.1131488     -2.9736714
      46.4     -4.4991115     -3.2581300
      46.5     -4.8463932     -3.5154494
      46.6     -5.1531169     -3.7441242
      46.7     -5.4176695     -3.9428322
      46.8     -5.6387100     -4.1104427
      46.9     -5.8151760     -4.2460221
      47.0     -5.9462887     -4.3488403
      47.1     -6.0315559     -4.4183735
      47.2     -6.0707734     -4.4543077
      47.3     -6.0640239     -4.4565397
      47.4     -6.0116757     -4.4251770
      47.5     -5.9143778     -4.3605367
      47.6     -5.7730544     -4.2631429
      47.7     -5.5888978     -4.1337226
      47.8     -5.3633590     -3.9732010
      47.9     -5.0981370     -3.7826945
      48.0     -4.7951673     -3.5635037
      48.1     -4.4566079     -3.3171047
      48.2     -4.0848249     -3.0451390
      48.3     -3.6823766     -2.7494030
      48.4     -3.2519962     -2.4318365
      48.5     -2.7965739     -2.0945100
      48.6     -2.3191382     -1.7396113
      48.7     -1.8228362     -1.3694315
      48.8     -1.3109133     -0.9863507
      48.9     -0.7866926     -0.5928227
      49.0     -0.2535536     -0.1913594
      49.1      0.2850886      0.2154852
      49.2      0.8258054      0.6251306
      49.3      1.3651753      1.0349863
      49.4      1.8998056      1.4424679
      49.5      2.4263532      1.8450134
      49.6      2.9415447      2.2400990
      49.7      3.4421968      2.6252545
      49.8      3.9252351      2.9980790
      49.9      4.3877129      3.3562555
      50.0      4.8268284      3.6975651
      50.1      5.2399416      4.0199006
      50.2      5.6245893      4.3212793
      50.3      5.9784998      4.5998551
      50.4      6.2996058      4.8539297
      50.5      6.5860559      5.0819626
      50.6      6.8362249      5.2825805
      50.7      7.0487229      5.4545852
      50.8      7.2224021      5.5969607
      50.9      7.3563632      5.7088792
      51.0      7.4499588      5.7897054
      51.1      7.5027967      5.8390001
      51.2      7.5147407      5.8565227
      51.3      7.4859099      5.8422317
      51.4      7.4166766      5.7962846
      51.5      7.3076627      5.7190364
      51.6      7.1597343      5.6110370
      51.7      6.9739954      5.4730268
      51.8      6.7517792      5.3059322
      51.9      6.4946388      5.1108587
      52.0      6.2043366      4.8890839
      52.1      5.8828318      4.6420490
      52.2      5.5322677      4.3713491
      52.3      5.1549571      4.0787233
      52.4      4.7533668      3.7660433
      52.5      4.3301021      3.4353009
      52.6      3.8878894      3.0885961
      52.7      3.4295587      2.7281230
      52.8      2.9580260      2.3561562
      52.9      2.4762738      1.9750362
      53.0      1.9873331      1.5871548
      53.1      1.4942641      1.1949401
      53.2      1.0001368      0.8008409
      53.3      0.5080122      0.4073118
      53.4      0.0209233      0.0167976
      53.5     -0.4581438     -0.3682820
      53.6     -0.9262678     -0.7455472
      53.7     -1.3806103     -1.1126729
      53.8     -1.8184329     -1.4674032
      53.9     -2.2371137     -1.8075652
      54.0     -2.6341626     -2.1310823
      54.1     -3.0072369     -2.4359871
      54.2     -3.3541543     -2.7204332
      54.3     -3.6729059     -2.9827063
      54.4     -3.9616679     -3.2212352
      54.5     -4.2188119     -3.4346003
      54.6     -4.4429141     -3.6215428
      54.7     -4.6327628     -3.7809719
      54.8     -4.7873653     -3.9119711
      54.9     -4.9059526     -4.0138038
      55.0     -4.9879834     -4.0859168
      55.1     -5.0331459     -4.1279441
      55.2     -5.0413591     -4.1397080
      55.3     -5.0127718     -4.1212205
      55.4     -4.9477608     -4.0726818
      55.5     -4.8469271     -3.9944795
      55.6     -4.7110915     -3.8871852
      55.7     -4.5412881     -3.7515504
      55.8     -4.3387572     -3.5885018
      55.9     -4.1049363     -3.3991349
      56.0     -3.8414502     -3.1847065
      56.1     -3.5501003     -2.9466269
      56.2     -3.2328526     -2.6864503
      56.3     -2.8918242     -2.4058650
      56.4     -2.5292701     -2.1066828
      56.5     -2.1475681     -1.7908266
      56.6     -1.7492037     -1.4603190
      56.7     -1.3367542     -1.1172690
      56.8     -0.9128721     -0.7638588
      56.9     -0.4802682     -0.4023297
      57.0     -0.0416951     -0.0349684
      57.1      0.4000709      0.3359074
      57.2      0.8422463      0.7079641
      57.3      1.2820584      1.0788660
      57.4      1.7167621      1.4462904
      57.5      2.1436568      1.8079418
      57.6      2.5601029      2.1615664
      57.7      2.9635382      2.5049657
      57.8      3.3514931      2.8360105
      57.9      3.7216055      3.1526536
      58.0      4.0716354      3.4529427
      58.1      4.3994777      3.7350320
      58.2      4.7031748      3.9971939
      58.3      4.9809282      4.2378291
      58.4      5.2311091      4.4554765
      58.5      5.4522672      4.6488220
      58.6      5.6431393      4.8167060
      58.7      5.8026563      4.9581309
      58.8      5.9299488      5.0722662
      58.9      6.0243516      5.1584540
      59.0      6.0854071      5.2162120
      59.1      6.1128672      5.2452368
      59.2      6.1066935      5.2454048
      59.3      6.0670572      5.2167729
      59.4      5.9943368      5.1595776
      59.5      5.8891149      5.0742331
      59.6      5.7521736      4.9613284
      59.7      5.5844890      4.8216230
      59.8      5.3872240      4.6560420
      59.9      5.1617207      4.4656700
      60.0      4.9094907      4.2517436
      60.1      4.6322055      4.0156439
      60.2      4.3316855      3.7588870
      60.3      4.0098874      3.4831146
      60.4      3.6688923      3.1900833
      60.5      3.3108917      2.8816534
      60.6      2.9381736      2.5597774
      60.7      2.5531079      2.2264870
      60.8      2.1581315      1.8838807
      60.9      1.7557327      1.5341104
      61.0      1.3484354      1.1793682
      61.1      0.9387838      0.8218719
      61.2      0.5293259      0.4638519
      61.3      0.1225984      0.1075367
      61.4     -0.2788898     -0.2448605
      61.5     -0.6726724     -0.5911560
      61.6     -1.0563411     -0.9292090
      61.7     -1.4275606     -1.2569347
      61.8     -1.7840819     -1.5723175
      61.9     -2.1237570     -1.8734231
      62.0     -2.4445510     -2.1584104
      62.1     -2.7445546     -2.4255430
      62.2     -3.0219955     -2.6731997
      62.3     -3.2752487     -2.8998843
      62.4     -3.5028460     -3.1042347
      62.5     -3.7034846     -3.2850309
      62.6     -3.8760342     -3.4412028
      62.7     -4.0195438     -3.5718359
      62.8     -4.1332467     -3.6761773
      62.9     -4.2165642     -3.7536395
      63.0     -4.2691090     -3.8038040
      63.1     -4.2906864     -3.8264235
      63.2     -4.2812949     -3.8214231
      63.3     -4.2411257     -3.7889004
      63.4     -4.1705603     -3.7291242
      63.5     -4.0701678     -3.6425330
      63.6     -3.9407003     -3.5297316
      63.7     -3.7830878     -3.3914869
      63.8     -3.5984317     -3.2287230
      63.9     -3.3879971     -3.0425149
      64.0     -3.1532046     -2.8340815
      64.1     -2.8956207     -2.6047781
      64.2     -2.6169475     -2.3560869
      64.3     -2.3190118     -2.0896082
      64.4     -2.0037531     -1.8070497
      64.5     -1.6732115     -1.5102161
      64.6     -1.3295140     -1.2009969
      64.7     -0.9748617     -0.8813555
      64.8     -0.6115154     -0.5533157
      64.9     -0.2417815     -0.2189498
      65.0      0.1320025      0.1196349
      65.1      0.5074826      0.4603091
      65.2      0.8823031      0.8009348
      65.3      1.2541208      1.1393790
      65.4      1.6206201      1.4735263
      65.5      1.9795268      1.8012927
      65.6      2.3286224      2.1206383
      65.7      2.6657572      2.4295798
      65.8      2.9888639      2.7262029
      65.9      3.2959698      3.0086739
      66.0      3.5852090      3.2752514
      66.1      3.8548331      3.5242964
      66.2      4.1032221      3.7542827
      66.3      4.3288938      3.9638061
      66.4      4.5305124      4.1515927
      66.5      4.7068967      4.3165070
      66.6      4.8570261      4.4575582
      66.7      4.9800473      4.5739064
      66.8      5.0752782      4.6648676
      66.9      5.1422121      4.7299173
      67.0      5.1805199      4.7686937
      67.1      5.1900516      4.7809998
      67.2      5.1708366      4.7668037
      67.3      5.1230831      4.7262393
      67.4      5.0471759      4.6596044
      67.5      4.9436735      4.5673588
      67.6      4.8133041      4.4501212
      67.7      4.6569605      4.3086651
      67.8      4.4756938      4.1439132
      67.9      4.2707067      3.9569321
      68.0      4.0433454      3.7489245
      68.1      3.7950903      3.5212223
      68.2      3.5275471      3.2752774
      68.3      3.2424359      3.0126528
      68.4      2.9415805      2.7350124
      68.5      2.6268964      2.4441105
      68.6      2.3003787      2.1417810
      68.7      1.9640898      1.8299252
      68.8      1.6201458      1.5105005
      68.9      1.2707038      1.1855076
      69.0      0.9179478      0.8569781
      69.1      0.5640756      0.5269619
      69.2      0.2112847      0.1975144
      69.3     -0.1382409     -0.1293167
      69.4     -0.4823448     -0.4515035
      69.5     -0.8189110     -0.7670511
      69.6     -1.1458768     -1.0740097
      69.7     -1.4612461     -1.3704865
      69.8     -1.7631007     -1.6546577
      69.9     -2.0496127     -1.9247795
      70.0     -2.3190551     -2.1791989
      70.1     -2.5698122     -2.4163639
      70.2     -2.8003895     -2.6348327
      70.3     -3.0094226     -2.8332828
      70.4     -3.1956849     -3.0105188
      70.5     -3.3580951     -3.1654798
      70.6     -3.4957233     -3.2972454
      70.7     -3.6077964     -3.4050417
      70.8     -3.6937023     -3.4882452
      70.9     -3.7529933     -3.5463870
      71.0     -3.7853883     -3.5791550
      71.1     -3.7907740     -3.5863958
      71.2     -3.7692051     -3.5681152
      71.3     -3.7209036     -3.5244781
      71.4     -3.6462567     -3.4558069
      71.5     -3.5458140     -3.3625793
      71.6     -3.4202835     -3.2454250
      71.7     -3.2705270     -3.1051217
      71.8     -3.0975539     -2.9425896
      71.9     -2.9025148     -2.7588860
      72.0     -2.6866939     -2.5551977
      72.1     -2.4515003     -2.3328340
      72.2     -2.1984595     -2.0932180
      72.3     -1.9292032     -1.8378776
      72.4     -1.6454586     -1.5684358
      72.5     -1.3490382     -1.2866006
      72.6     -1.0418275     -0.9941538
      72.7     -0.7257736     -0.6929402
      72.8     -0.4028727     -0.3848556
      72.9     -0.0751578     -0.0718353
      73.0      0.2553143      0.2441582
      73.1      0.5864755      0.5611477
      73.2      0.9162597      0.8771532
      73.3      1.2426149      1.1902045
      73.4      1.5635168      1.4983534
      73.5      1.8769803      1.7996858
      73.6      2.1810726      2.0923334
      73.7      2.4739242      2.3744855
      73.8      2.7537410      2.6444001
      73.9      3.0188148      2.9004143
      74.0      3.2675337      3.1409550
      74.1      3.4983921      3.3645482
      74.2      3.7099992      3.5698280
      74.3      3.9010879      3.7555452
      74.4      4.0705219      3.9205743
      74.5      4.2173024      4.0639211
      74.6      4.3405742      4.1847277
      74.7      4.4396303      4.2822783
      74.8      4.5139158      4.3560032
      74.9      4.5630315      4.4054820
      75.0      4.5867351      4.4304459
      75.1      4.5849431      4.4307793
      75.2      4.5577300      4.4065200
      75.3      4.5053285      4.3578589
      75.4      4.4281264      4.2851385
      75.5      4.3266648      4.1888503
      75.6      4.2016337      4.0696317
      75.7      4.0538677      3.9282616
      75.8      3.8843401      3.7656554
      75.9      3.6941567      3.5828592
      76.0      3.4845486      3.3810427
      76.1      3.2568642      3.1614918
      76.2      3.0125603      2.9256006
      76.3      2.7531933      2.6748625
      76.4      2.4804086      2.4108604
      76.5      2.1959307      2.1352570
      76.6      1.9015523      1.8497842
      76.7      1.5991226      1.5562323
      76.8      1.2905359      1.2564386
      76.9      0.9777200      0.9522758
      77.0      0.6626236      0.6456406
      77.1      0.3472047      0.3384417
      77.2      0.0334182      0.0325877
      77.3     -0.2767964     -0.2700244
      77.4     -0.5815264     -0.5675214
      77.5     -0.8788985     -0.8580651
      77.6     -1.1670896     -1.1398641
      77.7     -1.4443384     -1.4111844
      77.8     -1.7089559     -1.6703607
      77.9     -1.9593360     -1.9158059
      78.0     -2.1939649     -2.1460215
      78.1     -2.4114305     -2.3596064
      78.2     -2.6104307     -2.5552655
      78.3     -2.7897815     -2.7318177
      78.4     -2.9484238     -2.8882029
      78.5     -3.0854295     -3.0234886
      78.6     -3.2000075     -3.1368751
      78.7     -3.2915077     -3.2277007
      78.8     -3.3594249     -3.2954452
      78.9     -3.4034017     -3.3397331
      79.0     -3.4232299     -3.3603356
      79.1     -3.4188522     -3.3571718
      79.2     -3.3903615     -3.3303089
      79.3     -3.3380001     -3.2799616
      79.4     -3.2621581     -3.2064905
      79.5     -3.1633704     -3.1103995
      79.6     -3.0423131     -2.9923324
      79.7     -2.8997990     -2.8530689
      79.8     -2.7367721     -2.6935191
      79.9     -2.5543016     -2.5147181
      80.0     -2.3535749     -2.3178188
      80.1     -2.1358899     -2.1040851
      80.2     -1.9026469     -1.8748832
      80.3     -1.6553392     -1.6316736
      80.4     -1.3955444     -1.3760012
      80.5     -1.1249136     -1.1094861
      80.6     -0.8451615     -0.8338128
      80.7     -0.5580554     -0.5507202
      80.8     -0.2654044     -0.2619903
      80.9      0.0309523      0.0305628
      81.0      0.3291568      0.3251043
      81.1      0.6273437      0.6197904
      81.2      0.9236521      0.9127792
      81.3      1.2162369      1.2022428
      81.4      1.5032805      1.4863782
      81.5      1.7830035      1.7634187
      81.6      2.0536761      2.0316449
      81.7      2.3136285      2.2893951
      81.8      2.5612613      2.5350756
      81.9      2.7950551      2.7671707
      82.0      3.0135798      2.9842518
      82.1      3.2155031      3.1849863
      82.2      3.3995990      3.3681454
      82.3      3.5647547      3.5326120
      82.4      3.7099775      3.6773874
      82.5      3.8344007      3.8015969
      82.6      3.9372885      3.9044955
      82.7      4.0180406      3.9854721
      82.8      4.0761953      4.0440533
      82.9      4.1114323      4.0799056
      83.0      4.1235744      4.0928379
      83.1      4.1125880      4.0828020
      83.2      4.0785835      4.0498927
      83.3      4.0218137      3.9943474
      83.4      3.9426726      3.9165436
      83.5      3.8416920      3.8169970
      83.6      3.7195384      3.6963580
      83.7      3.5770086      3.5554068
      83.8      3.4150238      3.3950493
      83.9      3.2346248      3.2163102
      84.0      3.0369641      3.0203273
      84.1      2.8232994      2.8083439
      84.2      2.5949852      2.5817007
      84.3      2.3534640      2.3418274
      84.4      2.1002578      2.0902341
      84.5      1.8369579      1.8285009
      84.6      1.5652153      1.5582688
      84.7      1.2867299      1.2812288
      84.8      1.0032405      0.9991116
      84.9      0.7165133      0.7136766
      85.0      0.4283311      0.4267012
      85.1      0.1404826      0.1399691
      85.2     -0.1452494     -0.1447400
      85.3     -0.4270985     -0.4256623
      85.4     -0.7033257     -0.7010602
      85.5     -0.9722305     -0.9692334
      85.6     -1.2321609     -1.2285294
      85.7     -1.4815238     -1.4773536
      85.8     -1.7187949     -1.7141791
      85.9     -1.9425277     -1.9375563
      86.0     -2.1513624     -2.1461218
      86.1     -2.3440345     -2.3386063
      86.2     -2.5193819     -2.5138429
      86.3     -2.6763525     -2.6707740
      86.4     -2.8140102     -2.8084574
      86.5     -2.9315404     -2.9260725
      86.6     -3.0282551     -3.0229248
      86.7     -3.1035967     -3.0984504
      86.8     -3.1571415     -3.1522188
      86.9     -3.1886017     -3.1839357
      87.0     -3.1978273     -3.1934448
      87.1     -3.1848066     -3.1807280
      87.2     -3.1496659     -3.1459056
      87.3     -3.0926687     -3.0892355
      87.4     -3.0142139     -3.0111110
      87.5     -2.9148328     -2.9120585
      87.6     -2.7951855     -2.7927337
      87.7     -2.6560571     -2.6539174
      87.8     -2.4983521     -2.4965106
      87.9     -2.3230888     -2.3215286
      88.0     -2.1313928     -2.1300944
      88.1     -1.9244895     -1.9234315
      88.2     -1.7036971     -1.7028564
      88.3     -1.4704173     -1.4697701
      88.4     -1.2261273     -1.2256492
      88.5     -0.9723698     -0.9720366
      88.6     -0.7107439     -0.7105317
      88.7     -0.4428948     -0.4427808
      88.8     -0.1705036     -0.1704662
      88.9      0.1047234      0.1047041
      89.0      0.3810649      0.3810069
      89.1      0.6567959      0.6567148
      89.2      0.9301976      0.9301069
      89.3      1.1995688      1.1994793
      89.4      1.4632362      1.4631560
      89.5      1.7195644      1.7194990
      89.6      1.9669666      1.9669187
      89.7      2.2039137      2.2038835
      89.8      2.4289441      2.4289293
      89.9      2.6406727      2.6406687
      90.0      2.8377991      2.8377991
      90.1      3.0191157      3.0191111
      90.2      3.1835151      3.1834957
      90.3      3.3299966      3.3299510
      90.4      3.4576726      3.4575883
      90.5      3.5657733      3.5656376
      90.6      3.6536522      3.6534519
      90.7      3.7207891      3.7205114
      90.8      3.7667935      3.7664263
      90.9      3.7914068      3.7909390
      91.0      3.7945038      3.7939259
      91.1      3.7760930      3.7753971
      91.2      3.7363167      3.7354973
      91.3      3.6754496      3.6745035
      91.4      3.5938970      3.5928242
      91.5      3.4921922      3.4909956
      91.6      3.3709931      3.3696788
      91.7      3.2310775      3.2296553
      91.8      3.0733384      3.0718219
      91.9      2.8987786      2.8971849
      92.0      2.7085036      2.7068536
      92.1      2.5037152      2.5020337
      92.2      2.2857036      2.2840189
      92.3      2.0558396      2.0541834
      92.4      1.8155655      1.8139730
      92.5      1.5663865      1.5648956
      92.6      1.3098609      1.3085125
      92.7      1.0475907      1.0464278
      92.8      0.7812116      0.7802789
      92.9      0.5123823      0.5117261
      93.0      0.2427748      0.2424421
      93.1     -0.0259362     -0.0258983
      93.2     -0.2920840     -0.2916286
      93.3     -0.5540196     -0.5531009
      93.4     -0.8101226     -0.8086966
      93.5     -1.0588106     -1.0568357
      93.6     -1.2985494     -1.2959870
      93.7     -1.5278623     -1.5246776
      93.8     -1.7453391     -1.7415019
      93.9     -1.9496450     -1.9451301
      94.0     -2.1395284     -2.1343166
      94.1     -2.3138289     -2.3079073
      94.2     -2.4714844     -2.4648472
      94.3     -2.6115372     -2.6041861
      94.4     -2.7331402     -2.7250850
      94.5     -2.8355618     -2.8268207
      94.6     -2.9181904     -2.9087906
      94.7     -2.9805380     -2.9705156
      94.8     -3.0222430     -3.0116436
      94.9     -3.0430725     -3.0319510
      95.0     -3.0429234     -3.0313441
      95.1     -3.0218230     -3.0098598
      95.2     -2.9799285     -2.9676643
      95.3     -2.9175263     -2.9050530
      95.4     -2.8350295     -2.8224475
      95.5     -2.7329755     -2.7203934
      95.6     -2.6120227     -2.5995565
      95.7     -2.4729458     -2.4607185
      95.8     -2.3166314     -2.3047719
      95.9     -2.1440720     -2.1327144
      96.0     -1.9563598     -1.9456427
      96.1     -1.7546801     -1.7447450
      96.2     -1.5403032     -1.5312940
      96.3     -1.3145773     -1.3066386
      96.4     -1.0789194     -1.0721955
      96.5     -0.8348065     -0.8294402
      96.6     -0.5837668     -0.5798980
      96.7     -0.3273696     -0.3251339
      96.8     -0.0672162     -0.0667434
      96.9      0.1950708      0.1936580
      97.0      0.4578571      0.4544443
      97.1      0.7195069      0.7139897
      97.2      0.9783931      0.9706782
      97.3      1.2329075      1.2229141
      97.4      1.4814706      1.4691317
      97.5      1.7225414      1.7078048
      97.6      1.9546268      1.9374565
      97.7      2.1762911      2.1566679
      97.8      2.3861644      2.3640873
      97.9      2.5829517      2.5584381
      98.0      2.7654401      2.7385270
      98.1      2.9325067      2.9032510
      98.2      3.0831253      3.0516041
      98.3      3.2163728      3.1826838
      98.4      3.3314347      3.2956962
      98.5      3.4276102      3.3899609
      98.6      3.5043162      3.4649150
      98.7      3.5610909      3.5201166
      98.8      3.5975967      3.5552471
      98.9      3.6136220      3.5701135
      99.0      3.6090825      3.5646487
      99.1      3.5840215      3.5389123
      99.2      3.5386097      3.4930899
      99.3      3.4731437      3.4274917
      99.4      3.3880444      3.3425503
      99.5      3.2838541      3.2388181
      99.6      3.1612332      3.1169634
      99.7      3.0209557      2.9777665
      99.8      2.8639044      2.8221140
      99.9      2.6910657      2.6509939
     100.0      2.5035228      2.4654887
     100.1      2.3024495      2.2667689
     100.2      2.0891024      2.0560854
     100.3      1.8648131      1.8347617
     100.4      1.6309802      1.6041856
     100.5      1.3890603      1.3658004
     100.6      1.1405590      1.1210957
     100.7      0.8870213      0.8715985
     100.8      0.6300226      0.6188632
     100.9      0.3711582      0.3644621
     101.0      0.1120339      0.1099756
     101.1     -0.1457442     -0.1430177
     101.2     -0.4005797     -0.3929507
     101.3     -0.6508955     -0.6382777
     101.4     -0.8951439     -0.8774838
     101.5     -1.1318159     -1.1090944
     101.6     -1.3594507     -1.3316843
     101.7     -1.5766447     -1.5438865
     101.8     -1.7820601     -1.7444005
     101.9     -1.9744329     -1.9320004
     102.0     -2.1525814     -2.1055424
     102.1     -2.3154128     -2.2639718
     102.2     -2.4619299     -2.4063294
     102.3     -2.5912377     -2.5317573
     102.4     -2.7025486     -2.6395043
     102.5     -2.7951871     -2.7289300
     102.6     -2.8685942     -2.7995091
     102.7     -2.9223303     -2.8508341
     102.8     -2.9560785     -2.8826180
     102.9     -2.9696459     -2.8946956
     103.0     -2.9629652     -2.8870246
     103.1     -2.9360947     -2.8596856
     103.2     -2.8892177     -2.8128814
     103.3     -2.8226420     -2.7469355
     103.4     -2.7367971     -2.6622902
     103.5     -2.6322320     -2.5595032
     103.6     -2.5096115     -2.4392445
     103.7     -2.3697121     -2.3022917
     103.8     -2.2134171     -2.1495252
     103.9     -2.0417109     -1.9819224
     104.0     -1.8556731     -1.8005517
     104.1     -1.6564717     -1.6065656
     104.2     -1.4453558     -1.4011934
     104.3     -1.2236474     -1.1857336
     104.4     -0.9927341     -0.9615455
     104.5     -0.7540595     -0.7300409
     104.6     -0.5091147     -0.4926750
     104.7     -0.2594292     -0.2509375
     104.8     -0.0065608     -0.0063432
     104.9      0.2479133      0.2395775
     105.0      0.5024070      0.4852879
     105.1      0.7553346      0.7292549
     105.2      1.0051210      0.9699583
     105.3      1.2502111      1.2059004
     105.4      1.4890799      1.4356151
     105.5      1.7202413      1.6576769
     105.6      1.9422578      1.8707100
     105.7      2.1537494      2.0733968
     105.8      2.3534017      2.2644854
     105.9      2.5399743      2.4427982
     106.0      2.7123085      2.6072383
     106.1      2.8693343      2.7567966
     106.2      3.0100771      2.8905581
     106.3      3.1336637      3.0077070
     106.4      3.2393274      3.1075320
     106.5      3.3264131      3.1894305
     106.6      3.3943811      3.2529121
     106.7      3.4428105      3.2976014
     106.8      3.4714016      3.3232404
     106.9      3.4799778      3.3296900
     107.0      3.4684868      3.3169304
     107.1      3.4370005      3.2850611
     107.2      3.3857150      3.2343003
     107.3      3.3149490      3.1649834
     107.4      3.2251418      3.0775603
     107.5      3.1168506      2.9725932
     107.6      2.9907472      2.8507523
     107.7      2.8476134      2.7128116
     107.8      2.6883365      2.5596442
     107.9      2.5139035      2.3922165
     108.0      2.3253953      2.2115823
     108.1      2.1239794      2.0188759
     108.2      1.9109033      1.8153047
     108.3      1.6874863      1.6021425
     108.4      1.4551114      1.3807203
     108.5      1.2152170      1.1524190
     108.6      0.9692874      0.9186600
     108.7      0.7188442      0.6808966
     108.8      0.4654366      0.4406052
     108.9      0.2106317      0.1992756
     109.0     -0.0439950     -0.0415981
     109.1     -0.2968696     -0.2805267
     109.2     -0.5464294     -0.5160350
     109.3     -0.7911323     -0.7466714
     109.4     -1.0294669     -0.9710165
     109.5     -1.2599616     -1.1876921
     109.6     -1.4811936     -1.3953694
     109.7     -1.6917976     -1.5927776
     109.8     -1.8904749     -1.7787114
     109.9     -2.0760004     -1.9520385
     110.0     -2.2472311     -2.1117065
     110.1     -2.4031127     -2.2567494
     110.2     -2.5426863     -2.3862933
     110.3     -2.6650939     -2.4995621
     110.4     -2.7695844     -2.5958815
     110.5     -2.8555176     -2.6746839
     110.6     -2.9223686     -2.7355110
     110.7     -2.9697306     -2.7780168
     110.8     -2.9973179     -2.8019697
     110.9     -3.0049672     -2.8072538
     111.0     -2.9926388     -2.7938690
     111.1     -2.9604170     -2.7619315
     111.2     -2.9085091     -2.7116722
     111.3     -2.8372445     -2.6434358
     111.4     -2.7470726     -2.5576779
     111.5     -2.6385598     -2.4549624
     111.6     -2.5123863     -2.3359577
     111.7     -2.3693414     -2.2014323
     111.8     -2.2103192     -2.0522500
     111.9     -2.0363125     -1.8893645
     112.0     -1.8484070     -1.7138131
     112.1     -1.6477744     -1.5267102
     112.2     -1.4356654     -1.3292403
     112.3     -1.2134014     -1.1226508
     112.4     -0.9823671     -0.9082436
     112.5     -0.7440010     -0.6873673
     112.6     -0.4997873     -0.4614088
     112.7     -0.2512464     -0.2317844
     112.8      0.0000747      0.0000689
     112.9      0.2526118      0.2327023
     113.0      0.5047932      0.4646646
     113.1      0.7550492      0.6945105
     113.2      1.0018223      0.9208103
     113.3      1.2435767      1.1421585
     113.4      1.4788074      1.3571823
     113.5      1.7060501      1.5645504
     113.6      1.9238898      1.7629809
     113.7      2.1309700      1.9512495
     113.8      2.3260006      2.1281967
     113.9      2.5077664      2.2927354
     114.0      2.6751344      2.4438569
     114.1      2.8270606      2.5806376
     114.2      2.9625969      2.7022443
     114.3      3.0808968      2.8079394
     114.4      3.1812203      2.8970853
     114.5      3.2629392      2.9691483
     114.6      3.3255404      3.0237014
     114.7      3.3686294      3.0604274
     114.8      3.3919327      3.0791201
     114.9      3.3952994      3.0796860
     115.0      3.3787022      3.0621441
     115.1      3.3422376      3.0266261
     115.2      3.2861255      2.9733753
     115.3      3.2107076      2.9027447
     115.4      3.1164453      2.8151950
     115.5      3.0039170      2.7112913
     115.6      2.8738145      2.5916994
     115.7      2.7269389      2.4571820
     115.8      2.5641952      2.3085931
     115.9      2.3865872      2.1468731
     116.0      2.1952110      1.9730426
     116.1      1.9912484      1.7881960
     116.2      1.7759595      1.5934945
     116.3      1.5506750      1.3901591
     116.4      1.3167878      1.1794623
     116.5      1.0757447      0.9627209
     116.6      0.8290371      0.7412871
     116.7      0.5781921      0.5165403
     116.8      0.3247627      0.2898785
     116.9      0.0703184      0.0627098
     117.0     -0.1835643     -0.1635570
     117.1     -0.4353121     -0.3875204
     117.2     -0.6833645     -0.6077956
     117.3     -0.9261832     -0.8230224
     117.4     -1.1622621     -1.0318742
     117.5     -1.3901361     -1.2330658
     117.6     -1.6083908     -1.4253616
     117.7     -1.8156705     -1.6075831
     117.8     -2.0106875     -1.7786160
     117.9     -2.1922295     -1.9374171
     118.0     -2.3591673     -2.0830211
     118.1     -2.5104616     -2.2145456
     118.2     -2.6451700     -2.3311975
     118.3     -2.7624525     -2.4322769
     118.4     -2.8615767     -2.5171818
     118.5     -2.9419224     -2.5854118
     118.6     -3.0029858     -2.6365704
     118.7     -3.0443822     -2.6703682
     118.8     -3.0658488     -2.6866238
     118.9     -3.0672462     -2.6852652
     119.0     -3.0485592     -2.6663300
     119.1     -3.0098974     -2.6299648
     119.2     -2.9514940     -2.5764243
     119.3     -2.8737048     -2.5060697
     119.4     -2.7770059     -2.4193659
     119.5     -2.6619909     -2.3168789
     119.6     -2.5293670     -2.1992718
     119.7     -2.3799513     -2.0673007
     119.8     -2.2146649     -1.9218097
     119.9     -2.0345280     -1.7637257
     120.0     -1.8406534     -1.5940526
     120.1     -1.6342395     -1.4138646
     120.2     -1.4165630     -1.2242997
     120.3     -1.1889711     -1.0265524
     120.4     -0.9528733     -0.8218662
     120.5     -0.7097323     -0.6115260
     120.6     -0.4610554     -0.3968498
     120.7     -0.2083851     -0.1791804
     120.8      0.0467108      0.0401227
     120.9      0.3026484      0.2596920
     121.0      0.5578377      0.4781602
     121.1      0.8106925      0.6941693
     121.2      1.0596402      0.9063784
     121.3      1.3031316      1.1134723
     121.4      1.5396503      1.3141698
     121.5      1.7677224      1.5072311
     121.6      1.9859253      1.6914661
     121.7      2.1928970      1.8657412
     121.8      2.3873442      2.0289864
     121.9      2.5680504      2.1802021
     122.0      2.7338837      2.3184649
     122.1      2.8838037      2.4429333
     122.2      3.0168680      2.5528531
     122.3      3.1322382      2.6475614
     122.4      3.2291849      2.7264910
     122.5      3.3070929      2.7891739
     122.6      3.3654644      2.8352435
     122.7      3.4039223      2.8644373
     122.8      3.4222132      2.8765982
     122.9      3.4202084      2.8716749
     123.0      3.3979049      2.8497229
     123.1      3.3554260      2.8109031
     123.2      3.2930198      2.7554814
     123.3      3.2110586      2.6838264
     123.4      3.1100362      2.5964071
     123.5      2.9905651      2.4937898
     123.6      2.8533726      2.3766346
     123.7      2.6992966      2.2456909
     123.8      2.5292806      2.1017929
     123.9      2.3443676      1.9458539
     124.0      2.1456940      1.7788609
     124.1      1.9344824      1.6018682
     124.2      1.7120345      1.4159905
     124.3      1.4797226      1.2223963
     124.4      1.2389815      1.0223003
     124.5      0.9912996      0.8169560
     124.6      0.7382097      0.6076472
     124.7      0.4812795      0.3956811
     124.8      0.2221021      0.1823789
     124.9     -0.0377142     -0.0309314
     125.0     -0.2965553     -0.2429239
     125.1     -0.5528119     -0.4522829
     125.2     -0.8048890     -0.6577110
     125.3     -1.0512161     -0.8579370
     125.4     -1.2902568     -1.0517241
     125.5     -1.5205181     -1.2378774
     125.6     -1.7405603     -1.4152509
     125.7     -1.9490056     -1.5827553
     125.8     -2.1445465     -1.7393640
     125.9     -2.3259543     -1.8841198
     126.0     -2.4920867     -2.0161405
     126.1     -2.6418949     -2.1346243
     126.2     -2.7744303     -2.2388551
     126.3     -2.8888502     -2.3282061
     126.4     -2.9844237     -2.4021441
     126.5     -3.0605356     -2.4602325
     126.6     -3.1166908     -2.5021339
     126.7     -3.1525177     -2.5276119
     126.8     -3.1677699     -2.5365327
     126.9     -3.1623286     -2.5288657
     127.0     -3.1362031     -2.5046832
     127.1     -3.0895309     -2.4641602
     127.2     -3.0225772     -2.4075732
     127.3     -2.9357332     -2.3352979
     127.4     -2.8295138     -2.2478071
     127.5     -2.7045547     -2.1456675
     127.6     -2.5616085     -2.0295359
     127.7     -2.4015404     -1.9001553
     127.8     -2.2253226     -1.7583498
     127.9     -2.0340287     -1.6050196
     128.0     -1.8288270     -1.4411353
     128.1     -1.6109736     -1.2677316
     128.2     -1.3818046     -1.0859006
     128.3     -1.1427277     -0.8967857
     128.4     -0.8952142     -0.7015735
     128.5     -0.6407892     -0.5014869
     128.6     -0.3810228     -0.2977771
     128.7     -0.1175203     -0.0917164
     128.8      0.1480879      0.1154105
     128.9      0.4141560      0.3223140
     129.0      0.6790333      0.5277080
     129.1      0.9410743      0.7303173
     129.2      1.1986486      0.9288861
     129.3      1.4501516      1.1221856
     129.4      1.6940138      1.3090213
     129.5      1.9287111      1.4882409
     129.6      2.1527740      1.6587409
     129.7      2.3647967      1.8194735
     129.8      2.5634463      1.9694535
     129.9      2.7474705      2.1077636
     130.0      2.9157060      2.2335604
     130.1      3.0670857      2.3460795
     130.2      3.2006453      2.4446402
     130.3      3.3155294      2.5286492
     130.4      3.4109970      2.5976049
     130.5      3.4864264      2.6510994
     130.6      3.5413189      2.6888218
     130.7      3.5753025      2.7105596
     130.8      3.5881338      2.7161995
     130.9      3.5797001      2.7057288
     131.0      3.5500204      2.6792344
     131.1      3.4992451      2.6369030
     131.2      3.4276553      2.5790189
     131.3      3.3356616      2.5059629
     131.4      3.2238015      2.4182092
     131.5      3.0927363      2.3163225
     131.6      2.9432471      2.2009545
     131.7      2.7762304      2.0728396
     131.8      2.5926926      1.9327901
     131.9      2.3937438      1.7816911
     132.0      2.1805913      1.6204952
     132.1      1.9545324      1.4502158
     132.2      1.7169460      1.2719215
     132.3      1.4692849      1.0867288
     132.4      1.2130664      0.8957954
     132.5      0.9498632      0.7003126
     132.6      0.6812938      0.5014984
     132.7      0.4090127      0.3005894
     132.8      0.1346999      0.0988334
     132.9     -0.1399491     -0.1025187
     133.0     -0.4132341     -0.3022203
     133.1     -0.6834604     -0.4990370
     133.2     -0.9489492     -0.6917542
     133.3     -1.2080485     -0.8791848
     133.4     -1.4591428     -1.0601762
     133.5     -1.7006635     -1.2336177
     133.6     -1.9310985     -1.3984472
     133.7     -2.1490016     -1.5536575
     133.8     -2.3530017     -1.6983030
     133.9     -2.5418113     -1.8315050
     134.0     -2.7142347     -1.9524571
     134.1     -2.8691753     -2.0604302
     134.2     -3.0056427     -2.1547771
     134.3     -3.1227591     -2.2349360
     134.4     -3.2197648     -2.3004340
     134.5     -3.2960229     -2.3508898
     134.6     -3.3510239     -2.3860163
     134.7     -3.3843888     -2.4056217
     134.8     -3.3958714     -2.4096110
     134.9     -3.3853607     -2.3979858
     135.0     -3.3528812     -2.3708450
     135.1     -3.2985934     -2.3283833
     135.2     -3.2227928     -2.2708900
     135.3     -3.1259085     -2.1987475
     135.4     -3.0085006     -2.1124279
     135.5     -2.8712572     -2.0124908
     135.6     -2.7149901     -1.8995791
     135.7     -2.5406304     -1.7744151
     135.8     -2.3492225     -1.6377960
     135.9     -2.1419183     -1.4905884
     136.0     -1.9199699     -1.3337232
     136.1     -1.6847223     -1.1681895
     136.2     -1.4376053     -0.9950287
     136.3     -1.1801246     -0.8153273
     136.4     -0.9138528     -0.6302108
     136.5     -0.6404198     -0.4408359
     136.6     -0.3615029     -0.2483841
     136.7     -0.0788164     -0.0540537
     136.8      0.2058990      0.1409475
     136.9      0.4908864      0.3354098
     137.0      0.7743841      0.5281287
     137.1      1.0546362      0.7179129
     137.2      1.3299036      0.9035914
     137.3      1.5984743      1.0840208
     137.4      1.8586747      1.2580923
     137.5      2.1088797      1.4247385
     137.6      2.3475225      1.5829400
     137.7      2.5731050      1.7317319
     137.8      2.7842067      1.8702090
     137.9      2.9794940      1.9975321
     138.0      3.1577283      2.1129327
     138.1      3.3177739      2.2157174
     138.2      3.4586053      2.3052728
     138.3      3.5793139      2.3810682
     138.4      3.6791133      2.4426598
     138.5      3.7573453      2.4896923
     138.6      3.8134832      2.5219017
     138.7      3.8471360      2.5391162
     138.8      3.8580511      2.5412576
     138.9      3.8461158      2.5283413
     139.0      3.8113583      2.5004760
     139.1      3.7539483      2.4578632
     139.2      3.6741957      2.4007952
     139.3      3.5725492      2.3296536
     139.4      3.4495940      2.2449068
     139.5      3.3060480      2.1471064
     139.6      3.1427583      2.0368842
     139.7      2.9606956      1.9149476
     139.8      2.7609489      1.7820757
     139.9      2.5447190      1.6391137
     140.0      2.3133111      1.4869677
     140.1      2.0681271      1.3265994
     140.2      1.8106571      1.1590192
     140.3      1.5424707      0.9852806
     140.4      1.2652069      0.8064733
     140.5      0.9805648      0.6237159
     140.6      0.6902925      0.4381497
     140.7      0.3961773      0.2509311
     140.8      0.1000338      0.0632243
     140.9     -0.1963064     -0.1238057
     141.0     -0.4910066     -0.3090004
     141.1     -0.7822358     -0.4912152
     141.2     -1.0681806     -0.6693261
     141.3     -1.3470560     -0.8422369
     141.4     -1.6171167     -1.0088861
     141.5     -1.8766676     -1.1682531
     141.6     -2.1240752     -1.3193646
     141.7     -2.3577768     -1.4613006
     141.8     -2.5762912     -1.5932001
     141.9     -2.7782276     -1.7142661
     142.0     -2.9622945     -1.8237706
     142.1     -3.1273077     -1.9210588
     142.2     -3.2721984     -2.0055535
     142.3     -3.3960196     -2.0767578
     142.4     -3.4979524     -2.1342588
     142.5     -3.5773115     -2.1777293
     142.6     -3.6335495     -2.2069302
     142.7     -3.6662610     -2.2217116
     142.8     -3.6751850     -2.2220136
     142.9     -3.6602072     -2.2078662
     143.0     -3.6213610     -2.1793895
     143.1     -3.5588278     -2.1367922
     143.2     -3.4729359     -2.0803705
     143.3     -3.3641591     -2.0105061
     143.4     -3.2331143     -1.9276632
     143.5     -3.0805577     -1.8323859
     143.6     -2.9073808     -1.7252947
     143.7     -2.7146051     -1.6070820
     143.8     -2.5033759     -1.4785080
     143.9     -2.2749562     -1.3403959
     144.0     -2.0307187     -1.1936265
     144.1     -1.7721376     -1.0391325
     144.2     -1.5007800     -0.8778928
     144.3     -1.2182964     -0.7109262
     144.4     -0.9264108     -0.5392850
     144.5     -0.6269099     -0.3640484
     144.6     -0.3216327     -0.1863158
     144.7     -0.0124591     -0.0071996
     144.8      0.2987017      0.1721813
     144.9      0.6099227      0.3507088
     145.0      0.9192713      0.5272723
     145.1      1.2248207      0.7007761
     145.2      1.5246624      0.8701455
     145.3      1.8169175      1.0343339
     145.4      2.0997489      1.1923293
     145.5      2.3713723      1.3431600
     145.6      2.6300676      1.4859014
     145.7      2.8741900      1.6196809
     145.8      3.1021796      1.7436836
     145.9      3.3125722      1.8571571
     146.0      3.5040079      1.9594163
     146.1      3.6752403      2.0498473
     146.2      3.8251443      2.1279110
     146.3      3.9527234      2.1931466
     146.4      4.0571164      2.2451739
     146.5      4.1376029      2.2836961
     146.6      4.1936086      2.3085008
     146.7      4.2247088      2.3194615
     146.8      4.2306317      2.3165383
     146.9      4.2112607      2.2997777
     147.0      4.1666355      2.2693123
     147.1      4.0969522      2.2253598
     147.2      4.0025630      2.1682212
     147.3      3.8839738      2.0982792
     147.4      3.7418424      2.0159954
     147.5      3.5769745      1.9219070
     147.6      3.3903191      1.8166238
     147.7      3.1829635      1.7008240
     147.8      2.9561266      1.5752497
     147.9      2.7111522      1.4407024
     148.0      2.4495008      1.2980377
     148.1      2.1727415      1.1481599
     148.2      1.8825417      0.9920163
     148.3      1.5806584      0.8305912
     148.4      1.2689266      0.6648997
     148.5      0.9492489      0.4959812
     148.6      0.6235836      0.3248931
     148.7      0.2939332      0.1527039
     148.8     -0.0376684     -0.0195132
     148.9     -0.3691675     -0.1906873
     149.0     -0.6985040     -0.3597562
     149.1     -1.0236236     -0.5256730
     149.2     -1.3424906     -0.6874127
     149.3     -1.6531006     -0.8439788
     149.4     -1.9534930     -0.9944088
     149.5     -2.2417629     -1.1377807
     149.6     -2.5160736     -1.2732182
     149.7     -2.7746677     -1.3998965
     149.8     -3.0158785     -1.5170471
     149.9     -3.2381405     -1.6239622
     150.0     -3.4399993     -1.7199996
     150.1     -3.6201212     -1.8045860
     150.2     -3.7773018     -1.8772206
     150.3     -3.9104738     -1.9374781
     150.4     -4.0187142     -1.9850112
     150.5     -4.1012505     -2.0195524
     150.6     -4.1574659     -2.0409156
     150.7     -4.1869040     -2.0489973
     150.8     -4.1892718     -2.0437767
     150.9     -4.1644426     -2.0253158
     151.0     -4.1124570     -1.9937587
     151.1     -4.0335235     -1.9493309
     151.2     -3.9280179     -1.8923371
     151.3     -3.7964815     -1.8231596
     151.4     -3.6396186     -1.7422558
     151.5     -3.4582925     -1.6501546
     151.6     -3.2535212     -1.5474534
     151.7     -3.0264714     -1.4348144
     151.8     -2.7784521     -1.3129597
     151.9     -2.5109072     -1.1826671
     152.0     -2.2254069     -1.0447653
     152.1     -1.9236386     -0.9001278
     152.2     -1.6073971     -0.7496685
     152.3     -1.2785741     -0.5943350
     152.4     -0.9391466     -0.4351029
     152.5     -0.5911654     -0.2729698
     152.6     -0.2367426     -0.1089489
     152.7      0.1219611      0.0559374
     152.8      0.4827493      0.2206637
     152.9      0.8434035      0.3842082
     153.0      1.2016967      0.5455589
     153.1      1.5554068      0.7037200
     153.2      1.9023305      0.8577181
     153.3      2.2402969      1.0066079
     153.4      2.5671807      1.1494785
     153.5      2.8809161      1.2854584
     153.6      3.1795090      1.4137216
     153.7      3.4610503      1.5334917
     153.8      3.7237274      1.6440474
     153.9      3.9658361      1.7447266
     154.0      4.1857914      1.8349302
     154.1      4.3821380      1.9141257
     154.2      4.5535595      1.9818507
     154.3      4.6988873      2.0377152
     154.4      4.8171085      2.0814039
     154.5      4.9073726      2.1126783
     154.6      4.9689976      2.1313777
     154.7      5.0014751      2.1374197
     154.8      5.0044738      2.1308013
     154.9      4.9778429      2.1115981
     155.0      4.9216132      2.0799636
     155.1      4.8359984      2.0361285
     155.2      4.7213942      1.9803986
     155.3      4.5783767      1.9131529
     155.4      4.4077002      1.8348409
     155.5      4.2102927      1.7459799
     155.6      3.9872517      1.6471513
     155.7      3.7398375      1.5389968
     155.8      3.4694672      1.4222145
     155.9      3.1777057      1.2975541
     156.0      2.8662578      1.1658121
     156.1      2.5369575      1.0278270
     156.2      2.1917580      0.8844736
     156.3      1.8327200      0.7366577
     156.4      1.4619999      0.5853103
     156.5      1.0818365      0.4313813
     156.6      0.6945379      0.2758343
     156.7      0.3024681      0.1196399
     156.8     -0.0919679     -0.0362300
     156.9     -0.4863383     -0.1908086
     157.0     -0.8781993     -0.3431398
     157.1     -1.2651101     -0.4922846
     157.2     -1.6446478     -0.6373267
     157.3     -2.0144226     -0.7773778
     157.4     -2.3720922     -0.9115839
     157.5     -2.7153769     -1.0391298
     157.6     -3.0420737     -1.1592442
     157.7     -3.3500701     -1.2712047
     157.8     -3.6373575     -1.3743420
     157.9     -3.9020446     -1.4680439
     158.0     -4.1423689     -1.5517587
     158.1     -4.3567085     -1.6249990
     158.2     -4.5435932     -1.6873444
     158.3     -4.7017135     -1.7384433
     158.4     -4.8299303     -1.7780159
     158.5     -4.9272824     -1.8058550
     158.6     -4.9929933     -1.8218273
     158.7     -5.0264774     -1.8258741
     158.8     -5.0273440     -1.8180111
     158.9     -4.9954017     -1.7983286
     159.0     -4.9306595     -1.7669903
     159.1     -4.8333292     -1.7242322
     159.2     -4.7038240     -1.6703606
     159.3     -4.5427580     -1.6057507
     159.4     -4.3509434     -1.5308431
     159.5     -4.1293863     -1.4461416
     159.6     -3.8792820     -1.3522093
     159.7     -3.6020088     -1.2496653
     159.8     -3.2991205     -1.1391804
     159.9     -2.9723379     -1.0214728
     160.0     -2.6235395     -0.8973034
     160.1     -2.2547505     -0.7674709
     160.2     -1.8681316     -0.6328070
     160.3     -1.4659669     -0.4941705
     160.4     -1.0506497     -0.3524421
     160.5     -0.6246696     -0.2085190
     160.6     -0.1905973     -0.0633090
     160.7      0.2489308      0.0822752
     160.8      0.6912277      0.2273218
     160.9      1.1335727      0.3709253
     161.0      1.5732270      0.5121926
     161.1      2.0074511      0.6502484
     161.2      2.4335210      0.7842403
     161.3      2.8487453      0.9133447
     161.4      3.2504816      1.0367714
     161.5      3.6361533      1.1537684
     161.6      4.0032656      1.2636269
     161.7      4.3494210      1.3656854
     161.8      4.6723354      1.4593335
     161.9      4.9698518      1.5440158
     162.0      5.2399552      1.6192352
     162.1      5.4807854      1.6845557
     162.2      5.6906497      1.7396049
     162.3      5.8680341      1.7840764
     162.4      6.0116140      1.8177311
     162.5      6.1202635      1.8403987
     162.6      6.1930640      1.8519788
     162.7      6.2293105      1.8524404
     162.8      6.2285186      1.8418231
     162.9      6.1904278      1.8202354
     163.0      6.1150056      1.7878546
     163.1      6.0024491      1.7449251
     163.2      5.8531854      1.6917567
     163.3      5.6678707      1.6287223
     163.4      5.4473882      1.5562554
     163.5      5.1928443      1.4748475
     163.6      4.9055634      1.3850439
     163.7      4.5870820      1.2874412
     163.8      4.2391404      1.1826825
     163.9      3.8636741      1.0714535
     164.0      3.4628034      0.9544780
     164.1      3.0388220      0.8325133
     164.2      2.5941843      0.7063451
     164.3      2.1314920      0.5767827
     164.4      1.6534795      0.4446534
     164.5      1.1629980      0.3107977
     164.6      0.6629996      0.1760636
     164.7      0.1565201      0.0413014
     164.8     -0.3533391     -0.0926417
     164.9     -0.8634284     -0.2249270
     165.0     -1.3705696     -0.3547295
     165.1     -1.8715743     -0.4812431
     165.2     -2.3632634     -0.6036856
     165.3     -2.8424861     -0.7213034
     165.4     -3.3061396     -0.8333765
     165.5     -3.7511880     -0.9392225
     165.6     -4.1746813     -1.0382010
     165.7     -4.5737738     -1.1297176
     165.8     -4.9457424     -1.2132271
     165.9     -5.2880042     -1.2882372
     166.0     -5.5981331     -1.3543110
     166.1     -5.8738758     -1.4110697
     166.2     -6.1131671     -1.4581949
     166.3     -6.3141442     -1.4954302
     166.4     -6.4751593     -1.5225827
     166.5     -6.5947921     -1.5395236
     166.6     -6.6718599     -1.5461895
     166.7     -6.7054272     -1.5425818
     166.8     -6.6948138     -1.5287666
     166.9     -6.6396011     -1.5048743
     167.0     -6.5396373     -1.4710983
     167.1     -6.3950407     -1.4276936
     167.2     -6.2062016     -1.3749746
     167.3     -5.9737831     -1.3133135
     167.4     -5.6987193     -1.2431371
     167.5     -5.3822127     -1.1649240
     167.6     -5.0257296     -1.0792017
     167.7     -4.6309943     -0.9865425
     167.8     -4.1999811     -0.8875601
     167.9     -3.7349052     -0.7829055
     168.0     -3.2382122     -0.6732622
     168.1     -2.7125659     -0.5593424
     168.2     -2.1608346     -0.4418821
     168.3     -1.5860763     -0.3216361
     168.4     -0.9915230     -0.1993734
     168.5     -0.3805627     -0.0758720
     168.6      0.2432784      0.0480858
     168.7      0.8763554      0.1717185
     168.8      1.5149250      0.2942505
     168.9      2.1551665      0.4149169
     169.0      2.7932032      0.5329683
     169.1      3.4251249      0.6476755
     169.2      4.0470104      0.7583341
     169.3      4.6549503      0.8642689
     169.4      5.2450704      0.9648378
     169.5      5.8135543      1.0594361
     169.6      6.3566668      1.1475001
     169.7      6.8707767      1.2285101
     169.8      7.3523787      1.3019941
     169.9      7.7981161      1.3675301
     170.0      8.2048014      1.4247488
     170.1      8.5694375      1.4733357
     170.2      8.8892367      1.5130325
     170.3      9.1616402      1.5436391
     170.4      9.3843349      1.5650138
     170.5      9.5552706      1.5770745
     170.6      9.6726745      1.5797989
     170.7      9.7350651      1.5732237
     170.8      9.7412644      1.5574449
     170.9      9.6904086      1.5326163
     171.0      9.5819571      1.4989483
     171.1      9.4156993      1.4567065
     171.2      9.1917609      1.4062092
     171.3      8.9106067      1.3478257
     171.4      8.5730431      1.2819729
     171.5      8.1802178      1.2091132
     171.6      7.7336179      1.1297503
     171.7      7.2350658      1.0444266
     171.8      6.6867139      0.9537189
     171.9      6.0910370      0.8582346
     172.0      5.4508223      0.7586078
     172.1      4.7691587      0.6554948
     172.2      4.0494236      0.5495698
     172.3      3.2952681      0.4415204
     172.4      2.5106007      0.3320430
     172.5      1.6995694      0.2218383
     172.6      0.8665422      0.1116068
     172.7      0.0160861      0.0020440
     172.8     -0.8470546     -0.1061641
     172.9     -1.7179817     -0.2123451
     173.0     -2.5916676     -0.3158448
     173.1     -3.4629806     -0.4160315
     173.2     -4.3267105     -0.5122997
     173.3     -5.1775960     -0.6040739
     173.4     -6.0103514     -0.6908127
     173.5     -6.8196948     -0.7720114
     173.6     -7.6003754     -0.8472057
     173.7     -8.3472021     -0.9159745
     173.8     -9.0550712     -0.9779419
     173.9     -9.7189941     -1.0327799
     174.0    -10.3341248     -1.0802102
     174.1    -10.8957868     -1.1200056
     174.2    -11.3994994     -1.1519912
     174.3    -11.8410032     -1.1760455
     174.4    -12.2162843     -1.1921004
     174.5    -12.5215984     -1.2001420
     174.6    -12.7534925     -1.2002097
     174.7    -12.9088263     -1.1923959
     174.8    -12.9847914     -1.1768451
     174.9    -12.9789293     -1.1537528
     175.0    -12.8891479     -1.1233633
     175.1    -12.7137361     -1.0859682
     175.2    -12.4513758     -1.0419043
     175.3    -12.1011537     -0.9915505
     175.4    -11.6625695     -0.9353255
     175.5    -11.1355425     -0.8736846
     175.6    -10.5204169     -0.8071162
     175.7     -9.8179635     -0.7361384
     175.8     -9.0293809     -0.6612956
     175.9     -8.1562930     -0.5831541
     176.0     -7.2007456     -0.5022986
     176.1     -6.1651998     -0.4193279
     176.2     -5.0525240     -0.3348505
     176.3     -3.8659836     -0.2494808
     176.4     -2.6092283     -0.1638348
     176.5     -1.2862776     -0.0785254
     176.6      0.0984953      0.0058414
     176.7      1.5403817      0.0886706
     176.8      3.0343582      0.1693824
     176.9      4.5751074      0.2474164
     177.0      6.1570422      0.3222347
     177.1      7.7743300      0.3933262
     177.2      9.4209192      0.4602097
     177.3     11.0905661      0.5224372
     177.4     12.7768643      0.5795967
     177.5     14.4732730      0.6313153
     177.6     16.1731480      0.6772611
     177.7     17.8697725      0.7171460
     177.8     19.5563880      0.7507269
     177.9     21.2262265      0.7778077
     178.0     22.8725421      0.7982402
     178.1     24.4886429      0.8119253
     178.2     26.0679229      0.8188132
     178.3     27.6038932      0.8189038
     178.4     29.0902131      0.8122464
     178.5     30.5207204      0.7989393
     178.6     31.8894607      0.7791290
     178.7     33.1907165      0.7530089
     178.8     34.4190342      0.7208179
     178.9     35.5692507      0.6828386
     179.0     36.6365180      0.6393954
     179.1     37.6163271      0.5908516
     179.2     38.5045295      0.5376072
     179.3     39.2973574      0.4800958
     179.4     39.9914418      0.4187817
     179.5     40.5838292      0.3541562
     179.6     41.0719957      0.2867343
     179.7     41.4538594      0.2170509
     179.8     41.7277901      0.1456572
     179.9     41.8926182      0.0731164
     180.0     41.9476393      0.0000000
