 # List of d(q) for j, j' =            3          29
 #    0  1.00000000
 #    1  0.10687026
 #    2  0.25395229
 #    3  0.03689945
 #    4  0.16082615
 #    5  0.02008217
 #    6  0.15598984
       0.0      4.6473753      0.0000000
       0.1      4.6473039      0.0081111
       0.2      4.6470896      0.0162214
       0.3      4.6467324      0.0243301
       0.4      4.6462324      0.0324366
       0.5      4.6455896      0.0405399
       0.6      4.6448041      0.0486394
       0.7      4.6438760      0.0567342
       0.8      4.6428052      0.0648237
       0.9      4.6415918      0.0729070
       1.0      4.6402361      0.0809833
       1.1      4.6387380      0.0890519
       1.2      4.6370977      0.0971120
       1.3      4.6353152      0.1051629
       1.4      4.6333909      0.1132038
       1.5      4.6313247      0.1212339
       1.6      4.6291168      0.1292525
       1.7      4.6267674      0.1372588
       1.8      4.6242767      0.1452520
       1.9      4.6216449      0.1532315
       2.0      4.6188721      0.1611963
       2.1      4.6159586      0.1691458
       2.2      4.6129046      0.1770793
       2.3      4.6097103      0.1849959
       2.4      4.6063760      0.1928950
       2.5      4.6029019      0.2007758
       2.6      4.5992882      0.2086375
       2.7      4.5955353      0.2164794
       2.8      4.5916435      0.2243007
       2.9      4.5876129      0.2321008
       3.0      4.5834439      0.2398789
       3.1      4.5791369      0.2476343
       3.2      4.5746922      0.2553662
       3.3      4.5701100      0.2630739
       3.4      4.5653907      0.2707568
       3.5      4.5605348      0.2784140
       3.6      4.5555425      0.2860449
       3.7      4.5504142      0.2936487
       3.8      4.5451503      0.3012248
       3.9      4.5397512      0.3087725
       4.0      4.5342174      0.3162910
       4.1      4.5285491      0.3237797
       4.2      4.5227469      0.3312378
       4.3      4.5168112      0.3386648
       4.4      4.5107424      0.3460598
       4.5      4.5045410      0.3534222
       4.6      4.4982074      0.3607514
       4.7      4.4917422      0.3680467
       4.8      4.4851457      0.3753073
       4.9      4.4784185      0.3825327
       5.0      4.4715612      0.3897222
       5.1      4.4645741      0.3968752
       5.2      4.4574579      0.4039909
       5.3      4.4502130      0.4110688
       5.4      4.4428400      0.4181082
       5.5      4.4353395      0.4251084
       5.6      4.4277120      0.4320690
       5.7      4.4199580      0.4389891
       5.8      4.4120782      0.4458683
       5.9      4.4040732      0.4527059
       6.0      4.3959435      0.4595012
       6.1      4.3876897      0.4662538
       6.2      4.3793125      0.4729629
       6.3      4.3708125      0.4796281
       6.4      4.3621903      0.4862487
       6.5      4.3534465      0.4928241
       6.6      4.3445819      0.4993539
       6.7      4.3355970      0.5058373
       6.8      4.3264925      0.5122739
       6.9      4.3172692      0.5186631
       7.0      4.3079276      0.5250043
       7.1      4.2984685      0.5312971
       7.2      4.2888926      0.5375408
       7.3      4.2792006      0.5437349
       7.4      4.2693932      0.5498790
       7.5      4.2594711      0.5559725
       7.6      4.2494351      0.5620149
       7.7      4.2392859      0.5680057
       7.8      4.2290242      0.5739444
       7.9      4.2186509      0.5798306
       8.0      4.2081666      0.5856636
       8.1      4.1975723      0.5914431
       8.2      4.1868685      0.5971686
       8.3      4.1760562      0.6028396
       8.4      4.1651361      0.6084557
       8.5      4.1541090      0.6140164
       8.6      4.1429757      0.6195213
       8.7      4.1317371      0.6249699
       8.8      4.1203940      0.6303619
       8.9      4.1089472      0.6356968
       9.0      4.0973976      0.6409742
       9.1      4.0857459      0.6461937
       9.2      4.0739931      0.6513549
       9.3      4.0621401      0.6564574
       9.4      4.0501876      0.6615008
       9.5      4.0381365      0.6664848
       9.6      4.0259879      0.6714089
       9.7      4.0137424      0.6762730
       9.8      4.0014011      0.6810765
       9.9      3.9889647      0.6858191
      10.0      3.9764343      0.6905006
      10.1      3.9638108      0.6951205
      10.2      3.9510950      0.6996786
      10.3      3.9382879      0.7041746
      10.4      3.9253904      0.7086081
      10.5      3.9124035      0.7129789
      10.6      3.8993281      0.7172867
      10.7      3.8861651      0.7215311
      10.8      3.8729155      0.7257120
      10.9      3.8595803      0.7298291
      11.0      3.8461604      0.7338820
      11.1      3.8326569      0.7378706
      11.2      3.8190705      0.7417947
      11.3      3.8054025      0.7456539
      11.4      3.7916537      0.7494482
      11.5      3.7778251      0.7531772
      11.6      3.7639177      0.7568408
      11.7      3.7499326      0.7604387
      11.8      3.7358707      0.7639708
      11.9      3.7217331      0.7674369
      12.0      3.7075207      0.7708369
      12.1      3.6932346      0.7741705
      12.2      3.6788758      0.7774377
      12.3      3.6644454      0.7806382
      12.4      3.6499443      0.7837720
      12.5      3.6353736      0.7868389
      12.6      3.6207344      0.7898387
      12.7      3.6060276      0.7927715
      12.8      3.5912544      0.7956370
      12.9      3.5764158      0.7984352
      13.0      3.5615128      0.8011661
      13.1      3.5465465      0.8038294
      13.2      3.5315180      0.8064252
      13.3      3.5164283      0.8089534
      13.4      3.5012785      0.8114139
      13.5      3.4860697      0.8138068
      13.6      3.4708029      0.8161319
      13.7      3.4554792      0.8183893
      13.8      3.4400998      0.8205789
      13.9      3.4246656      0.8227007
      14.0      3.4091778      0.8247548
      14.1      3.3936375      0.8267410
      14.2      3.3780457      0.8286596
      14.3      3.3624036      0.8305104
      14.4      3.3467123      0.8322935
      14.5      3.3309727      0.8340090
      14.6      3.3151861      0.8356568
      14.7      3.2993536      0.8372372
      14.8      3.2834762      0.8387501
      14.9      3.2675551      0.8401956
      15.0      3.2515913      0.8415737
      15.1      3.2355860      0.8428847
      15.2      3.2195402      0.8441286
      15.3      3.2034552      0.8453055
      15.4      3.1873320      0.8464155
      15.5      3.1711717      0.8474588
      15.6      3.1549754      0.8484354
      15.7      3.1387443      0.8493456
      15.8      3.1224794      0.8501895
      15.9      3.1061819      0.8509672
      16.0      3.0898530      0.8516789
      16.1      3.0734936      0.8523248
      16.2      3.0571050      0.8529051
      16.3      3.0406883      0.8534200
      16.4      3.0242445      0.8538696
      16.5      3.0077748      0.8542542
      16.6      2.9912804      0.8545740
      16.7      2.9747623      0.8548292
      16.8      2.9582217      0.8550201
      16.9      2.9416596      0.8551469
      17.0      2.9250773      0.8552098
      17.1      2.9084758      0.8552092
      17.2      2.8918562      0.8551451
      17.3      2.8752196      0.8550181
      17.4      2.8585673      0.8548282
      17.5      2.8419002      0.8545759
      17.6      2.8252196      0.8542613
      17.7      2.8085264      0.8538849
      17.8      2.7918219      0.8534469
      17.9      2.7751072      0.8529475
      18.0      2.7583833      0.8523873
      18.1      2.7416513      0.8517664
      18.2      2.7249125      0.8510853
      18.3      2.7081678      0.8503443
      18.4      2.6914184      0.8495436
      18.5      2.6746654      0.8486838
      18.6      2.6579098      0.8477651
      18.7      2.6411529      0.8467879
      18.8      2.6243957      0.8457527
      18.9      2.6076392      0.8446598
      19.0      2.5908846      0.8435095
      19.1      2.5741329      0.8423024
      19.2      2.5573853      0.8410387
      19.3      2.5406429      0.8397190
      19.4      2.5239066      0.8383437
      19.5      2.5071777      0.8369131
      19.6      2.4904571      0.8354277
      19.7      2.4737459      0.8338880
      19.8      2.4570453      0.8322944
      19.9      2.4403563      0.8306474
      20.0      2.4236799      0.8289473
      20.1      2.4070172      0.8271948
      20.2      2.3903692      0.8253902
      20.3      2.3737371      0.8235340
      20.4      2.3571219      0.8216268
      20.5      2.3405246      0.8196690
      20.6      2.3239462      0.8176611
      20.7      2.3073878      0.8156036
      20.8      2.2908505      0.8134970
      20.9      2.2743352      0.8113418
      21.0      2.2578431      0.8091386
      21.1      2.2413750      0.8068878
      21.2      2.2249321      0.8045901
      21.3      2.2085153      0.8022459
      21.4      2.1921257      0.7998558
      21.5      2.1757642      0.7974202
      21.6      2.1594319      0.7949399
      21.7      2.1431298      0.7924153
      21.8      2.1268588      0.7898469
      21.9      2.1106199      0.7872354
      22.0      2.0944142      0.7845814
      22.1      2.0782425      0.7818853
      22.2      2.0621060      0.7791477
      22.3      2.0460054      0.7763694
      22.4      2.0299419      0.7735507
      22.5      2.0139163      0.7706924
      22.6      1.9979296      0.7677950
      22.7      1.9819827      0.7648591
      22.8      1.9660766      0.7618853
      22.9      1.9502123      0.7588743
      23.0      1.9343906      0.7558266
      23.1      1.9186124      0.7527429
      23.2      1.9028787      0.7496237
      23.3      1.8871904      0.7464697
      23.4      1.8715484      0.7432815
      23.5      1.8559536      0.7400598
      23.6      1.8404069      0.7368051
      23.7      1.8249092      0.7335182
      23.8      1.8094612      0.7301996
      23.9      1.7940641      0.7268500
      24.0      1.7787184      0.7234700
      24.1      1.7634253      0.7200603
      24.2      1.7481854      0.7166215
      24.3      1.7329997      0.7131543
      24.4      1.7178690      0.7096593
      24.5      1.7027940      0.7061372
      24.6      1.6877757      0.7025886
      24.7      1.6728149      0.6990143
      24.8      1.6579124      0.6954148
      24.9      1.6430689      0.6917908
      25.0      1.6282853      0.6881431
      25.1      1.6135623      0.6844722
      25.2      1.5989008      0.6807789
      25.3      1.5843016      0.6770637
      25.4      1.5697653      0.6733275
      25.5      1.5552928      0.6695708
      25.6      1.5408847      0.6657943
      25.7      1.5265420      0.6619988
      25.8      1.5122652      0.6581848
      25.9      1.4980551      0.6543532
      26.0      1.4839125      0.6505044
      26.1      1.4698381      0.6466394
      26.2      1.4558325      0.6427586
      26.3      1.4418965      0.6388628
      26.4      1.4280308      0.6349527
      26.5      1.4142359      0.6310290
      26.6      1.4005128      0.6270923
      26.7      1.3868619      0.6231434
      26.8      1.3732839      0.6191829
      26.9      1.3597796      0.6152115
      27.0      1.3463495      0.6112299
      27.1      1.3329942      0.6072387
      27.2      1.3197145      0.6032388
      27.3      1.3065109      0.5992306
      27.4      1.2933840      0.5952150
      27.5      1.2803345      0.5911927
      27.6      1.2673629      0.5871642
      27.7      1.2544698      0.5831303
      27.8      1.2416558      0.5790917
      27.9      1.2289214      0.5750490
      28.0      1.2162673      0.5710029
      28.1      1.2036939      0.5669541
      28.2      1.1912019      0.5629033
      28.3      1.1787916      0.5588512
      28.4      1.1664638      0.5547984
      28.5      1.1542188      0.5507456
      28.6      1.1420572      0.5466935
      28.7      1.1299795      0.5426427
      28.8      1.1179862      0.5385940
      28.9      1.1060777      0.5345479
      29.0      1.0942546      0.5305052
      29.1      1.0825172      0.5264664
      29.2      1.0708661      0.5224324
      29.3      1.0593017      0.5184037
      29.4      1.0478244      0.5143809
      29.5      1.0364346      0.5103648
      29.6      1.0251328      0.5063560
      29.7      1.0139194      0.5023552
      29.8      1.0027948      0.4983629
      29.9      0.9917593      0.4943798
      30.0      0.9808133      0.4904067
      30.1      0.9699573      0.4864440
      30.2      0.9591915      0.4824925
      30.3      0.9485164      0.4785527
      30.4      0.9379322      0.4746254
      30.5      0.9274394      0.4707111
      30.6      0.9170382      0.4668104
      30.7      0.9067289      0.4629240
      30.8      0.8965119      0.4590525
      30.9      0.8863874      0.4551965
      31.0      0.8763558      0.4513566
      31.1      0.8664173      0.4475334
      31.2      0.8565721      0.4437275
      31.3      0.8468207      0.4399395
      31.4      0.8371631      0.4361700
      31.5      0.8275997      0.4324196
      31.6      0.8181306      0.4286889
      31.7      0.8087562      0.4249784
      31.8      0.7994765      0.4212888
      31.9      0.7902919      0.4176205
      32.0      0.7812024      0.4139742
      32.1      0.7722084      0.4103505
      32.2      0.7633100      0.4067498
      32.3      0.7545072      0.4031727
      32.4      0.7458004      0.3996199
      32.5      0.7371897      0.3960917
      32.6      0.7286751      0.3925888
      32.7      0.7202568      0.3891118
      32.8      0.7119349      0.3856610
      32.9      0.7037096      0.3822371
      33.0      0.6955810      0.3788406
      33.1      0.6875491      0.3754719
      33.2      0.6796140      0.3721316
      33.3      0.6717758      0.3688202
      33.4      0.6640346      0.3655382
      33.5      0.6563904      0.3622861
      33.6      0.6488432      0.3590644
      33.7      0.6413932      0.3558734
      33.8      0.6340403      0.3527138
      33.9      0.6267845      0.3495860
      34.0      0.6196259      0.3464904
      34.1      0.6125645      0.3434275
      34.2      0.6056002      0.3403978
      34.3      0.5987330      0.3374016
      34.4      0.5919629      0.3344395
      34.5      0.5852900      0.3315119
      34.6      0.5787140      0.3286191
      34.7      0.5722350      0.3257617
      34.8      0.5658529      0.3229400
      34.9      0.5595677      0.3201544
      35.0      0.5533792      0.3174053
      35.1      0.5472874      0.3146932
      35.2      0.5412922      0.3120183
      35.3      0.5353934      0.3093812
      35.4      0.5295910      0.3067821
      35.5      0.5238848      0.3042215
      35.6      0.5182747      0.3016996
      35.7      0.5127606      0.2992169
      35.8      0.5073423      0.2967737
      35.9      0.5020195      0.2943704
      36.0      0.4967923      0.2920072
      36.1      0.4916604      0.2896845
      36.2      0.4866236      0.2874026
      36.3      0.4816817      0.2851619
      36.4      0.4768345      0.2829626
      36.5      0.4720818      0.2808050
      36.6      0.4674234      0.2786895
      36.7      0.4628591      0.2766162
      36.8      0.4583886      0.2745856
      36.9      0.4540117      0.2725978
      37.0      0.4497281      0.2706531
      37.1      0.4455376      0.2687519
      37.2      0.4414399      0.2668942
      37.3      0.4374348      0.2650804
      37.4      0.4335219      0.2633107
      37.5      0.4297009      0.2615853
      37.6      0.4259716      0.2599045
      37.7      0.4223337      0.2582685
      37.8      0.4187868      0.2566774
      37.9      0.4153306      0.2551314
      38.0      0.4119647      0.2536308
      38.1      0.4086890      0.2521758
      38.2      0.4055029      0.2507664
      38.3      0.4024062      0.2494029
      38.4      0.3993984      0.2480854
      38.5      0.3964793      0.2468142
      38.6      0.3936484      0.2455892
      38.7      0.3909054      0.2444107
      38.8      0.3882499      0.2432788
      38.9      0.3856814      0.2421937
      39.0      0.3831996      0.2411553
      39.1      0.3808040      0.2401639
      39.2      0.3784943      0.2392195
      39.3      0.3762700      0.2383222
      39.4      0.3741306      0.2374721
      39.5      0.3720758      0.2366693
      39.6      0.3701051      0.2359139
      39.7      0.3682181      0.2352059
      39.8      0.3664142      0.2345453
      39.9      0.3646931      0.2339322
      40.0      0.3630541      0.2333667
      40.1      0.3614970      0.2328488
      40.2      0.3600211      0.2323784
      40.3      0.3586260      0.2319557
      40.4      0.3573113      0.2315805
      40.5      0.3560762      0.2312530
      40.6      0.3549205      0.2309731
      40.7      0.3538436      0.2307408
      40.8      0.3528448      0.2305561
      40.9      0.3519238      0.2304189
      41.0      0.3510799      0.2303292
      41.1      0.3503127      0.2302869
      41.2      0.3496216      0.2302921
      41.3      0.3490060      0.2303446
      41.4      0.3484654      0.2304443
      41.5      0.3479992      0.2305913
      41.6      0.3476069      0.2307853
      41.7      0.3472878      0.2310264
      41.8      0.3470415      0.2313144
      41.9      0.3468673      0.2316492
      42.0      0.3467645      0.2320308
      42.1      0.3467328      0.2324589
      42.2      0.3467713      0.2329334
      42.3      0.3468796      0.2334543
      42.4      0.3470570      0.2340214
      42.5      0.3473030      0.2346345
      42.6      0.3476168      0.2352934
      42.7      0.3479979      0.2359981
      42.8      0.3484456      0.2367483
      42.9      0.3489593      0.2375439
      43.0      0.3495385      0.2383847
      43.1      0.3501823      0.2392704
      43.2      0.3508903      0.2402009
      43.3      0.3516617      0.2411760
      43.4      0.3524958      0.2421955
      43.5      0.3533922      0.2432591
      43.6      0.3543500      0.2443667
      43.7      0.3553686      0.2455179
      43.8      0.3564473      0.2467126
      43.9      0.3575855      0.2479505
      44.0      0.3587825      0.2492313
      44.1      0.3600377      0.2505548
      44.2      0.3613502      0.2519208
      44.3      0.3627195      0.2533289
      44.4      0.3641449      0.2547789
      44.5      0.3656257      0.2562704
      44.6      0.3671611      0.2578033
      44.7      0.3687505      0.2593772
      44.8      0.3703932      0.2609917
      44.9      0.3720884      0.2626466
      45.0      0.3738356      0.2643417
      45.1      0.3756338      0.2660764
      45.2      0.3774826      0.2678506
      45.3      0.3793810      0.2696638
      45.4      0.3813285      0.2715158
      45.5      0.3833243      0.2734062
      45.6      0.3853676      0.2753347
      45.7      0.3874579      0.2773008
      45.8      0.3895942      0.2793042
      45.9      0.3917760      0.2813446
      46.0      0.3940024      0.2834216
      46.1      0.3962727      0.2855348
      46.2      0.3985863      0.2876837
      46.3      0.4009424      0.2898682
      46.4      0.4033401      0.2920876
      46.5      0.4057789      0.2943416
      46.6      0.4082580      0.2966299
      46.7      0.4107766      0.2989520
      46.8      0.4133340      0.3013075
      46.9      0.4159294      0.3036959
      47.0      0.4185621      0.3061169
      47.1      0.4212313      0.3085700
      47.2      0.4239364      0.3110548
      47.3      0.4266765      0.3135708
      47.4      0.4294510      0.3161176
      47.5      0.4322590      0.3186948
      47.6      0.4350998      0.3213018
      47.7      0.4379728      0.3239383
      47.8      0.4408770      0.3266037
      47.9      0.4438118      0.3292976
      48.0      0.4467764      0.3320196
      48.1      0.4497701      0.3347691
      48.2      0.4527922      0.3375457
      48.3      0.4558418      0.3403489
      48.4      0.4589182      0.3431782
      48.5      0.4620207      0.3460331
      48.6      0.4651486      0.3489131
      48.7      0.4683010      0.3518177
      48.8      0.4714772      0.3547465
      48.9      0.4746766      0.3576989
      49.0      0.4778983      0.3606744
      49.1      0.4811415      0.3636725
      49.2      0.4844056      0.3666927
      49.3      0.4876899      0.3697344
      49.4      0.4909934      0.3727972
      49.5      0.4943156      0.3758805
      49.6      0.4976557      0.3789839
      49.7      0.5010129      0.3821066
      49.8      0.5043865      0.3852484
      49.9      0.5077757      0.3884085
      50.0      0.5111799      0.3915865
      50.1      0.5145982      0.3947818
      50.2      0.5180300      0.3979939
      50.3      0.5214745      0.4012223
      50.4      0.5249310      0.4044663
      50.5      0.5283988      0.4077255
      50.6      0.5318771      0.4109993
      50.7      0.5353652      0.4142871
      50.8      0.5388624      0.4175884
      50.9      0.5423680      0.4209027
      51.0      0.5458812      0.4242294
      51.1      0.5494013      0.4275678
      51.2      0.5529277      0.4309176
      51.3      0.5564596      0.4342780
      51.4      0.5599963      0.4376485
      51.5      0.5635371      0.4410287
      51.6      0.5670812      0.4444178
      51.7      0.5706281      0.4478154
      51.8      0.5741769      0.4512209
      51.9      0.5777271      0.4546337
      52.0      0.5812779      0.4580532
      52.1      0.5848286      0.4614789
      52.2      0.5883785      0.4649102
      52.3      0.5919269      0.4683465
      52.4      0.5954733      0.4717873
      52.5      0.5990168      0.4752320
      52.6      0.6025569      0.4786800
      52.7      0.6060928      0.4821307
      52.8      0.6096239      0.4855837
      52.9      0.6131495      0.4890382
      53.0      0.6166690      0.4924937
      53.1      0.6201817      0.4959498
      53.2      0.6236869      0.4994057
      53.3      0.6271841      0.5028609
      53.4      0.6306725      0.5063149
      53.5      0.6341516      0.5097671
      53.6      0.6376206      0.5132169
      53.7      0.6410790      0.5166637
      53.8      0.6445262      0.5201070
      53.9      0.6479614      0.5235463
      54.0      0.6513842      0.5269809
      54.1      0.6547938      0.5304102
      54.2      0.6581897      0.5338338
      54.3      0.6615712      0.5372511
      54.4      0.6649378      0.5406614
      54.5      0.6682889      0.5440644
      54.6      0.6716238      0.5474593
      54.7      0.6749421      0.5508456
      54.8      0.6782430      0.5542228
      54.9      0.6815260      0.5575903
      55.0      0.6847906      0.5609476
      55.1      0.6880362      0.5642942
      55.2      0.6912622      0.5676294
      55.3      0.6944681      0.5709528
      55.4      0.6976532      0.5742638
      55.5      0.7008172      0.5775618
      55.6      0.7039593      0.5808463
      55.7      0.7070791      0.5841169
      55.8      0.7101761      0.5873729
      55.9      0.7132497      0.5906138
      56.0      0.7162994      0.5938391
      56.1      0.7193247      0.5970483
      56.2      0.7223250      0.6002409
      56.3      0.7252999      0.6034163
      56.4      0.7282489      0.6065740
      56.5      0.7311714      0.6097135
      56.6      0.7340671      0.6128343
      56.7      0.7369353      0.6159360
      56.8      0.7397757      0.6190179
      56.9      0.7425877      0.6220796
      57.0      0.7453709      0.6251206
      57.1      0.7481248      0.6281405
      57.2      0.7508490      0.6311386
      57.3      0.7535431      0.6341146
      57.4      0.7562065      0.6370680
      57.5      0.7588389      0.6399982
      57.6      0.7614398      0.6429049
      57.7      0.7640087      0.6457874
      57.8      0.7665454      0.6486455
      57.9      0.7690493      0.6514786
      58.0      0.7715201      0.6542862
      58.1      0.7739574      0.6570679
      58.2      0.7763607      0.6598233
      58.3      0.7787298      0.6625519
      58.4      0.7810641      0.6652533
      58.5      0.7833633      0.6679271
      58.6      0.7856272      0.6705727
      58.7      0.7878552      0.6731898
      58.8      0.7900471      0.6757780
      58.9      0.7922024      0.6783369
      59.0      0.7943210      0.6808660
      59.1      0.7964023      0.6833649
      59.2      0.7984462      0.6858332
      59.3      0.8004522      0.6882706
      59.4      0.8024201      0.6906767
      59.5      0.8043495      0.6930510
      59.6      0.8062402      0.6953932
      59.7      0.8080918      0.6977029
      59.8      0.8099041      0.6999797
      59.9      0.8116768      0.7022233
      60.0      0.8134096      0.7044334
      60.1      0.8151022      0.7066094
      60.2      0.8167544      0.7087512
      60.3      0.8183659      0.7108584
      60.4      0.8199365      0.7129306
      60.5      0.8214659      0.7149675
      60.6      0.8229539      0.7169688
      60.7      0.8244003      0.7189342
      60.8      0.8258048      0.7208633
      60.9      0.8271673      0.7227558
      61.0      0.8284874      0.7246115
      61.1      0.8297651      0.7264300
      61.2      0.8310002      0.7282110
      61.3      0.8321924      0.7299543
      61.4      0.8333415      0.7316596
      61.5      0.8344474      0.7333267
      61.6      0.8355099      0.7349551
      61.7      0.8365290      0.7365448
      61.8      0.8375043      0.7380954
      61.9      0.8384357      0.7396067
      62.0      0.8393233      0.7410784
      62.1      0.8401667      0.7425104
      62.2      0.8409658      0.7439024
      62.3      0.8417206      0.7452541
      62.4      0.8424310      0.7465654
      62.5      0.8430968      0.7478360
      62.6      0.8437179      0.7490657
      62.7      0.8442943      0.7502544
      62.8      0.8448258      0.7514019
      62.9      0.8453124      0.7525080
      63.0      0.8457541      0.7535724
      63.1      0.8461507      0.7545951
      63.2      0.8465021      0.7555758
      63.3      0.8468085      0.7565145
      63.4      0.8470696      0.7574109
      63.5      0.8472855      0.7582649
      63.6      0.8474561      0.7590764
      63.7      0.8475815      0.7598453
      63.8      0.8476616      0.7605714
      63.9      0.8476963      0.7612547
      64.0      0.8476857      0.7618949
      64.1      0.8476299      0.7624920
      64.2      0.8475287      0.7630460
      64.3      0.8473823      0.7635567
      64.4      0.8471906      0.7640240
      64.5      0.8469537      0.7644479
      64.6      0.8466716      0.7648283
      64.7      0.8463444      0.7651652
      64.8      0.8459721      0.7654584
      64.9      0.8455547      0.7657080
      65.0      0.8450924      0.7659139
      65.1      0.8445852      0.7660760
      65.2      0.8440332      0.7661944
      65.3      0.8434365      0.7662690
      65.4      0.8427952      0.7662998
      65.5      0.8421092      0.7662868
      65.6      0.8413789      0.7662300
      65.7      0.8406042      0.7661294
      65.8      0.8397853      0.7659851
      65.9      0.8389224      0.7657970
      66.0      0.8380154      0.7655652
      66.1      0.8370647      0.7652897
      66.2      0.8360702      0.7649705
      66.3      0.8350322      0.7646078
      66.4      0.8339509      0.7642015
      66.5      0.8328263      0.7637517
      66.6      0.8316586      0.7632585
      66.7      0.8304481      0.7627220
      66.8      0.8291948      0.7621423
      66.9      0.8278991      0.7615194
      67.0      0.8265610      0.7608534
      67.1      0.8251808      0.7601445
      67.2      0.8237586      0.7593927
      67.3      0.8222947      0.7585982
      67.4      0.8207893      0.7577611
      67.5      0.8192426      0.7568815
      67.6      0.8176548      0.7559595
      67.7      0.8160262      0.7549954
      67.8      0.8143570      0.7539892
      67.9      0.8126474      0.7529411
      68.0      0.8108978      0.7518513
      68.1      0.8091082      0.7507199
      68.2      0.8072791      0.7495472
      68.3      0.8054106      0.7483332
      68.4      0.8035031      0.7470783
      68.5      0.8015567      0.7457825
      68.6      0.7995719      0.7444461
      68.7      0.7975488      0.7430692
      68.8      0.7954878      0.7416522
      68.9      0.7933892      0.7401952
      69.0      0.7912532      0.7386985
      69.1      0.7890801      0.7371622
      69.2      0.7868704      0.7355867
      69.3      0.7846242      0.7339721
      69.4      0.7823420      0.7323187
      69.5      0.7800240      0.7306268
      69.6      0.7776706      0.7288966
      69.7      0.7752821      0.7271285
      69.8      0.7728588      0.7253226
      69.9      0.7704011      0.7234792
      70.0      0.7679093      0.7215987
      70.1      0.7653839      0.7196814
      70.2      0.7628250      0.7177274
      70.3      0.7602332      0.7157372
      70.4      0.7576088      0.7137110
      70.5      0.7549521      0.7116492
      70.6      0.7522636      0.7095521
      70.7      0.7495435      0.7074199
      70.8      0.7467924      0.7052531
      70.9      0.7440105      0.7030519
      71.0      0.7411983      0.7008168
      71.1      0.7383562      0.6985479
      71.2      0.7354845      0.6962458
      71.3      0.7325837      0.6939108
      71.4      0.7296541      0.6915431
      71.5      0.7266963      0.6891432
      71.6      0.7237105      0.6867115
      71.7      0.7206973      0.6842483
      71.8      0.7176570      0.6817540
      71.9      0.7145900      0.6792291
      72.0      0.7114969      0.6766737
      72.1      0.7083780      0.6740885
      72.2      0.7052337      0.6714737
      72.3      0.7020646      0.6688299
      72.4      0.6988710      0.6661573
      72.5      0.6956533      0.6634564
      72.6      0.6924121      0.6607276
      72.7      0.6891478      0.6579713
      72.8      0.6858609      0.6551880
      72.9      0.6825517      0.6523781
      73.0      0.6792208      0.6495421
      73.1      0.6758686      0.6466802
      73.2      0.6724956      0.6437931
      73.3      0.6691022      0.6408811
      73.4      0.6656889      0.6379447
      73.5      0.6622563      0.6349844
      73.6      0.6588047      0.6320005
      73.7      0.6553346      0.6289936
      73.8      0.6518466      0.6259641
      73.9      0.6483410      0.6229126
      74.0      0.6448185      0.6198393
      74.1      0.6412794      0.6167449
      74.2      0.6377243      0.6136298
      74.3      0.6341536      0.6104944
      74.4      0.6305679      0.6073394
      74.5      0.6269676      0.6041650
      74.6      0.6233532      0.6009719
      74.7      0.6197252      0.5977606
      74.8      0.6160842      0.5945314
      74.9      0.6124305      0.5912849
      75.0      0.6087648      0.5880217
      75.1      0.6050875      0.5847421
      75.2      0.6013992      0.5814468
      75.3      0.5977002      0.5781362
      75.4      0.5939912      0.5748108
      75.5      0.5902727      0.5714711
      75.6      0.5865451      0.5681177
      75.7      0.5828089      0.5647510
      75.8      0.5790647      0.5613716
      75.9      0.5753130      0.5579800
      76.0      0.5715542      0.5545766
      76.1      0.5677890      0.5511621
      76.2      0.5640178      0.5477370
      76.3      0.5602411      0.5443017
      76.4      0.5564594      0.5408568
      76.5      0.5526733      0.5374028
      76.6      0.5488832      0.5339403
      76.7      0.5450897      0.5304698
      76.8      0.5412933      0.5269917
      76.9      0.5374945      0.5235067
      77.0      0.5336938      0.5200153
      77.1      0.5298918      0.5165179
      77.2      0.5260889      0.5130152
      77.3      0.5222856      0.5095077
      77.4      0.5184825      0.5059958
      77.5      0.5146801      0.5024802
      77.6      0.5108790      0.4989613
      77.7      0.5070795      0.4954398
      77.8      0.5032822      0.4919160
      77.9      0.4994877      0.4883907
      78.0      0.4956964      0.4848642
      78.1      0.4919089      0.4813373
      78.2      0.4881256      0.4778102
      78.3      0.4843471      0.4742837
      78.4      0.4805739      0.4707583
      78.5      0.4768065      0.4672344
      78.6      0.4730453      0.4637127
      78.7      0.4692909      0.4601936
      78.8      0.4655439      0.4566777
      78.9      0.4618046      0.4531655
      79.0      0.4580736      0.4496575
      79.1      0.4543515      0.4461544
      79.2      0.4506386      0.4426565
      79.3      0.4469355      0.4391645
      79.4      0.4432427      0.4356789
      79.5      0.4395606      0.4322001
      79.6      0.4358898      0.4287288
      79.7      0.4322308      0.4252654
      79.8      0.4285840      0.4218105
      79.9      0.4249499      0.4183645
      80.0      0.4213290      0.4149281
      80.1      0.4177219      0.4115017
      80.2      0.4141288      0.4080858
      80.3      0.4105505      0.4046810
      80.4      0.4069872      0.4012878
      80.5      0.4034395      0.3979066
      80.6      0.3999079      0.3945380
      80.7      0.3963928      0.3911825
      80.8      0.3928947      0.3878406
      80.9      0.3894140      0.3845128
      81.0      0.3859513      0.3811996
      81.1      0.3825069      0.3779014
      81.2      0.3790813      0.3746189
      81.3      0.3756750      0.3713524
      81.4      0.3722884      0.3681026
      81.5      0.3689220      0.3648697
      81.6      0.3655762      0.3616544
      81.7      0.3622514      0.3584571
      81.8      0.3589481      0.3552783
      81.9      0.3556667      0.3521185
      82.0      0.3524077      0.3489781
      82.1      0.3491714      0.3458576
      82.2      0.3459584      0.3427575
      82.3      0.3427689      0.3396782
      82.4      0.3396035      0.3366202
      82.5      0.3364625      0.3335840
      82.6      0.3333463      0.3305700
      82.7      0.3302555      0.3275786
      82.8      0.3271902      0.3246102
      82.9      0.3241511      0.3216654
      83.0      0.3211383      0.3187446
      83.1      0.3181525      0.3158482
      83.2      0.3151938      0.3129766
      83.3      0.3122628      0.3101302
      83.4      0.3093597      0.3073095
      83.5      0.3064850      0.3045149
      83.6      0.3036391      0.3017468
      83.7      0.3008222      0.2990055
      83.8      0.2980348      0.2962916
      83.9      0.2952773      0.2936054
      84.0      0.2925499      0.2909473
      84.1      0.2898531      0.2883176
      84.2      0.2871871      0.2857169
      84.3      0.2845523      0.2831454
      84.4      0.2819491      0.2806035
      84.5      0.2793778      0.2780916
      84.6      0.2768387      0.2756100
      84.7      0.2743321      0.2731592
      84.8      0.2718584      0.2707395
      84.9      0.2694178      0.2683512
      85.0      0.2670107      0.2659947
      85.1      0.2646374      0.2636703
      85.2      0.2622982      0.2613783
      85.3      0.2599934      0.2591191
      85.4      0.2577232      0.2568931
      85.5      0.2554880      0.2547004
      85.6      0.2532880      0.2525415
      85.7      0.2511235      0.2504167
      85.8      0.2489949      0.2483262
      85.9      0.2469022      0.2462703
      86.0      0.2448459      0.2442494
      86.1      0.2428261      0.2422638
      86.2      0.2408431      0.2403136
      86.3      0.2388972      0.2383993
      86.4      0.2369886      0.2365210
      86.5      0.2351176      0.2346790
      86.6      0.2332842      0.2328736
      86.7      0.2314889      0.2311051
      86.8      0.2297318      0.2293736
      86.9      0.2280131      0.2276795
      87.0      0.2263330      0.2260229
      87.1      0.2246918      0.2244041
      87.2      0.2230896      0.2228233
      87.3      0.2215266      0.2212807
      87.4      0.2200030      0.2197766
      87.5      0.2185191      0.2183111
      87.6      0.2170748      0.2168844
      87.7      0.2156706      0.2154968
      87.8      0.2143064      0.2141484
      87.9      0.2129825      0.2128394
      88.0      0.2116990      0.2115700
      88.1      0.2104560      0.2103403
      88.2      0.2092538      0.2091505
      88.3      0.2080924      0.2080008
      88.4      0.2069720      0.2068913
      88.5      0.2058927      0.2058221
      88.6      0.2048545      0.2047934
      88.7      0.2038578      0.2038053
      88.8      0.2029025      0.2028580
      88.9      0.2019887      0.2019515
      89.0      0.2011165      0.2010859
      89.1      0.2002861      0.2002614
      89.2      0.1994975      0.1994781
      89.3      0.1987509      0.1987360
      89.4      0.1980461      0.1980353
      89.5      0.1973835      0.1973759
      89.6      0.1967629      0.1967581
      89.7      0.1961845      0.1961818
      89.8      0.1956483      0.1956471
      89.9      0.1951543      0.1951540
      90.0      0.1947027      0.1947027
      90.1      0.1942934      0.1942931
      90.2      0.1939264      0.1939252
      90.3      0.1936018      0.1935991
      90.4      0.1933196      0.1933149
      90.5      0.1930798      0.1930725
      90.6      0.1928824      0.1928718
      90.7      0.1927274      0.1927131
      90.8      0.1926149      0.1925961
      90.9      0.1925447      0.1925209
      91.0      0.1925168      0.1924875
      91.1      0.1925314      0.1924959
      91.2      0.1925882      0.1925459
      91.3      0.1926873      0.1926377
      91.4      0.1928286      0.1927710
      91.5      0.1930121      0.1929460
      91.6      0.1932378      0.1931624
      91.7      0.1935055      0.1934203
      91.8      0.1938152      0.1937196
      91.9      0.1941668      0.1940601
      92.0      0.1945603      0.1944418
      92.1      0.1949956      0.1948647
      92.2      0.1954726      0.1953285
      92.3      0.1959911      0.1958332
      92.4      0.1965512      0.1963788
      92.5      0.1971526      0.1969650
      92.6      0.1977953      0.1975917
      92.7      0.1984792      0.1982588
      92.8      0.1992040      0.1989662
      92.9      0.1999698      0.1997137
      93.0      0.2007764      0.2005012
      93.1      0.2016236      0.2013285
      93.2      0.2025113      0.2021955
      93.3      0.2034393      0.2031019
      93.4      0.2044075      0.2040477
      93.5      0.2054157      0.2050325
      93.6      0.2064637      0.2060563
      93.7      0.2075514      0.2071188
      93.8      0.2086787      0.2082199
      93.9      0.2098452      0.2093593
      94.0      0.2110509      0.2105368
      94.1      0.2122955      0.2117522
      94.2      0.2135788      0.2130052
      94.3      0.2149006      0.2142957
      94.4      0.2162608      0.2156234
      94.5      0.2176591      0.2169881
      94.6      0.2190952      0.2183895
      94.7      0.2205690      0.2198273
      94.8      0.2220802      0.2213013
      94.9      0.2236286      0.2228113
      95.0      0.2252139      0.2243569
      95.1      0.2268359      0.2259379
      95.2      0.2284944      0.2275540
      95.3      0.2301890      0.2292049
      95.4      0.2319196      0.2308903
      95.5      0.2336858      0.2326100
      95.6      0.2354875      0.2343636
      95.7      0.2373242      0.2361507
      95.8      0.2391957      0.2379712
      95.9      0.2411018      0.2398246
      96.0      0.2430421      0.2417107
      96.1      0.2450164      0.2436291
      96.2      0.2470243      0.2455795
      96.3      0.2490656      0.2475615
      96.4      0.2511399      0.2495748
      96.5      0.2532469      0.2516190
      96.6      0.2553863      0.2536938
      96.7      0.2575578      0.2557989
      96.8      0.2597611      0.2579338
      96.9      0.2619958      0.2600982
      97.0      0.2642615      0.2622918
      97.1      0.2665580      0.2645140
      97.2      0.2688849      0.2667646
      97.3      0.2712418      0.2690432
      97.4      0.2736284      0.2713494
      97.5      0.2760443      0.2736827
      97.6      0.2784893      0.2760429
      97.7      0.2809628      0.2784294
      97.8      0.2834645      0.2808418
      97.9      0.2859941      0.2832799
      98.0      0.2885512      0.2857430
      98.1      0.2911354      0.2882309
      98.2      0.2937462      0.2907430
      98.3      0.2963834      0.2932791
      98.4      0.2990466      0.2958385
      98.5      0.3017352      0.2984209
      98.6      0.3044490      0.3010259
      98.7      0.3071876      0.3036530
      98.8      0.3099504      0.3063018
      98.9      0.3127372      0.3089718
      99.0      0.3155474      0.3116625
      99.1      0.3183807      0.3143735
      99.2      0.3212367      0.3171044
      99.3      0.3241149      0.3198547
      99.4      0.3270149      0.3226238
      99.5      0.3299363      0.3254114
      99.6      0.3328786      0.3282170
      99.7      0.3358415      0.3310401
      99.8      0.3388243      0.3338802
      99.9      0.3418269      0.3367368
     100.0      0.3448485      0.3396095
     100.1      0.3478889      0.3424978
     100.2      0.3509476      0.3454011
     100.3      0.3540241      0.3483191
     100.4      0.3571180      0.3512511
     100.5      0.3602288      0.3541968
     100.6      0.3633561      0.3571555
     100.7      0.3664993      0.3601269
     100.8      0.3696580      0.3631104
     100.9      0.3728318      0.3661055
     101.0      0.3760202      0.3691116
     101.1      0.3792227      0.3721284
     101.2      0.3824388      0.3751553
     101.3      0.3856681      0.3781918
     101.4      0.3889100      0.3812373
     101.5      0.3921642      0.3842914
     101.6      0.3954301      0.3873535
     101.7      0.3987072      0.3904232
     101.8      0.4019950      0.3934998
     101.9      0.4052932      0.3965830
     102.0      0.4086011      0.3996721
     102.1      0.4119182      0.4027667
     102.2      0.4152442      0.4058663
     102.3      0.4185785      0.4089702
     102.4      0.4219205      0.4120781
     102.5      0.4252699      0.4151893
     102.6      0.4286261      0.4183034
     102.7      0.4319886      0.4214198
     102.8      0.4353569      0.4245380
     102.9      0.4387305      0.4276574
     103.0      0.4421089      0.4307777
     103.1      0.4454916      0.4338982
     103.2      0.4488782      0.4370183
     103.3      0.4522680      0.4401377
     103.4      0.4556607      0.4432557
     103.5      0.4590556      0.4463719
     103.6      0.4624523      0.4494856
     103.7      0.4658504      0.4525965
     103.8      0.4692492      0.4557039
     103.9      0.4726482      0.4588074
     104.0      0.4760470      0.4619064
     104.1      0.4794451      0.4650004
     104.2      0.4828420      0.4680889
     104.3      0.4862371      0.4711714
     104.4      0.4896299      0.4742473
     104.5      0.4930199      0.4773161
     104.6      0.4964067      0.4803773
     104.7      0.4997897      0.4834305
     104.8      0.5031684      0.4864750
     104.9      0.5065423      0.4895104
     105.0      0.5099109      0.4925361
     105.1      0.5132737      0.4955517
     105.2      0.5166302      0.4985567
     105.3      0.5199799      0.5015505
     105.4      0.5233223      0.5045326
     105.5      0.5266569      0.5075026
     105.6      0.5299831      0.5104599
     105.7      0.5333005      0.5134040
     105.8      0.5366086      0.5163345
     105.9      0.5399069      0.5192508
     106.0      0.5431949      0.5221525
     106.1      0.5464721      0.5250390
     106.2      0.5497379      0.5279099
     106.3      0.5529920      0.5307646
     106.4      0.5562338      0.5336028
     106.5      0.5594628      0.5364240
     106.6      0.5626785      0.5392275
     106.7      0.5658805      0.5420131
     106.8      0.5690682      0.5447801
     106.9      0.5722412      0.5475282
     107.0      0.5753990      0.5502568
     107.1      0.5785411      0.5529656
     107.2      0.5816671      0.5556540
     107.3      0.5847764      0.5583216
     107.4      0.5878686      0.5609679
     107.5      0.5909432      0.5635925
     107.6      0.5939997      0.5661950
     107.7      0.5970377      0.5687748
     107.8      0.6000567      0.5713316
     107.9      0.6030563      0.5738650
     108.0      0.6060359      0.5763744
     108.1      0.6089952      0.5788595
     108.2      0.6119336      0.5813198
     108.3      0.6148508      0.5837550
     108.4      0.6177462      0.5861645
     108.5      0.6206194      0.5885481
     108.6      0.6234700      0.5909052
     108.7      0.6262976      0.5932355
     108.8      0.6291016      0.5955386
     108.9      0.6318817      0.5978140
     109.0      0.6346374      0.6000614
     109.1      0.6373683      0.6022805
     109.2      0.6400740      0.6044707
     109.3      0.6427540      0.6066318
     109.4      0.6454079      0.6087634
     109.5      0.6480354      0.6108651
     109.6      0.6506360      0.6129364
     109.7      0.6532092      0.6149772
     109.8      0.6557547      0.6169870
     109.9      0.6582721      0.6189655
     110.0      0.6607610      0.6209122
     110.1      0.6632210      0.6228270
     110.2      0.6656516      0.6247094
     110.3      0.6680526      0.6265591
     110.4      0.6704235      0.6283759
     110.5      0.6727639      0.6301593
     110.6      0.6750736      0.6319090
     110.7      0.6773520      0.6336249
     110.8      0.6795988      0.6353064
     110.9      0.6818137      0.6369534
     111.0      0.6839963      0.6385656
     111.1      0.6861463      0.6401426
     111.2      0.6882633      0.6416843
     111.3      0.6903469      0.6431902
     111.4      0.6923969      0.6446602
     111.5      0.6944128      0.6460939
     111.6      0.6963944      0.6474912
     111.7      0.6983414      0.6488517
     111.8      0.7002533      0.6501753
     111.9      0.7021299      0.6514616
     112.0      0.7039709      0.6527104
     112.1      0.7057759      0.6539216
     112.2      0.7075447      0.6550948
     112.3      0.7092769      0.6562299
     112.4      0.7109723      0.6573267
     112.5      0.7126306      0.6583849
     112.6      0.7142515      0.6594043
     112.7      0.7158347      0.6603848
     112.8      0.7173799      0.6613261
     112.9      0.7188869      0.6622282
     113.0      0.7203555      0.6630907
     113.1      0.7217852      0.6639136
     113.2      0.7231760      0.6646966
     113.3      0.7245275      0.6654397
     113.4      0.7258395      0.6661426
     113.5      0.7271118      0.6668052
     113.6      0.7283441      0.6674274
     113.7      0.7295363      0.6680091
     113.8      0.7306880      0.6685501
     113.9      0.7317992      0.6690503
     114.0      0.7328695      0.6695096
     114.1      0.7338987      0.6699278
     114.2      0.7348868      0.6703050
     114.3      0.7358334      0.6706409
     114.4      0.7367384      0.6709356
     114.5      0.7376016      0.6711889
     114.6      0.7384229      0.6714007
     114.7      0.7392020      0.6715711
     114.8      0.7399389      0.6716998
     114.9      0.7406333      0.6717870
     115.0      0.7412851      0.6718324
     115.1      0.7418941      0.6718362
     115.2      0.7424603      0.6717981
     115.3      0.7429834      0.6717184
     115.4      0.7434634      0.6715968
     115.5      0.7439002      0.6714334
     115.6      0.7442936      0.6712282
     115.7      0.7446435      0.6709811
     115.8      0.7449498      0.6706923
     115.9      0.7452124      0.6703616
     116.0      0.7454312      0.6699892
     116.1      0.7456062      0.6695750
     116.2      0.7457373      0.6691190
     116.3      0.7458244      0.6686214
     116.4      0.7458673      0.6680821
     116.5      0.7458662      0.6675013
     116.6      0.7458209      0.6668789
     116.7      0.7457313      0.6662150
     116.8      0.7455975      0.6655098
     116.9      0.7454194      0.6647632
     117.0      0.7451970      0.6639754
     117.1      0.7449302      0.6631464
     117.2      0.7446191      0.6622764
     117.3      0.7442636      0.6613655
     117.4      0.7438638      0.6604137
     117.5      0.7434196      0.6594212
     117.6      0.7429310      0.6583881
     117.7      0.7423982      0.6573146
     117.8      0.7418210      0.6562007
     117.9      0.7411995      0.6550467
     118.0      0.7405339      0.6538526
     118.1      0.7398240      0.6526186
     118.2      0.7390700      0.6513449
     118.3      0.7382719      0.6500317
     118.4      0.7374298      0.6486791
     118.5      0.7365438      0.6472873
     118.6      0.7356139      0.6458565
     118.7      0.7346403      0.6443869
     118.8      0.7336229      0.6428787
     118.9      0.7325620      0.6413320
     119.0      0.7314576      0.6397472
     119.1      0.7303098      0.6381244
     119.2      0.7291187      0.6364638
     119.3      0.7278846      0.6347658
     119.4      0.7266074      0.6330304
     119.5      0.7252873      0.6312580
     119.6      0.7239246      0.6294487
     119.7      0.7225192      0.6276030
     119.8      0.7210715      0.6257209
     119.9      0.7195814      0.6238028
     120.0      0.7180494      0.6218490
     120.1      0.7164754      0.6198597
     120.2      0.7148596      0.6178352
     120.3      0.7132024      0.6157758
     120.4      0.7115038      0.6136817
     120.5      0.7097641      0.6115534
     120.6      0.7079834      0.6093911
     120.7      0.7061621      0.6071950
     120.8      0.7043002      0.6049656
     120.9      0.7023981      0.6027031
     121.0      0.7004559      0.6004079
     121.1      0.6984740      0.5980803
     121.2      0.6964525      0.5957206
     121.3      0.6943918      0.5933292
     121.4      0.6922920      0.5909064
     121.5      0.6901535      0.5884526
     121.6      0.6879764      0.5859681
     121.7      0.6857612      0.5834533
     121.8      0.6835081      0.5809085
     121.9      0.6812173      0.5783342
     122.0      0.6788892      0.5757307
     122.1      0.6765240      0.5730983
     122.2      0.6741222      0.5704376
     122.3      0.6716839      0.5677488
     122.4      0.6692096      0.5650323
     122.5      0.6666995      0.5622886
     122.6      0.6641540      0.5595181
     122.7      0.6615734      0.5567211
     122.8      0.6589581      0.5538981
     122.9      0.6563084      0.5510495
     123.0      0.6536247      0.5481758
     123.1      0.6509073      0.5452772
     123.2      0.6481567      0.5423544
     123.3      0.6453731      0.5394076
     123.4      0.6425570      0.5364374
     123.5      0.6397088      0.5334441
     123.6      0.6368289      0.5304283
     123.7      0.6339176      0.5273903
     123.8      0.6309754      0.5243307
     123.9      0.6280026      0.5212499
     124.0      0.6249997      0.5181483
     124.1      0.6219672      0.5150263
     124.2      0.6189053      0.5118846
     124.3      0.6158147      0.5087235
     124.4      0.6126957      0.5055435
     124.5      0.6095487      0.5023450
     124.6      0.6063742      0.4991286
     124.7      0.6031727      0.4958948
     124.8      0.5999446      0.4926440
     124.9      0.5966903      0.4893767
     125.0      0.5934105      0.4860934
     125.1      0.5901054      0.4827946
     125.2      0.5867757      0.4794808
     125.3      0.5834217      0.4761524
     125.4      0.5800441      0.4728101
     125.5      0.5766432      0.4694542
     125.6      0.5732196      0.4660853
     125.7      0.5697738      0.4627039
     125.8      0.5663063      0.4593106
     125.9      0.5628176      0.4559057
     126.0      0.5593082      0.4524899
     126.1      0.5557787      0.4490636
     126.2      0.5522296      0.4456274
     126.3      0.5486614      0.4421817
     126.4      0.5450746      0.4387272
     126.5      0.5414699      0.4352643
     126.6      0.5378477      0.4317935
     126.7      0.5342086      0.4283154
     126.8      0.5305531      0.4248305
     126.9      0.5268818      0.4213393
     127.0      0.5231954      0.4178424
     127.1      0.5194942      0.4143402
     127.2      0.5157790      0.4108334
     127.3      0.5120503      0.4073224
     127.4      0.5083086      0.4038078
     127.5      0.5045546      0.4002901
     127.6      0.5007889      0.3967698
     127.7      0.4970120      0.3932476
     127.8      0.4932245      0.3897238
     127.9      0.4894270      0.3861991
     128.0      0.4856202      0.3826739
     128.1      0.4818046      0.3791489
     128.2      0.4779808      0.3756245
     128.3      0.4741495      0.3721013
     128.4      0.4703113      0.3685799
     128.5      0.4664668      0.3650607
     128.6      0.4626166      0.3615443
     128.7      0.4587613      0.3580313
     128.8      0.4549016      0.3545221
     128.9      0.4510381      0.3510173
     129.0      0.4471714      0.3475175
     129.1      0.4433022      0.3440231
     129.2      0.4394311      0.3405347
     129.3      0.4355588      0.3370529
     129.4      0.4316859      0.3335782
     129.5      0.4278130      0.3301110
     129.6      0.4239408      0.3266520
     129.7      0.4200700      0.3232017
     129.8      0.4162012      0.3197605
     129.9      0.4123351      0.3163291
     130.0      0.4084722      0.3129079
     130.1      0.4046134      0.3094974
     130.2      0.4007592      0.3060983
     130.3      0.3969103      0.3027109
     130.4      0.3930675      0.2993359
     130.5      0.3892312      0.2959738
     130.6      0.3854023      0.2926249
     130.7      0.3815814      0.2892900
     130.8      0.3777692      0.2859694
     130.9      0.3739663      0.2826638
     131.0      0.3701735      0.2793735
     131.1      0.3663914      0.2760991
     131.2      0.3626206      0.2728412
     131.3      0.3588620      0.2696001
     131.4      0.3551161      0.2663765
     131.5      0.3513836      0.2631708
     131.6      0.3476653      0.2599834
     131.7      0.3439617      0.2568150
     131.8      0.3402737      0.2536659
     131.9      0.3366019      0.2505366
     132.0      0.3329469      0.2474278
     132.1      0.3293095      0.2443397
     132.2      0.3256903      0.2412729
     132.3      0.3220902      0.2382279
     132.4      0.3185096      0.2352051
     132.5      0.3149494      0.2322050
     132.6      0.3114102      0.2292281
     132.7      0.3078927      0.2262748
     132.8      0.3043976      0.2233456
     132.9      0.3009256      0.2204409
     133.0      0.2974774      0.2175612
     133.1      0.2940537      0.2147069
     133.2      0.2906551      0.2118785
     133.3      0.2872825      0.2090763
     133.4      0.2839363      0.2063010
     133.5      0.2806175      0.2035527
     133.6      0.2773265      0.2008321
     133.7      0.2740642      0.1981394
     133.8      0.2708312      0.1954752
     133.9      0.2676282      0.1928398
     134.0      0.2644559      0.1902337
     134.1      0.2613150      0.1876571
     134.2      0.2582061      0.1851107
     134.3      0.2551300      0.1825947
     134.4      0.2520873      0.1801095
     134.5      0.2490787      0.1776555
     134.6      0.2461049      0.1752331
     134.7      0.2431666      0.1728427
     134.8      0.2402644      0.1704846
     134.9      0.2373991      0.1681592
     135.0      0.2345712      0.1658669
     135.1      0.2317815      0.1636080
     135.2      0.2290307      0.1613829
     135.3      0.2263194      0.1591919
     135.4      0.2236482      0.1570353
     135.5      0.2210179      0.1549135
     135.6      0.2184292      0.1528269
     135.7      0.2158825      0.1507757
     135.8      0.2133788      0.1487602
     135.9      0.2109185      0.1467809
     136.0      0.2085023      0.1448379
     136.1      0.2061309      0.1429316
     136.2      0.2038050      0.1410622
     136.3      0.2015251      0.1392302
     136.4      0.1992920      0.1374357
     136.5      0.1971063      0.1356790
     136.6      0.1949685      0.1339605
     136.7      0.1928795      0.1322803
     136.8      0.1908396      0.1306387
     136.9      0.1888497      0.1290361
     137.0      0.1869103      0.1274725
     137.1      0.1850221      0.1259484
     137.2      0.1831857      0.1244639
     137.3      0.1814016      0.1230192
     137.4      0.1796705      0.1216147
     137.5      0.1779931      0.1202504
     137.6      0.1763698      0.1189266
     137.7      0.1748014      0.1176435
     137.8      0.1732884      0.1164014
     137.9      0.1718314      0.1152003
     138.0      0.1704309      0.1140406
     138.1      0.1690877      0.1129223
     138.2      0.1678023      0.1118457
     138.3      0.1665751      0.1108108
     138.4      0.1654069      0.1098180
     138.5      0.1642982      0.1088673
     138.6      0.1632495      0.1079588
     138.7      0.1622615      0.1070928
     138.8      0.1613346      0.1062694
     138.9      0.1604694      0.1054886
     139.0      0.1596665      0.1047506
     139.1      0.1589264      0.1040556
     139.2      0.1582496      0.1034035
     139.3      0.1576367      0.1027946
     139.4      0.1570882      0.1022290
     139.5      0.1566046      0.1017066
     139.6      0.1561865      0.1012276
     139.7      0.1558344      0.1007921
     139.8      0.1555487      0.1004001
     139.9      0.1553299      0.1000517
     140.0      0.1551786      0.0997469
     140.1      0.1550953      0.0994858
     140.2      0.1550804      0.0992685
     140.3      0.1551345      0.0990949
     140.4      0.1552579      0.0989651
     140.5      0.1554512      0.0988791
     140.6      0.1557148      0.0988369
     140.7      0.1560491      0.0988385
     140.8      0.1564548      0.0988840
     140.9      0.1569321      0.0989733
     141.0      0.1574815      0.0991063
     141.1      0.1581035      0.0992831
     141.2      0.1587984      0.0995037
     141.3      0.1595668      0.0997680
     141.4      0.1604090      0.1000759
     141.5      0.1613254      0.1004274
     141.6      0.1623164      0.1008225
     141.7      0.1633825      0.1012611
     141.8      0.1645240      0.1017430
     141.9      0.1657413      0.1022683
     142.0      0.1670348      0.1028369
     142.1      0.1684048      0.1034486
     142.2      0.1698517      0.1041033
     142.3      0.1713759      0.1048010
     142.4      0.1729778      0.1055416
     142.5      0.1746576      0.1063248
     142.6      0.1764157      0.1071506
     142.7      0.1782524      0.1080189
     142.8      0.1801681      0.1089295
     142.9      0.1821631      0.1098822
     143.0      0.1842377      0.1108770
     143.1      0.1863921      0.1119136
     143.2      0.1886267      0.1129919
     143.3      0.1909418      0.1141116
     143.4      0.1933377      0.1152727
     143.5      0.1958146      0.1164750
     143.6      0.1983727      0.1177181
     143.7      0.2010125      0.1190020
     143.8      0.2037340      0.1203264
     143.9      0.2065375      0.1216912
     144.0      0.2094234      0.1230960
     144.1      0.2123917      0.1245406
     144.2      0.2154428      0.1260249
     144.3      0.2185769      0.1275486
     144.4      0.2217941      0.1291114
     144.5      0.2250946      0.1307131
     144.6      0.2284787      0.1323534
     144.7      0.2319465      0.1340321
     144.8      0.2354983      0.1357488
     144.9      0.2391341      0.1375033
     145.0      0.2428541      0.1392954
     145.1      0.2466585      0.1411246
     145.2      0.2505474      0.1429908
     145.3      0.2545210      0.1448936
     145.4      0.2585794      0.1468327
     145.5      0.2627227      0.1488078
     145.6      0.2669511      0.1508185
     145.7      0.2712645      0.1528646
     145.8      0.2756632      0.1549457
     145.9      0.2801472      0.1570615
     146.0      0.2847166      0.1592115
     146.1      0.2893715      0.1613955
     146.2      0.2941119      0.1636131
     146.3      0.2989378      0.1658640
     146.4      0.3038495      0.1681477
     146.5      0.3088467      0.1704639
     146.6      0.3139297      0.1728123
     146.7      0.3190985      0.1751923
     146.8      0.3243529      0.1776037
     146.9      0.3296931      0.1800461
     147.0      0.3351191      0.1825189
     147.1      0.3406307      0.1850219
     147.2      0.3462281      0.1875546
     147.3      0.3519112      0.1901166
     147.4      0.3576799      0.1927075
     147.5      0.3635343      0.1953268
     147.6      0.3694742      0.1979742
     147.7      0.3754995      0.2006491
     147.8      0.3816104      0.2033511
     147.9      0.3878065      0.2060798
     148.0      0.3940879      0.2088348
     148.1      0.4004545      0.2116155
     148.2      0.4069061      0.2144215
     148.3      0.4134427      0.2172524
     148.4      0.4200641      0.2201077
     148.5      0.4267703      0.2229869
     148.6      0.4335609      0.2258894
     148.7      0.4404360      0.2288149
     148.8      0.4473954      0.2317629
     148.9      0.4544389      0.2347328
     149.0      0.4615663      0.2377242
     149.1      0.4687774      0.2407365
     149.2      0.4760721      0.2437693
     149.3      0.4834502      0.2468221
     149.4      0.4909114      0.2498942
     149.5      0.4984556      0.2529853
     149.6      0.5060825      0.2560948
     149.7      0.5137919      0.2592222
     149.8      0.5215836      0.2623669
     149.9      0.5294572      0.2655285
     150.0      0.5374126      0.2687063
     150.1      0.5454495      0.2718999
     150.2      0.5535676      0.2751087
     150.3      0.5617667      0.2783322
     150.4      0.5700464      0.2815698
     150.5      0.5784064      0.2848209
     150.6      0.5868465      0.2880851
     150.7      0.5953663      0.2913618
     150.8      0.6039655      0.2946504
     150.9      0.6126438      0.2979503
     151.0      0.6214008      0.3012611
     151.1      0.6302362      0.3045820
     151.2      0.6391496      0.3079127
     151.3      0.6481407      0.3112524
     151.4      0.6572090      0.3146006
     151.5      0.6663543      0.3179568
     151.6      0.6755761      0.3213204
     151.7      0.6848741      0.3246907
     151.8      0.6942477      0.3280673
     151.9      0.7036966      0.3314495
     152.0      0.7132205      0.3348367
     152.1      0.7228188      0.3382284
     152.2      0.7324911      0.3416240
     152.3      0.7422369      0.3450229
     152.4      0.7520559      0.3484245
     152.5      0.7619476      0.3518282
     152.6      0.7719114      0.3552335
     152.7      0.7819469      0.3586396
     152.8      0.7920537      0.3620461
     152.9      0.8022312      0.3654523
     153.0      0.8124789      0.3688577
     153.1      0.8227964      0.3722616
     153.2      0.8331830      0.3756635
     153.3      0.8436384      0.3790628
     153.4      0.8541619      0.3824587
     153.5      0.8647530      0.3858509
     153.6      0.8754112      0.3892386
     153.7      0.8861358      0.3926213
     153.8      0.8969265      0.3959983
     153.9      0.9077825      0.3993691
     154.0      0.9187033      0.4027330
     154.1      0.9296884      0.4060895
     154.2      0.9407370      0.4094380
     154.3      0.9518488      0.4127779
     154.4      0.9630229      0.4161085
     154.5      0.9742589      0.4194292
     154.6      0.9855560      0.4227396
     154.7      0.9969137      0.4260389
     154.8      1.0083314      0.4293266
     154.9      1.0198084      0.4326021
     155.0      1.0313440      0.4358648
     155.1      1.0429376      0.4391141
     155.2      1.0545885      0.4423493
     155.3      1.0662961      0.4455700
     155.4      1.0780597      0.4487755
     155.5      1.0898786      0.4519653
     155.6      1.1017521      0.4551387
     155.7      1.1136796      0.4582951
     155.8      1.1256603      0.4614341
     155.9      1.1376935      0.4645549
     156.0      1.1497785      0.4676570
     156.1      1.1619146      0.4707399
     156.2      1.1741011      0.4738030
     156.3      1.1863371      0.4768456
     156.4      1.1986221      0.4798672
     156.5      1.2109553      0.4828673
     156.6      1.2233358      0.4858452
     156.7      1.2357630      0.4888005
     156.8      1.2482360      0.4917325
     156.9      1.2607542      0.4946407
     157.0      1.2733167      0.4975245
     157.1      1.2859227      0.5003833
     157.2      1.2985716      0.5032167
     157.3      1.3112624      0.5060241
     157.4      1.3239944      0.5088048
     157.5      1.3367667      0.5115585
     157.6      1.3495787      0.5142845
     157.7      1.3624294      0.5169822
     157.8      1.3753181      0.5196513
     157.9      1.3882439      0.5222910
     158.0      1.4012060      0.5249010
     158.1      1.4142036      0.5274807
     158.2      1.4272358      0.5300295
     158.3      1.4403018      0.5325469
     158.4      1.4534007      0.5350325
     158.5      1.4665318      0.5374857
     158.6      1.4796940      0.5399060
     158.7      1.4928867      0.5422929
     158.8      1.5061088      0.5446460
     158.9      1.5193596      0.5469646
     159.0      1.5326382      0.5492484
     159.1      1.5459436      0.5514968
     159.2      1.5592750      0.5537094
     159.3      1.5726316      0.5558857
     159.4      1.5860124      0.5580252
     159.5      1.5994165      0.5601275
     159.6      1.6128431      0.5621920
     159.7      1.6262912      0.5642184
     159.8      1.6397599      0.5662061
     159.9      1.6532484      0.5681548
     160.0      1.6667556      0.5700640
     160.1      1.6802808      0.5719332
     160.2      1.6938229      0.5737620
     160.3      1.7073810      0.5755501
     160.4      1.7209543      0.5772968
     160.5      1.7345418      0.5790020
     160.6      1.7481426      0.5806650
     160.7      1.7617556      0.5822856
     160.8      1.7753801      0.5838633
     160.9      1.7890150      0.5853977
     161.0      1.8026594      0.5868885
     161.1      1.8163124      0.5883352
     161.2      1.8299730      0.5897375
     161.3      1.8436402      0.5910950
     161.4      1.8573132      0.5924073
     161.5      1.8709909      0.5936741
     161.6      1.8846724      0.5948950
     161.7      1.8983567      0.5960697
     161.8      1.9120429      0.5971978
     161.9      1.9257300      0.5982789
     162.0      1.9394170      0.5993128
     162.1      1.9531030      0.6002991
     162.2      1.9667870      0.6012376
     162.3      1.9804681      0.6021278
     162.4      1.9941452      0.6029695
     162.5      2.0078174      0.6037623
     162.6      2.0214837      0.6045061
     162.7      2.0351432      0.6052004
     162.8      2.0487948      0.6058451
     162.9      2.0624376      0.6064398
     163.0      2.0760706      0.6069843
     163.1      2.0896928      0.6074783
     163.2      2.1033033      0.6079215
     163.3      2.1169010      0.6083138
     163.4      2.1304850      0.6086548
     163.5      2.1440543      0.6089443
     163.6      2.1576079      0.6091822
     163.7      2.1711448      0.6093681
     163.8      2.1846641      0.6095019
     163.9      2.1981647      0.6095833
     164.0      2.2116458      0.6096122
     164.1      2.2251062      0.6095884
     164.2      2.2385450      0.6095116
     164.3      2.2519613      0.6093817
     164.4      2.2653540      0.6091986
     164.5      2.2787221      0.6089620
     164.6      2.2920648      0.6086718
     164.7      2.3053809      0.6083279
     164.8      2.3186696      0.6079301
     164.9      2.3319298      0.6074782
     165.0      2.3451606      0.6069722
     165.1      2.3583609      0.6064119
     165.2      2.3715299      0.6057973
     165.3      2.3846665      0.6051281
     165.4      2.3977697      0.6044043
     165.5      2.4108386      0.6036258
     165.6      2.4238723      0.6027925
     165.7      2.4368696      0.6019044
     165.8      2.4498298      0.6009613
     165.9      2.4627517      0.5999633
     166.0      2.4756345      0.5989102
     166.1      2.4884771      0.5978020
     166.2      2.5012787      0.5966387
     166.3      2.5140382      0.5954201
     166.4      2.5267547      0.5941464
     166.5      2.5394273      0.5928175
     166.6      2.5520549      0.5914334
     166.7      2.5646367      0.5899940
     166.8      2.5771716      0.5884994
     166.9      2.5896588      0.5869496
     167.0      2.6020974      0.5853445
     167.1      2.6144862      0.5836844
     167.2      2.6268245      0.5819690
     167.3      2.6391113      0.5801986
     167.4      2.6513457      0.5783731
     167.5      2.6635266      0.5764927
     167.6      2.6756533      0.5745573
     167.7      2.6877248      0.5725670
     167.8      2.6997401      0.5705220
     167.9      2.7116984      0.5684223
     168.0      2.7235987      0.5662680
     168.1      2.7354402      0.5640592
     168.2      2.7472219      0.5617960
     168.3      2.7589429      0.5594786
     168.4      2.7706024      0.5571070
     168.5      2.7821994      0.5546813
     168.6      2.7937330      0.5522018
     168.7      2.8052025      0.5496686
     168.8      2.8166068      0.5470818
     168.9      2.8279451      0.5444416
     169.0      2.8392166      0.5417481
     169.1      2.8504204      0.5390015
     169.2      2.8615556      0.5362020
     169.3      2.8726213      0.5333499
     169.4      2.8836168      0.5304452
     169.5      2.8945411      0.5274882
     169.6      2.9053934      0.5244791
     169.7      2.9161729      0.5214182
     169.8      2.9268788      0.5183056
     169.9      2.9375101      0.5151415
     170.0      2.9480662      0.5119263
     170.1      2.9585461      0.5086602
     170.2      2.9689492      0.5053434
     170.3      2.9792744      0.5019761
     170.4      2.9895212      0.4985587
     170.5      2.9996886      0.4950914
     170.6      3.0097759      0.4915745
     170.7      3.0197823      0.4880084
     170.8      3.0297069      0.4843931
     170.9      3.0395492      0.4807292
     171.0      3.0493082      0.4770169
     171.1      3.0589832      0.4732565
     171.2      3.0685735      0.4694483
     171.3      3.0780783      0.4655927
     171.4      3.0874969      0.4616899
     171.5      3.0968285      0.4577404
     171.6      3.1060724      0.4537445
     171.7      3.1152279      0.4497025
     171.8      3.1242943      0.4456148
     171.9      3.1332709      0.4414817
     172.0      3.1421569      0.4373037
     172.1      3.1509516      0.4330811
     172.2      3.1596545      0.4288143
     172.3      3.1682647      0.4245037
     172.4      3.1767817      0.4201497
     172.5      3.1852047      0.4157526
     172.6      3.1935331      0.4113130
     172.7      3.2017662      0.4068312
     172.8      3.2099034      0.4023076
     172.9      3.2179441      0.3977426
     173.0      3.2258875      0.3931368
     173.1      3.2337332      0.3884905
     173.2      3.2414804      0.3838041
     173.3      3.2491286      0.3790782
     173.4      3.2566772      0.3743132
     173.5      3.2641255      0.3695095
     173.6      3.2714730      0.3646676
     173.7      3.2787191      0.3597880
     173.8      3.2858633      0.3548711
     173.9      3.2929049      0.3499175
     174.0      3.2998434      0.3449276
     174.1      3.3066782      0.3399018
     174.2      3.3134089      0.3348408
     174.3      3.3200349      0.3297450
     174.4      3.3265557      0.3246149
     174.5      3.3329706      0.3194511
     174.6      3.3392794      0.3142539
     174.7      3.3454814      0.3090241
     174.8      3.3515761      0.3037620
     174.9      3.3575631      0.2984682
     175.0      3.3634419      0.2931433
     175.1      3.3692120      0.2877877
     175.2      3.3748730      0.2824021
     175.3      3.3804244      0.2769869
     175.4      3.3858658      0.2715428
     175.5      3.3911967      0.2660702
     175.6      3.3964168      0.2605698
     175.7      3.4015256      0.2550421
     175.8      3.4065227      0.2494876
     175.9      3.4114077      0.2439069
     176.0      3.4161802      0.2383007
     176.1      3.4208399      0.2326694
     176.2      3.4253863      0.2270137
     176.3      3.4298192      0.2213342
     176.4      3.4341381      0.2156313
     176.5      3.4383428      0.2099058
     176.6      3.4424328      0.2041582
     176.7      3.4464079      0.1983891
     176.8      3.4502677      0.1925991
     176.9      3.4540120      0.1867889
     177.0      3.4576404      0.1809589
     177.1      3.4611526      0.1751099
     177.2      3.4645484      0.1692424
     177.3      3.4678275      0.1633570
     177.4      3.4709896      0.1574545
     177.5      3.4740346      0.1515353
     177.6      3.4769620      0.1456001
     177.7      3.4797718      0.1396495
     177.8      3.4824637      0.1336842
     177.9      3.4850374      0.1277047
     178.0      3.4874928      0.1217117
     178.1      3.4898297      0.1157059
     178.2      3.4920478      0.1096879
     178.3      3.4941471      0.1036582
     178.4      3.4961273      0.0976176
     178.5      3.4979882      0.0915667
     178.6      3.4997299      0.0855060
     178.7      3.5013520      0.0794363
     178.8      3.5028544      0.0733582
     178.9      3.5042371      0.0672724
     179.0      3.5055000      0.0611794
     179.1      3.5066429      0.0550800
     179.2      3.5076657      0.0489747
     179.3      3.5085683      0.0428642
     179.4      3.5093508      0.0367492
     179.5      3.5100130      0.0306303
     179.6      3.5105549      0.0245081
     179.7      3.5109764      0.0183833
     179.8      3.5112775      0.0122566
     179.9      3.5114581      0.0061286
     180.0      3.5115184      0.0000000
