 # List of d(q) for j, j' =           10          32
 #    0  1.00000000
 #    1  0.40089833
 #    2  0.29509916
 #    3  0.15776603
 #    4  0.17445761
 #    5  0.09755089
 #    6  0.11860869
 #    7  0.07442355
 #    8  0.08876857
 #    9  0.05224298
 #   10  0.07244889
 #   11  0.04335291
 #   12  0.06125479
 #   13  0.03470592
 #   14  0.05503135
 #   15  0.02732858
 #   16  0.05399830
 #   17  0.01926723
 #   18  0.05751324
 #   19  0.01575919
 #   20  0.07246088
       0.0     15.9282343      0.0000000
       0.1     15.9262717      0.0277966
       0.2     15.9203855      0.0555725
       0.3     15.9105792      0.0833072
       0.4     15.8968595      0.1109801
       0.5     15.8792351      0.1385707
       0.6     15.8577176      0.1660586
       0.7     15.8323210      0.1934235
       0.8     15.8030618      0.2206452
       0.9     15.7699591      0.2477038
       1.0     15.7330342      0.2745793
       1.1     15.6923114      0.3012522
       1.2     15.6478169      0.3277032
       1.3     15.5995797      0.3539129
       1.4     15.5476309      0.3798625
       1.5     15.4920044      0.4055334
       1.6     15.4327360      0.4309073
       1.7     15.3698641      0.4559661
       1.8     15.3034292      0.4806923
       1.9     15.2334742      0.5050686
       2.0     15.1600442      0.5290779
       2.1     15.0831865      0.5527039
       2.2     15.0029503      0.5759304
       2.3     14.9193872      0.5987418
       2.4     14.8325506      0.6211228
       2.5     14.7424962      0.6430587
       2.6     14.6492813      0.6645352
       2.7     14.5529654      0.6855385
       2.8     14.4536098      0.7060555
       2.9     14.3512775      0.7260733
       3.0     14.2460334      0.7455798
       3.1     14.1379440      0.7645632
       3.2     14.0270774      0.7830126
       3.3     13.9135035      0.8009173
       3.4     13.7972935      0.8182674
       3.5     13.6785202      0.8350537
       3.6     13.5572579      0.8512673
       3.7     13.4335820      0.8669001
       3.8     13.3075694      0.8819445
       3.9     13.1792982      0.8963938
       4.0     13.0488475      0.9102416
       4.1     12.9162977      0.9234823
       4.2     12.7817301      0.9361109
       4.3     12.6452271      0.9481230
       4.4     12.5068718      0.9595150
       4.5     12.3667483      0.9702839
       4.6     12.2249413      0.9804271
       4.7     12.0815363      0.9899431
       4.8     11.9366195      0.9988306
       4.9     11.7902775      1.0070892
       5.0     11.6425973      1.0147192
       5.1     11.4936666      1.0217214
       5.2     11.3435732      1.0280973
       5.3     11.1924053      1.0338491
       5.4     11.0402512      1.0389794
       5.5     10.8871994      1.0434918
       5.6     10.7333385      1.0473903
       5.7     10.5787569      1.0506795
       5.8     10.4235430      1.0533647
       5.9     10.2677853      1.0554517
       6.0     10.1115717      1.0569470
       6.1      9.9549900      1.0578578
       6.2      9.7981276      1.0581915
       6.3      9.6410716      1.0579564
       6.4      9.4839084      1.0571611
       6.5      9.3267240      1.0558151
       6.6      9.1696037      1.0539281
       6.7      9.0126321      1.0515104
       6.8      8.8558932      1.0485729
       6.9      8.6994698      1.0451268
       7.0      8.5434444      1.0411840
       7.1      8.3878980      1.0367566
       7.2      8.2329109      1.0318573
       7.3      8.0785623      1.0264994
       7.4      7.9249303      1.0206961
       7.5      7.7720918      1.0144615
       7.6      7.6201223      1.0078099
       7.7      7.4690964      1.0007557
       7.8      7.3190871      0.9933141
       7.9      7.1701659      0.9855002
       8.0      7.0224033      0.9773296
       8.1      6.8758678      0.9688182
       8.2      6.7306267      0.9599821
       8.3      6.5867457      0.9508376
       8.4      6.4442888      0.9414012
       8.5      6.3033184      0.9316898
       8.6      6.1638950      0.9217202
       8.7      6.0260778      0.9115095
       8.8      5.8899237      0.9010749
       8.9      5.7554882      0.8904338
       9.0      5.6228247      0.8796036
       9.1      5.4919849      0.8686017
       9.2      5.3630186      0.8574458
       9.3      5.2359735      0.8461533
       9.4      5.1108954      0.8347419
       9.5      4.9878283      0.8232291
       9.6      4.8668140      0.8116325
       9.7      4.7478924      0.7999694
       9.8      4.6311012      0.7882574
       9.9      4.5164763      0.7765137
      10.0      4.4040512      0.7647555
      10.1      4.2938577      0.7529998
      10.2      4.1859252      0.7412635
      10.3      4.0802812      0.7295633
      10.4      3.9769509      0.7179158
      10.5      3.8759576      0.7063372
      10.6      3.7773224      0.6948436
      10.7      3.6810643      0.6834507
      10.8      3.5872001      0.6721743
      10.9      3.4957446      0.6610294
      11.0      3.4067105      0.6500310
      11.1      3.3201084      0.6391938
      11.2      3.2359467      0.6285320
      11.3      3.1542320      0.6180596
      11.4      3.0749685      0.6077901
      11.5      2.9981585      0.5977367
      11.6      2.9238025      0.5879121
      11.7      2.8518986      0.5783288
      11.8      2.7824432      0.5689986
      11.9      2.7154305      0.5599331
      12.0      2.6508530      0.5511433
      12.1      2.5887012      0.5426398
      12.2      2.5289636      0.5344327
      12.3      2.4716268      0.5265316
      12.4      2.4166759      0.5189457
      12.5      2.3640939      0.5116836
      12.6      2.3138620      0.5047534
      12.7      2.2659598      0.4981627
      12.8      2.2203653      0.4919186
      12.9      2.1770546      0.4860277
      13.0      2.1360023      0.4804960
      13.1      2.0971814      0.4753289
      13.2      2.0605634      0.4705315
      13.3      2.0261182      0.4661080
      13.4      1.9938144      0.4620623
      13.5      1.9636189      0.4583977
      13.6      1.9354976      0.4551170
      13.7      1.9094148      0.4522223
      13.8      1.8853336      0.4497151
      13.9      1.8632159      0.4475967
      14.0      1.8430225      0.4458675
      14.1      1.8247129      0.4445275
      14.2      1.8082456      0.4435760
      14.3      1.7935781      0.4430120
      14.4      1.7806669      0.4428339
      14.5      1.7694676      0.4430393
      14.6      1.7599349      0.4436257
      14.7      1.7520226      0.4445896
      14.8      1.7456839      0.4459275
      14.9      1.7408711      0.4476351
      15.0      1.7375361      0.4497074
      15.1      1.7356300      0.4521394
      15.2      1.7351033      0.4549253
      15.3      1.7359062      0.4580589
      15.4      1.7379883      0.4615334
      15.5      1.7412989      0.4653419
      15.6      1.7457869      0.4694767
      15.7      1.7514010      0.4739299
      15.8      1.7580897      0.4786931
      15.9      1.7658011      0.4837575
      16.0      1.7744834      0.4891139
      16.1      1.7840847      0.4947528
      16.2      1.7945532      0.5006644
      16.3      1.8058368      0.5068383
      16.4      1.8178838      0.5132640
      16.5      1.8306425      0.5199306
      16.6      1.8440616      0.5268269
      16.7      1.8580897      0.5339416
      16.8      1.8726759      0.5412629
      16.9      1.8877697      0.5487788
      17.0      1.9033209      0.5564772
      17.1      1.9192797      0.5643456
      17.2      1.9355969      0.5723716
      17.3      1.9522237      0.5805423
      17.4      1.9691119      0.5888448
      17.5      1.9862140      0.5972661
      17.6      2.0034831      0.6057930
      17.7      2.0208731      0.6144122
      17.8      2.0383383      0.6231105
      17.9      2.0558342      0.6318743
      18.0      2.0733170      0.6406902
      18.1      2.0907435      0.6495447
      18.2      2.1080716      0.6584244
      18.3      2.1252602      0.6673157
      18.4      2.1422690      0.6762052
      18.5      2.1590588      0.6850794
      18.6      2.1755912      0.6939251
      18.7      2.1918290      0.7027289
      18.8      2.2077363      0.7114777
      18.9      2.2232778      0.7201584
      19.0      2.2384197      0.7287582
      19.1      2.2531292      0.7372642
      19.2      2.2673747      0.7456639
      19.3      2.2811258      0.7539449
      19.4      2.2943533      0.7620950
      19.5      2.3070292      0.7701022
      19.6      2.3191267      0.7779547
      19.7      2.3306204      0.7856411
      19.8      2.3414860      0.7931501
      19.9      2.3517005      0.8004708
      20.0      2.3612424      0.8075925
      20.1      2.3700911      0.8145048
      20.2      2.3782277      0.8211978
      20.3      2.3856344      0.8276616
      20.4      2.3922948      0.8338871
      20.5      2.3981936      0.8398651
      20.6      2.4033171      0.8455871
      20.7      2.4076528      0.8510447
      20.8      2.4111894      0.8562302
      20.9      2.4139172      0.8611360
      21.0      2.4158274      0.8657551
      21.1      2.4169128      0.8700809
      21.2      2.4171674      0.8741071
      21.3      2.4165865      0.8778280
      21.4      2.4151667      0.8812383
      21.5      2.4129057      0.8843329
      21.6      2.4098025      0.8871075
      21.7      2.4058576      0.8895580
      21.8      2.4010723      0.8916810
      21.9      2.3954495      0.8934734
      22.0      2.3889928      0.8949325
      22.1      2.3817075      0.8960561
      22.2      2.3735996      0.8968427
      22.3      2.3646765      0.8972911
      22.4      2.3549466      0.8974004
      22.5      2.3444193      0.8971704
      22.6      2.3331052      0.8966014
      22.7      2.3210157      0.8956940
      22.8      2.3081635      0.8944493
      22.9      2.2945621      0.8928691
      23.0      2.2802258      0.8909552
      23.1      2.2651701      0.8887103
      23.2      2.2494111      0.8861373
      23.3      2.2329661      0.8832397
      23.4      2.2158529      0.8800213
      23.5      2.1980902      0.8764864
      23.6      2.1796974      0.8726398
      23.7      2.1606948      0.8684865
      23.8      2.1411033      0.8640322
      23.9      2.1209443      0.8592827
      24.0      2.1002400      0.8542446
      24.1      2.0790131      0.8489244
      24.2      2.0572869      0.8433293
      24.3      2.0350853      0.8374668
      24.4      2.0124324      0.8313448
      24.5      1.9893531      0.8249713
      24.6      1.9658724      0.8183549
      24.7      1.9420158      0.8115045
      24.8      1.9178092      0.8044291
      24.9      1.8932786      0.7971381
      25.0      1.8684505      0.7896413
      25.1      1.8433514      0.7819486
      25.2      1.8180081      0.7740702
      25.3      1.7924477      0.7660166
      25.4      1.7666970      0.7577984
      25.5      1.7407833      0.7494265
      25.6      1.7147337      0.7409120
      25.7      1.6885753      0.7322660
      25.8      1.6623354      0.7235001
      25.9      1.6360409      0.7146256
      26.0      1.6097190      0.7056543
      26.1      1.5833963      0.6965980
      26.2      1.5570995      0.6874686
      26.3      1.5308552      0.6782778
      26.4      1.5046896      0.6690379
      26.5      1.4786286      0.6597608
      26.6      1.4526978      0.6504587
      26.7      1.4269227      0.6411435
      26.8      1.4013283      0.6318274
      26.9      1.3759390      0.6225226
      27.0      1.3507791      0.6132409
      27.1      1.3258724      0.6039944
      27.2      1.3012420      0.5947950
      27.3      1.2769107      0.5856545
      27.4      1.2529008      0.5765847
      27.5      1.2292339      0.5675971
      27.6      1.2059312      0.5587032
      27.7      1.1830132      0.5499143
      27.8      1.1604997      0.5412416
      27.9      1.1384100      0.5326960
      28.0      1.1167628      0.5242884
      28.1      1.0955759      0.5160293
      28.2      1.0748665      0.5079290
      28.3      1.0546512      0.4999977
      28.4      1.0349458      0.4922453
      28.5      1.0157653      0.4846813
      28.6      0.9971239      0.4773151
      28.7      0.9790352      0.4701557
      28.8      0.9615119      0.4632119
      28.9      0.9445659      0.4564921
      29.0      0.9282083      0.4500043
      29.1      0.9124496      0.4437565
      29.2      0.8972991      0.4377560
      29.3      0.8827655      0.4320099
      29.4      0.8688567      0.4265250
      29.5      0.8555796      0.4213076
      29.6      0.8429405      0.4163636
      29.7      0.8309447      0.4116987
      29.8      0.8195966      0.4073182
      29.9      0.8088998      0.4032267
      30.0      0.7988573      0.3994287
      30.1      0.7894709      0.3959281
      30.2      0.7807418      0.3927287
      30.3      0.7726703      0.3898335
      30.4      0.7652558      0.3872453
      30.5      0.7584970      0.3849663
      30.6      0.7523917      0.3829985
      30.7      0.7469371      0.3813434
      30.8      0.7421292      0.3800020
      30.9      0.7379637      0.3789748
      31.0      0.7344351      0.3782621
      31.1      0.7315375      0.3778635
      31.2      0.7292640      0.3777784
      31.3      0.7276070      0.3780057
      31.4      0.7265582      0.3785438
      31.5      0.7261088      0.3793908
      31.6      0.7262491      0.3805443
      31.7      0.7269686      0.3820014
      31.8      0.7282564      0.3837590
      31.9      0.7301010      0.3858134
      32.0      0.7324900      0.3881606
      32.1      0.7354107      0.3907962
      32.2      0.7388496      0.3937154
      32.3      0.7427928      0.3969131
      32.4      0.7472258      0.4003836
      32.5      0.7521336      0.4041211
      32.6      0.7575007      0.4081192
      32.7      0.7633111      0.4123714
      32.8      0.7695485      0.4168707
      32.9      0.7761960      0.4216099
      33.0      0.7832365      0.4265812
      33.1      0.7906523      0.4317768
      33.2      0.7984256      0.4371885
      33.3      0.8065381      0.4428078
      33.4      0.8149714      0.4486260
      33.5      0.8237065      0.4546341
      33.6      0.8327244      0.4608227
      33.7      0.8420060      0.4671824
      33.8      0.8515318      0.4737034
      33.9      0.8612822      0.4803760
      34.0      0.8712375      0.4871898
      34.1      0.8813777      0.4941347
      34.2      0.8916831      0.5012002
      34.3      0.9021335      0.5083757
      34.4      0.9127091      0.5156505
      34.5      0.9233897      0.5230137
      34.6      0.9341554      0.5304543
      34.7      0.9449862      0.5379613
      34.8      0.9558622      0.5455235
      34.9      0.9667637      0.5531299
      35.0      0.9776710      0.5607691
      35.1      0.9885646      0.5684298
      35.2      0.9994251      0.5761009
      35.3      1.0102334      0.5837711
      35.4      1.0209706      0.5914290
      35.5      1.0316179      0.5990636
      35.6      1.0421570      0.6066635
      35.7      1.0525697      0.6142178
      35.8      1.0628382      0.6217154
      35.9      1.0729450      0.6291453
      36.0      1.0828730      0.6364968
      36.1      1.0926053      0.6437590
      36.2      1.1021255      0.6509216
      36.3      1.1114178      0.6579740
      36.4      1.1204665      0.6649060
      36.5      1.1292566      0.6717075
      36.6      1.1377733      0.6783688
      36.7      1.1460026      0.6848800
      36.8      1.1539307      0.6912317
      36.9      1.1615445      0.6974148
      37.0      1.1688314      0.7034203
      37.1      1.1757792      0.7092394
      37.2      1.1823763      0.7148637
      37.3      1.1886118      0.7202850
      37.4      1.1944753      0.7254954
      37.5      1.1999568      0.7304874
      37.6      1.2050472      0.7352537
      37.7      1.2097377      0.7397873
      37.8      1.2140204      0.7440817
      37.9      1.2178877      0.7481304
      38.0      1.2213329      0.7519276
      38.1      1.2243498      0.7554678
      38.2      1.2269328      0.7587455
      38.3      1.2290769      0.7617561
      38.4      1.2307779      0.7644949
      38.5      1.2320321      0.7669580
      38.6      1.2328365      0.7691415
      38.7      1.2331887      0.7710422
      38.8      1.2330869      0.7726570
      38.9      1.2325302      0.7739834
      39.0      1.2315179      0.7750193
      39.1      1.2300503      0.7757630
      39.2      1.2281282      0.7762130
      39.3      1.2257529      0.7763685
      39.4      1.2229265      0.7762288
      39.5      1.2196517      0.7757939
      39.6      1.2159317      0.7750640
      39.7      1.2117703      0.7740399
      39.8      1.2071720      0.7727225
      39.9      1.2021418      0.7711134
      40.0      1.1966853      0.7692145
      40.1      1.1908087      0.7670280
      40.2      1.1845186      0.7645566
      40.3      1.1778222      0.7618034
      40.4      1.1707274      0.7587717
      40.5      1.1632424      0.7554655
      40.6      1.1553760      0.7518889
      40.7      1.1471373      0.7480464
      40.8      1.1385362      0.7439430
      40.9      1.1295829      0.7395840
      41.0      1.1202878      0.7349749
      41.1      1.1106621      0.7301218
      41.2      1.1007172      0.7250308
      41.3      1.0904649      0.7197087
      41.4      1.0799174      0.7141622
      41.5      1.0690873      0.7083987
      41.6      1.0579873      0.7024255
      41.7      1.0466308      0.6962506
      41.8      1.0350312      0.6898819
      41.9      1.0232023      0.6833278
      42.0      1.0111580      0.6765968
      42.1      0.9989127      0.6696976
      42.2      0.9864807      0.6626394
      42.3      0.9738769      0.6554313
      42.4      0.9611159      0.6480828
      42.5      0.9482129      0.6406033
      42.6      0.9351829      0.6330028
      42.7      0.9220412      0.6252911
      42.8      0.9088030      0.6174783
      42.9      0.8954840      0.6095746
      43.0      0.8820994      0.6015903
      43.1      0.8686648      0.5935359
      43.2      0.8551957      0.5854217
      43.3      0.8417075      0.5772584
      43.4      0.8282158      0.5690567
      43.5      0.8147359      0.5608272
      43.6      0.8012831      0.5525805
      43.7      0.7878728      0.5443275
      43.8      0.7745200      0.5360787
      43.9      0.7612398      0.5278451
      44.0      0.7480469      0.5196371
      44.1      0.7349561      0.5114654
      44.2      0.7219819      0.5033406
      44.3      0.7091385      0.4952731
      44.4      0.6964399      0.4872735
      44.5      0.6839001      0.4793519
      44.6      0.6715326      0.4715186
      44.7      0.6593505      0.4637837
      44.8      0.6473670      0.4561570
      44.9      0.6355947      0.4486483
      45.0      0.6240460      0.4412672
      45.1      0.6127328      0.4340231
      45.2      0.6016668      0.4269252
      45.3      0.5908594      0.4199825
      45.4      0.5803213      0.4132039
      45.5      0.5700632      0.4065978
      45.6      0.5600951      0.4001727
      45.7      0.5504268      0.3939364
      45.8      0.5410674      0.3878969
      45.9      0.5320258      0.3820617
      46.0      0.5233103      0.3764380
      46.1      0.5149290      0.3710327
      46.2      0.5068891      0.3658524
      46.3      0.4991978      0.3609036
      46.4      0.4918614      0.3561922
      46.5      0.4848860      0.3517238
      46.6      0.4782770      0.3475039
      46.7      0.4720395      0.3435375
      46.8      0.4661779      0.3398290
      46.9      0.4606962      0.3363830
      47.0      0.4555980      0.3332033
      47.1      0.4508861      0.3302934
      47.2      0.4465629      0.3276566
      47.3      0.4426305      0.3252956
      47.4      0.4390902      0.3232130
      47.5      0.4359429      0.3214108
      47.6      0.4331889      0.3198907
      47.7      0.4308282      0.3186539
      47.8      0.4288600      0.3177014
      47.9      0.4272831      0.3170337
      48.0      0.4260959      0.3166510
      48.1      0.4252962      0.3165528
      48.2      0.4248812      0.3167388
      48.3      0.4248479      0.3172077
      48.4      0.4251926      0.3179582
      48.5      0.4259110      0.3189885
      48.6      0.4269987      0.3202964
      48.7      0.4284504      0.3218794
      48.8      0.4302607      0.3237345
      48.9      0.4324235      0.3258585
      49.0      0.4349325      0.3282477
      49.1      0.4377807      0.3308981
      49.2      0.4409610      0.3338053
      49.3      0.4444656      0.3369646
      49.4      0.4482864      0.3403710
      49.5      0.4524150      0.3440191
      49.6      0.4568426      0.3479032
      49.7      0.4615600      0.3520172
      49.8      0.4665577      0.3563549
      49.9      0.4718257      0.3609096
      50.0      0.4773540      0.3656744
      50.1      0.4831321      0.3706421
      50.2      0.4891492      0.3758053
      50.3      0.4953943      0.3811561
      50.4      0.5018561      0.3866867
      50.5      0.5085230      0.3923889
      50.6      0.5153834      0.3982541
      50.7      0.5224253      0.4042737
      50.8      0.5296366      0.4104390
      50.9      0.5370049      0.4167407
      51.0      0.5445178      0.4231698
      51.1      0.5521626      0.4297168
      51.2      0.5599267      0.4363721
      51.3      0.5677971      0.4431261
      51.4      0.5757611      0.4499691
      51.5      0.5838055      0.4568909
      51.6      0.5919173      0.4638817
      51.7      0.6000835      0.4709314
      51.8      0.6082910      0.4780296
      51.9      0.6165266      0.4851663
      52.0      0.6247772      0.4923312
      52.1      0.6330299      0.4995138
      52.2      0.6412716      0.5067039
      52.3      0.6494893      0.5138913
      52.4      0.6576704      0.5210654
      52.5      0.6658019      0.5282161
      52.6      0.6738712      0.5353332
      52.7      0.6818660      0.5424063
      52.8      0.6897738      0.5494255
      52.9      0.6975824      0.5563805
      53.0      0.7052799      0.5632616
      53.1      0.7128545      0.5700588
      53.2      0.7202946      0.5767625
      53.3      0.7275887      0.5833629
      53.4      0.7347259      0.5898508
      53.5      0.7416953      0.5962168
      53.6      0.7484861      0.6024518
      53.7      0.7550882      0.6085470
      53.8      0.7614916      0.6144935
      53.9      0.7676864      0.6202828
      54.0      0.7736633      0.6259068
      54.1      0.7794132      0.6313572
      54.2      0.7849275      0.6366263
      54.3      0.7901977      0.6417065
      54.4      0.7952158      0.6465906
      54.5      0.7999742      0.6512714
      54.6      0.8044655      0.6557422
      54.7      0.8086830      0.6599966
      54.8      0.8126202      0.6640284
      54.9      0.8162709      0.6678318
      55.0      0.8196294      0.6714011
      55.1      0.8226906      0.6747312
      55.2      0.8254496      0.6778172
      55.3      0.8279019      0.6806546
      55.4      0.8300436      0.6832391
      55.5      0.8318711      0.6855668
      55.6      0.8333814      0.6876343
      55.7      0.8345717      0.6894383
      55.8      0.8354399      0.6909761
      55.9      0.8359841      0.6922453
      56.0      0.8362030      0.6932437
      56.1      0.8360956      0.6939697
      56.2      0.8356617      0.6944219
      56.3      0.8349010      0.6945994
      56.4      0.8338142      0.6945015
      56.5      0.8324020      0.6941282
      56.6      0.8306657      0.6934795
      56.7      0.8286071      0.6925559
      56.8      0.8262285      0.6913585
      56.9      0.8235323      0.6898884
      57.0      0.8205216      0.6881473
      57.1      0.8171998      0.6861372
      57.2      0.8135709      0.6838605
      57.3      0.8096390      0.6813200
      57.4      0.8054089      0.6785186
      57.5      0.8008854      0.6754599
      57.6      0.7960742      0.6721477
      57.7      0.7909810      0.6685860
      57.8      0.7856119      0.6647794
      57.9      0.7799734      0.6607326
      58.0      0.7740725      0.6564507
      58.1      0.7679163      0.6519392
      58.2      0.7615123      0.6472038
      58.3      0.7548685      0.6422505
      58.4      0.7479928      0.6370856
      58.5      0.7408938      0.6317158
      58.6      0.7335802      0.6261479
      58.7      0.7260608      0.6203891
      58.8      0.7183451      0.6144467
      58.9      0.7104424      0.6083284
      59.0      0.7023623      0.6020420
      59.1      0.6941149      0.5955957
      59.2      0.6857103      0.5889976
      59.3      0.6771587      0.5822564
      59.4      0.6684705      0.5753807
      59.5      0.6596565      0.5683792
      59.6      0.6507273      0.5612612
      59.7      0.6416938      0.5540356
      59.8      0.6325671      0.5467118
      59.9      0.6233583      0.5392993
      60.0      0.6140785      0.5318076
      60.1      0.6047390      0.5242462
      60.2      0.5953510      0.5166250
      60.3      0.5859259      0.5089537
      60.4      0.5764751      0.5012422
      60.5      0.5670099      0.4935003
      60.6      0.5575417      0.4857381
      60.7      0.5480818      0.4779653
      60.8      0.5386415      0.4701921
      60.9      0.5292320      0.4624282
      61.0      0.5198645      0.4546838
      61.1      0.5105501      0.4469685
      61.2      0.5012997      0.4392923
      61.3      0.4921243      0.4316649
      61.4      0.4830345      0.4240961
      61.5      0.4740411      0.4165954
      61.6      0.4651543      0.4091723
      61.7      0.4563845      0.4018362
      61.8      0.4477418      0.3945964
      61.9      0.4392362      0.3874620
      62.0      0.4308772      0.3804420
      62.1      0.4226744      0.3735451
      62.2      0.4146370      0.3667800
      62.3      0.4067740      0.3601551
      62.4      0.3990941      0.3536787
      62.5      0.3916059      0.3473587
      62.6      0.3843176      0.3412031
      62.7      0.3772370      0.3352193
      62.8      0.3703717      0.3294147
      62.9      0.3637291      0.3237963
      63.0      0.3573163      0.3183711
      63.1      0.3511397      0.3131455
      63.2      0.3452058      0.3081258
      63.3      0.3395207      0.3033181
      63.4      0.3340898      0.2987278
      63.5      0.3289186      0.2943606
      63.6      0.3240120      0.2902214
      63.7      0.3193746      0.2863150
      63.8      0.3150105      0.2826458
      63.9      0.3109236      0.2792179
      64.0      0.3071173      0.2760352
      64.1      0.3035947      0.2731010
      64.2      0.3003585      0.2704184
      64.3      0.2974110      0.2679902
      64.4      0.2947540      0.2658188
      64.5      0.2923891      0.2639061
      64.6      0.2903174      0.2622540
      64.7      0.2885397      0.2608637
      64.8      0.2870561      0.2597361
      64.9      0.2858667      0.2588719
      65.0      0.2849710      0.2582714
      65.1      0.2843681      0.2579344
      65.2      0.2840568      0.2578603
      65.3      0.2840354      0.2580485
      65.4      0.2843020      0.2584977
      65.5      0.2848542      0.2592063
      65.6      0.2856891      0.2601724
      65.7      0.2868036      0.2613938
      65.8      0.2881943      0.2628678
      65.9      0.2898572      0.2645916
      66.0      0.2917881      0.2665617
      66.1      0.2939825      0.2687747
      66.2      0.2964354      0.2712264
      66.3      0.2991415      0.2739127
      66.4      0.3020954      0.2768289
      66.5      0.3052910      0.2799702
      66.6      0.3087223      0.2833313
      66.7      0.3123826      0.2869066
      66.8      0.3162652      0.2906905
      66.9      0.3203630      0.2946768
      67.0      0.3246686      0.2988590
      67.1      0.3291745      0.3032308
      67.2      0.3338728      0.3077850
      67.3      0.3387553      0.3125147
      67.4      0.3438138      0.3174124
      67.5      0.3490396      0.3224706
      67.6      0.3544241      0.3276814
      67.7      0.3599583      0.3330369
      67.8      0.3656330      0.3385289
      67.9      0.3714390      0.3441489
      68.0      0.3773669      0.3498885
      68.1      0.3834069      0.3557388
      68.2      0.3895495      0.3616912
      68.3      0.3957848      0.3677365
      68.4      0.4021028      0.3738657
      68.5      0.4084935      0.3800696
      68.6      0.4149469      0.3863387
      68.7      0.4214527      0.3926638
      68.8      0.4280008      0.3990354
      68.9      0.4345809      0.4054438
      69.0      0.4411828      0.4118796
      69.1      0.4477962      0.4183332
      69.2      0.4544108      0.4247949
      69.3      0.4610164      0.4312551
      69.4      0.4676028      0.4377041
      69.5      0.4741599      0.4441324
      69.6      0.4806775      0.4505304
      69.7      0.4871457      0.4568885
      69.8      0.4935544      0.4631974
      69.9      0.4998940      0.4694476
      70.0      0.5061546      0.4756298
      70.1      0.5123268      0.4817348
      70.2      0.5184010      0.4877535
      70.3      0.5243679      0.4936770
      70.4      0.5302186      0.4994963
      70.5      0.5359439      0.5052029
      70.6      0.5415351      0.5107882
      70.7      0.5469838      0.5162438
      70.8      0.5522814      0.5215615
      70.9      0.5574200      0.5267335
      71.0      0.5623917      0.5317518
      71.1      0.5671886      0.5366089
      71.2      0.5718036      0.5412975
      71.3      0.5762294      0.5458104
      71.4      0.5804592      0.5501409
      71.5      0.5844863      0.5542822
      71.6      0.5883045      0.5582281
      71.7      0.5919079      0.5619724
      71.8      0.5952906      0.5655094
      71.9      0.5984473      0.5688336
      72.0      0.6013730      0.5719397
      72.1      0.6040628      0.5748228
      72.2      0.6065124      0.5774783
      72.3      0.6087177      0.5799019
      72.4      0.6106749      0.5820896
      72.5      0.6123806      0.5840378
      72.6      0.6138319      0.5857431
      72.7      0.6150259      0.5872026
      72.8      0.6159604      0.5884136
      72.9      0.6166333      0.5893738
      73.0      0.6170431      0.5900812
      73.1      0.6171884      0.5905343
      73.2      0.6170684      0.5907316
      73.3      0.6166825      0.5906724
      73.4      0.6160305      0.5903559
      73.5      0.6151126      0.5897821
      73.6      0.6139294      0.5889511
      73.7      0.6124818      0.5878633
      73.8      0.6107710      0.5865195
      73.9      0.6087986      0.5849210
      74.0      0.6065666      0.5830693
      74.1      0.6040774      0.5809662
      74.2      0.6013336      0.5786140
      74.3      0.5983382      0.5760153
      74.4      0.5950946      0.5731728
      74.5      0.5916065      0.5700900
      74.6      0.5878778      0.5667703
      74.7      0.5839129      0.5632175
      74.8      0.5797165      0.5594360
      74.9      0.5752935      0.5554301
      75.0      0.5706491      0.5512047
      75.1      0.5657890      0.5467650
      75.2      0.5607190      0.5421162
      75.3      0.5554452      0.5372642
      75.4      0.5499739      0.5322148
      75.5      0.5443119      0.5269742
      75.6      0.5384660      0.5215491
      75.7      0.5324433      0.5159460
      75.8      0.5262514      0.5101719
      75.9      0.5198976      0.5042342
      76.0      0.5133900      0.4981401
      76.1      0.5067364      0.4918973
      76.2      0.4999450      0.4855138
      76.3      0.4930244      0.4789974
      76.4      0.4859829      0.4723564
      76.5      0.4788292      0.4655992
      76.6      0.4715724      0.4587342
      76.7      0.4642212      0.4517703
      76.8      0.4567848      0.4447161
      76.9      0.4492725      0.4375806
      77.0      0.4416934      0.4303728
      77.1      0.4340570      0.4231019
      77.2      0.4263727      0.4157771
      77.3      0.4186501      0.4084076
      77.4      0.4108986      0.4010028
      77.5      0.4031278      0.3935721
      77.6      0.3953474      0.3861249
      77.7      0.3875670      0.3786706
      77.8      0.3797961      0.3712187
      77.9      0.3720442      0.3637786
      78.0      0.3643211      0.3563598
      78.1      0.3566361      0.3489716
      78.2      0.3489986      0.3416234
      78.3      0.3414181      0.3343244
      78.4      0.3339038      0.3270839
      78.5      0.3264649      0.3199110
      78.6      0.3191105      0.3128148
      78.7      0.3118495      0.3058042
      78.8      0.3046908      0.2988880
      78.9      0.2976430      0.2920749
      79.0      0.2907147      0.2853735
      79.1      0.2839142      0.2787920
      79.2      0.2772497      0.2723388
      79.3      0.2707292      0.2660220
      79.4      0.2643605      0.2598493
      79.5      0.2581511      0.2538284
      79.6      0.2521086      0.2479668
      79.7      0.2462399      0.2422717
      79.8      0.2405519      0.2367502
      79.9      0.2350515      0.2314089
      80.0      0.2297448      0.2262545
      80.1      0.2246382      0.2212932
      80.2      0.2197374      0.2165310
      80.3      0.2150480      0.2119736
      80.4      0.2105754      0.2076265
      80.5      0.2063245      0.2034949
      80.6      0.2023001      0.1995837
      80.7      0.1985066      0.1958974
      80.8      0.1949480      0.1924403
      80.9      0.1916282      0.1892163
      81.0      0.1885505      0.1862292
      81.1      0.1857182      0.1834821
      81.2      0.1831340      0.1809782
      81.3      0.1808005      0.1787202
      81.4      0.1787196      0.1767102
      81.5      0.1768934      0.1749504
      81.6      0.1753231      0.1734423
      81.7      0.1740100      0.1721874
      81.8      0.1729548      0.1711866
      81.9      0.1721580      0.1704405
      82.0      0.1716196      0.1699494
      82.1      0.1713393      0.1697132
      82.2      0.1713167      0.1697317
      82.3      0.1715508      0.1700039
      82.4      0.1720402      0.1705290
      82.5      0.1727835      0.1713053
      82.6      0.1737785      0.1723312
      82.7      0.1750232      0.1736045
      82.8      0.1765148      0.1751229
      82.9      0.1782504      0.1768836
      83.0      0.1802268      0.1788834
      83.1      0.1824404      0.1811191
      83.2      0.1848874      0.1835868
      83.3      0.1875635      0.1862826
      83.4      0.1904643      0.1892020
      83.5      0.1935849      0.1923405
      83.6      0.1969204      0.1956932
      83.7      0.2004654      0.1992548
      83.8      0.2042143      0.2030199
      83.9      0.2081612      0.2069826
      84.0      0.2122999      0.2111369
      84.1      0.2166242      0.2154767
      84.2      0.2211273      0.2199953
      84.3      0.2258024      0.2246859
      84.4      0.2306425      0.2295417
      84.5      0.2356402      0.2345554
      84.6      0.2407881      0.2397195
      84.7      0.2460786      0.2450265
      84.8      0.2515037      0.2504686
      84.9      0.2570554      0.2560378
      85.0      0.2627256      0.2617259
      85.1      0.2685059      0.2675246
      85.2      0.2743879      0.2734256
      85.3      0.2803630      0.2794202
      85.4      0.2864224      0.2854998
      85.5      0.2925574      0.2916555
      85.6      0.2987591      0.2978785
      85.7      0.3050184      0.3041598
      85.8      0.3113264      0.3104903
      85.9      0.3176740      0.3168610
      86.0      0.3240520      0.3232626
      86.1      0.3304513      0.3296861
      86.2      0.3368627      0.3361221
      86.3      0.3432770      0.3425614
      86.4      0.3496850      0.3489950
      86.5      0.3560776      0.3554134
      86.6      0.3624457      0.3618077
      86.7      0.3687801      0.3681686
      86.8      0.3750719      0.3744871
      86.9      0.3813121      0.3807541
      87.0      0.3874918      0.3869608
      87.1      0.3936023      0.3930982
      87.2      0.3996348      0.3991577
      87.3      0.4055809      0.4051306
      87.4      0.4114320      0.4110085
      87.5      0.4171800      0.4167829
      87.6      0.4228165      0.4224456
      87.7      0.4283337      0.4279887
      87.8      0.4337238      0.4334041
      87.9      0.4389790      0.4386842
      88.0      0.4440920      0.4438215
      88.1      0.4490555      0.4488086
      88.2      0.4538625      0.4536386
      88.3      0.4585062      0.4583044
      88.4      0.4629799      0.4627994
      88.5      0.4672773      0.4671172
      88.6      0.4713924      0.4712517
      88.7      0.4753193      0.4751969
      88.8      0.4790523      0.4789473
      88.9      0.4825862      0.4824973
      89.0      0.4859160      0.4858420
      89.1      0.4890368      0.4889764
      89.2      0.4919442      0.4918962
      89.3      0.4946339      0.4945970
      89.4      0.4971022      0.4970750
      89.5      0.4993455      0.4993265
      89.6      0.5013604      0.5013482
      89.7      0.5031441      0.5031372
      89.8      0.5046938      0.5046907
      89.9      0.5060072      0.5060065
      90.0      0.5070825      0.5070825
      90.1      0.5079178      0.5079170
      90.2      0.5085119      0.5085088
      90.3      0.5088636      0.5088567
      90.4      0.5089725      0.5089601
      90.5      0.5088380      0.5088186
      90.6      0.5084602      0.5084323
      90.7      0.5078393      0.5078014
      90.8      0.5069760      0.5069266
      90.9      0.5058714      0.5058090
      91.0      0.5045265      0.5044497
      91.1      0.5029432      0.5028505
      91.2      0.5011233      0.5010134
      91.3      0.4990690      0.4989406
      91.4      0.4967830      0.4966347
      91.5      0.4942682      0.4940988
      91.6      0.4915277      0.4913361
      91.7      0.4885651      0.4883501
      91.8      0.4853841      0.4851446
      91.9      0.4819889      0.4817239
      92.0      0.4783839      0.4780925
      92.1      0.4745737      0.4742549
      92.2      0.4705632      0.4702164
      92.3      0.4663577      0.4659820
      92.4      0.4619627      0.4615575
      92.5      0.4573839      0.4569486
      92.6      0.4526273      0.4521613
      92.7      0.4476990      0.4472020
      92.8      0.4426056      0.4420772
      92.9      0.4373538      0.4367937
      93.0      0.4319503      0.4313583
      93.1      0.4264023      0.4257783
      93.2      0.4207171      0.4200611
      93.3      0.4149020      0.4142141
      93.4      0.4089649      0.4082450
      93.5      0.4029134      0.4021618
      93.6      0.3967554      0.3959725
      93.7      0.3904992      0.3896853
      93.8      0.3841529      0.3833083
      93.9      0.3777248      0.3768501
      94.0      0.3712234      0.3703191
      94.1      0.3646572      0.3637240
      94.2      0.3580349      0.3570734
      94.3      0.3513652      0.3503761
      94.4      0.3446567      0.3436409
      94.5      0.3379184      0.3368767
      94.6      0.3311590      0.3300923
      94.7      0.3243875      0.3232967
      94.8      0.3176127      0.3164988
      94.9      0.3108435      0.3097075
      95.0      0.3040888      0.3029317
      95.1      0.2973575      0.2961803
      95.2      0.2906583      0.2894620
      95.3      0.2840000      0.2827858
      95.4      0.2773913      0.2761602
      95.5      0.2708409      0.2695940
      95.6      0.2643574      0.2630957
      95.7      0.2579491      0.2566737
      95.8      0.2516245      0.2503364
      95.9      0.2453918      0.2440919
      96.0      0.2392591      0.2379484
      96.1      0.2332344      0.2319138
      96.2      0.2273255      0.2259958
      96.3      0.2215401      0.2202022
      96.4      0.2158856      0.2145402
      96.5      0.2103695      0.2090172
      96.6      0.2049988      0.2036402
      96.7      0.1997804      0.1984161
      96.8      0.1947211      0.1933514
      96.9      0.1898274      0.1884525
      97.0      0.1851055      0.1837257
      97.1      0.1805614      0.1791768
      97.2      0.1762010      0.1748116
      97.3      0.1720298      0.1706354
      97.4      0.1680531      0.1666534
      97.5      0.1642758      0.1628704
      97.6      0.1607028      0.1592911
      97.7      0.1573384      0.1559197
      97.8      0.1541869      0.1527604
      97.9      0.1512522      0.1498167
      98.0      0.1485377      0.1470922
      98.1      0.1460469      0.1445899
      98.2      0.1437827      0.1423127
      98.3      0.1417477      0.1402630
      98.4      0.1399443      0.1384430
      98.5      0.1383745      0.1368546
      98.6      0.1370401      0.1354993
      98.7      0.1359424      0.1343783
      98.8      0.1350826      0.1334925
      98.9      0.1344613      0.1328424
      99.0      0.1340790      0.1324283
      99.1      0.1339358      0.1322501
      99.2      0.1340314      0.1323073
      99.3      0.1343653      0.1325992
      99.4      0.1349366      0.1331247
      99.5      0.1357440      0.1338824
      99.6      0.1367860      0.1348705
      99.7      0.1380608      0.1360870
      99.8      0.1395662      0.1375296
      99.9      0.1412996      0.1391956
     100.0      0.1432584      0.1410819
     100.1      0.1454392      0.1431854
     100.2      0.1478388      0.1455023
     100.3      0.1504533      0.1480288
     100.4      0.1532789      0.1507607
     100.5      0.1563110      0.1536936
     100.6      0.1595452      0.1568227
     100.7      0.1629766      0.1601429
     100.8      0.1666001      0.1636491
     100.9      0.1704101      0.1673357
     101.0      0.1744010      0.1711968
     101.1      0.1785670      0.1752265
     101.2      0.1829018      0.1794185
     101.3      0.1873991      0.1837663
     101.4      0.1920522      0.1882632
     101.5      0.1968543      0.1929024
     101.6      0.2017983      0.1976766
     101.7      0.2068770      0.2025786
     101.8      0.2120829      0.2076010
     101.9      0.2174084      0.2127361
     102.0      0.2228458      0.2179761
     102.1      0.2283871      0.2233131
     102.2      0.2340243      0.2287390
     102.3      0.2397490      0.2342457
     102.4      0.2455529      0.2398247
     102.5      0.2514277      0.2454678
     102.6      0.2573646      0.2511665
     102.7      0.2633552      0.2569121
     102.8      0.2693905      0.2626960
     102.9      0.2754619      0.2685096
     103.0      0.2815604      0.2743440
     103.1      0.2876772      0.2801907
     103.2      0.2938034      0.2860408
     103.3      0.2999299      0.2918854
     103.4      0.3060478      0.2977159
     103.5      0.3121482      0.3035235
     103.6      0.3182221      0.3092995
     103.7      0.3242607      0.3150352
     103.8      0.3302549      0.3207219
     103.9      0.3361962      0.3263512
     104.0      0.3420756      0.3319145
     104.1      0.3478845      0.3374034
     104.2      0.3536143      0.3428098
     104.3      0.3592566      0.3481253
     104.4      0.3648030      0.3533420
     104.5      0.3702452      0.3584520
     104.6      0.3755751      0.3634475
     104.7      0.3807848      0.3683208
     104.8      0.3858664      0.3730647
     104.9      0.3908123      0.3776717
     105.0      0.3956150      0.3821348
     105.1      0.4002673      0.3864471
     105.2      0.4047621      0.3906021
     105.3      0.4090925      0.3945932
     105.4      0.4132518      0.3984141
     105.5      0.4172336      0.4020590
     105.6      0.4210318      0.4055221
     105.7      0.4246404      0.4087978
     105.8      0.4280537      0.4118810
     105.9      0.4312662      0.4147665
     106.0      0.4342728      0.4174498
     106.1      0.4370687      0.4199265
     106.2      0.4396491      0.4221922
     106.3      0.4420097      0.4242433
     106.4      0.4441466      0.4260761
     106.5      0.4460561      0.4276873
     106.6      0.4477346      0.4290741
     106.7      0.4491790      0.4302338
     106.8      0.4503867      0.4311640
     106.9      0.4513550      0.4318626
     107.0      0.4520819      0.4323281
     107.1      0.4525655      0.4325590
     107.2      0.4528043      0.4325542
     107.3      0.4527972      0.4323130
     107.4      0.4525432      0.4318350
     107.5      0.4520419      0.4311200
     107.6      0.4512932      0.4301684
     107.7      0.4502971      0.4289807
     107.8      0.4490543      0.4275578
     107.9      0.4475654      0.4259007
     108.0      0.4458318      0.4240112
     108.1      0.4438548      0.4218910
     108.2      0.4416365      0.4195423
     108.3      0.4391788      0.4169675
     108.4      0.4364843      0.4141695
     108.5      0.4335559      0.4111513
     108.6      0.4303966      0.4079163
     108.7      0.4270099      0.4044682
     108.8      0.4233997      0.4008110
     108.9      0.4195698      0.3969489
     109.0      0.4155249      0.3928865
     109.1      0.4112694      0.3886286
     109.2      0.4068084      0.3841803
     109.3      0.4021472      0.3795469
     109.4      0.3972912      0.3747340
     109.5      0.3922462      0.3697476
     109.6      0.3870184      0.3645936
     109.7      0.3816140      0.3592784
     109.8      0.3760396      0.3538084
     109.9      0.3703020      0.3481906
     110.0      0.3644082      0.3424317
     110.1      0.3583655      0.3365390
     110.2      0.3521814      0.3305198
     110.3      0.3458634      0.3243815
     110.4      0.3394195      0.3181318
     110.5      0.3328577      0.3117785
     110.6      0.3261861      0.3053296
     110.7      0.3194133      0.2987932
     110.8      0.3125475      0.2921775
     110.9      0.3055976      0.2854907
     111.0      0.2985723      0.2787412
     111.1      0.2914804      0.2719377
     111.2      0.2843310      0.2650885
     111.3      0.2771330      0.2582024
     111.4      0.2698958      0.2512881
     111.5      0.2626285      0.2443541
     111.6      0.2553403      0.2374094
     111.7      0.2480405      0.2304625
     111.8      0.2407386      0.2235224
     111.9      0.2334439      0.2165977
     112.0      0.2261656      0.2096971
     112.1      0.2189132      0.2028294
     112.2      0.2116960      0.1960031
     112.3      0.2045233      0.1892270
     112.4      0.1974043      0.1825094
     112.5      0.1903482      0.1758588
     112.6      0.1833640      0.1692835
     112.7      0.1764609      0.1627919
     112.8      0.1696477      0.1563920
     112.9      0.1629333      0.1500917
     113.0      0.1563263      0.1438991
     113.1      0.1498353      0.1378217
     113.2      0.1434687      0.1318671
     113.3      0.1372347      0.1260428
     113.4      0.1311416      0.1203558
     113.5      0.1251971      0.1148132
     113.6      0.1194089      0.1094219
     113.7      0.1137847      0.1041884
     113.8      0.1083317      0.0991191
     113.9      0.1030569      0.0942202
     114.0      0.0979673      0.0894976
     114.1      0.0930694      0.0849569
     114.2      0.0883696      0.0806037
     114.3      0.0838741      0.0764431
     114.4      0.0795885      0.0724800
     114.5      0.0755186      0.0687190
     114.6      0.0716695      0.0651645
     114.7      0.0680463      0.0618206
     114.8      0.0646536      0.0586911
     114.9      0.0614958      0.0557794
     115.0      0.0585770      0.0530887
     115.1      0.0559008      0.0506221
     115.2      0.0534709      0.0483819
     115.3      0.0512901      0.0463705
     115.4      0.0493614      0.0445899
     115.5      0.0476870      0.0430416
     115.6      0.0462692      0.0417271
     115.7      0.0451096      0.0406472
     115.8      0.0442096      0.0398028
     115.9      0.0435703      0.0391940
     116.0      0.0431924      0.0388211
     116.1      0.0430761      0.0386836
     116.2      0.0432216      0.0387809
     116.3      0.0436283      0.0391122
     116.4      0.0442956      0.0396761
     116.5      0.0452223      0.0404710
     116.6      0.0464072      0.0414952
     116.7      0.0478482      0.0427462
     116.8      0.0495434      0.0442217
     116.9      0.0514902      0.0459189
     117.0      0.0536858      0.0478344
     117.1      0.0561271      0.0499650
     117.2      0.0588104      0.0523069
     117.3      0.0617320      0.0548561
     117.4      0.0648876      0.0576082
     117.5      0.0682728      0.0605587
     117.6      0.0718828      0.0637028
     117.7      0.0757124      0.0670353
     117.8      0.0797561      0.0705508
     117.9      0.0840083      0.0742437
     118.0      0.0884629      0.0781081
     118.1      0.0931135      0.0821380
     118.2      0.0979537      0.0863269
     118.3      0.1029764      0.0906684
     118.4      0.1081746      0.0951557
     118.5      0.1135410      0.0997817
     118.6      0.1190678      0.1045395
     118.7      0.1247473      0.1094216
     118.8      0.1305713      0.1144205
     118.9      0.1365317      0.1195287
     119.0      0.1426199      0.1247382
     119.1      0.1488272      0.1300411
     119.2      0.1551449      0.1354294
     119.3      0.1615638      0.1408948
     119.4      0.1680749      0.1464292
     119.5      0.1746688      0.1520240
     119.6      0.1813361      0.1576709
     119.7      0.1880673      0.1633612
     119.8      0.1948527      0.1690864
     119.9      0.2016825      0.1748379
     120.0      0.2085469      0.1806069
     120.1      0.2154361      0.1863848
     120.2      0.2223400      0.1921629
     120.3      0.2292488      0.1979324
     120.4      0.2361524      0.2036847
     120.5      0.2430408      0.2094110
     120.6      0.2499040      0.2151028
     120.7      0.2567319      0.2207515
     120.8      0.2635147      0.2263485
     120.9      0.2702424      0.2318855
     121.0      0.2769051      0.2373540
     121.1      0.2834930      0.2427457
     121.2      0.2899964      0.2480526
     121.3      0.2964058      0.2532665
     121.4      0.3027115      0.2583797
     121.5      0.3089043      0.2633842
     121.6      0.3149748      0.2682725
     121.7      0.3209139      0.2730371
     121.8      0.3267128      0.2776708
     121.9      0.3323626      0.2821665
     122.0      0.3378549      0.2865172
     122.1      0.3431811      0.2907162
     122.2      0.3483332      0.2947571
     122.3      0.3533031      0.2986336
     122.4      0.3580832      0.3023397
     122.5      0.3626661      0.3058695
     122.6      0.3670445      0.3092175
     122.7      0.3712114      0.3123784
     122.8      0.3751601      0.3153471
     122.9      0.3788844      0.3181189
     123.0      0.3823781      0.3206893
     123.1      0.3856354      0.3230540
     123.2      0.3886509      0.3252092
     123.3      0.3914193      0.3271511
     123.4      0.3939359      0.3288766
     123.5      0.3961962      0.3303824
     123.6      0.3981960      0.3316659
     123.7      0.3999315      0.3327246
     123.8      0.4013992      0.3335565
     123.9      0.4025962      0.3341598
     124.0      0.4035197      0.3345330
     124.1      0.4041672      0.3346749
     124.2      0.4045370      0.3345847
     124.3      0.4046273      0.3342619
     124.4      0.4044369      0.3337064
     124.5      0.4039651      0.3329182
     124.6      0.4032114      0.3318979
     124.7      0.4021757      0.3306463
     124.8      0.4008583      0.3291645
     124.9      0.3992601      0.3274539
     125.0      0.3973821      0.3255163
     125.1      0.3952258      0.3233539
     125.2      0.3927931      0.3209689
     125.3      0.3900863      0.3183641
     125.4      0.3871081      0.3155426
     125.5      0.3838615      0.3125076
     125.6      0.3803500      0.3092628
     125.7      0.3765773      0.3058122
     125.8      0.3725476      0.3021599
     125.9      0.3682656      0.2983105
     126.0      0.3637360      0.2942686
     126.1      0.3589642      0.2900395
     126.2      0.3539558      0.2856283
     126.3      0.3487168      0.2810407
     126.4      0.3432534      0.2762825
     126.5      0.3375723      0.2713598
     126.6      0.3316804      0.2662788
     126.7      0.3255850      0.2610461
     126.8      0.3192937      0.2556685
     126.9      0.3128144      0.2501529
     127.0      0.3061552      0.2445064
     127.1      0.2993245      0.2387364
     127.2      0.2923310      0.2328504
     127.3      0.2851837      0.2268561
     127.4      0.2778918      0.2207613
     127.5      0.2704647      0.2145741
     127.6      0.2629121      0.2083025
     127.7      0.2552438      0.2019549
     127.8      0.2474698      0.1955395
     127.9      0.2396004      0.1890649
     128.0      0.2316460      0.1825395
     128.1      0.2236171      0.1759721
     128.2      0.2155245      0.1693714
     128.3      0.2073789      0.1627461
     128.4      0.1991913      0.1561049
     128.5      0.1909728      0.1494569
     128.6      0.1827345      0.1428107
     128.7      0.1744874      0.1361753
     128.8      0.1662430      0.1295595
     128.9      0.1580125      0.1229722
     129.0      0.1498072      0.1164221
     129.1      0.1416385      0.1099180
     129.2      0.1335176      0.1034687
     129.3      0.1254558      0.0970827
     129.4      0.1174645      0.0907687
     129.5      0.1095547      0.0845351
     129.6      0.1017378      0.0783903
     129.7      0.0940247      0.0723426
     129.8      0.0864265      0.0664000
     129.9      0.0789539      0.0605707
     130.0      0.0716177      0.0548624
     130.1      0.0644286      0.0492828
     130.2      0.0573969      0.0438395
     130.3      0.0505329      0.0385398
     130.4      0.0438467      0.0333909
     130.5      0.0373481      0.0283997
     130.6      0.0310469      0.0235731
     130.7      0.0249526      0.0189174
     130.8      0.0190742      0.0144391
     130.9      0.0134208      0.0101441
     131.0      0.0080010      0.0060384
     131.1      0.0028232      0.0021275
     131.2     -0.0021043     -0.0015833
     131.3     -0.0067739     -0.0050890
     131.4     -0.0111780     -0.0083848
     131.5     -0.0153095     -0.0114661
     131.6     -0.0191615     -0.0143289
     131.7     -0.0227275     -0.0169692
     131.8     -0.0260013     -0.0193834
     131.9     -0.0289773     -0.0215682
     132.0     -0.0316500     -0.0235206
     132.1     -0.0340145     -0.0252379
     132.2     -0.0360660     -0.0267178
     132.3     -0.0378004     -0.0279583
     132.4     -0.0392139     -0.0289577
     132.5     -0.0403030     -0.0297145
     132.6     -0.0410649     -0.0302278
     132.7     -0.0414969     -0.0304967
     132.8     -0.0415970     -0.0305209
     132.9     -0.0413633     -0.0303004
     133.0     -0.0407948     -0.0298355
     133.1     -0.0398906     -0.0291266
     133.2     -0.0386504     -0.0281749
     133.3     -0.0370741     -0.0269815
     133.4     -0.0351624     -0.0255481
     133.5     -0.0329163     -0.0238766
     133.6     -0.0303372     -0.0219693
     133.7     -0.0274269     -0.0198288
     133.8     -0.0241879     -0.0174578
     133.9     -0.0206229     -0.0148598
     134.0     -0.0167351     -0.0120382
     134.1     -0.0125282     -0.0089968
     134.2     -0.0080064     -0.0057399
     134.3     -0.0031742     -0.0022718
     134.4      0.0019634      0.0014028
     134.5      0.0074010      0.0052788
     134.6      0.0131328      0.0093509
     134.7      0.0191524      0.0136135
     134.8      0.0254532      0.0180609
     134.9      0.0320282      0.0226869
     135.0      0.0388699      0.0274852
     135.1      0.0459704      0.0324492
     135.2      0.0533214      0.0375721
     135.3      0.0609145      0.0428469
     135.4      0.0687405      0.0482664
     135.5      0.0767903      0.0538230
     135.6      0.0850541      0.0595092
     135.7      0.0935220      0.0653172
     135.8      0.1021836      0.0712389
     135.9      0.1110285      0.0772661
     136.0      0.1200456      0.0833907
     136.1      0.1292239      0.0896041
     136.2      0.1385519      0.0958977
     136.3      0.1480179      0.1022630
     136.4      0.1576100      0.1086910
     136.5      0.1673161      0.1151728
     136.6      0.1771239      0.1216996
     136.7      0.1870208      0.1282623
     136.8      0.1969941      0.1348518
     136.9      0.2070310      0.1414589
     137.0      0.2171184      0.1480744
     137.1      0.2272433      0.1546893
     137.2      0.2373924      0.1612942
     137.3      0.2475523      0.1678800
     137.4      0.2577097      0.1744375
     137.5      0.2678511      0.1809576
     137.6      0.2779630      0.1874311
     137.7      0.2880319      0.1938491
     137.8      0.2980442      0.2002024
     137.9      0.3079865      0.2064823
     138.0      0.3178452      0.2126800
     138.1      0.3276070      0.2187866
     138.2      0.3372584      0.2247937
     138.3      0.3467862      0.2306927
     138.4      0.3561772      0.2364754
     138.5      0.3654183      0.2421335
     138.6      0.3744967      0.2476591
     138.7      0.3833995      0.2530443
     138.8      0.3921142      0.2582815
     138.9      0.4006283      0.2633631
     139.0      0.4089297      0.2682820
     139.1      0.4170064      0.2730311
     139.2      0.4248466      0.2776036
     139.3      0.4324390      0.2819928
     139.4      0.4397723      0.2861925
     139.5      0.4468356      0.2901965
     139.6      0.4536183      0.2939991
     139.7      0.4601102      0.2975946
     139.8      0.4663012      0.3009777
     139.9      0.4721818      0.3041435
     140.0      0.4777429      0.3070872
     140.1      0.4829755      0.3098044
     140.2      0.4878711      0.3122910
     140.3      0.4924218      0.3145432
     140.4      0.4966199      0.3165575
     140.5      0.5004583      0.3183306
     140.6      0.5039301      0.3198598
     140.7      0.5070291      0.3211425
     140.8      0.5097493      0.3221765
     140.9      0.5120856      0.3229600
     141.0      0.5140329      0.3234914
     141.1      0.5155869      0.3237695
     141.2      0.5167437      0.3237936
     141.3      0.5174999      0.3235630
     141.4      0.5178526      0.3230777
     141.5      0.5177995      0.3223378
     141.6      0.5173387      0.3213438
     141.7      0.5164690      0.3200967
     141.8      0.5151896      0.3185976
     141.9      0.5135003      0.3168481
     142.0      0.5114014      0.3148501
     142.1      0.5088937      0.3126059
     142.2      0.5059788      0.3101180
     142.3      0.5026585      0.3073892
     142.4      0.4989353      0.3044230
     142.5      0.4948124      0.3012227
     142.6      0.4902933      0.2977923
     142.7      0.4853821      0.2941359
     142.8      0.4800836      0.2902581
     142.9      0.4744030      0.2861637
     143.0      0.4683460      0.2818577
     143.1      0.4619189      0.2773455
     143.2      0.4551287      0.2726328
     143.3      0.4479825      0.2677256
     143.4      0.4404882      0.2626300
     143.5      0.4326542      0.2573526
     143.6      0.4244894      0.2519000
     143.7      0.4160030      0.2462793
     143.8      0.4072050      0.2404976
     143.9      0.3981055      0.2345623
     144.0      0.3887153      0.2284811
     144.1      0.3790456      0.2222619
     144.2      0.3691081      0.2159126
     144.3      0.3589147      0.2094415
     144.4      0.3484779      0.2028570
     144.5      0.3378105      0.1961676
     144.6      0.3269259      0.1893820
     144.7      0.3158375      0.1825091
     144.8      0.3045593      0.1755578
     144.9      0.2931056      0.1685372
     145.0      0.2814909      0.1614566
     145.1      0.2697302      0.1543250
     145.2      0.2578386      0.1471520
     145.3      0.2458316      0.1399469
     145.4      0.2337248      0.1327192
     145.5      0.2215342      0.1254783
     145.6      0.2092758      0.1182339
     145.7      0.1969660      0.1109955
     145.8      0.1846212      0.1037725
     145.9      0.1722582      0.0965746
     146.0      0.1598935      0.0894113
     146.1      0.1475441      0.0822920
     146.2      0.1352270      0.0752262
     146.3      0.1229591      0.0682231
     146.4      0.1107574      0.0612922
     146.5      0.0986392      0.0544426
     146.6      0.0866214      0.0476834
     146.7      0.0747212      0.0410236
     146.8      0.0629554      0.0344721
     146.9      0.0513412      0.0280375
     147.0      0.0398952      0.0217285
     147.1      0.0286344      0.0155535
     147.2      0.0175753      0.0095207
     147.3      0.0067344      0.0036382
     147.4     -0.0038720     -0.0020861
     147.5     -0.0142278     -0.0076446
     147.6     -0.0243172     -0.0130298
     147.7     -0.0341244     -0.0182345
     147.8     -0.0436341     -0.0232516
     147.9     -0.0528313     -0.0280745
     148.0     -0.0617010     -0.0326966
     148.1     -0.0702289     -0.0371116
     148.2     -0.0784008     -0.0413138
     148.3     -0.0862029     -0.0452972
     148.4     -0.0936219     -0.0490566
     148.5     -0.1006448     -0.0525867
     148.6     -0.1072589     -0.0558829
     148.7     -0.1134523     -0.0589406
     148.8     -0.1192132     -0.0617557
     148.9     -0.1245305     -0.0643241
     149.0     -0.1293934     -0.0666425
     149.1     -0.1337917     -0.0687076
     149.2     -0.1377159     -0.0705165
     149.3     -0.1411568     -0.0720666
     149.4     -0.1441058     -0.0733558
     149.5     -0.1465550     -0.0743823
     149.6     -0.1484968     -0.0751444
     149.7     -0.1499246     -0.0756411
     149.8     -0.1508320     -0.0758715
     149.9     -0.1512136     -0.0758352
     150.0     -0.1510642     -0.0755321
     150.1     -0.1503798     -0.0749625
     150.2     -0.1491564     -0.0741268
     150.3     -0.1473912     -0.0730262
     150.4     -0.1450818     -0.0716620
     150.5     -0.1422265     -0.0700357
     150.6     -0.1388243     -0.0681494
     150.7     -0.1348750     -0.0660055
     150.8     -0.1303789     -0.0636066
     150.9     -0.1253370     -0.0609558
     151.0     -0.1197512     -0.0580565
     151.1     -0.1136240     -0.0549125
     151.2     -0.1069584     -0.0515276
     151.3     -0.0997584     -0.0479063
     151.4     -0.0920285     -0.0440533
     151.5     -0.0837741     -0.0399735
     151.6     -0.0750010     -0.0356723
     151.7     -0.0657160     -0.0311552
     151.8     -0.0559263     -0.0264280
     151.9     -0.0456401     -0.0214970
     152.0     -0.0348661     -0.0163686
     152.1     -0.0236135     -0.0110495
     152.2     -0.0118926     -0.0055465
     152.3      0.0002861      0.0001330
     152.4      0.0129111      0.0059817
     152.5      0.0259705      0.0119918
     152.6      0.0394516      0.0181556
     152.7      0.0533412      0.0244649
     152.8      0.0676254      0.0309114
     152.9      0.0822899      0.0374867
     153.0      0.0973196      0.0441822
     153.1      0.1126989      0.0509889
     153.2      0.1284118      0.0578980
     153.3      0.1444416      0.0649003
     153.4      0.1607711      0.0719867
     153.5      0.1773827      0.0791478
     153.6      0.1942583      0.0863741
     153.7      0.2113793      0.0936561
     153.8      0.2287267      0.1009842
     153.9      0.2462810      0.1083487
     154.0      0.2640225      0.1157398
     154.1      0.2819310      0.1231480
     154.2      0.2999858      0.1305632
     154.3      0.3181663      0.1379757
     154.4      0.3364511      0.1453757
     154.5      0.3548188      0.1527534
     154.6      0.3732478      0.1600991
     154.7      0.3917161      0.1674030
     154.8      0.4102016      0.1746553
     154.9      0.4286819      0.1818466
     155.0      0.4471347      0.1889673
     155.1      0.4655372      0.1960078
     155.2      0.4838670      0.2029590
     155.3      0.5021011      0.2098115
     155.4      0.5202168      0.2165563
     155.5      0.5381913      0.2231843
     155.6      0.5560019      0.2296868
     155.7      0.5736257      0.2360552
     155.8      0.5910400      0.2422809
     155.9      0.6082224      0.2483557
     156.0      0.6251503      0.2542715
     156.1      0.6418015      0.2600205
     156.2      0.6581537      0.2655948
     156.3      0.6741852      0.2709873
     156.4      0.6898743      0.2761905
     156.5      0.7051996      0.2811977
     156.6      0.7201399      0.2860021
     156.7      0.7346746      0.2905972
     156.8      0.7487832      0.2949771
     156.9      0.7624456      0.2991357
     157.0      0.7756423      0.3030676
     157.1      0.7883541      0.3067674
     157.2      0.8005622      0.3102303
     157.3      0.8122483      0.3134515
     157.4      0.8233949      0.3164268
     157.5      0.8339847      0.3191521
     157.6      0.8440010      0.3216238
     157.7      0.8534279      0.3238385
     157.8      0.8622499      0.3257932
     157.9      0.8704523      0.3274853
     158.0      0.8780210      0.3289125
     158.1      0.8849425      0.3300727
     158.2      0.8912041      0.3309645
     158.3      0.8967938      0.3315866
     158.4      0.9017003      0.3319380
     158.5      0.9059132      0.3320183
     158.6      0.9094227      0.3318272
     158.7      0.9122200      0.3313651
     158.8      0.9142970      0.3306323
     158.9      0.9156464      0.3296298
     159.0      0.9162618      0.3283589
     159.1      0.9161378      0.3268212
     159.2      0.9152696      0.3250186
     159.3      0.9136535      0.3229535
     159.4      0.9112866      0.3206286
     159.5      0.9081671      0.3180468
     159.6      0.9042939      0.3152116
     159.7      0.8996669      0.3121265
     159.8      0.8942871      0.3087957
     159.9      0.8881562      0.3052235
     160.0      0.8812770      0.3014145
     160.1      0.8736533      0.2973737
     160.2      0.8652898      0.2931065
     160.3      0.8561921      0.2886183
     160.4      0.8463669      0.2839151
     160.5      0.8358217      0.2790030
     160.6      0.8245653      0.2738885
     160.7      0.8126071      0.2685783
     160.8      0.7999576      0.2630794
     160.9      0.7866284      0.2573989
     161.0      0.7726318      0.2515443
     161.1      0.7579813      0.2455233
     161.2      0.7426911      0.2393439
     161.3      0.7267766      0.2330140
     161.4      0.7102539      0.2265421
     161.5      0.6931402      0.2199366
     161.6      0.6754535      0.2132062
     161.7      0.6572126      0.2063598
     161.8      0.6384373      0.1994063
     161.9      0.6191484      0.1923548
     162.0      0.5993673      0.1852147
     162.1      0.5791163      0.1779952
     162.2      0.5584186      0.1707060
     162.3      0.5372982      0.1633564
     162.4      0.5157796      0.1559562
     162.5      0.4938884      0.1485151
     162.6      0.4716509      0.1410429
     162.7      0.4490939      0.1335492
     162.8      0.4262449      0.1260441
     162.9      0.4031323      0.1185372
     163.0      0.3797850      0.1110384
     163.1      0.3562325      0.1035576
     163.2      0.3325048      0.0961045
     163.3      0.3086326      0.0886888
     163.4      0.2846470      0.0813203
     163.5      0.2605798      0.0740087
     163.6      0.2364631      0.0667633
     163.7      0.2123293      0.0595938
     163.8      0.1882116      0.0525094
     163.9      0.1641432      0.0455193
     164.0      0.1401578      0.0386327
     164.1      0.1162895      0.0318586
     164.2      0.0925724      0.0252056
     164.3      0.0690411      0.0186825
     164.4      0.0457302      0.0122978
     164.5      0.0226747      0.0060595
     164.6     -0.0000905     -0.0000240
     164.7     -0.0225303     -0.0059451
     164.8     -0.0446094     -0.0116961
     164.9     -0.0662929     -0.0172696
     165.0     -0.0875454     -0.0226584
     165.1     -0.1083319     -0.0278557
     165.2     -0.1286174     -0.0328548
     165.3     -0.1483669     -0.0376493
     165.4     -0.1675458     -0.0422332
     165.5     -0.1861196     -0.0466006
     165.6     -0.2040538     -0.0507461
     165.7     -0.2213146     -0.0546645
     165.8     -0.2378682     -0.0583508
     165.9     -0.2536813     -0.0618006
     166.0     -0.2687210     -0.0650095
     166.1     -0.2829547     -0.0679737
     166.2     -0.2963503     -0.0706895
     166.3     -0.3088764     -0.0731537
     166.4     -0.3205018     -0.0753635
     166.5     -0.3311961     -0.0773162
     166.6     -0.3409295     -0.0790097
     166.7     -0.3496728     -0.0804421
     166.8     -0.3573974     -0.0816120
     166.9     -0.3640756     -0.0825182
     167.0     -0.3696802     -0.0831600
     167.1     -0.3741850     -0.0835368
     167.2     -0.3775645     -0.0836488
     167.3     -0.3797941     -0.0834963
     167.4     -0.3808499     -0.0830798
     167.5     -0.3807092     -0.0824005
     167.6     -0.3793500     -0.0814598
     167.7     -0.3767513     -0.0802595
     167.8     -0.3728932     -0.0788016
     167.9     -0.3677567     -0.0770886
     168.0     -0.3613239     -0.0751235
     168.1     -0.3535780     -0.0729093
     168.2     -0.3445031     -0.0704495
     168.3     -0.3340847     -0.0677481
     168.4     -0.3223093     -0.0648093
     168.5     -0.3091644     -0.0616375
     168.6     -0.2946391     -0.0582376
     168.7     -0.2787232     -0.0546147
     168.8     -0.2614080     -0.0507744
     168.9     -0.2426861     -0.0467224
     169.0     -0.2225511     -0.0424648
     169.1     -0.2009981     -0.0380078
     169.2     -0.1780233     -0.0333582
     169.3     -0.1536243     -0.0285229
     169.4     -0.1278000     -0.0235090
     169.5     -0.1005505     -0.0183239
     169.6     -0.0718773     -0.0129752
     169.7     -0.0417833     -0.0074709
     169.8     -0.0102725     -0.0018191
     169.9      0.0226495      0.0039720
     170.0      0.0569760      0.0098938
     170.1      0.0926988      0.0159376
     170.2      0.1298084      0.0220946
     170.3      0.1682939      0.0283557
     170.4      0.2081433      0.0347118
     170.5      0.2493429      0.0411535
     170.6      0.2918781      0.0476713
     170.7      0.3357325      0.0542557
     170.8      0.3808889      0.0608970
     170.9      0.4273284      0.0675854
     171.0      0.4750309      0.0743112
     171.1      0.5239752      0.0810644
     171.2      0.5741385      0.0878351
     171.3      0.6254971      0.0946132
     171.4      0.6780258      0.1013888
     171.5      0.7316983      0.1081519
     171.6      0.7864871      0.1148924
     171.7      0.8423635      0.1216004
     171.8      0.8992975      0.1282658
     171.9      0.9572581      0.1348788
     172.0      1.0162132      0.1414295
     172.1      1.0761295      0.1479081
     172.2      1.1369727      0.1543049
     172.3      1.1987075      0.1606102
     172.4      1.2612975      0.1668147
     172.5      1.3247053      0.1729087
     172.6      1.3888925      0.1788832
     172.7      1.4538200      0.1847291
     172.8      1.5194476      0.1904373
     172.9      1.5857342      0.1959991
     173.0      1.6526381      0.2014059
     173.1      1.7201166      0.2066494
     173.2      1.7881262      0.2117212
     173.3      1.8566230      0.2166136
     173.4      1.9255620      0.2213186
     173.5      1.9948978      0.2258288
     173.6      2.0645845      0.2301370
     173.7      2.1345753      0.2342361
     173.8      2.2048230      0.2381195
     173.9      2.2752801      0.2417805
     174.0      2.3458985      0.2452132
     174.1      2.4166296      0.2484115
     174.2      2.4874247      0.2513699
     174.3      2.5582344      0.2540832
     174.4      2.6290094      0.2565464
     174.5      2.6997000      0.2587548
     174.6      2.7702563      0.2607041
     174.7      2.8406283      0.2623905
     174.8      2.9107658      0.2638102
     174.9      2.9806187      0.2649600
     175.0      3.0501368      0.2658369
     175.1      3.1192700      0.2664384
     175.2      3.1879681      0.2667623
     175.3      3.2561813      0.2668066
     175.4      3.3238597      0.2665700
     175.5      3.3909538      0.2660512
     175.6      3.4574143      0.2652495
     175.7      3.5231922      0.2641645
     175.8      3.5882389      0.2627961
     175.9      3.6525061      0.2611449
     176.0      3.7159460      0.2592113
     176.1      3.7785113      0.2569965
     176.2      3.8401552      0.2545021
     176.3      3.9008314      0.2517297
     176.4      3.9604943      0.2486815
     176.5      4.0190990      0.2453601
     176.6      4.0766012      0.2417684
     176.7      4.1329573      0.2379097
     176.8      4.1881246      0.2337874
     176.9      4.2420611      0.2294056
     177.0      4.2947258      0.2247686
     177.1      4.3460785      0.2198809
     177.2      4.3960799      0.2147475
     177.3      4.4446916      0.2093736
     177.4      4.4918764      0.2037649
     177.5      4.5375981      0.1979272
     177.6      4.5818214      0.1918668
     177.7      4.6245123      0.1855900
     177.8      4.6656378      0.1791036
     177.9      4.7051661      0.1724147
     178.0      4.7430666      0.1655306
     178.1      4.7793100      0.1584589
     178.2      4.8138682      0.1512073
     178.3      4.8467143      0.1437838
     178.4      4.8778228      0.1361968
     178.5      4.9071695      0.1284547
     178.6      4.9347316      0.1205662
     178.7      4.9604875      0.1125402
     178.8      4.9844172      0.1043858
     178.9      5.0065021      0.0961120
     179.0      5.0267248      0.0877284
     179.1      5.0450695      0.0792445
     179.2      5.0615220      0.0706699
     179.3      5.0760694      0.0620143
     179.4      5.0887002      0.0532878
     179.5      5.0994046      0.0445001
     179.6      5.1081742      0.0356615
     179.7      5.1150021      0.0267820
     179.8      5.1198831      0.0178717
     179.9      5.1228131      0.0089410
     180.0      5.1237901      0.0000000
