  # Jan. 9, 2015 13:29:48
 # jmin,jmax    0   40
 # Eau     0.00200000
 # r0,ra,rb,rdel,tol,Bau,mu   5.0000  25.0000  25.0000   4.0000  1.0000E-03  3.0130E-07  4.4300E+04
 # parity bigJ  0  0        1  0        1  1        2  0        2  1        2  2        3  0        3  1        3  2        3  3
 # jmin,jmax,maxlamb are            0          40          80
 # j and jp are          15          26
 # lam  B-lambda(j,jp)  angle
#   11    212.2218      9.3585
#   12     37.5688     16.7731
#   13     88.9501     22.2132
#   14     29.5922     26.9154
#   15     52.9307     31.2257
#   16     21.6536     35.2986
#   17     39.9345     39.2190
#   18     17.6228     43.0396
#   19     30.6607     46.7964
#   20     14.8066     50.5157
#   21     24.3041     54.2178
#   22     12.0811     57.9197
#   23     20.1325     61.6359
#   24     10.8593     65.3797
#   25     17.2237     69.1639
#   26      9.6946     73.0011
#   27     15.1900     76.9046
#   28      8.9206     80.8884
#   29     12.8243     84.9684
#   30      8.2134     89.1624
#   31     12.2004     93.4919
#   32      9.1070     97.9823
#   33     12.1044    102.6658
#   34      8.4737    107.5836
#   35     12.9290    112.7908
#   36      8.3130    118.3641
#   37     12.2834    124.4172
#   38      7.8401    131.1318
#   39     13.7219    138.8342
#   40      8.0381    148.2399
#   41     24.1553    161.8320
   0    7.86872E+02    1.0000000000000000
   1    2.59333E+02    0.3295751246024736
   2    2.31524E+02    0.2942328721156157
   3    1.22859E+02    0.1561360694492595
   4    1.16853E+02    0.1485037443466559
   5    6.56555E+01    0.0834385818769534
   6    7.44508E+01    0.0946161555191918
   7    4.57056E+01    0.0580851467006603
   8    4.99862E+01    0.0635252498775318
   9    3.35252E+01    0.0426056668201474
  10    3.88398E+01    0.0493597984256524
  11    2.54904E+01    0.0323946240665315
  12    3.00118E+01    0.0381405893982225
  13    2.10143E+01    0.0267061515227869
  14    2.59546E+01    0.0329845092651745
  15    1.90791E+01    0.0242468023707756
  16    2.20118E+01    0.0279738307561428
  17    1.65096E+01    0.0209813198231509
  18    2.00989E+01    0.0255427576571779
  19    1.31626E+01    0.0167277184978125
  20    1.71254E+01    0.0217639054690713
  21    1.13978E+01    0.0144849541834953
  22    1.41229E+01    0.0179481650666884
  23    9.14341E+00    0.0116199461971287
  24    1.19291E+01    0.0151601362394102
  25    7.81781E+00    0.0099353055062474
  26    1.15013E+01    0.0146164199586468
  27    6.48259E+00    0.0082384353896725
  28    1.19919E+01    0.0152400064684734
  29    4.87040E+00    0.0061895746893631
  30    1.49735E+01    0.0190291905069769
