  # Jan. 9, 2015 13:29:48
 # jmin,jmax    0   40
 # Eau     0.00200000
 # r0,ra,rb,rdel,tol,Bau,mu   5.0000  25.0000  25.0000   4.0000  1.0000E-03  3.0130E-07  4.4300E+04
 # parity bigJ  0  0        1  0        1  1        2  0        2  1        2  2        3  0        3  1        3  2        3  3
 # jmin,jmax,maxlamb are            0          40          80
 # j and jp are          28          33
 # lam  B-lambda(j,jp)  angle
#    5   1701.8853      4.1451
#    6    230.9704      7.6507
#    7    403.0431     10.3386
#    8    114.3105     12.7394
#    9    177.9328     14.9937
#   10     74.2038     17.1614
#   11     97.2062     19.2736
#   12     51.0041     21.3489
#   13     66.0505     23.3991
#   14     38.8463     25.4322
#   15     48.6800     27.4543
#   16     32.0843     29.4697
#   17     38.2984     31.4819
#   18     26.6222     33.4936
#   19     29.6760     35.5073
#   20     22.7406     37.5250
#   21     24.2917     39.5484
#   22     20.2371     41.5793
#   23     20.6766     43.6191
#   24     18.1614     45.6694
#   25     17.9146     47.7315
#   26     16.9607     49.8069
#   27     15.8837     51.8969
#   28     15.4896     54.0029
#   29     14.5430     56.1265
#   30     14.4335     58.2690
#   31     13.4392     60.4322
#   32     13.0720     62.6175
#   33     12.5892     64.8269
#   34     12.2850     67.0620
#   35     12.3488     69.3251
#   36     11.7136     71.6181
#   37     11.7304     73.9435
#   38     10.8427     76.3038
#   39     11.1262     78.7018
#   40      9.6920     81.1407
#   41     10.8810     83.6240
#   42      9.0843     86.1554
#   43     10.3229     88.7393
#   44      7.8337     91.3808
#   45      8.9751     94.0853
#   46      7.4297     96.8595
#   47      8.0995     99.7108
#   48      6.3831    102.6482
#   49      8.1773    105.6821
#   50      6.5903    108.8253
#   51      7.7826    112.0932
#   52      6.6293    115.5052
#   53      8.7960    119.0859
#   54      7.4133    122.8672
#   55      8.6345    126.8926
#   56      6.1958    131.2226
#   57      7.8504    135.9475
#   58      3.5635    141.2119
#   59      8.3408    147.2756
#   60      2.0297    154.7079
#   61     16.4287    165.4775
   0    1.33991E+03    1.0000000000000000
   1    7.72122E+02    0.5762500317332209
   2    6.52543E+02    0.4870053540799458
   3    5.41021E+02    0.4037746105398352
   4    5.04561E+02    0.3765640361970140
   5    4.32726E+02    0.3229520993376217
   6    4.12071E+02    0.3075368406719219
   7    3.46133E+02    0.2583255990711064
   8    3.37510E+02    0.2518906432518568
   9    2.94101E+02    0.2194931161974980
  10    2.78162E+02    0.2075978155416563
  11    2.46337E+02    0.1838462124500624
  12    2.35234E+02    0.1755600740615654
  13    2.07241E+02    0.1546682171669112
  14    1.99022E+02    0.1485341773485936
  15    1.75554E+02    0.1310194621620720
  16    1.68444E+02    0.1257133525225005
  17    1.49726E+02    0.1117434011870470
  18    1.43317E+02    0.1069602798289879
  19    1.28709E+02    0.0960581571651341
  20    1.24475E+02    0.0928983277017103
  21    1.11594E+02    0.0832849498418351
  22    1.07562E+02    0.0802753786774665
  23    9.80475E+01    0.0731747640051627
  24    9.39950E+01    0.0701503141462387
  25    8.62794E+01    0.0643920023309324
  26    8.21535E+01    0.0613127772615483
  27    7.50073E+01    0.0559793925715613
  28    7.25719E+01    0.0541618065646433
  29    6.60323E+01    0.0492812172292245
  30    6.34306E+01    0.0473395095537383
  31    5.85441E+01    0.0436926442616851
  32    5.60791E+01    0.0418529268745441
  33    5.13097E+01    0.0382934713649420
  34    5.01258E+01    0.0374098719096123
  35    4.53112E+01    0.0338166435612861
  36    4.40163E+01    0.0328502117443668
  37    4.00281E+01    0.0298737886547558
  38    3.89772E+01    0.0290894814114988
  39    3.56323E+01    0.0265930957170663
  40    3.49363E+01    0.0260736367522970
  41    3.15305E+01    0.0235318187840035
  42    3.13667E+01    0.0234096199982914
  43    2.76946E+01    0.0206690048606821
  44    2.77252E+01    0.0206918937987759
  45    2.43438E+01    0.0181682782121169
  46    2.36595E+01    0.0176575399997729
  47    2.07898E+01    0.0155158328488713
  48    1.97150E+01    0.0147136600696182
  49    1.74298E+01    0.0130082198012050
  50    1.60910E+01    0.0120090195318365
  51    1.42403E+01    0.0106278453788521
  52    1.23742E+01    0.0092350858801489
  53    1.14128E+01    0.0085176068850434
  54    9.71515E+00    0.0072506070708430
  55    8.69011E+00    0.0064855972342739
  56    9.54722E+00    0.0071252767842184
