  # Jan. 9, 2015 13:29:48
 # jmin,jmax    0   40
 # Eau     0.00200000
 # r0,ra,rb,rdel,tol,Bau,mu   5.0000  25.0000  25.0000   4.0000  1.0000E-03  3.0130E-07  4.4300E+04
 # parity bigJ  0  0        1  0        1  1        2  0        2  1        2  2        3  0        3  1        3  2        3  3
 # jmin,jmax,maxlamb are            0          40          80
 # j and jp are          29          39
 # lam  B-lambda(j,jp)  angle
#   10    385.2384      5.3046
#   11     43.4845      9.5036
#   12    142.7671     12.5848
#   13     38.7866     15.2438
#   14     83.5289     17.6742
#   15     31.3027     19.9614
#   16     57.4268     22.1517
#   17     25.5229     24.2731
#   18     42.6715     26.3440
#   19     21.3948     28.3774
#   20     33.1436     30.3824
#   21     18.3403     32.3663
#   22     27.4019     34.3345
#   23     15.9342     36.2915
#   24     23.1345     38.2409
#   25     14.3053     40.1858
#   26     20.1936     42.1289
#   27     12.5116     44.0724
#   28     17.1673     46.0184
#   29     11.0871     47.9689
#   30     14.9633     49.9255
#   31      9.8042     51.8900
#   32     13.1789     53.8639
#   33      8.9265     55.8488
#   34     11.6785     57.8462
#   35      8.2010     59.8576
#   36     10.6923     61.8846
#   37      7.7565     63.9287
#   38      9.6142     65.9916
#   39      7.2028     68.0749
#   40      8.6496     70.1805
#   41      6.7056     72.3101
#   42      8.0628     74.4658
#   43      6.2032     76.6497
#   44      7.4865     78.8642
#   45      6.1052     81.1117
#   46      7.1220     83.3951
#   47      5.4307     85.7172
#   48      6.7531     88.0816
#   49      5.1168     90.4918
#   50      6.9140     92.9522
#   51      5.5195     95.4674
#   52      7.2700     98.0430
#   53      5.0055    100.6850
#   54      7.6222    103.4008
#   55      5.2272    106.1989
#   56      8.0168    109.0893
#   57      5.2678    112.0842
#   58      7.3541    115.1985
#   59      4.7832    118.4505
#   60      7.2189    121.8638
#   61      5.6334    125.4690
#   62      5.4981    129.3075
#   63      3.1277    133.4373
#   64      4.1754    137.9445
#   65      1.6069    142.9672
#   66      4.2155    148.7535
#   67      1.1453    155.8468
#   68      8.5424    166.1258
   0    8.34567E+02    1.0000000000000000
   1    4.07332E+02    0.4880761584577095
   2    2.91780E+02    0.3496187390952919
   3    2.31358E+02    0.2772193847432448
   4    1.85032E+02    0.2217106483535584
   5    1.34991E+02    0.1617500145313953
   6    1.36231E+02    0.1632352377165895
   7    1.00570E+02    0.1205056864396579
   8    9.69571E+01    0.1161764910675508
   9    7.98662E+01    0.0956977630834405
  10    7.57238E+01    0.0907342439643325
  11    6.35222E+01    0.0761138922000064
  12    6.11287E+01    0.0732460482204739
  13    5.08395E+01    0.0609172609174890
  14    5.22152E+01    0.0625655714504241
  15    4.31874E+01    0.0517483164399737
  16    4.42831E+01    0.0530611549085361
  17    3.88848E+01    0.0465928190739029
  18    3.83070E+01    0.0459004506314023
  19    3.39574E+01    0.0406886957169817
  20    3.40417E+01    0.0407895933069156
  21    2.90662E+01    0.0348278158308652
  22    3.12013E+01    0.0373862126698562
  23    2.63187E+01    0.0315357783499516
  24    2.68035E+01    0.0321166310364962
  25    2.46899E+01    0.0295840524781845
  26    2.42578E+01    0.0290663198305315
  27    2.21119E+01    0.0264950148889273
  28    2.20480E+01    0.0264184963086701
  29    2.00027E+01    0.0239677700211364
  30    2.01741E+01    0.0241730935443969
  31    1.76332E+01    0.0211285713204984
  32    1.88475E+01    0.0225836110278498
  33    1.59333E+01    0.0190916488298553
  34    1.72378E+01    0.0206547576886971
  35    1.41621E+01    0.0169693572202559
  36    1.57955E+01    0.0189266179838828
  37    1.25687E+01    0.0150601166589300
  38    1.46743E+01    0.0175831289062752
  39    1.10940E+01    0.0132930817439453
  40    1.34501E+01    0.0161163066864959
  41    1.03187E+01    0.0123641002415812
  42    1.20033E+01    0.0143826880595919
  43    9.33301E+00    0.0111830535463332
  44    1.07686E+01    0.0129032627917889
  45    8.26784E+00    0.0099067450315845
  46    9.69169E+00    0.0116128337381470
  47    7.74949E+00    0.0092856370886411
  48    8.82242E+00    0.0105712549274068
  49    6.95528E+00    0.0083339985442364
  50    8.04553E+00    0.0096403685325255
  51    6.21736E+00    0.0074498005496927
  52    7.39279E+00    0.0088582360092057
  53    5.39176E+00    0.0064605427562873
  54    6.96543E+00    0.0083461563273900
  55    4.30279E+00    0.0051557151990967
  56    6.94020E+00    0.0083159256934082
  57    3.12298E+00    0.0037420321338050
  58    8.64566E+00    0.0103594511591181
