 # List of d(q) for j, j' =            3          21
 #    0  1.00000000
 #    1  0.06504283
 #    2  0.15192906
 #    3  0.02967472
 #    4  0.08923954
 #    5  0.00902341
 #    6  0.07859589
       0.0     87.1986189      0.0000000
       0.1     87.1974912      0.1521883
       0.2     87.1941085      0.3043642
       0.3     87.1884708      0.4565157
       0.4     87.1805786      0.6086303
       0.5     87.1704325      0.7606959
       0.6     87.1580333      0.9127001
       0.7     87.1433818      1.0646308
       0.8     87.1264791      1.2164756
       0.9     87.1073264      1.3682224
       1.0     87.0859252      1.5198590
       1.1     87.0622771      1.6713730
       1.2     87.0363836      1.8227525
       1.3     87.0082468      1.9739851
       1.4     86.9778687      2.1250588
       1.5     86.9452516      2.2759614
       1.6     86.9103978      2.4266807
       1.7     86.8733098      2.5772048
       1.8     86.8339904      2.7275216
       1.9     86.7924425      2.8776189
       2.0     86.7486690      3.0274849
       2.1     86.7026733      3.1771075
       2.2     86.6544586      3.3264748
       2.3     86.6040285      3.4755749
       2.4     86.5513867      3.6243959
       2.5     86.4965370      3.7729260
       2.6     86.4394835      3.9211533
       2.7     86.3802303      4.0690661
       2.8     86.3187817      4.2166526
       2.9     86.2551422      4.3639012
       3.0     86.1893165      4.5108003
       3.1     86.1213094      4.6573382
       3.2     86.0511258      4.8035034
       3.3     85.9787709      4.9492843
       3.4     85.9042500      5.0946695
       3.5     85.8275685      5.2396477
       3.6     85.7487319      5.3842074
       3.7     85.6677461      5.5283374
       3.8     85.5846169      5.6720264
       3.9     85.4993505      5.8152632
       4.0     85.4119529      5.9580367
       4.1     85.3224307      6.1003357
       4.2     85.2307902      6.2421494
       4.3     85.1370383      6.3834667
       4.4     85.0411817      6.5242768
       4.5     84.9432273      6.6645688
       4.6     84.8431824      6.8043320
       4.7     84.7410542      6.9435556
       4.8     84.6368501      7.0822291
       4.9     84.5305777      7.2203419
       5.0     84.4222448      7.3578834
       5.1     84.3118591      7.4948434
       5.2     84.1994288      7.6312115
       5.3     84.0849620      7.7669773
       5.4     83.9684669      7.9021308
       5.5     83.8499521      8.0366618
       5.6     83.7294262      8.1705602
       5.7     83.6068978      8.3038162
       5.8     83.4823759      8.4364198
       5.9     83.3558695      8.5683613
       6.0     83.2273878      8.6996309
       6.1     83.0969400      8.8302192
       6.2     82.9645356      8.9601164
       6.3     82.8301841      9.0893132
       6.4     82.6938954      9.2178002
       6.5     82.5556792      9.3455682
       6.6     82.4155455      9.4726080
       6.7     82.2735045      9.5989104
       6.8     82.1295663      9.7244666
       6.9     81.9837415      9.8492675
       7.0     81.8360405      9.9733045
       7.1     81.6864739     10.0965688
       7.2     81.5350525     10.2190518
       7.3     81.3817873     10.3407449
       7.4     81.2266892     10.4616399
       7.5     81.0697695     10.5817283
       7.6     80.9110394     10.7010020
       7.7     80.7505103     10.8194528
       7.8     80.5881937     10.9370728
       7.9     80.4241014     11.0538541
       8.0     80.2582450     11.1697888
       8.1     80.0906365     11.2848693
       8.2     79.9212879     11.3990881
       8.3     79.7502113     11.5124375
       8.4     79.5774190     11.6249104
       8.5     79.4029233     11.7364993
       8.6     79.2267367     11.8471973
       8.7     79.0488718     11.9569972
       8.8     78.8693413     12.0658921
       8.9     78.6881581     12.1738753
       9.0     78.5053350     12.2809401
       9.1     78.3208851     12.3870798
       9.2     78.1348215     12.4922881
       9.3     77.9471575     12.5965585
       9.4     77.7579064     12.6998849
       9.5     77.5670817     12.8022611
       9.6     77.3746969     12.9036812
       9.7     77.1807657     13.0041393
       9.8     76.9853019     13.1036297
       9.9     76.7883193     13.2021467
      10.0     76.5898319     13.2996847
      10.1     76.3898538     13.3962386
      10.2     76.1883990     13.4918029
      10.3     75.9854818     13.5863725
      10.4     75.7811167     13.6799424
      10.5     75.5753179     13.7725078
      10.6     75.3681000     13.8640638
      10.7     75.1594776     13.9546058
      10.8     74.9494655     14.0441294
      10.9     74.7380783     14.1326300
      11.0     74.5253310     14.2201035
      11.1     74.3112385     14.3065458
      11.2     74.0958158     14.3919527
      11.3     73.8790781     14.4763205
      11.4     73.6610405     14.5596453
      11.5     73.4417182     14.6419237
      11.6     73.2211268     14.7231520
      11.7     72.9992814     14.8033268
      11.8     72.7761977     14.8824451
      11.9     72.5518913     14.9605036
      12.0     72.3263776     15.0374995
      12.1     72.0996726     15.1134297
      12.2     71.8717918     15.1882918
      12.3     71.6427512     15.2620830
      12.4     71.4125667     15.3348009
      12.5     71.1812542     15.4064432
      12.6     70.9488298     15.4770077
      12.7     70.7153096     15.5464924
      12.8     70.4807096     15.6148953
      12.9     70.2450462     15.6822147
      13.0     70.0083356     15.7484489
      13.1     69.7705941     15.8135964
      13.2     69.5318380     15.8776557
      13.3     69.2920839     15.9406257
      13.4     69.0513481     16.0025052
      13.5     68.8096473     16.0632932
      13.6     68.5669979     16.1229888
      13.7     68.3234167     16.1815913
      13.8     68.0789202     16.2391002
      13.9     67.8335253     16.2955150
      14.0     67.5872485     16.3508353
      14.1     67.3401068     16.4050609
      14.2     67.0921169     16.4581918
      14.3     66.8432958     16.5102281
      14.4     66.5936602     16.5611698
      14.5     66.3432273     16.6110175
      14.6     66.0920138     16.6597715
      14.7     65.8400369     16.7074324
      14.8     65.5873136     16.7540010
      14.9     65.3338609     16.7994781
      15.0     65.0796959     16.8438647
      15.1     64.8248357     16.8871620
      15.2     64.5692974     16.9293711
      15.3     64.3130983     16.9704934
      15.4     64.0562555     17.0105305
      15.5     63.7987861     17.0494840
      15.6     63.5407075     17.0873557
      15.7     63.2820368     17.1241474
      15.8     63.0227913     17.1598612
      15.9     62.7629882     17.1944992
      16.0     62.5026448     17.2280638
      16.1     62.2417784     17.2605572
      16.2     61.9804063     17.2919821
      16.3     61.7185458     17.3223411
      16.4     61.4562142     17.3516370
      16.5     61.1934287     17.3798727
      16.6     60.9302067     17.4070513
      16.7     60.6665655     17.4331758
      16.8     60.4025224     17.4582496
      16.9     60.1380947     17.4822761
      17.0     59.8732998     17.5052587
      17.1     59.6081548     17.5272012
      17.2     59.3426772     17.5481074
      17.3     59.0768842     17.5679810
      17.4     58.8107930     17.5868261
      17.5     58.5444209     17.6046469
      17.6     58.2777852     17.6214475
      17.7     58.0109031     17.6372324
      17.8     57.7437918     17.6520061
      17.9     57.4764686     17.6657730
      18.0     57.2089506     17.6785380
      18.1     56.9412549     17.6903058
      18.2     56.6733988     17.7010814
      18.3     56.4053993     17.7108698
      18.4     56.1372735     17.7196763
      18.5     55.8690386     17.7275061
      18.6     55.6007114     17.7343645
      18.7     55.3323092     17.7402571
      18.8     55.0638488     17.7451895
      18.9     54.7953471     17.7491674
      19.0     54.5268212     17.7521965
      19.1     54.2582879     17.7542830
      19.2     53.9897640     17.7554326
      19.3     53.7212663     17.7556517
      19.4     53.4528116     17.7549464
      19.5     53.1844167     17.7533231
      19.6     52.9160983     17.7507882
      19.7     52.6478728     17.7473483
      19.8     52.3797571     17.7430100
      19.9     52.1117676     17.7377800
      20.0     51.8439208     17.7316652
      20.1     51.5762332     17.7246725
      20.2     51.3087212     17.7168090
      20.3     51.0414011     17.7080818
      20.4     50.7742893     17.6984980
      20.5     50.5074020     17.6880650
      20.6     50.2407554     17.6767902
      20.7     49.9743655     17.6646811
      20.8     49.7082486     17.6517452
      20.9     49.4424206     17.6379902
      21.0     49.1768975     17.6234239
      21.1     48.9116951     17.6080541
      21.2     48.6468293     17.5918887
      21.3     48.3823159     17.5749358
      21.4     48.1181705     17.5572033
      21.5     47.8544088     17.5386995
      21.6     47.5910463     17.5194326
      21.7     47.3280985     17.4994110
      21.8     47.0655809     17.4786429
      21.9     46.8035088     17.4571370
      22.0     46.5418974     17.4349017
      22.1     46.2807620     17.4119456
      22.2     46.0201177     17.3882775
      22.3     45.7599795     17.3639061
      22.4     45.5003624     17.3388402
      22.5     45.2412812     17.3130888
      22.6     44.9827508     17.2866607
      22.7     44.7247859     17.2595651
      22.8     44.4674011     17.2318110
      22.9     44.2106110     17.2034076
      23.0     43.9544300     17.1743640
      23.1     43.6988725     17.1446896
      23.2     43.4439528     17.1143937
      23.3     43.1896851     17.0834857
      23.4     42.9360835     17.0519750
      23.5     42.6831620     17.0198711
      23.6     42.4309345     16.9871836
      23.7     42.1794149     16.9539220
      23.8     41.9286169     16.9200961
      23.9     41.6785542     16.8857156
      24.0     41.4292402     16.8507901
      24.1     41.1806884     16.8153295
      24.2     40.9329122     16.7793436
      24.3     40.6859248     16.7428422
      24.4     40.4397393     16.7058355
      24.5     40.1943688     16.6683332
      24.6     39.9498263     16.6303453
      24.7     39.7061245     16.5918820
      24.8     39.4632761     16.5529533
      24.9     39.2212938     16.5135693
      25.0     38.9801902     16.4737402
      25.1     38.7399775     16.4334761
      25.2     38.5006681     16.3927872
      25.3     38.2622742     16.3516838
      25.4     38.0248079     16.3101760
      25.5     37.7882810     16.2682743
      25.6     37.5527056     16.2259889
      25.7     37.3180932     16.1833301
      25.8     37.0844555     16.1403083
      25.9     36.8518041     16.0969339
      26.0     36.6201502     16.0532172
      26.1     36.3895052     16.0091687
      26.2     36.1598803     15.9647988
      26.3     35.9312864     15.9201179
      26.4     35.7037345     15.8751364
      26.5     35.4772354     15.8298649
      26.6     35.2517997     15.7843137
      26.7     35.0274381     15.7384934
      26.8     34.8041608     15.6924144
      26.9     34.5819783     15.6460873
      27.0     34.3609008     15.5995225
      27.1     34.1409382     15.5527305
      27.2     33.9221005     15.5057218
      27.3     33.7043975     15.4585069
      27.4     33.4878389     15.4110963
      27.5     33.2724343     15.3635004
      27.6     33.0581931     15.3157298
      27.7     32.8451245     15.2677949
      27.8     32.6332378     15.2197062
      27.9     32.4225420     15.1714741
      28.0     32.2130460     15.1231090
      28.1     32.0047585     15.0746215
      28.2     31.7976883     15.0260219
      28.3     31.5918437     14.9773206
      28.4     31.3872333     14.9285280
      28.5     31.1838653     14.8796545
      28.6     30.9817478     14.8307104
      28.7     30.7808887     14.7817060
      28.8     30.5812959     14.7326516
      28.9     30.3829771     14.6835576
      29.0     30.1859399     14.6344341
      29.1     29.9901918     14.5852914
      29.2     29.7957401     14.5361396
      29.3     29.6025918     14.4869890
      29.4     29.4107541     14.4378496
      29.5     29.2202338     14.3887316
      29.6     29.0310378     14.3396450
      29.7     28.8431726     14.2905999
      29.8     28.6566447     14.2416062
      29.9     28.4714604     14.1926739
      30.0     28.2876260     14.1438130
      30.1     28.1051475     14.0950332
      30.2     27.9240309     14.0463445
      30.3     27.7442819     13.9977566
      30.4     27.5659062     13.9492793
      30.5     27.3889093     13.9009222
      30.6     27.2132965     13.8526950
      30.7     27.0390731     13.8046073
      30.8     26.8662442     13.7566687
      30.9     26.6948147     13.7088886
      31.0     26.5247895     13.6612765
      31.1     26.3561731     13.6138418
      31.2     26.1889701     13.5665939
      31.3     26.0231849     13.5195419
      31.4     25.8588217     13.4726952
      31.5     25.6958847     13.4260629
      31.6     25.5343777     13.3796540
      31.7     25.3743046     13.3334777
      31.8     25.2156691     13.2875430
      31.9     25.0584746     13.2418586
      32.0     24.9027247     13.1964335
      32.1     24.7484224     13.1512765
      32.2     24.5955710     13.1063963
      32.3     24.4441734     13.0618015
      32.4     24.2942325     13.0175007
      32.5     24.1457508     12.9735024
      32.6     23.9987309     12.9298151
      32.7     23.8531753     12.8864471
      32.8     23.7090862     12.8434067
      32.9     23.5664657     12.8007021
      33.0     23.4253158     12.7583414
      33.1     23.2856383     12.7163327
      33.2     23.1474349     12.6746841
      33.3     23.0107071     12.6334033
      33.4     22.8754565     12.5924982
      33.5     22.7416841     12.5519766
      33.6     22.6093913     12.5118461
      33.7     22.4785789     12.4721142
      33.8     22.3492478     12.4327885
      33.9     22.2213987     12.3938764
      34.0     22.0950322     12.3553852
      34.1     21.9701488     12.3173221
      34.2     21.8467487     12.2796943
      34.3     21.7248321     12.2425088
      34.4     21.6043990     12.2057726
      34.5     21.4854493     12.1694925
      34.6     21.3679827     12.1336753
      34.7     21.2519989     12.0983278
      34.8     21.1374972     12.0634565
      34.9     21.0244772     12.0290679
      35.0     20.9129379     11.9951684
      35.1     20.8028784     11.9617643
      35.2     20.6942977     11.9288619
      35.3     20.5871945     11.8964673
      35.4     20.4815675     11.8645864
      35.5     20.3774152     11.8332253
      35.6     20.2747361     11.8023896
      35.7     20.1735284     11.7720852
      35.8     20.0737903     11.7423177
      35.9     19.9755196     11.7130925
      36.0     19.8787144     11.6844151
      36.1     19.7833723     11.6562909
      36.2     19.6894909     11.6287249
      36.3     19.5970678     11.6017224
      36.4     19.5061003     11.5752883
      36.5     19.4165855     11.5494275
      36.6     19.3285207     11.5241448
      36.7     19.2419027     11.4994450
      36.8     19.1567285     11.4753324
      36.9     19.0729947     11.4518118
      37.0     18.9906979     11.4288873
      37.1     18.9098346     11.4065633
      37.2     18.8304011     11.3848439
      37.3     18.7523937     11.3637331
      37.4     18.6758085     11.3432349
      37.5     18.6006414     11.3233530
      37.6     18.5268883     11.3040913
      37.7     18.4545449     11.2854532
      37.8     18.3836069     11.2674423
      37.9     18.3140697     11.2500620
      38.0     18.2459287     11.2333154
      38.1     18.1791793     11.2172058
      38.2     18.1138165     11.2017362
      38.3     18.0498354     11.1869095
      38.4     17.9872308     11.1727285
      38.5     17.9259977     11.1591960
      38.6     17.8661307     11.1463144
      38.7     17.8076244     11.1340864
      38.8     17.7504731     11.1225141
      38.9     17.6946714     11.1116000
      39.0     17.6402135     11.1013460
      39.1     17.5870934     11.0917543
      39.2     17.5353053     11.0828268
      39.3     17.4848430     11.0745651
      39.4     17.4357004     11.0669710
      39.5     17.3878711     11.0600461
      39.6     17.3413489     11.0537918
      39.7     17.2961271     11.0482094
      39.8     17.2521993     11.0433001
      39.9     17.2095587     11.0390651
      40.0     17.1681984     11.0355052
      40.1     17.1281117     11.0326215
      40.2     17.0892915     11.0304146
      40.3     17.0517308     11.0288852
      40.4     17.0154223     11.0280338
      40.5     16.9803587     11.0278608
      40.6     16.9465327     11.0283666
      40.7     16.9139369     11.0295512
      40.8     16.8825636     11.0314149
      40.9     16.8524051     11.0339574
      41.0     16.8234538     11.0371788
      41.1     16.7957019     11.0410786
      41.2     16.7691413     11.0456566
      41.3     16.7437641     11.0509122
      41.4     16.7195621     11.0568448
      41.5     16.6965273     11.0634537
      41.6     16.6746513     11.0707381
      41.7     16.6539259     11.0786970
      41.8     16.6343424     11.0873293
      41.9     16.6158926     11.0966340
      42.0     16.5985677     11.1066096
      42.1     16.5823591     11.1172549
      42.2     16.5672580     11.1285683
      42.3     16.5532557     11.1405482
      42.4     16.5403433     11.1531930
      42.5     16.5285117     11.1665006
      42.6     16.5177519     11.1804694
      42.7     16.5080549     11.1950971
      42.8     16.4994114     11.2103816
      42.9     16.4918122     11.2263207
      43.0     16.4852480     11.2429121
      43.1     16.4797093     11.2601532
      43.2     16.4751868     11.2780415
      43.3     16.4716709     11.2965742
      43.4     16.4691521     11.3157487
      43.5     16.4676206     11.3355620
      43.6     16.4670668     11.3560111
      43.7     16.4674810     11.3770930
      43.8     16.4688533     11.3988044
      43.9     16.4711738     11.4211420
      44.0     16.4744326     11.4441025
      44.1     16.4786198     11.4676824
      44.2     16.4837252     11.4918780
      44.3     16.4897388     11.5166856
      44.4     16.4966504     11.5421015
      44.5     16.5044499     11.5681218
      44.6     16.5131270     11.5947425
      44.7     16.5226714     11.6219595
      44.8     16.5330728     11.6497687
      44.9     16.5443208     11.6781657
      45.0     16.5564049     11.7071462
      45.1     16.5693148     11.7367057
      45.2     16.5830399     11.7668398
      45.3     16.5975696     11.7975437
      45.4     16.6128934     11.8288128
      45.5     16.6290006     11.8606422
      45.6     16.6458807     11.8930270
      45.7     16.6635228     11.9259622
      45.8     16.6819163     11.9594428
      45.9     16.7010504     11.9934635
      46.0     16.7209144     12.0280192
      46.1     16.7414973     12.0631045
      46.2     16.7627884     12.0987140
      46.3     16.7847768     12.1348422
      46.4     16.8074515     12.1714834
      46.5     16.8308017     12.2086322
      46.6     16.8548164     12.2462827
      46.7     16.8794847     12.2844291
      46.8     16.9047954     12.3230655
      46.9     16.9307377     12.3621860
      47.0     16.9573006     12.4017845
      47.1     16.9844728     12.4418550
      47.2     17.0122435     12.4823911
      47.3     17.0406015     12.5233867
      47.4     17.0695357     12.5648355
      47.5     17.0990350     12.6067310
      47.6     17.1290883     12.6490668
      47.7     17.1596846     12.6918363
      47.8     17.1908126     12.7350330
      47.9     17.2224612     12.7786502
      48.0     17.2546193     12.8226811
      48.1     17.2872758     12.8671190
      48.2     17.3204195     12.9119570
      48.3     17.3540391     12.9571882
      48.4     17.3881237     13.0028057
      48.5     17.4226620     13.0488024
      48.6     17.4576429     13.0951712
      48.7     17.4930553     13.1419050
      48.8     17.5288879     13.1889966
      48.9     17.5651298     13.2364388
      49.0     17.6017696     13.2842242
      49.1     17.6387964     13.3323454
      49.2     17.6761990     13.3807952
      49.3     17.7139663     13.4295660
      49.4     17.7520872     13.4786504
      49.5     17.7905506     13.5280408
      49.6     17.8293455     13.5777296
      49.7     17.8684609     13.6277092
      49.8     17.9078857     13.6779720
      49.9     17.9476088     13.7285101
      50.0     17.9876194     13.7793159
      50.1     18.0279064     13.8303815
      50.2     18.0684589     13.8816992
      50.3     18.1092659     13.9332611
      50.4     18.1503166     13.9850593
      50.5     18.1916000     14.0370858
      50.6     18.2331054     14.0893327
      50.7     18.2748219     14.1417920
      50.8     18.3167386     14.1944556
      50.9     18.3588449     14.2473156
      51.0     18.4011300     14.3003638
      51.1     18.4435831     14.3535922
      51.2     18.4861937     14.4069926
      51.3     18.5289510     14.4605568
      51.4     18.5718446     14.5142767
      51.5     18.6148637     14.5681442
      51.6     18.6579979     14.6221509
      51.7     18.7012368     14.6762887
      51.8     18.7445697     14.7305493
      51.9     18.7879864     14.7849245
      52.0     18.8314765     14.8394060
      52.1     18.8750296     14.8939855
      52.2     18.9186355     14.9486547
      52.3     18.9622839     15.0034053
      52.4     19.0059647     15.0582290
      52.5     19.0496677     15.1131175
      52.6     19.0933828     15.1680624
      52.7     19.1370999     15.2230555
      52.8     19.1808092     15.2780884
      52.9     19.2245006     15.3331527
      53.0     19.2681642     15.3882401
      53.1     19.3117902     15.4433424
      53.2     19.3553689     15.4984511
      53.3     19.3988905     15.5535580
      53.4     19.4423454     15.6086546
      53.5     19.4857238     15.6637328
      53.6     19.5290164     15.7187842
      53.7     19.5722135     15.7738004
      53.8     19.6153058     15.8287733
      53.9     19.6582839     15.8836945
      54.0     19.7011384     15.9385558
      54.1     19.7438602     15.9933489
      54.2     19.7864400     16.0480656
      54.3     19.8288688     16.1026977
      54.4     19.8711374     16.1572369
      54.5     19.9132369     16.2116752
      54.6     19.9551584     16.2660043
      54.7     19.9968930     16.3202160
      54.8     20.0384319     16.3743024
      54.9     20.0797665     16.4282553
      55.0     20.1208881     16.4820666
      55.1     20.1617881     16.5357283
      55.2     20.2024580     16.5892324
      55.3     20.2428895     16.6425709
      55.4     20.2830741     16.6957359
      55.5     20.3230036     16.7487195
      55.6     20.3626698     16.8015137
      55.7     20.4020646     16.8541108
      55.8     20.4411799     16.9065028
      55.9     20.4800078     16.9586821
      56.0     20.5185404     17.0106410
      56.1     20.5567699     17.0623716
      56.2     20.5946886     17.1138664
      56.3     20.6322888     17.1651177
      56.4     20.6695629     17.2161180
      56.5     20.7065035     17.2668597
      56.6     20.7431031     17.3173353
      56.7     20.7793546     17.3675375
      56.8     20.8152506     17.4174589
      56.9     20.8507839     17.4670920
      57.0     20.8859477     17.5164296
      57.1     20.9207347     17.5654645
      57.2     20.9551383     17.6141894
      57.3     20.9891515     17.6625973
      57.4     21.0227677     17.7106810
      57.5     21.0559802     17.7584336
      57.6     21.0887826     17.8058481
      57.7     21.1211684     17.8529175
      57.8     21.1531311     17.8996350
      57.9     21.1846646     17.9459938
      58.0     21.2157628     17.9919872
      58.1     21.2464194     18.0376085
      58.2     21.2766286     18.0828512
      58.3     21.3063844     18.1277085
      58.4     21.3356810     18.1721742
      58.5     21.3645128     18.2162417
      58.6     21.3928741     18.2599048
      58.7     21.4207594     18.3031570
      58.8     21.4481633     18.3459923
      58.9     21.4750804     18.3884045
      59.0     21.5015056     18.4303875
      59.1     21.5274337     18.4719353
      59.2     21.5528596     18.5130420
      59.3     21.5777784     18.5537018
      59.4     21.6021853     18.5939087
      59.5     21.6260755     18.6336573
      59.6     21.6494444     18.6729417
      59.7     21.6722874     18.7117565
      59.8     21.6946000     18.7500962
      59.9     21.7163780     18.7879553
      60.0     21.7376171     18.8253286
      60.1     21.7583131     18.8622109
      60.2     21.7784619     18.8985969
      60.3     21.7980597     18.9344816
      60.4     21.8171025     18.9698600
      60.5     21.8355866     19.0047272
      60.6     21.8535084     19.0390783
      60.7     21.8708642     19.0729086
      60.8     21.8876507     19.1062135
      60.9     21.9038645     19.1389884
      61.0     21.9195023     19.1712287
      61.1     21.9345611     19.2029301
      61.2     21.9490376     19.2340883
      61.3     21.9629291     19.2646990
      61.4     21.9762327     19.2947582
      61.5     21.9889456     19.3242617
      61.6     22.0010651     19.3532055
      61.7     22.0125888     19.3815860
      61.8     22.0235143     19.4093992
      61.9     22.0338391     19.4366414
      62.0     22.0435611     19.4633092
      62.1     22.0526781     19.4893989
      62.2     22.0611881     19.5149072
      62.3     22.0690891     19.5398308
      62.4     22.0763795     19.5641665
      62.5     22.0830573     19.5879111
      62.6     22.0891211     19.6110615
      62.7     22.0945693     19.6336150
      62.8     22.0994004     19.6555686
      62.9     22.1036133     19.6769196
      63.0     22.1072066     19.6976653
      63.1     22.1101793     19.7178032
      63.2     22.1125303     19.7373309
      63.3     22.1142588     19.7562460
      63.4     22.1153639     19.7745463
      63.5     22.1158449     19.7922296
      63.6     22.1157013     19.8092938
      63.7     22.1149326     19.8257370
      63.8     22.1135383     19.8415573
      63.9     22.1115181     19.8567530
      64.0     22.1088718     19.8713224
      64.1     22.1055994     19.8852639
      64.2     22.1017009     19.8985762
      64.3     22.0971763     19.9112578
      64.4     22.0920258     19.9233074
      64.5     22.0862498     19.9347240
      64.6     22.0798486     19.9455065
      64.7     22.0728227     19.9556538
      64.8     22.0651728     19.9651652
      64.9     22.0568994     19.9740399
      65.0     22.0480035     19.9822773
      65.1     22.0384859     19.9898767
      65.2     22.0283475     19.9968378
      65.3     22.0175895     20.0031601
      65.4     22.0062131     20.0088435
      65.5     21.9942194     20.0138878
      65.6     21.9816099     20.0182930
      65.7     21.9683860     20.0220590
      65.8     21.9545493     20.0251861
      65.9     21.9401015     20.0276745
      66.0     21.9250442     20.0295245
      66.1     21.9093793     20.0307367
      66.2     21.8931088     20.0313115
      66.3     21.8762346     20.0312497
      66.4     21.8587589     20.0305520
      66.5     21.8406839     20.0292192
      66.6     21.8220119     20.0272523
      66.7     21.8027452     20.0246524
      66.8     21.7828864     20.0214207
      66.9     21.7624379     20.0175583
      67.0     21.7414026     20.0130666
      67.1     21.7197830     20.0079471
      67.2     21.6975820     20.0022014
      67.3     21.6748026     19.9958310
      67.4     21.6514478     19.9888378
      67.5     21.6275205     19.9812236
      67.6     21.6030241     19.9729903
      67.7     21.5779618     19.9641399
      67.8     21.5523368     19.9546747
      67.9     21.5261527     19.9445968
      68.0     21.4994129     19.9339085
      68.1     21.4721210     19.9226123
      68.2     21.4442808     19.9107108
      68.3     21.4158959     19.8982064
      68.4     21.3869702     19.8851020
      68.5     21.3575076     19.8714002
      68.6     21.3275120     19.8571041
      68.7     21.2969877     19.8422166
      68.8     21.2659386     19.8267407
      68.9     21.2343691     19.8106797
      69.0     21.2022834     19.7940367
      69.1     21.1696858     19.7768152
      69.2     21.1365810     19.7590186
      69.3     21.1029733     19.7406504
      69.4     21.0688673     19.7217142
      69.5     21.0342678     19.7022137
      69.6     20.9991795     19.6821527
      69.7     20.9636071     19.6615351
      69.8     20.9275556     19.6403649
      69.9     20.8910298     19.6186460
      70.0     20.8540349     19.5963827
      70.1     20.8165759     19.5735792
      70.2     20.7786579     19.5502397
      70.3     20.7402862     19.5263686
      70.4     20.7014661     19.5019704
      70.5     20.6622028     19.4770496
      70.6     20.6225018     19.4516109
      70.7     20.5823685     19.4256590
      70.8     20.5418086     19.3991986
      70.9     20.5008275     19.3722347
      71.0     20.4594310     19.3447721
      71.1     20.4176247     19.3168158
      71.2     20.3754144     19.2883710
      71.3     20.3328060     19.2594428
      71.4     20.2898052     19.2300365
      71.5     20.2464182     19.2001573
      71.6     20.2026507     19.1698106
      71.7     20.1585090     19.1390020
      71.8     20.1139990     19.1077369
      71.9     20.0691269     19.0760209
      72.0     20.0238990     19.0438596
      72.1     19.9783214     19.0112589
      72.2     19.9324006     18.9782244
      72.3     19.8861427     18.9447622
      72.4     19.8395542     18.9108780
      72.5     19.7926416     18.8765778
      72.6     19.7454113     18.8418678
      72.7     19.6978699     18.8067540
      72.8     19.6500239     18.7712427
      72.9     19.6018799     18.7353399
      73.0     19.5534447     18.6990521
      73.1     19.5047248     18.6623856
      73.2     19.4557270     18.6253468
      73.3     19.4064580     18.5879421
      73.4     19.3569248     18.5501780
      73.5     19.3071341     18.5120612
      73.6     19.2570928     18.4735983
      73.7     19.2068079     18.4347958
      73.8     19.1562862     18.3956607
      73.9     19.1055347     18.3561995
      74.0     19.0545605     18.3164192
      74.1     19.0033706     18.2763265
      74.2     18.9519720     18.2359285
      74.3     18.9003719     18.1952321
      74.4     18.8485774     18.1542442
      74.5     18.7965956     18.1129720
      74.6     18.7444337     18.0714224
      74.7     18.6920989     18.0296027
      74.8     18.6395984     17.9875199
      74.9     18.5869395     17.9451813
      75.0     18.5341293     17.9025942
      75.1     18.4811753     17.8597657
      75.2     18.4280847     17.8167033
      75.3     18.3748648     17.7734142
      75.4     18.3215230     17.7299058
      75.5     18.2680666     17.6861855
      75.6     18.2145029     17.6422608
      75.7     18.1608394     17.5981391
      75.8     18.1070835     17.5538279
      75.9     18.0532425     17.5093347
      76.0     17.9993239     17.4646670
      76.1     17.9453351     17.4198325
      76.2     17.8912834     17.3748387
      76.3     17.8371765     17.3296931
      76.4     17.7830216     17.2844035
      76.5     17.7288264     17.2389775
      76.6     17.6745981     17.1934227
      76.7     17.6203443     17.1477468
      76.8     17.5660724     17.1019575
      76.9     17.5117899     17.0560625
      77.0     17.4575042     17.0100695
      77.1     17.4032229     16.9639863
      77.2     17.3489533     16.9178207
      77.3     17.2947030     16.8715802
      77.4     17.2404793     16.8252728
      77.5     17.1862898     16.7789061
      77.6     17.1321418     16.7324880
      77.7     17.0780428     16.6860261
      77.8     17.0240002     16.6395284
      77.9     16.9700214     16.5930025
      78.0     16.9161139     16.5464562
      78.1     16.8622850     16.4998974
      78.2     16.8085421     16.4533337
      78.3     16.7548926     16.4067730
      78.4     16.7013438     16.3602230
      78.5     16.6479030     16.3136915
      78.6     16.5945777     16.2671862
      78.7     16.5413750     16.2207148
      78.8     16.4883023     16.1742852
      78.9     16.4353669     16.1279050
      79.0     16.3825759     16.0815819
      79.1     16.3299367     16.0353236
      79.2     16.2774563     15.9891378
      79.3     16.2251421     15.9430322
      79.4     16.1730010     15.8970144
      79.5     16.1210404     15.8510921
      79.6     16.0692672     15.8052728
      79.7     16.0176886     15.7595642
      79.8     15.9663116     15.7139737
      79.9     15.9151432     15.6685091
      80.0     15.8641904     15.6231777
      80.1     15.8134601     15.5779870
      80.2     15.7629593     15.5329446
      80.3     15.7126949     15.4880579
      80.4     15.6626738     15.4433343
      80.5     15.6129027     15.3987811
      80.6     15.5633884     15.3544058
      80.7     15.5141377     15.3102155
      80.8     15.4651574     15.2662177
      80.9     15.4164540     15.2224195
      81.0     15.3680342     15.1788282
      81.1     15.3199047     15.1354510
      81.2     15.2720719     15.0922949
      81.3     15.2245424     15.0493671
      81.4     15.1773226     15.0066746
      81.5     15.1304190     14.9642245
      81.6     15.0838380     14.9220236
      81.7     15.0375858     14.8800790
      81.8     14.9916689     14.8383975
      81.9     14.9460933     14.7969860
      82.0     14.9008653     14.7558511
      82.1     14.8559911     14.7149998
      82.2     14.8114768     14.6744386
      82.3     14.7673283     14.6341743
      82.4     14.7235517     14.5942133
      82.5     14.6801530     14.5545622
      82.6     14.6371379     14.5152276
      82.7     14.5945124     14.4762158
      82.8     14.5522822     14.4375331
      82.9     14.5104531     14.3991860
      83.0     14.4690307     14.3611807
      83.1     14.4280206     14.3235234
      83.2     14.3874284     14.2862201
      83.3     14.3472596     14.2492771
      83.4     14.3075195     14.2127003
      83.5     14.2682137     14.1764956
      83.6     14.2293474     14.1406689
      83.7     14.1909258     14.1052262
      83.8     14.1529542     14.0701730
      83.9     14.1154376     14.0355152
      84.0     14.0783812     14.0012584
      84.1     14.0417900     13.9674080
      84.2     14.0056688     13.9339697
      84.3     13.9700226     13.9009488
      84.4     13.9348562     13.8683507
      84.5     13.9001742     13.8361806
      84.6     13.8659815     13.8044438
      84.7     13.8322825     13.7731453
      84.8     13.7990818     13.7422903
      84.9     13.7663840     13.7118838
      85.0     13.7341933     13.6819305
      85.1     13.7025141     13.6524355
      85.2     13.6713507     13.6234034
      85.3     13.6407073     13.5948389
      85.4     13.6105879     13.5667465
      85.5     13.5809966     13.5391309
      85.6     13.5519374     13.5119965
      85.7     13.5234142     13.4853476
      85.8     13.4954308     13.4591885
      85.9     13.4679908     13.4335233
      86.0     13.4410981     13.4083563
      86.1     13.4147562     13.3836914
      86.2     13.3889686     13.3595326
      86.3     13.3637388     13.3358837
      86.4     13.3390701     13.3127485
      86.5     13.3149658     13.2901307
      86.6     13.2914291     13.2680339
      86.7     13.2684632     13.2464617
      86.8     13.2460711     13.2254173
      86.9     13.2242558     13.2049043
      87.0     13.2030201     13.1849258
      87.1     13.1823669     13.1654850
      87.2     13.1622989     13.1465849
      87.3     13.1428188     13.1282286
      87.4     13.1239291     13.1104190
      87.5     13.1056324     13.0931588
      87.6     13.0879310     13.0764507
      87.7     13.0708273     13.0602974
      87.8     13.0543235     13.0447014
      87.9     13.0384218     13.0296651
      88.0     13.0231242     13.0151908
      88.1     13.0084327     13.0012809
      88.2     12.9943493     12.9879374
      88.3     12.9808758     12.9751624
      88.4     12.9680140     12.9629579
      88.5     12.9557654     12.9513258
      88.6     12.9441317     12.9402677
      88.7     12.9331143     12.9297854
      88.8     12.9227147     12.9198805
      88.9     12.9129342     12.9105545
      89.0     12.9037740     12.9018087
      89.1     12.8952352     12.8936444
      89.2     12.8873190     12.8860628
      89.3     12.8800263     12.8790651
      89.4     12.8733580     12.8726522
      89.5     12.8673149     12.8668250
      89.6     12.8618978     12.8615843
      89.7     12.8571072     12.8569309
      89.8     12.8529437     12.8528654
      89.9     12.8494078     12.8493882
      90.0     12.8464998     12.8464998
      90.1     12.8442201     12.8442005
      90.2     12.8425688     12.8424905
      90.3     12.8415460     12.8413700
      90.4     12.8411519     12.8408390
      90.5     12.8413863     12.8408973
      90.6     12.8422491     12.8415449
      90.7     12.8437400     12.8427814
      90.8     12.8458587     12.8446066
      90.9     12.8486049     12.8470198
      91.0     12.8519780     12.8500206
      91.1     12.8559775     12.8536083
      91.2     12.8606027     12.8577822
      91.3     12.8658529     12.8625413
      91.4     12.8717271     12.8678848
      91.5     12.8782246     12.8738115
      91.6     12.8853442     12.8803204
      91.7     12.8930850     12.8874102
      91.8     12.9014456     12.8950795
      91.9     12.9104249     12.9033270
      92.0     12.9200215     12.9121510
      92.1     12.9302340     12.9215499
      92.2     12.9410608     12.9315221
      92.3     12.9525003     12.9420657
      92.4     12.9645509     12.9531788
      92.5     12.9772108     12.9648593
      92.6     12.9904780     12.9771052
      92.7     13.0043508     12.9899143
      92.8     13.0188270     13.0032843
      92.9     13.0339045     13.0172127
      93.0     13.0495811     13.0316971
      93.1     13.0658547     13.0467350
      93.2     13.0827227     13.0623236
      93.3     13.1001828     13.0784603
      93.4     13.1182324     13.0951420
      93.5     13.1368690     13.1123660
      93.6     13.1560898     13.1301292
      93.7     13.1758920     13.1484285
      93.8     13.1962730     13.1672605
      93.9     13.2172296     13.1866222
      94.0     13.2387589     13.2065099
      94.1     13.2608578     13.2269204
      94.2     13.2835232     13.2478499
      94.3     13.3067517     13.2692950
      94.4     13.3305401     13.2912517
      94.5     13.3548850     13.3137163
      94.6     13.3797828     13.3366849
      94.7     13.4052301     13.3601535
      94.8     13.4312232     13.3841180
      94.9     13.4577583     13.4085742
      95.0     13.4848318     13.4335179
      95.1     13.5124397     13.4589448
      95.2     13.5405781     13.4848504
      95.3     13.5692429     13.5112303
      95.4     13.5984302     13.5380799
      95.5     13.6281357     13.5653945
      95.6     13.6583553     13.5931694
      95.7     13.6890846     13.6213999
      95.8     13.7203192     13.6500809
      95.9     13.7520547     13.6792076
      96.0     13.7842867     13.7087749
      96.1     13.8170104     13.7387777
      96.2     13.8502213     13.7692108
      96.3     13.8839146     13.8000690
      96.4     13.9180856     13.8313469
      96.5     13.9527293     13.8630392
      96.6     13.9878410     13.8951402
      96.7     14.0234154     13.9276446
      96.8     14.0594478     13.9605467
      96.9     14.0959328     13.9938408
      97.0     14.1328653     14.0275211
      97.1     14.1702402     14.0615819
      97.2     14.2080519     14.0960172
      97.3     14.2462953     14.1308211
      97.4     14.2849648     14.1659877
      97.5     14.3240550     14.2015108
      97.6     14.3635603     14.2373842
      97.7     14.4034752     14.2736019
      97.8     14.4437938     14.3101575
      97.9     14.4845105     14.3470447
      98.0     14.5256196     14.3842572
      98.1     14.5671151     14.4217886
      98.2     14.6089912     14.4596322
      98.3     14.6512419     14.4977817
      98.4     14.6938612     14.5362304
      98.5     14.7368431     14.5749716
      98.6     14.7801814     14.6139987
      98.7     14.8238700     14.6533049
      98.8     14.8679027     14.6928834
      98.9     14.9122732     14.7327274
      99.0     14.9569751     14.7728300
      99.1     15.0020022     14.8131841
      99.2     15.0473480     14.8537829
      99.3     15.0930061     14.8946194
      99.4     15.1389700     14.9356863
      99.5     15.1852330     14.9769767
      99.6     15.2317887     15.0184833
      99.7     15.2786304     15.0601990
      99.8     15.3257514     15.1021165
      99.9     15.3731450     15.1442285
     100.0     15.4208044     15.1865278
     100.1     15.4687229     15.2290069
     100.2     15.5168936     15.2716585
     100.3     15.5653096     15.3144753
     100.4     15.6139641     15.3574496
     100.5     15.6628500     15.4005742
     100.6     15.7119605     15.4438414
     100.7     15.7612884     15.4872437
     100.8     15.8108267     15.5307735
     100.9     15.8605684     15.5744234
     101.0     15.9105064     15.6181855
     101.1     15.9606334     15.6620525
     101.2     16.0109423     15.7060164
     101.3     16.0614260     15.7500697
     101.4     16.1120771     15.7942048
     101.5     16.1628885     15.8384137
     101.6     16.2138528     15.8826889
     101.7     16.2649628     15.9270225
     101.8     16.3162110     15.9714069
     101.9     16.3675903     16.0158341
     102.0     16.4190931     16.0602965
     102.1     16.4707121     16.1047861
     102.2     16.5224398     16.1492953
     102.3     16.5742689     16.1938161
     102.4     16.6261919     16.2383407
     102.5     16.6782013     16.2828613
     102.6     16.7302896     16.3273700
     102.7     16.7824493     16.3718590
     102.8     16.8346730     16.4163205
     102.9     16.8869530     16.4607465
     103.0     16.9392819     16.5051292
     103.1     16.9916520     16.5494607
     103.2     17.0440560     16.5937333
     103.3     17.0964860     16.6379390
     103.4     17.1489347     16.6820700
     103.5     17.2013943     16.7261184
     103.6     17.2538574     16.7700765
     103.7     17.3063163     16.8139364
     103.8     17.3587634     16.8576902
     103.9     17.4111912     16.9013302
     104.0     17.4635919     16.9448486
     104.1     17.5159581     16.9882376
     104.2     17.5682821     17.0314894
     104.3     17.6205563     17.0745963
     104.4     17.6727731     17.1175505
     104.5     17.7249250     17.1603443
     104.6     17.7770042     17.2029700
     104.7     17.8290033     17.2454200
     104.8     17.8809147     17.2876865
     104.9     17.9327307     17.3297620
     105.0     17.9844439     17.3716388
     105.1     18.0360466     17.4133094
     105.2     18.0875314     17.4547661
     105.3     18.1388907     17.4960016
     105.4     18.1901169     17.5370081
     105.5     18.2412026     17.5777784
     105.6     18.2921403     17.6183048
     105.7     18.3429225     17.6585801
     105.8     18.3935418     17.6985969
     105.9     18.4439906     17.7383477
     106.0     18.4942617     17.7778254
     106.1     18.5443475     17.8170225
     106.2     18.5942408     17.8559320
     106.3     18.6439341     17.8945466
     106.4     18.6934201     17.9328591
     106.5     18.7426915     17.9708625
     106.6     18.7917410     18.0085496
     106.7     18.8405613     18.0459135
     106.8     18.8891453     18.0829471
     106.9     18.9374857     18.1196436
     107.0     18.9855753     18.1559960
     107.1     19.0334070     18.1919975
     107.2     19.0809737     18.2276413
     107.3     19.1282682     18.2629207
     107.4     19.1752836     18.2978289
     107.5     19.2220128     18.3323594
     107.6     19.2684488     18.3665056
     107.7     19.3145847     18.4002609
     107.8     19.3604136     18.4336188
     107.9     19.4059286     18.4665730
     108.0     19.4511228     18.4991171
     108.1     19.4959895     18.5312447
     108.2     19.5405219     18.5629497
     108.3     19.5847134     18.5942258
     108.4     19.6285571     18.6250670
     108.5     19.6720466     18.6554672
     108.6     19.7151752     18.6854203
     108.7     19.7579364     18.7149205
     108.8     19.8003238     18.7439618
     108.9     19.8423307     18.7725386
     109.0     19.8839510     18.8006450
     109.1     19.9251781     18.8282754
     109.2     19.9660059     18.8554242
     109.3     20.0064281     18.8820859
     109.4     20.0464385     18.9082550
     109.5     20.0860310     18.9339262
     109.6     20.1251994     18.9590941
     109.7     20.1639377     18.9837534
     109.8     20.2022401     19.0078992
     109.9     20.2401004     19.0315261
     110.0     20.2775130     19.0546293
     110.1     20.3144719     19.0772038
     110.2     20.3509715     19.0992448
     110.3     20.3870060     19.1207474
     110.4     20.4225699     19.1417070
     110.5     20.4576575     19.1621189
     110.6     20.4922634     19.1819786
     110.7     20.5263822     19.2012817
     110.8     20.5600083     19.2200237
     110.9     20.5931367     19.2382004
     111.0     20.6257619     19.2558076
     111.1     20.6578789     19.2728411
     111.2     20.6894825     19.2892969
     111.3     20.7205676     19.3051711
     111.4     20.7511294     19.3204597
     111.5     20.7811629     19.3351590
     111.6     20.8106632     19.3492653
     111.7     20.8396256     19.3627749
     111.8     20.8680455     19.3756845
     111.9     20.8959181     19.3879904
     112.0     20.9232390     19.3996894
     112.1     20.9500037     19.4107783
     112.2     20.9762078     19.4212538
     112.3     21.0018469     19.4311129
     112.4     21.0269169     19.4403526
     112.5     21.0514135     19.4489701
     112.6     21.0753327     19.4569625
     112.7     21.0986704     19.4643271
     112.8     21.1214227     19.4710613
     112.9     21.1435858     19.4771627
     113.0     21.1651559     19.4826287
     113.1     21.1861293     19.4874571
     113.2     21.2065023     19.4916457
     113.3     21.2262715     19.4951922
     113.4     21.2454334     19.4980948
     113.5     21.2639846     19.5003513
     113.6     21.2819219     19.5019600
     113.7     21.2992420     19.5029192
     113.8     21.3159419     19.5032271
     113.9     21.3320184     19.5028822
     114.0     21.3474688     19.5018831
     114.1     21.3622901     19.5002285
     114.2     21.3764795     19.4979170
     114.3     21.3900344     19.4949474
     114.4     21.4029521     19.4913188
     114.5     21.4152303     19.4870302
     114.6     21.4268664     19.4820806
     114.7     21.4378581     19.4764694
     114.8     21.4482032     19.4701959
     114.9     21.4578996     19.4632594
     115.0     21.4669452     19.4556596
     115.1     21.4753380     19.4473961
     115.2     21.4830762     19.4384685
     115.3     21.4901580     19.4288768
     115.4     21.4965816     19.4186209
     115.5     21.5023456     19.4077007
     115.6     21.5074484     19.3961165
     115.7     21.5118886     19.3838685
     115.8     21.5156648     19.3709569
     115.9     21.5187759     19.3573823
     116.0     21.5212208     19.3431451
     116.1     21.5229984     19.3282461
     116.2     21.5241078     19.3126858
     116.3     21.5245481     19.2964653
     116.4     21.5243186     19.2795853
     116.5     21.5234187     19.2620470
     116.6     21.5218478     19.2438514
     116.7     21.5196054     19.2249998
     116.8     21.5166913     19.2054935
     116.9     21.5131051     19.1853340
     117.0     21.5088467     19.1645227
     117.1     21.5039160     19.1430614
     117.2     21.4983131     19.1209517
     117.3     21.4920381     19.0981954
     117.4     21.4850912     19.0747945
     117.5     21.4774728     19.0507510
     117.6     21.4691832     19.0260670
     117.7     21.4602231     19.0007447
     117.8     21.4505930     18.9747865
     117.9     21.4402937     18.9481947
     118.0     21.4293260     18.9209718
     118.1     21.4176908     18.8931205
     118.2     21.4053892     18.8646434
     118.3     21.3924222     18.8355433
     118.4     21.3787911     18.8058231
     118.5     21.3644973     18.7754858
     118.6     21.3495420     18.7445344
     118.7     21.3339270     18.7129722
     118.8     21.3176537     18.6808023
     118.9     21.3007239     18.6480282
     119.0     21.2831394     18.6146532
     119.1     21.2649022     18.5806809
     119.2     21.2460142     18.5461149
     119.3     21.2264777     18.5109589
     119.4     21.2062947     18.4752168
     119.5     21.1854676     18.4388924
     119.6     21.1639989     18.4019897
     119.7     21.1418910     18.3645128
     119.8     21.1191466     18.3264659
     119.9     21.0957684     18.2878531
     120.0     21.0717592     18.2486788
     120.1     21.0471219     18.2089474
     120.2     21.0218595     18.1686635
     120.3     20.9959752     18.1278315
     120.4     20.9694721     18.0864563
     120.5     20.9423535     18.0445425
     120.6     20.9146229     18.0020949
     120.7     20.8862837     17.9591185
     120.8     20.8573396     17.9156183
     120.9     20.8277943     17.8715993
     121.0     20.7976514     17.8270667
     121.1     20.7669151     17.7820258
     121.2     20.7355891     17.7364818
     121.3     20.7036776     17.6904402
     121.4     20.6711848     17.6439063
     121.5     20.6381150     17.5968858
     121.6     20.6044725     17.5493842
     121.7     20.5702618     17.5014073
     121.8     20.5354874     17.4529607
     121.9     20.5001541     17.4040504
     122.0     20.4642664     17.3546822
     122.1     20.4278294     17.3048621
     122.2     20.3908479     17.2545961
     122.3     20.3533269     17.2038904
     122.4     20.3152716     17.1527512
     122.5     20.2766872     17.1011846
     122.6     20.2375790     17.0491969
     122.7     20.1979523     16.9967947
     122.8     20.1578127     16.9439842
     122.9     20.1171658     16.8907720
     123.0     20.0760171     16.8371647
     123.1     20.0343725     16.7831688
     123.2     19.9922378     16.7287911
     123.3     19.9496188     16.6740383
     123.4     19.9065218     16.6189172
     123.5     19.8629526     16.5634346
     123.6     19.8189176     16.5075975
     123.7     19.7744230     16.4514127
     123.8     19.7294752     16.3948875
     123.9     19.6840806     16.3380287
     124.0     19.6382457     16.2808436
     124.1     19.5919772     16.2233392
     124.2     19.5452818     16.1655229
     124.3     19.4981662     16.1074018
     124.4     19.4506373     16.0489834
     124.5     19.4027020     15.9902749
     124.6     19.3543674     15.9312837
     124.7     19.3056406     15.8720174
     124.8     19.2565287     15.8124834
     124.9     19.2070391     15.7526891
     125.0     19.1571790     15.6926424
     125.1     19.1069559     15.6323506
     125.2     19.0563772     15.5718214
     125.3     19.0054506     15.5110627
     125.4     18.9541837     15.4500820
     125.5     18.9025841     15.3888871
     125.6     18.8506597     15.3274858
     125.7     18.7984184     15.2658859
     125.8     18.7458680     15.2040953
     125.9     18.6930167     15.1421219
     126.0     18.6398724     15.0799735
     126.1     18.5864433     15.0176581
     126.2     18.5327376     14.9551837
     126.3     18.4787636     14.8925582
     126.4     18.4245297     14.8297897
     126.5     18.3700443     14.7668861
     126.6     18.3153158     14.7038556
     126.7     18.2603528     14.6407062
     126.8     18.2051640     14.5774459
     126.9     18.1497579     14.5140829
     127.0     18.0941433     14.4506254
     127.1     18.0383290     14.3870813
     127.2     17.9823239     14.3234590
     127.3     17.9261369     14.2597665
     127.4     17.8697769     14.1960121
     127.5     17.8132531     14.1322038
     127.6     17.7565744     14.0683500
     127.7     17.6997500     14.0044587
     127.8     17.6427891     13.9405382
     127.9     17.5857010     13.8765968
     128.0     17.5284950     13.8126425
     128.1     17.4711803     13.7486837
     128.2     17.4137666     13.6847285
     128.3     17.3562631     13.6207851
     128.4     17.2986794     13.5568618
     128.5     17.2410250     13.4929668
     128.6     17.1833096     13.4291082
     128.7     17.1255427     13.3652943
     128.8     17.0677342     13.3015332
     128.9     17.0098936     13.2378332
     129.0     16.9520309     13.1742023
     129.1     16.8941557     13.1106488
     129.2     16.8362780     13.0471809
     129.3     16.7784077     12.9838065
     129.4     16.7205547     12.9205339
     129.5     16.6627289     12.8573712
     129.6     16.6049404     12.7943265
     129.7     16.5471993     12.7314078
     129.8     16.4895156     12.6686231
     129.9     16.4318994     12.6059806
     130.0     16.3743608     12.5434881
     130.1     16.3169101     12.4811538
     130.2     16.2595575     12.4189854
     130.3     16.2023131     12.3569911
     130.4     16.1451873     12.2951786
     130.5     16.0881904     12.2335559
     130.6     16.0313326     12.1721309
     130.7     15.9746243     12.1109112
     130.8     15.9180758     12.0499047
     130.9     15.8616976     11.9891192
     131.0     15.8055001     11.9285623
     131.1     15.7494936     11.8682418
     131.2     15.6936886     11.8081653
     131.3     15.6380956     11.7483403
     131.4     15.5827251     11.6887746
     131.5     15.5275875     11.6294755
     131.6     15.4726933     11.5704505
     131.7     15.4180532     11.5117072
     131.8     15.3636775     11.4532528
     131.9     15.3095769     11.3950948
     132.0     15.2557619     11.3372405
     132.1     15.2022430     11.2796971
     132.2     15.1490309     11.2224717
     132.3     15.0961361     11.1655716
     132.4     15.0435691     11.1090039
     132.5     14.9913406     11.0527757
     132.6     14.9394611     10.9968938
     132.7     14.8879412     10.9413653
     132.8     14.8367916     10.8861971
     132.9     14.7860227     10.8313960
     133.0     14.7356452     10.7769687
     133.1     14.6856697     10.7229220
     133.2     14.6361066     10.6692625
     133.3     14.5869666     10.6159969
     133.4     14.5382603     10.5631317
     133.5     14.4899981     10.5106733
     133.6     14.4421907     10.4586281
     133.7     14.3948485     10.4070025
     133.8     14.3479821     10.3558028
     133.9     14.3016019     10.3050352
     134.0     14.2557185     10.2547057
     134.1     14.2103424     10.2048206
     134.2     14.1654839     10.1553857
     134.3     14.1211535     10.1064070
     134.4     14.0773617     10.0578903
     134.5     14.0341188     10.0098416
     134.6     13.9914353      9.9622663
     134.7     13.9493214      9.9151703
     134.8     13.9077875      9.8685590
     134.9     13.8668439      9.8224379
     135.0     13.8265008      9.7768125
     135.1     13.7867686      9.7316880
     135.2     13.7476575      9.6870698
     135.3     13.7091775      9.6429629
     135.4     13.6713390      9.5993724
     135.5     13.6341520      9.5563034
     135.6     13.5976266      9.5137608
     135.7     13.5617728      9.4717494
     135.8     13.5266008      9.4302740
     135.9     13.4921204      9.3893392
     136.0     13.4583416      9.3489497
     136.1     13.4252744      9.3091098
     136.2     13.3929285      9.2698240
     136.3     13.3613138      9.2310967
     136.4     13.3304402      9.1929321
     136.5     13.3003172      9.1553342
     136.6     13.2709546      9.1183072
     136.7     13.2423621      9.0818550
     136.8     13.2145493      9.0459815
     136.9     13.1875256      9.0106904
     137.0     13.1613006      8.9759854
     137.1     13.1358838      8.9418702
     137.2     13.1112844      8.9083482
     137.3     13.0875120      8.8754228
     137.4     13.0645756      8.8430973
     137.5     13.0424846      8.8113749
     137.6     13.0212482      8.7802587
     137.7     13.0008754      8.7497518
     137.8     12.9813753      8.7198571
     137.9     12.9627569      8.6905773
     138.0     12.9450291      8.6619152
     138.1     12.9282008      8.6338734
     138.2     12.9122807      8.6064544
     138.3     12.8972778      8.5796607
     138.4     12.8832005      8.5534945
     138.5     12.8700575      8.5279581
     138.6     12.8578573      8.5030536
     138.7     12.8466085      8.4787830
     138.8     12.8363193      8.4551483
     138.9     12.8269982      8.4321511
     139.0     12.8186534      8.4097933
     139.1     12.8112931      8.3880765
     139.2     12.8049253      8.3670020
     139.3     12.7995582      8.3465714
     139.4     12.7951996      8.3267860
     139.5     12.7918574      8.3076468
     139.6     12.7895395      8.2891550
     139.7     12.7882535      8.2713116
     139.8     12.7880071      8.2541175
     139.9     12.7888078      8.2375733
     140.0     12.7906632      8.2216798
     140.1     12.7935806      8.2064375
     140.2     12.7975673      8.1918469
     140.3     12.8026305      8.1779083
     140.4     12.8087774      8.1646220
     140.5     12.8160150      8.1519880
     140.6     12.8243502      8.1400064
     140.7     12.8337900      8.1286771
     140.8     12.8443411      8.1180000
     140.9     12.8560102      8.1079746
     141.0     12.8688039      8.0986007
     141.1     12.8827287      8.0898777
     141.2     12.8977910      8.0818050
     141.3     12.9139971      8.0743819
     141.4     12.9313533      8.0676075
     141.5     12.9498656      8.0614809
     141.6     12.9695400      8.0560010
     141.7     12.9903826      8.0511668
     141.8     13.0123991      8.0469768
     141.9     13.0355952      8.0434299
     142.0     13.0599767      8.0405245
     142.1     13.0855489      8.0382590
     142.2     13.1123173      8.0366318
     142.3     13.1402873      8.0356410
     142.4     13.1694640      8.0352848
     142.5     13.1998526      8.0355611
     142.6     13.2314581      8.0364680
     142.7     13.2642853      8.0380030
     142.8     13.2983391      8.0401640
     142.9     13.3336241      8.0429486
     143.0     13.3701449      8.0463541
     143.1     13.4079060      8.0503780
     143.2     13.4469118      8.0550175
     143.3     13.4871664      8.0602698
     143.4     13.5286740      8.0661320
     143.5     13.5714387      8.0726010
     143.6     13.6154643      8.0796737
     143.7     13.6607547      8.0873468
     143.8     13.7073135      8.0956170
     143.9     13.7551443      8.1044809
     144.0     13.8042505      8.1139349
     144.1     13.8546355      8.1239753
     144.2     13.9063025      8.1345984
     144.3     13.9592547      8.1458004
     144.4     14.0134949      8.1575773
     144.5     14.0690261      8.1699250
     144.6     14.1258510      8.1828395
     144.7     14.1839723      8.1963165
     144.8     14.2433924      8.2103517
     144.9     14.3041138      8.2249406
     145.0     14.3661387      8.2400787
     145.1     14.4294693      8.2557613
     145.2     14.4941076      8.2719839
     145.3     14.5600555      8.2887415
     145.4     14.6273149      8.3060292
     145.5     14.6958872      8.3238422
     145.6     14.7657742      8.3421752
     145.7     14.8369772      8.3610231
     145.8     14.9094975      8.3803807
     145.9     14.9833363      8.4002426
     146.0     15.0584945      8.4206033
     146.1     15.1349732      8.4414573
     146.2     15.2127732      8.4627990
     146.3     15.2918950      8.4846227
     146.4     15.3723392      8.5069226
     146.5     15.4541063      8.5296928
     146.6     15.5371965      8.5529274
     146.7     15.6216100      8.5766203
     146.8     15.7073467      8.6007654
     146.9     15.7944067      8.6253565
     147.0     15.8827897      8.6503873
     147.1     15.9724953      8.6758514
     147.2     16.0635231      8.7017423
     147.3     16.1558724      8.7280537
     147.4     16.2495424      8.7547787
     147.5     16.3445325      8.7819109
     147.6     16.4408414      8.8094434
     147.7     16.5384682      8.8373693
     147.8     16.6374115      8.8656819
     147.9     16.7376700      8.8943741
     148.0     16.8392421      8.9234388
     148.1     16.9421263      8.9528690
     148.2     17.0463206      8.9826575
     148.3     17.1518233      9.0127969
     148.4     17.2586323      9.0432801
     148.5     17.3667454      9.0740996
     148.6     17.4761603      9.1052479
     148.7     17.5868747      9.1367175
     148.8     17.6988858      9.1685009
     148.9     17.8121912      9.2005904
     149.0     17.9267878      9.2329783
     149.1     18.0426729      9.2656568
     149.2     18.1598433      9.2986182
     149.3     18.2782958      9.3318545
     149.4     18.3980270      9.3653577
     149.5     18.5190336      9.3991200
     149.6     18.6413119      9.4331332
     149.7     18.7648582      9.4673893
     149.8     18.8896686      9.5018801
     149.9     19.0157391      9.5365973
     150.0     19.1430657      9.5715328
     150.1     19.2716440      9.6066783
     150.2     19.4014698      9.6420253
     150.3     19.5325385      9.6775655
     150.4     19.6648454      9.7132904
     150.5     19.7983859      9.7491917
     150.6     19.9331550      9.7852606
     150.7     20.0691477      9.8214887
     150.8     20.2063589      9.8578674
     150.9     20.3447833      9.8943879
     151.0     20.4844155      9.9310417
     151.1     20.6252501      9.9678200
     151.2     20.7672812     10.0047140
     151.3     20.9105032     10.0417150
     151.4     21.0549102     10.0788141
     151.5     21.2004961     10.1160024
     151.6     21.3472547     10.1532711
     151.7     21.4951799     10.1906113
     151.8     21.6442652     10.2280141
     151.9     21.7945040     10.2654703
     152.0     21.9458898     10.3029712
     152.1     22.0984157     10.3405076
     152.2     22.2520749     10.3780705
     152.3     22.4068603     10.4156508
     152.4     22.5627649     10.4532395
     152.5     22.7197812     10.4908275
     152.6     22.8779020     10.5284056
     152.7     23.0371198     10.5659647
     152.8     23.1974269     10.6034958
     152.9     23.3588157     10.6409895
     153.0     23.5212781     10.6784368
     153.1     23.6848063     10.7158285
     153.2     23.8493922     10.7531553
     153.3     24.0150276     10.7904081
     153.4     24.1817040     10.8275777
     153.5     24.3494132     10.8646549
     153.6     24.5181465     10.9016304
     153.7     24.6878952     10.9384951
     153.8     24.8586506     10.9752397
     153.9     25.0304037     11.0118550
     154.0     25.2031456     11.0483318
     154.1     25.3768671     11.0846609
     154.2     25.5515590     11.1208331
     154.3     25.7272120     11.1568392
     154.4     25.9038165     11.1926700
     154.5     26.0813631     11.2283162
     154.6     26.2598420     11.2637688
     154.7     26.4392434     11.2990186
     154.8     26.6195575     11.3340564
     154.9     26.8007743     11.3688730
     155.0     26.9828837     11.4034594
     155.1     27.1658755     11.4378065
     155.2     27.3497393     11.4719051
     155.3     27.5344648     11.5057462
     155.4     27.7200414     11.5393208
     155.5     27.9064586     11.5726198
     155.6     28.0937056     11.6056342
     155.7     28.2817715     11.6383551
     155.8     28.4706456     11.6707734
     155.9     28.6603167     11.7028803
     156.0     28.8507738     11.7346669
     156.1     29.0420057     11.7661243
     156.2     29.2340011     11.7972436
     156.3     29.4267485     11.8280161
     156.4     29.6202365     11.8584330
     156.5     29.8144536     11.8884856
     156.6     30.0093880     11.9181651
     156.7     30.2050280     11.9474630
     156.8     30.4013617     11.9763705
     156.9     30.5983773     12.0048791
     157.0     30.7960626     12.0329803
     157.1     30.9944056     12.0606655
     157.2     31.1933941     12.0879264
     157.3     31.3930158     12.1147545
     157.4     31.5932583     12.1411414
     157.5     31.7941092     12.1670788
     157.6     31.9955560     12.1925586
     157.7     32.1975860     12.2175723
     157.8     32.4001867     12.2421120
     157.9     32.6033451     12.2661695
     158.0     32.8070485     12.2897367
     158.1     33.0112840     12.3128056
     158.2     33.2160386     12.3353683
     158.3     33.4212991     12.3574170
     158.4     33.6270526     12.3789437
     158.5     33.8332857     12.3999407
     158.6     34.0399852     12.4204003
     158.7     34.2471377     12.4403149
     158.8     34.4547299     12.4596769
     158.9     34.6627482     12.4784787
     159.0     34.8711792     12.4967130
     159.1     35.0800091     12.5143723
     159.2     35.2892244     12.5314493
     159.3     35.4988112     12.5479368
     159.4     35.7087559     12.5638275
     159.5     35.9190445     12.5791145
     159.6     36.1296631     12.5937906
     159.7     36.3405978     12.6078490
     159.8     36.5518345     12.6212826
     159.9     36.7633591     12.6340848
     160.0     36.9751576     12.6462487
     160.1     37.1872157     12.6577678
     160.2     37.3995192     12.6686354
     160.3     37.6120538     12.6788450
     160.4     37.8248052     12.6883903
     160.5     38.0377590     12.6972649
     160.6     38.2509007     12.7054625
     160.7     38.4642160     12.7129770
     160.8     38.6776902     12.7198023
     160.9     38.8913088     12.7259324
     161.0     39.1050573     12.7313613
     161.1     39.3189209     12.7360834
     161.2     39.5328851     12.7400927
     161.3     39.7469350     12.7433837
     161.4     39.9610561     12.7459508
     161.5     40.1752334     12.7477886
     161.6     40.3894521     12.7488917
     161.7     40.6036975     12.7492547
     161.8     40.8179546     12.7488725
     161.9     41.0322085     12.7477401
     162.0     41.2464444     12.7458523
     162.1     41.4606472     12.7432043
     162.2     41.6748020     12.7397913
     162.3     41.8888937     12.7356086
     162.4     42.1029074     12.7306515
     162.5     42.3168280     12.7249156
     162.6     42.5306404     12.7183964
     162.7     42.7443295     12.7110896
     162.8     42.9578803     12.7029910
     162.9     43.1712776     12.6940965
     163.0     43.3845063     12.6844021
     163.1     43.5975513     12.6739038
     163.2     43.8103973     12.6625979
     163.3     44.0230293     12.6504806
     163.4     44.2354321     12.6375484
     163.5     44.4475905     12.6237977
     163.6     44.6594892     12.6092253
     163.7     44.8711132     12.5938277
     163.8     45.0824472     12.5776018
     163.9     45.2934761     12.5605446
     164.0     45.5041846     12.5426531
     164.1     45.7145576     12.5239245
     164.2     45.9245799     12.5043560
     164.3     46.1342362     12.4839449
     164.4     46.3435115     12.4626888
     164.5     46.5523906     12.4405853
     164.6     46.7608582     12.4176320
     164.7     46.9688993     12.3938267
     164.8     47.1764987     12.3691674
     164.9     47.3836412     12.3436522
     165.0     47.5903119     12.3172791
     165.1     47.7964955     12.2900464
     165.2     48.0021770     12.2619525
     165.3     48.2073413     12.2329958
     165.4     48.4119734     12.2031751
     165.5     48.6160583     12.1724889
     165.6     48.8195809     12.1409361
     165.7     49.0225264     12.1085156
     165.8     49.2248797     12.0752266
     165.9     49.4266260     12.0410681
     166.0     49.6277502     12.0060394
     166.1     49.8282377     11.9701400
     166.2     50.0280735     11.9333693
     166.3     50.2272428     11.8957271
     166.4     50.4257309     11.8572129
     166.5     50.6235230     11.8178268
     166.6     50.8206045     11.7775685
     166.7     51.0169606     11.7364384
     166.8     51.2125769     11.6944365
     166.9     51.4074386     11.6515632
     167.0     51.6015312     11.6078188
     167.1     51.7948403     11.5632041
     167.2     51.9873514     11.5177196
     167.3     52.1790501     11.4713661
     167.4     52.3699220     11.4241445
     167.5     52.5599529     11.3760559
     167.6     52.7491284     11.3271014
     167.7     52.9374345     11.2772821
     167.8     53.1248568     11.2265996
     167.9     53.3113813     11.1750551
     168.0     53.4969941     11.1226505
     168.1     53.6816810     11.0693873
     168.2     53.8654281     11.0152674
     168.3     54.0482216     10.9602927
     168.4     54.2300477     10.9044653
     168.5     54.4108926     10.8477873
     168.6     54.5907427     10.7902610
     168.7     54.7695842     10.7318888
     168.8     54.9474037     10.6726733
     168.9     55.1241877     10.6126170
     169.0     55.2999227     10.5517227
     169.1     55.4745954     10.4899932
     169.2     55.6481925     10.4274315
     169.3     55.8207008     10.3640406
     169.4     55.9921071     10.2998237
     169.5     56.1623985     10.2347842
     169.6     56.3315619     10.1689254
     169.7     56.4995844     10.1022508
     169.8     56.6664531     10.0347641
     169.9     56.8321554      9.9664690
     170.0     56.9966785      9.8973694
     170.1     57.1600099      9.8274691
     170.2     57.3221371      9.7567722
     170.3     57.4830475      9.6852830
     170.4     57.6427290      9.6130057
     170.5     57.8011692      9.5399446
     170.6     57.9583560      9.4661043
     170.7     58.1142773      9.3914893
     170.8     58.2689211      9.3161043
     170.9     58.4222756      9.2399542
     171.0     58.5743288      9.1630438
     171.1     58.7250692      9.0853781
     171.2     58.8744851      9.0069623
     171.3     59.0225650      8.9278016
     171.4     59.1692975      8.8479012
     171.5     59.3146711      8.7672666
     171.6     59.4586748      8.6859033
     171.7     59.6012974      8.6038169
     171.8     59.7425278      8.5210130
     171.9     59.8823552      8.4374976
     172.0     60.0207687      8.3532765
     172.1     60.1577576      8.2683557
     172.2     60.2933113      8.1827413
     172.3     60.4274193      8.0964394
     172.4     60.5600712      8.0094564
     172.5     60.6912567      7.9217986
     172.6     60.8209656      7.8334725
     172.7     60.9491878      7.7444847
     172.8     61.0759134      7.6548417
     172.9     61.2011326      7.5645504
     173.0     61.3248356      7.4736174
     173.1     61.4470127      7.3820499
     173.2     61.5676546      7.2898546
     173.3     61.6867517      7.1970388
     173.4     61.8042948      7.1036095
     173.5     61.9202747      7.0095741
     173.6     62.0346825      6.9149398
     173.7     62.1475092      6.8197141
     173.8     62.2587459      6.7239044
     173.9     62.3683840      6.6275184
     174.0     62.4764150      6.5305637
     174.1     62.5828305      6.4330479
     174.2     62.6876220      6.3349790
     174.3     62.7907814      6.2363647
     174.4     62.8923006      6.1372131
     174.5     62.9921718      6.0375321
     174.6     63.0903870      5.9373299
     174.7     63.1869387      5.8366146
     174.8     63.2818192      5.7353946
     174.9     63.3750212      5.6336779
     175.0     63.4665372      5.5314732
     175.1     63.5563602      5.4287887
     175.2     63.6444831      5.3256331
     175.3     63.7308990      5.2220148
     175.4     63.8156012      5.1179426
     175.5     63.8985829      5.0134250
     175.6     63.9798377      4.9084710
     175.7     64.0593592      4.8030892
     175.8     64.1371411      4.6972886
     175.9     64.2131774      4.5910781
     176.0     64.2874620      4.4844667
     176.1     64.3599892      4.3774634
     176.2     64.4307532      4.2700773
     176.3     64.4997485      4.1623177
     176.4     64.5669697      4.0541936
     176.5     64.6324114      3.9457143
     176.6     64.6960685      3.8368892
     176.7     64.7579361      3.7277276
     176.8     64.8180092      3.6182388
     176.9     64.8762831      3.5084324
     177.0     64.9327532      3.3983177
     177.1     64.9874152      3.2879044
     177.2     65.0402646      3.1772020
     177.3     65.0912973      3.0662200
     177.4     65.1405094      2.9549682
     177.5     65.1878968      2.8434561
     177.6     65.2334560      2.7316936
     177.7     65.2771832      2.6196904
     177.8     65.3190751      2.5074562
     177.9     65.3591284      2.3950009
     178.0     65.3973398      2.2823342
     178.1     65.4337065      2.1694662
     178.2     65.4682254      2.0564067
     178.3     65.5008940      1.9431655
     178.4     65.5317096      1.8297527
     178.5     65.5606697      1.7161783
     178.6     65.5877722      1.6024521
     178.7     65.6130148      1.4885844
     178.8     65.6363956      1.3745850
     178.9     65.6579128      1.2604640
     179.0     65.6775646      1.1462316
     179.1     65.6953494      1.0318977
     179.2     65.7112660      0.9174725
     179.3     65.7253129      0.8029662
     179.4     65.7374892      0.6883888
     179.5     65.7477938      0.5737505
     179.6     65.7562260      0.4590613
     179.7     65.7627850      0.3443316
     179.8     65.7674704      0.2295713
     179.9     65.7702818      0.1147907
     180.0     65.7712190      0.0000000
