 # List of d(q) for j, j' =           22          24
 #    0  1.00000000
 #    1  0.84511111
 #    2  0.82070040
 #    3  0.77086375
 #    4  0.75393764
 #    5  0.72076260
 #    6  0.70059096
 #    7  0.67141167
 #    8  0.65124676
 #    9  0.62600313
 #   10  0.60583421
 #   11  0.58049658
 #   12  0.55983997
 #   13  0.53550872
 #   14  0.51523056
 #   15  0.49218215
 #   16  0.47173938
 #   17  0.44920537
 #   18  0.42930939
 #   19  0.40710486
 #   20  0.38767982
 #   21  0.36663733
 #   22  0.34786087
 #   23  0.32736298
 #   24  0.30928119
 #   25  0.29004761
 #   26  0.27238362
 #   27  0.25431858
 #   28  0.23742466
 #   29  0.22019090
 #   30  0.20439544
 #   31  0.18801452
 #   32  0.17284992
 #   33  0.15735753
 #   34  0.14305257
 #   35  0.12825645
 #   36  0.11491184
 #   37  0.10083101
 #   38  0.08864341
 #   39  0.07510996
 #   40  0.06413877
 #   41  0.05108785
 #   42  0.04173840
 #   43  0.02880660
 #   44  0.02519788
       0.0  42505.8131904      0.0000000
       0.1  42487.2477831     74.1541987
       0.2  42431.5921496    148.1138972
       0.3  42338.9679311    221.6853047
       0.4  42209.5774521    294.6760473
       0.5  42043.7031051    366.8958676
       0.6  41841.7064930    438.1573175
       0.7  41604.0273309    508.2764367
       0.8  41331.1821131    577.0734183
       0.9  41023.7625480    644.3732557
       1.0  40682.4337690    710.0063690
       1.1  40307.9323250    773.8092091
       1.2  39901.0639603    835.6248353
       1.3  39462.7011909    895.3034656
       1.4  38993.7806850    952.7029965
       1.5  38495.3004586   1007.6894902
       1.6  37968.3168957   1060.1376273
       1.7  37413.9416034   1109.9311238
       1.8  36833.3381133   1156.9631095
       1.9  36227.7184413   1201.1364675
       2.0  35598.3395175   1242.3641326
       2.1  34946.4994990   1280.5693480
       2.2  34273.5339792   1315.6858791
       2.3  33580.8121059   1347.6581845
       2.4  32869.7326223   1376.4415415
       2.5  32141.7198451   1402.0021285
       2.6  31398.2195929   1424.3170627
       2.7  30640.6950802   1443.3743925
       2.8  29870.6227891   1459.1730469
       2.9  29089.4883352   1471.7227402
       3.0  28298.7823404   1481.0438343
       3.1  27499.9963268   1487.1671584
       3.2  26694.6186450   1490.1337880
       3.3  25884.1304525   1489.9947832
       3.4  25070.0017520   1486.8108895
       3.5  24253.6875067   1480.6522006
       3.6  23436.6238411   1471.5977870
       3.7  22620.2243432   1459.7352901
       3.8  21805.8764774   1445.1604858
       3.9  20994.9381204   1427.9768188
       4.0  20188.7342305   1408.2949093
       4.1  19388.5536607   1386.2320360
       4.2  18595.6461249   1361.9115966
       4.3  17811.2193264   1335.4625483
       4.4  17036.4362560   1307.0188323
       4.5  16272.4126686   1276.7187833
       4.6  15520.2147436   1244.7045278
       4.7  14780.8569366   1211.1213737
       4.8  14055.3000259   1176.1171936
       4.9  13344.4493600   1139.8418053
       5.0  12649.1533083   1102.4463517
       5.1  11970.2019195   1064.0826830
       5.2  11308.3257873   1024.9027438
       5.3  10664.1951280    985.0579686
       5.4  10038.4190667    944.6986868
       5.5   9431.5451353    903.9735409
       5.6   8844.0589786    863.0289208
       5.7   8276.3842676    822.0084142
       5.8   7728.8828177    781.0522789
       5.9   7201.8549076    740.2969355
       6.0   6695.5397950    699.8744855
       6.1   6210.1164252    659.9122548
       6.2   5745.7043251    620.5323652
       6.3   5302.3646786    581.8513352
       6.4   4880.1015756    543.9797117
       6.5   4478.8634269    507.0217340
       6.6   4098.5445385    471.0750304
       6.7   3738.9868353    436.2303501
       6.8   3399.9817265    402.5713286
       6.9   3081.2721035    370.1742901
       7.0   2782.5544596    339.1080850
       7.1   2503.4811233    309.4339638
       7.2   2243.6625927    281.2054878
       7.3   2002.6699629    254.4684750
       7.4   1780.0374338    229.2609832
       7.5   1575.2648889    205.6133277
       7.6   1387.8205331    183.5481340
       7.7   1217.1435788    163.0804252
       7.8   1062.6469701    144.2177418
       7.9    923.7201324    126.9602943
       8.0    799.7317387    111.3011460
       8.1    690.0324800     97.2264265
       8.2    593.9578294     84.7155719
       8.3    510.8307913     73.7415924
       8.4    439.9646226     64.2713645
       8.5    380.6655189     56.2659462
       8.6    332.2352537     49.6809128
       8.7    293.9737636     44.4667126
       8.8    265.1816688     40.5690394
       8.9    245.1627217     37.9292194
       9.0    233.2261751     36.4846119
       9.1    228.6890629     36.1690202
       9.2    230.8783857     36.9131105
       9.3    239.1331961     38.6448382
       9.4    252.8065759     41.2898773
       9.5    271.2675019     44.7720517
       9.6    293.9025940     49.0137673
       9.7    320.1177420     53.9364397
       9.8    349.3396075     59.4609196
       9.9    381.0169978     65.5079096
      10.0    414.6221094     71.9983737
      10.1    449.6516393     78.8539359
      10.2    485.6277626     85.9972662
      10.3    522.0989762     93.3524535
      10.4    558.6408086    100.8453613
      10.5    594.8563955    108.4039678
      10.6    630.3769229    115.9586864
      10.7    664.8619399    123.4426661
      10.8    697.9995422    130.7920718
      10.9    729.5064292    137.9463414
      11.0    759.1278386    144.8484202
      11.1    786.6373615    151.4449718
      11.2    811.8366420    157.6865635
      11.3    834.5549662    163.5278278
      11.4    854.6487446    168.9275978
      11.5    872.0008945    173.8490171
      11.6    886.5201263    178.2596241
      11.7    898.1401411    182.1314101
      11.8    906.8187439    185.4408529
      11.9    912.5368811    188.1689242
      12.0    915.2976062    190.3010729
      12.1    915.1249819    191.8271836
      12.2    912.0629262    192.7415122
      12.3    906.1740066    193.0425987
      12.4    897.5381926    192.7331574
      12.5    886.2515710    191.8199479
      12.6    872.4250329    190.3136246
      12.7    856.1829375    188.2285690
      12.8    837.6617613    185.5827047
      12.9    817.0087381    182.3972956
      13.0    794.3804980    178.6967306
      13.1    769.9417099    174.5082952
      13.2    743.8637357    169.8619313
      13.3    716.3233013    164.7899872
      13.4    687.5011904    159.3269595
      13.5    657.5809670    153.5092281
      13.6    626.7477319    147.3747861
      13.7    595.1869176    140.9629661
      13.8    563.0831273    134.3141653
      13.9    530.6190223    127.4695690
      14.0    497.9742604    120.4708770
      14.1    465.3244912    113.3600314
      14.2    432.8404100    106.1789495
      14.3    400.6868739     98.9692623
      14.4    369.0220825     91.7720601
      14.5    337.9968257     84.6276466
      14.6    307.7537998     77.5753028
      14.7    278.4269937     70.6530616
      14.8    250.1411467     63.8974948
      14.9    223.0112771     57.3435126
      15.0    197.1422838     51.0241776
      15.1    172.6286189     44.9705335
      15.2    149.5540324     39.2114489
      15.3    127.9913869     33.7734776
      15.4    108.0025422     28.6807358
      15.5     89.6383077     23.9547958
      15.6     72.9384606     19.6145977
      15.7     57.9318287     15.6763787
      15.8     44.6364348     12.1536195
      15.9     33.0596996      9.0570095
      16.0     23.1987013      6.3944287
      16.1     15.0404883      4.1709478
      16.2      8.5624415      2.3888450
      16.3      3.7326831      1.0476399
      16.4      0.5105279      0.1441432
      16.5     -1.1530262     -0.3274771
      16.6     -1.3147728     -0.3756153
      16.7     -0.0387403     -0.0111324
      16.8      2.6043922      0.7527521
      16.9      6.5379009      1.9005821
      17.0     11.6796440      3.4147974
      17.1     17.9427016      5.2758778
      17.2     25.2360280      7.4624966
      17.3     33.4651090      9.9516826
      17.4     42.5326241     12.7189896
      17.5     52.3391059     15.7386727
      17.6     62.7835957     18.9838690
      17.7     73.7642904     22.4267830
      17.8     85.1791777     26.0388747
      17.9     96.9266552     29.7910489
      18.0    108.9061321     33.6538456
      18.1    121.0186087     37.5976293
      18.2    133.1672317     41.5927765
      18.3    145.2578224     45.6098604
      18.4    157.1993763     49.6198317
      18.5    168.9045301     53.5941939
      18.6    180.2899965     57.5051727
      18.7    191.2769622     61.3258789
      18.8    201.7914512     65.0304623
      18.9    211.7646487     68.5942583
      19.0    221.1331869     71.9939236
      19.1    229.8393909     75.2075626
      19.2    237.8314848     78.2148429
      19.3    245.0637572     80.9970989
      19.4    251.4966863     83.5374240
      19.5    257.0970254     85.8207506
      19.6    261.8378478     87.8339171
      19.7    265.6985531     89.5657224
      19.8    268.6648358     91.0069677
      19.9    270.7286154     92.1504843
      20.0    271.8879323     92.9911496
      20.1    272.1468078     93.5258889
      20.2    271.5150723     93.7536655
      20.3    270.0081617     93.6754575
      20.4    267.6468848     93.2942226
      20.5    264.4571643     92.6148510
      20.6    260.4697512     91.6441066
      20.7    255.7199181     90.3905581
      20.8    250.2471311     88.8644986
      20.9    244.0947037     87.0778563
      21.0    237.3094356     85.0440958
      21.1    229.9412377     82.7781116
      21.2    222.0427474     80.2961131
      21.3    213.6689350     77.6155036
      21.4    204.8767050     74.7547533
      21.5    195.7244944     71.7332673
      21.6    186.2718703     68.5712489
      21.7    176.5791291     65.2895604
      21.8    166.7069009     61.9095810
      21.9    156.7157590     58.4530635
      22.0    146.6658394     54.9419905
      22.1    136.6164701     51.3984308
      22.2    126.6258142     47.8443973
      22.3    116.7505271     44.3017066
      22.4    107.0454301     40.7918423
      22.5     97.5632024     37.3358212
      22.6     88.3540931     33.9540647
      22.7     79.4656531     30.6662757
      22.8     70.9424902     27.4913207
      22.9     62.8260468     24.4471195
      23.0     55.1544018     21.5505417
      23.1     47.9620978     18.8173111
      23.2     41.2799924     16.2619190
      23.3     35.1351371     13.8975455
      23.4     29.5506804     11.7359904
      23.5     24.5457983      9.7876142
      23.6     20.1356502      8.0612881
      23.7     16.3313608      6.5643541
      23.8     13.1400269      5.3025960
      23.9     10.5647502      4.2802196
      24.0      8.6046930      3.4998440
      24.1      7.2551585      2.9625022
      24.2      6.5076922      2.6676529
      24.3      6.3502066      2.6132012
      24.4      6.7671242      2.7955290
      24.5      7.7395410      3.2095354
      24.6      9.2454074      3.8486855
      24.7     11.2597244      4.7050681
      24.8     13.7547561      5.7694611
      24.9     16.7002542      7.0314051
      25.0     20.0636947      8.4792838
      25.1     23.8105241     10.1004106
      25.2     27.9044145     11.8811218
      25.3     32.3075240     13.8068744
      25.4     36.9807638     15.8623489
      25.5     41.8840664     18.0315553
      25.6     46.9766563     20.2979437
      25.7     52.2173206     22.6445154
      25.8     57.5646764     25.0539374
      25.9     62.9774364     27.5086569
      26.0     68.4146675     29.9910162
      26.1     73.8360440     32.4833679
      26.2     79.2020922     34.9681873
      26.3     84.4744260     37.4281845
      26.4     89.6159706     39.8464131
      26.5     94.5911755     42.2063757
      26.6     99.3662140     44.4921253
      26.7    103.9091678     46.6883632
      26.8    108.1901979     48.7805304
      26.9    112.1816987     50.7548942
      27.0    115.8584360     52.5986293
      27.1    119.1976676     54.2998904
      27.2    122.1792468     55.8478804
      27.3    124.7857072     57.2329090
      27.4    127.0023304     58.4464451
      27.5    128.8171942     59.4811608
      27.6    130.2212033     60.3309672
      27.7    131.2081014     60.9910423
      27.8    131.7744656     61.4578503
      27.9    131.9196829     61.7291527
      28.0    131.6459091     61.8040107
      28.1    130.9580117     61.6827795
      28.2    129.8634961     61.3670944
      28.3    128.3724163     60.8598489
      28.4    126.4972714     60.1651647
      28.5    124.2528881     59.2883541
      28.6    121.6562901     58.2358755
      28.7    118.7265558     57.0152819
      28.8    115.4846658     55.6351620
      28.9    111.9533396     54.1050768
      29.0    108.1568649     52.4354886
      29.1    104.1209186     50.6376866
      29.2     99.8723827     48.7237066
      29.3     95.4391544     46.7062474
      29.4     90.8499530     44.5985829
      29.5     86.1341246     42.4144723
      29.6     81.3214455     40.1680666
      29.7     76.4419253     37.8738145
      29.8     71.5256124     35.5463669
      29.9     66.6024010     33.2004803
      30.0     61.7018423     30.8509211
      30.1     56.8529604     28.5123701
      30.2     52.0840744     26.1993283
      30.3     47.4226271     23.9260254
      30.4     42.8950216     21.7063292
      30.5     38.5264670     19.5536600
      30.6     34.3408336     17.4809065
      30.7     30.3605186     15.5003478
      30.8     26.6063228     13.6235778
      30.9     23.0973394     11.8614366
      31.0     19.8508543     10.2239458
      31.1     16.8822604      8.7202502
      31.2     14.2049837      7.3585652
      31.3     11.8304238      6.1461313
      31.4      9.7679074      5.0891738
      31.5      8.0246557      4.1928711
      31.6      6.6057656      3.4613281
      31.7      5.5142046      2.8975582
      31.8      4.7508187      2.5034714
      31.9      4.3143545      2.2798703
      32.0      4.2014936      2.2264524
      32.1      4.4068997      2.3418202
      32.2      4.9232781      2.6234981
      32.3      5.7414465      3.0679554
      32.4      6.8504174      3.6706372
      32.5      8.2374899      4.4260001
      32.6      9.8883523      5.3275553
      32.7     11.7871925      6.3679166
      32.8     13.9168176      7.5388544
      32.9     16.2587801      8.8313539
      33.0     18.7935100     10.2356792
      33.1     21.5004540     11.7414401
      33.2     24.3582172     13.3376639
      33.3     27.3447101     15.0128698
      33.4     30.4372970     16.7551458
      33.5     33.6129469     18.5522286
      33.6     36.8483846     20.3915846
      33.7     40.1202417     22.2604926
      33.8     43.4052066     24.1461261
      33.9     46.6801716     26.0356374
      34.0     49.9223783     27.9162397
      34.1     53.1095578     29.7752891
      34.2     56.2200669     31.6003651
      34.3     59.2330184     33.3793488
      34.4     62.1284054     35.1004990
      34.5     64.8872186     36.7525253
      34.6     67.4915553     38.3246575
      34.7     69.9247215     39.8067121
      34.8     72.1713235     41.1891535
      34.9     74.2173516     42.4631515
      35.0     76.0502538     43.6206335
      35.1     77.6589986     44.6543320
      35.2     79.0341287     45.5578258
      35.3     80.1678035     46.3255765
      35.4     81.0538308     46.9529581
      35.5     81.6876883     47.4362820
      35.6     82.0665334     47.7728142
      35.7     82.1892033     47.9607872
      35.8     82.0562037     47.9994061
      35.9     81.6696876     47.8888472
      36.0     81.0334231     47.6302511
      36.1     80.1527528     47.2257100
      36.2     79.0345419     46.6782484
      36.3     77.6871186     45.9917980
      36.4     76.1202051     45.1711673
      36.5     74.3448412     44.2220056
      36.6     72.3732994     43.1507614
      36.7     70.2189944     41.9646369
      36.8     67.8963849     40.6715368
      36.9     65.4208708     39.2800140
      37.0     62.8086854     37.7992104
      37.1     60.0767830     36.2387954
      37.2     57.2427236     34.6089000
      37.3     54.3245547     32.9200500
      37.4     51.3406911     31.1830954
      37.5     48.3097941     29.4091393
      37.6     45.2506497     27.6094651
      37.7     42.1820477     25.7954628
      37.8     39.1226621     23.9785556
      37.9     36.0909329     22.1701259
      38.0     33.1049510     20.3814430
      38.1     30.1823466     18.6235906
      38.2     27.3401809     16.9073974
      38.3     24.5948433     15.2433682
      38.4     21.9619533     13.6416186
      38.5     19.4562687     12.1118120
      38.6     17.0915995     10.6631002
      38.7     14.8807295      9.3040668
      38.8     12.8353441      8.0426755
      38.9     10.9659670      6.8862222
      39.0      9.2819037      5.8412913
      39.1      7.7911941      4.9137176
      39.2      6.5005727      4.1085524
      39.3      5.4154386      3.4300352
      39.4      4.5398332      2.8815707
      39.5      3.8764273      2.4657110
      39.6      3.4265163      2.1841437
      39.7      3.1900256      2.0376857
      39.8      3.1655226      2.0262817
      39.9      3.3502391      2.1490096
      40.0      3.7401006      2.4040903
      40.1      4.3297643      2.7889035
      40.2      5.1126647      3.3000087
      40.3      6.0810660      3.9331714
      40.4      7.2261224      4.6833938
      40.5      8.5379439      5.5449510
      40.6     10.0056686      6.5114312
      40.7     11.6175406      7.5757797
      40.8     13.3609927      8.7303479
      40.9     15.2227332      9.9669447
      41.0     17.1888373     11.2768919
      41.1     19.2448407     12.6510819
      41.2     21.3758367     14.0800383
      41.3     23.5665746     15.5539786
      41.4     25.8015601     17.0628778
      41.5     28.0651551     18.5965344
      41.6     30.3416792     20.1446362
      41.7     32.6155095     21.6968270
      41.8     34.8711793     23.2427733
      41.9     37.0934751     24.7722302
      42.0     39.2675314     26.2751071
      42.1     41.3789222     27.7415309
      42.2     43.4137488     29.1619089
      42.3     45.3587239     30.5269888
      42.4     47.2012510     31.8279162
      42.5     48.9294985     33.0562900
      42.6     50.5324686     34.2042137
      42.7     52.0000605     35.2643439
      42.8     53.3231269     36.2299349
      42.9     54.4935243     37.0948792
      43.0     55.5041568     37.8537439
      43.1     56.3490122     38.5018022
      43.2     57.0231917     39.0350609
      43.3     57.5229318     39.4502824
      43.4     57.8456190     39.7450024
      43.5     57.9897972     39.9175422
      43.6     57.9551675     39.9670162
      43.7     57.7425808     39.8933334
      43.8     57.3540233     39.6971957
      43.9     56.7925948     39.3800890
      44.0     56.0624796     38.9442708
      44.1     55.1689123     38.3927520
      44.2     54.1181351     37.7292752
      44.3     52.9173508     36.9582867
      44.4     51.5746695     36.0849056
      44.5     50.0990495     35.1148879
      44.6     48.5002338     34.0545873
      44.7     46.7886825     32.9109114
      44.8     44.9755000     31.6912759
      44.9     43.0723598     30.4035542
      45.0     41.0914258     29.0560258
      45.1     39.0452710     27.6573209
      45.2     36.9467947     26.2163643
      45.3     34.8091376     24.7423167
      45.4     32.6455963     23.2445148
      45.5     30.4695378     21.7324115
      45.6     28.2943139     20.2155143
      45.7     26.1331760     18.7033241
      45.8     23.9991916     17.2052750
      45.9     21.9051627     15.7306734
      46.0     19.8635460     14.2886392
      46.1     17.8863764     12.8880484
      46.2     15.9851932     11.5374767
      46.3     14.1709702     10.2451459
      46.4     12.4540504      9.0188729
      46.5     10.8440841      7.8660207
      46.6      9.3499727      6.7934534
      46.7      7.9798176      5.8074938
      46.8      6.7408737      4.9138855
      46.9      5.6395099      4.1177574
      47.0      4.6811744      3.4235942
      47.1      3.8703663      2.8352094
      47.2      3.2106141      2.3557235
      47.3      2.7044596      1.9875468
      47.4      2.3534485      1.7323666
      47.5      2.1581277      1.5911386
      47.6      2.1180484      1.5640842
      47.7      2.2317761      1.6506910
      47.8      2.4969058      1.8497193
      47.9      2.9100846      2.1592124
      48.0      3.4670388      2.5765120
      48.1      4.1626079      3.0982771
      48.2      4.9907827      3.7205087
      48.3      5.9447496      4.4385770
      48.4      7.0169392      5.2472537
      48.5      8.1990794      6.1407474
      48.6      9.4822527      7.1127427
      48.7     10.8569572      8.1564425
      48.8     12.3131705      9.2646131
      48.9     13.8404175     10.4296320
      49.0     15.4278394     11.6435382
      49.1     17.0642654     12.8980842
      49.2     18.7382860     14.1847899
      49.3     20.4383268     15.4949973
      49.4     22.1527232     16.8199271
      49.5     23.8697954     18.1507348
      49.6     25.5779227     19.4785680
      49.7     27.2656169     20.7946225
      49.8     28.9215948     22.0901992
      49.9     30.5348483     23.3567589
      50.0     32.0947132     24.5859767
      50.1     33.5909347     25.7697945
      50.2     35.0137301     26.9004719
      50.3     36.3538480     27.9706345
      50.4     37.6026243     28.9733200
      50.5     38.7520334     29.9020217
      50.6     39.7947357     30.7507283
      50.7     40.7241197     31.5139613
      50.8     41.5343404     32.1868082
      50.9     42.2203512     32.7649519
      51.0     42.7779319     33.2446971
      51.1     43.2037104     33.6229916
      51.2     43.4951791     33.8974444
      51.3     43.6507059     34.0663382
      51.4     43.6695398     34.1286394
      51.5     43.5518101     34.0840019
      51.6     43.2985210     33.9327677
      51.7     42.9115400     33.6759626
      51.8     42.3935810     33.3152879
      51.9     41.7481828     32.8531072
      52.0     40.9796814     32.2924296
      52.1     40.0931784     31.6368890
      52.2     39.0945041     30.8907184
      52.3     37.9901766     30.0587218
      52.4     36.7873566     29.1462417
      52.5     35.4937983     28.1591235
      52.6     34.1177970     27.1036768
      52.7     32.6681334     25.9866338
      52.8     31.1540155     24.8151054
      52.9     29.5850174     23.5965345
      53.0     27.9710172     22.3386476
      53.1     26.3221320     21.0494052
      53.2     24.6486529     19.7369497
      53.3     22.9609787     18.4095535
      53.4     21.2695492     17.0755658
      53.5     19.5847788     15.7433588
      53.6     17.9169909     14.4212749
      53.7     16.2763525     13.1175728
      53.8     14.6728107     11.8403759
      53.9     13.1160306     10.5976200
      54.0     11.6153359      9.3970041
      54.1     10.1796511      8.2459413
      54.2      8.8174471      7.1515123
      54.3      7.5366900      6.1204218
      54.4      6.3447929      5.1589559
      54.5      5.2485718      4.2729437
      54.6      4.2542054      3.4677211
      54.7      3.3671994      2.7480980
      54.8      2.5923546      2.1183293
      54.9      1.9337400      1.5820889
      55.0      1.3946711      1.1424477
      55.1      0.9776920      0.8018559
      55.2      0.6845635      0.5621288
      55.3      0.5162557      0.4244365
      55.4      0.4729455      0.3892986
      55.5      0.5540196      0.4565821
      55.6      0.7580820      0.6255037
      55.7      1.0829669      0.8946371
      55.8      1.5257554      1.2619227
      55.9      2.0827986      1.7246829
      56.0      2.7497433      2.2796405
      56.1      3.5215631      2.9229407
      56.2      4.3925939      3.6501773
      56.3      5.3565718      4.4564220
      56.4      6.4066763      5.3362568
      56.5      7.5355759      6.2838099
      56.6      8.7354764      7.2927938
      56.7      9.9981730      8.3565466
      56.8     11.3151034      9.4680747
      56.9     12.6774042     10.6200988
      57.0     14.0759679     11.8051000
      57.1     15.5015018     13.0153688
      57.2     16.9445873     14.2430542
      57.3     18.3957405     15.4802140
      57.4     19.8454720     16.7188654
      57.5     21.2843469     17.9510361
      57.6     22.7030444     19.1688144
      57.7     24.0924162     20.3643999
      57.8     25.4435432     21.5301524
      57.9     26.7477911     22.6586402
      58.0     27.9968636     23.7426868
      58.1     29.1828531     24.7754161
      58.2     30.2982894     25.7502948
      58.3     31.3361846     26.6611740
      58.4     32.2900749     27.5023265
      58.5     33.1540597     28.2684829
      58.6     33.9228360     28.9548637
      58.7     34.5917292     29.5572084
      58.8     35.1567202     30.0718020
      58.9     35.6144679     30.4954966
      59.0     35.9623269     30.8257307
      59.1     36.1983619     31.0605440
      59.2     36.3213562     31.1985884
      59.3     36.3308168     31.2391354
      59.4     36.2269742     31.1820792
      59.5     36.0107780     31.0279364
      59.6     35.6838875     30.7778408
      59.7     35.2486587     30.4335351
      59.8     34.7081262     29.9973589
      59.9     34.0659811     29.4722320
      60.0     33.3265454     28.8616349
      60.1     32.4947416     28.1695858
      60.2     31.5760593     27.4006134
      60.3     30.5765182     26.5597273
      60.4     29.5026282     25.6523856
      60.5     28.3613455     24.6844586
      60.6     27.1600279     23.6621914
      60.7     25.9063858     22.5921630
      60.8     24.6084327     21.4812442
      60.9     23.2744329     20.3365530
      61.0     21.9128490     19.1654096
      61.1     20.5322868     17.9752887
      61.2     19.1414410     16.7737726
      61.3     17.7490401     15.5685024
      61.4     16.3637903     14.3671293
      61.5     14.9943218     13.1772666
      61.6     13.6491336     12.0064409
      61.7     12.3365409     10.8620449
      61.8     11.0646232      9.7512906
      61.9      9.8411742      8.6811642
      62.0      8.6736536      7.6583816
      62.1      7.5691415      6.6893471
      62.2      6.5342950      5.7801130
      62.3      5.5753076      4.9363418
      62.4      4.6978724      4.1632713
      62.5      3.9071474      3.4656821
      62.6      3.2077253      2.8478679
      62.7      2.6036066      2.3136097
      62.8      2.0981763      1.8661523
      62.9      1.6941850      1.5081851
      63.0      1.3937337      1.2418258
      63.1      1.1982630      1.0686080
      63.2      1.1085465      0.9894729
      63.3      1.1246878      1.0047639
      63.4      1.2461227      1.1142259
      63.5      1.4716249      1.3170077
      63.6      1.7993163      1.6116688
      63.7      2.2266806      1.9961889
      63.8      2.7505817      2.4679825
      63.9      3.3672858      3.0239155
      64.0      4.0724864      3.6603266
      64.1      4.8613341      4.3730509
      64.2      5.7284681      5.1574474
      64.3      6.6680527      6.0084291
      64.4      7.6738148      6.9204958
      64.5      8.7390852      7.8877697
      64.6      9.8568419      8.9040332
      64.7     11.0197556      9.9627688
      64.8     12.2202365     11.0572005
      64.9     13.4504830     12.1803377
      65.0     14.7025317     13.3250190
      65.1     15.9683079     14.4839581
      65.2     17.2396765     15.6497901
      65.3     18.5084936     16.8151178
      65.4     19.7666578     17.9725590
      65.5     21.0061605     19.1147925
      65.6     22.2191365     20.2346046
      65.7     23.3979127     21.3249343
      65.8     24.5350554     22.3789176
      65.9     25.6234168     23.3899306
      66.0     26.6561786     24.3516309
      66.1     27.6268936     25.2579967
      66.2     28.5295254     26.1033651
      66.3     29.3584848     26.8824663
      66.4     30.1086632     27.5904568
      66.5     30.7754635     28.2229489
      66.6     31.3548274     28.7760378
      66.7     31.8432584     29.2463254
      66.8     32.2378428     29.6309405
      66.9     32.5362656     29.9275566
      67.0     32.7368235     30.1344050
      67.1     32.8384332     30.2502854
      67.2     32.8406365     30.2745727
      67.3     32.7436011     30.2072192
      67.4     32.5481176     30.0487547
      67.5     32.2555923     29.8002815
      67.6     31.8680369     29.4634671
      67.7     31.3880535     29.0405321
      67.8     30.8188166     28.5342358
      67.9     30.1640514     27.9478573
      68.0     29.4280086     27.2851744
      68.1     28.6154359     26.5504388
      68.2     27.7315469     25.7483483
      68.3     26.7819870     24.8840164
      68.4     25.7727960     23.9629397
      68.5     24.7103698     22.9909622
      68.6     23.6014185     21.9742380
      68.7     22.4529234     20.9191918
      68.8     21.2720926     19.8324782
      68.9     20.0663148     18.7209393
      69.0     18.8431124     17.5915609
      69.1     17.6100938     16.4514284
      69.2     16.3749055     15.3076821
      69.3     15.1451840     14.1674720
      69.4     13.9285075     13.0379123
      69.5     12.7323489     11.9260371
      69.6     11.5640290     10.8387561
      69.7     10.4306709      9.7828108
      69.8      9.3391560      8.7647328
      69.9      8.2960815      7.7908024
      70.0      7.3077195      6.8670101
      70.1      6.3799791      5.9990186
      70.2      5.5183697      5.1921279
      70.3      4.7279681      4.4512427
      70.4      4.0133875      3.7808416
      70.5      3.3787501      3.1849500
      70.6      2.8276624      2.6671153
      70.7      2.3631944      2.2303851
      70.8      1.9878610      1.8772890
      70.9      1.7036090      1.6098235
      71.0      1.5118053      1.4294400
      71.1      1.4132306      1.3370368
      71.2      1.4080761      1.3329542
      71.3      1.4959435      1.4169731
      71.4      1.6758497      1.5883174
      71.5      1.9462342      1.8456599
      71.6      2.3049704      2.1871311
      71.7      2.7493809      2.6103322
      71.8      3.2762554      3.1123511
      71.9      3.8818727      3.6897811
      72.0      4.5620250      4.3387436
      72.1      5.3120458      5.0549130
      72.2      6.1268405      5.8335450
      72.3      7.0009196      6.6695065
      72.4      7.9284339      7.5573092
      72.5      8.9032125      8.4911446
      72.6      9.9188019      9.4649208
      72.7     10.9685081     10.4723015
      72.8     12.0454382     11.5067465
      72.9     13.1425453     12.5615530
      73.0     14.2526720     13.6298980
      73.1     15.3685966     14.7048820
      73.2     16.4830781     15.7795720
      73.3     17.5889016     16.8470457
      73.4     18.6789241     17.9004346
      73.5     19.7461185     18.9329681
      73.6     20.7836180     19.9380152
      73.7     21.7847583     20.9091263
      73.8     22.7431195     21.8400740
      73.9     23.6525653     22.7248917
      74.0     24.5072812     23.5579107
      74.1     25.3018101     24.3337960
      74.2     26.0310855     25.0475789
      74.3     26.6904630     25.6946884
      74.4     27.2757476     26.2709791
      74.5     27.7832198     26.7727567
      74.6     28.2096572     27.1968008
      74.7     28.5523540     27.5403849
      74.8     28.8091367     27.8012921
      74.9     28.9783765     27.9778294
      75.0     29.0589982     28.0688368
      75.1     29.0504858     28.0736945
      75.2     28.9528846     27.9923260
      75.3     28.7667995     27.8251975
      75.4     28.4933901     27.5733149
      75.5     28.1343621     27.2382163
      75.6     27.6919556     26.8219619
      75.7     27.1689298     26.3271203
      75.8     26.5685444     25.7567518
      75.9     25.8945385     25.1143883
      76.0     25.1511060     24.4040106
      76.1     24.3428680     23.6300232
      76.2     23.4748435     22.7972253
      76.3     22.5524169     21.9107808
      76.4     21.5813032     20.9761851
      76.5     20.5675121     19.9992301
      76.6     19.5173093     18.9859677
      76.7     18.4371768     17.9426710
      76.8     17.3337721     16.8757949
      76.9     16.2138860     15.7919353
      77.0     15.0843995     14.6977873
      77.1     13.9522412     13.6001033
      77.2     12.8243433     12.5056501
      77.3     11.7075983     11.4211666
      77.4     10.6088162     10.3533216
      77.5      9.5346817      9.3086717
      77.6      8.4917128      8.2936205
      77.7      7.4862202      7.3143783
      77.8      6.5242684      6.3769236
      77.9      5.6116380      5.4869656
      78.0      4.7537906      4.6499088
      78.1      3.9558343      3.8708194
      78.2      3.2224935      3.1543938
      78.3      2.5580793      2.5049296
      78.4      1.9664637      1.9262992
      78.5      1.4510561      1.4219258
      78.6      1.0147829      0.9947624
      78.7      0.6600700      0.6472743
      78.8      0.3888287      0.3814236
      78.9      0.2024448      0.1986576
      79.0      0.1017704      0.0999006
      79.1      0.0871203      0.0855485
      79.2      0.1582705      0.1554671
      79.3      0.3144608      0.3089932
      79.4      0.5544004      0.5449397
      79.5      0.8762770      0.8616036
      79.6      1.2777691      1.2567773
      79.7      1.7560616      1.7277627
      79.8      2.3078636      2.2713893
      79.9      2.9294309      2.8840340
      80.0      3.6165890      3.5616448
      80.1      4.3647608      4.2997666
      80.2      5.1689958      5.0935693
      80.3      6.0240012      5.9378789
      80.4      6.9241761      6.8272102
      80.5      7.8636465      7.7558013
      80.6      8.8363030      8.7176506
      80.7      9.8358390      9.7065539
      80.8     10.8557904     10.7161444
      80.9     11.8895765     11.7399320
      81.0     12.9305411     12.7713446
      81.1     13.9719939     13.8037692
      81.2     15.0072530     14.8305934
      81.3     16.0296859     15.8452466
      81.4     17.0327513     16.8412416
      81.5     18.0100394     17.8122147
      81.6     18.9553119     18.7519656
      81.7     19.8625405     19.6544960
      81.8     20.7259443     20.5140470
      81.9     21.5400253     21.3251347
      82.0     22.2996025     22.0825843
      82.1     22.9998432     22.7815623
      82.2     23.6362929     23.4176062
      82.3     24.2049026     23.9866518
      82.4     24.7020529     24.4850587
      82.5     25.1245764     24.9096322
      82.6     25.4697762     25.2576426
      82.7     25.7354424     25.5268423
      82.8     25.9198647     25.7154788
      82.9     26.0218425     25.8223054
      83.0     26.0406914     25.8465880
      83.1     25.9762467     25.7881097
      83.2     25.8288637     25.6471707
      83.3     25.5994142     25.4245868
      83.4     25.2892808     25.1216828
      83.5     24.9003470     24.7402840
      83.6     24.4349849     24.2827041
      83.7     23.8960397     23.7517304
      83.8     23.2868107     23.1506054
      83.9     22.6110308     22.4830059
      84.0     21.8728416     21.7530199
      84.1     21.0767679     20.9651204
      84.2     20.2276882     20.1241367
      84.3     19.3308038     19.2352240
      84.4     18.3916064     18.3038306
      84.5     17.4158426     17.3356635
      84.6     16.4094785     16.3366526
      84.7     15.3786615     15.3129131
      84.8     14.3296823     14.2707070
      84.9     13.2689347     13.2164039
      85.0     12.2028766     12.1564410
      85.1     11.1379887     11.0972826
      85.2     10.0807347     10.0453802
      85.3      9.0375209      9.0071312
      85.4      8.0146561      7.9888399
      85.5      7.0183128      6.9966777
      85.6      6.0544888      6.0366448
      85.7      5.1289702      5.1145328
      85.8      4.2472953      4.2358891
      85.9      3.4147210      3.4059820
      86.0      2.6361902      2.6297686
      86.1      1.9163014      1.9118638
      86.2      1.2592807      1.2565122
      86.3      0.6689563      0.6675619
      86.4      0.1487345      0.1484410
      86.5     -0.2984200     -0.2978634
      86.6     -0.6700025     -0.6688232
      86.7     -0.9639828     -0.9623844
      86.8     -1.1788177     -1.1769796
      86.9     -1.3134591     -1.3115371
      87.0     -1.3673605     -1.3654866
      87.1     -1.3404791     -1.3387624
      87.2     -1.2332757     -1.2318034
      87.3     -1.0467110     -1.0455490
      87.4     -0.7822384     -0.7814331
      87.5     -0.4417949     -0.4413744
      87.6     -0.0277878     -0.0277634
      87.7      0.4569207      0.4565526
      87.8      1.0090324      1.0082887
      87.9      1.6248340      1.6237427
      88.0      2.3002208      2.2988196
      88.1      3.0307233      3.0290571
      88.2      3.8115353      3.8096546
      88.3      4.6375443      4.6355032
      88.4      5.5033641      5.5012185
      88.5      6.4033687      6.4011745
      88.6      7.3317277      7.3295391
      88.7      8.2824428      8.2803110
      88.8      9.2493861      9.2473575
      88.9     10.2263377     10.2244531
      89.0     11.2070254     11.2053185
      89.1     12.1851633     12.1836601
      89.2     13.1544916     13.1532094
      89.3     14.1088153     14.1077623
      89.4     15.0420428     15.0412181
      89.5     15.9482241     15.9476169
      89.6     16.8215875     16.8211776
      89.7     17.6565754     17.6563333
      89.8     18.4478788     18.4477664
      89.9     19.1904704     19.1904412
      90.0     19.8796351     19.8796351
      90.1     20.5109996     20.5109684
      90.2     21.0805589     21.0804305
      90.3     21.5847012     21.5844053
      90.4     22.0202295     22.0196928
      90.5     22.3843817     22.3835293
      90.6     22.6748469     22.6736036
      90.7     22.8897794     22.8880711
      90.8     23.0278098     23.0255652
      90.9     23.0880531     23.0852047
      91.0     23.0701131     23.0665994
      91.1     22.9740851     22.9698513
      91.2     22.8005545     22.7955539
      91.3     22.5505921     22.5447878
      91.4     22.2257479     22.2191132
      91.5     21.8280398     21.8205599
      91.6     21.3599415     21.3516135
      91.7     20.8243658     20.8152002
      91.8     20.2246465     20.2146669
      91.9     19.5645169     19.5537606
      92.0     18.8480860     18.8366042
      92.1     18.0798127     18.0676702
      92.2     17.2644777     17.2517523
      92.3     16.4071528     16.3939351
      92.4     15.5131696     15.4995619
      92.5     14.5880855     14.5742009
      92.6     13.6376491     13.6236101
      92.7     12.6677639     12.6537011
      92.8     11.6844514     11.6705018
      92.9     10.6938135     10.6801186
      93.0      9.7019942      9.6886980
      93.1      8.7151413      8.7023882
      93.2      7.7393678      7.7273003
      93.3      6.7807141      6.7694705
      93.4      5.8451102      5.8348218
      93.5      4.9383387      4.9291277
      93.6      4.0659989      4.0579756
      93.7      3.2334721      3.2267323
      93.8      2.4458879      2.4405106
      93.9      1.7080929      1.7041374
      94.0      1.0246200      1.0221241
      94.1      0.3996610      0.3986382
      94.2     -0.1629599     -0.1625222
      94.3     -0.6598090     -0.6579518
      94.4     -1.0878651     -1.0846589
      94.5     -1.4445372     -1.4400841
      94.6     -1.7276808     -1.7221158
      94.7     -1.9356112     -1.9291025
      94.8     -2.0671131     -2.0598635
      94.9     -2.1214484     -2.1136951
      95.0     -2.0983600     -2.0903751
      95.1     -1.9980736     -1.9901634
      95.2     -1.8212958     -1.8138000
      95.3     -1.5692090     -1.5625002
      95.4     -1.2434645     -1.2379459
      95.5     -0.8461712     -0.8422756
      95.6     -0.3798826     -0.3780696
      95.7      0.1524194      0.1516658
      95.8      0.7473436      0.7435178
      95.9      1.4011106      1.3936887
      96.0      2.1095767      2.0980202
      96.1      2.8682597      2.8520194
      96.2      3.6723673      3.6508875
      96.3      4.5168271      4.4895497
      96.4      5.3963180      5.3626877
      96.5      6.3053038      6.2647724
      96.6      7.2380679      7.1900995
      96.7      8.1887483      8.1328245
      96.8      9.1513751      9.0869999
      96.9     10.1199071     10.0466120
      97.0     11.0882694     11.0056191
      97.1     12.0503917     11.9579885
      97.2     13.0002456     12.8977348
      97.3     13.9318826     13.8189569
      97.4     14.8394703     14.7158747
      97.5     15.7173294     15.5828655
      97.6     16.5599688     16.4144984
      97.7     17.3621190     17.2055683
      97.8     18.1187659     17.9511282
      97.9     18.8251809     18.6465198
      98.0     19.4769506     19.2874022
      98.1     20.0700041     19.8697788
      98.2     20.6006380     20.3900218
      98.3     21.0655394     20.8448945
      98.4     21.4618065     21.2315714
      98.5     21.7869658     21.5476548
      98.6     22.0389880     21.7911900
      98.7     22.2163000     21.9606767
      98.8     22.3177947     22.0550781
      98.9     22.3428374     22.0738266
      99.0     22.2912699     22.0168273
      99.1     22.1634108     21.8844578
      99.2     21.9600538     21.6775655
      99.3     21.6824622     21.3974617
      99.4     21.3323609     21.0459134
      99.5     20.9119255     20.6251310
      99.6     20.4237688     20.1377551
      99.7     19.8709239     19.5868386
      99.8     19.2568255     18.9758279
      99.9     18.5852883     18.3085408
     100.0     17.8604830     17.5891421
     100.1     17.0869103     16.8221176
     100.2     16.2693730     16.0122454
     100.3     15.4129454     15.1645664
     100.4     14.5229424     14.2843518
     100.5     13.6048856     13.3770705
     100.6     12.6644695     12.4483547
     100.7     11.7075255     11.5039644
     100.8     10.7399862     10.5497515
     100.9      9.7678476      9.5916231
     101.0      8.7971327      8.6355046
     101.1      7.8338532      7.6873026
     101.2      6.8839727      6.7528685
     101.3      5.9533695      5.8379614
     101.4      5.0477996      4.9482125
     101.5      4.1728617      4.0890903
     101.6      3.3339617      3.2658664
     101.7      2.5362796      2.4835828
     101.8      1.7847369      1.7470208
     101.9      1.0839668      1.0606712
     102.0      0.4382844      0.4287068
     102.1     -0.1483392     -0.1450435
     102.2     -0.6723017     -0.6571184
     102.3     -1.1303924     -1.1044449
     102.4     -1.5198115     -1.4843578
     102.5     -1.8381878     -1.7946154
     102.6     -2.0835931     -2.0334134
     102.7     -2.2545544     -2.1993957
     102.8     -2.3500627     -2.2916622
     102.9     -2.3695795     -2.3097742
     103.0     -2.3130398     -2.2537567
     103.1     -2.1808524     -2.1240978
     103.2     -1.9738977     -1.9217452
     103.3     -1.6935218     -1.6480997
     103.4     -1.3415281     -1.3050062
     103.5     -0.9201662     -0.8947419
     103.6     -0.4321177     -0.4200015
     103.7      0.1195205      0.1161201
     103.8      0.7312554      0.7101472
     103.9      1.3992195      1.3582454
     104.0      2.1191954      2.0562462
     104.1      2.8866414      2.7996727
     104.2      3.6967202      3.5837682
     104.3      4.5443289      4.4035262
     104.4      5.4241305      5.2537215
     104.5      6.3305875      6.1289433
     104.6      7.2579958      7.0236291
     104.7      8.2005206      7.9320991
     104.8      9.1522326      8.8485925
     104.9     10.1071445      9.7673026
     105.0     11.0592487     10.6824139
     105.1     12.0025543     11.5881377
     105.2     12.9311245     12.4787484
     105.3     13.8391134     13.3486195
     105.4     14.7208024     14.1922580
     105.5     15.5706358     15.0043388
     105.6     16.3832550     15.7797379
     105.7     17.1535323     16.5135640
     105.8     17.8766025     17.2011886
     105.9     18.5478933     17.8382752
     106.0     19.1631534     18.4208054
     106.1     19.7184795     18.9451040
     106.2     20.2103400     19.4078618
     106.3     20.6355975     19.8061556
     106.4     20.9915280     20.1374662
     106.5     21.2758383     20.3996936
     106.6     21.4866797     20.5911702
     106.7     21.6226600     20.7106702
     106.8     21.6828525     20.7574174
     106.9     21.6668009     20.7310894
     107.0     21.5745234     20.6318193
     107.1     21.4065118     20.4601944
     107.2     21.1637290     20.2172524
     107.3     20.8476031     19.9044742
     107.4     20.4600186     19.5237749
     107.5     20.0033048     19.0774909
     107.6     19.4802215     18.5683653
     107.7     18.8939420     17.9995308
     107.8     18.2480337     17.3744893
     107.9     17.5464359     16.6970902
     108.0     16.7934355     15.9715062
     108.1     15.9936406     15.2022070
     108.2     15.1519520     14.3939309
     108.3     14.2735331     13.5516560
     108.4     13.3637777     12.6805681
     108.5     12.4282769     11.7860290
     108.6     11.4727844     10.8735426
     108.7     10.5031809      9.9487209
     108.8      9.5254379      9.0172488
     108.9      8.5455806      8.0848487
     109.0      7.5696507      7.1572453
     109.1      6.6036688      6.2401297
     109.2      5.6535976      5.3391240
     109.3      4.7253044      4.4597468
     109.4      3.8245253      3.6073790
     109.5      2.9568293      2.7872300
     109.6      2.1275839      2.0043062
     109.7      1.3419218      1.2633799
     109.8      0.6047094      0.5689595
     109.9     -0.0794838     -0.0747377
     110.0     -0.7064135     -0.6638116
     110.1     -1.2721866     -1.1947032
     110.2     -1.7732858     -1.6642164
     110.3     -2.2065911     -2.0695374
     110.4     -2.5693995     -2.4082518
     110.5     -2.8594415     -2.6783593
     110.6     -3.0748956     -2.8782853
     110.7     -3.2143995     -3.0068909
     110.8     -3.2770588     -3.0634787
     110.9     -3.2624522     -3.0477974
     111.0     -3.1706348     -2.9600426
     111.1     -3.0021376     -2.8008549
     111.2     -2.7579645     -2.5713159
     111.3     -2.4395858     -2.2729407
     111.4     -2.0489299     -1.9076681
     111.5     -1.5883710     -1.4778482
     111.6     -1.0607145     -0.9862274
     111.7     -0.4691802     -0.4359306
     111.8      0.1826179      0.1695581
     111.9      0.8906935      0.8264177
     112.0      1.6507130      1.5305144
     112.1      2.4580217      2.2774275
     112.2      3.3076730      3.0624771
     112.3      4.1944583      3.8807536
     112.4      5.1129396      4.7271481
     112.5      6.0574831      5.5963847
     112.6      7.0222935      6.4830531
     112.7      8.0014503      7.3816427
     112.8      8.9889440      8.2865762
     112.9      9.9787134      9.1922451
     113.0     10.9646831     10.0930440
     113.1     11.9408009     10.9834053
     113.2     12.9010753     11.8578342
     113.3     13.8396125     12.7109420
     113.4     14.7506531     13.5374801
     113.5     15.6286074     14.3323718
     113.6     16.4680900     15.0907439
     113.7     17.2639535     15.8079565
     113.8     18.0113201     16.4796315
     113.9     18.7056118     17.1016795
     114.0     19.3425788     17.6703250
     114.1     19.9183261     18.1821289
     114.2     20.4293373     18.6340096
     114.3     20.8724967     19.0232619
     114.4     21.2451082     19.3475730
     114.5     21.5449129     19.6050364
     114.6     21.7701024     19.7941632
     114.7     21.9193302     19.9138907
     114.8     21.9917205     19.9635886
     114.9     21.9868734     19.9430619
     115.0     21.9048676     19.8525520
     115.1     21.7462597     19.6927343
     115.2     21.5120816     19.4647133
     115.3     21.2038331     19.1700155
     115.4     20.8234738     18.8105788
     115.5     20.3734103     18.3887403
     115.6     19.8564818     17.9072211
     115.7     19.2759423     17.3691087
     115.8     18.6354409     16.7778373
     115.9     17.9389989     16.1371660
     116.0     17.1909850     15.4511550
     116.1     16.3960887     14.7241398
     116.2     15.5592907     13.9607038
     116.3     14.6858326     13.1656497
     116.4     13.7811842     12.3439687
     116.5     12.8510094     11.5008099
     116.6     11.9011319     10.6414475
     116.7     10.9374980      9.7712477
     116.8      9.9661406      8.8956358
     116.9      8.9931415      8.0200614
     117.0      8.0245936      7.1499653
     117.1      7.0665630      6.2907448
     117.2      6.1250514      5.4477210
     117.3      5.2059589      4.6261048
     117.4      4.3150472      3.8309653
     117.5      3.4579037      3.0671980
     117.6      2.6399067      2.3394947
     117.7      1.8661920      1.6523145
     117.8      1.1416210      1.0098562
     117.9      0.4707497      0.4160324
     118.0     -0.1421990     -0.1255543
     118.1     -0.6933621     -0.6116333
     118.2     -1.1792606     -1.0392864
     118.3     -1.5968215     -1.4059652
     118.4     -1.9433972     -1.7095065
     118.5     -2.2167816     -1.9481456
     118.6     -2.4152251     -2.1205265
     118.7     -2.5374448     -2.2257099
     118.8     -2.5826333     -2.2631788
     118.9     -2.5504640     -2.2328407
     119.0     -2.4410933     -2.1350283
     119.1     -2.2551603     -1.9704964
     119.2     -1.9937825     -1.7404167
     119.3     -1.6585500     -1.4463705
     119.4     -1.2515154     -1.0903375
     119.5     -0.7751817     -0.6746838
     119.6     -0.2324868     -0.2021461
     119.7      0.3732139      0.3241853
     119.8      1.0381687      0.9008869
     119.9      1.7582521      1.5242230
     120.0      2.5289904      2.1901699
     120.1      3.3455890      2.8944411
     120.2      4.2029621      3.6325142
     120.3      5.0957639      4.3996599
     120.4      6.0184219      5.1909711
     120.5      6.9651709      6.0013944
     120.6      7.9300892      6.8257610
     120.7      8.9071345      7.6588199
     120.8      9.8901823      8.4952699
     120.9     10.8730629      9.3297937
     121.0     11.8496006     10.1570902
     121.1     12.8136516     10.9719081
     121.2     13.7591420     11.7690783
     121.3     14.6801063     12.5435464
     121.4     15.5707239     13.2904038
     121.5     16.4253561     14.0049183
     121.6     17.2385806     14.6825634
     121.7     18.0052262     15.3190465
     121.8     18.7204045     15.9103350
     121.9     19.3795412     16.4526818
     122.0     19.9784045     16.9426479
     122.1     20.5131319     17.3771237
     122.2     20.9802549     17.7533483
     122.3     21.3767205     18.0689259
     122.4     21.6999111     18.3218409
     122.5     21.9476612     18.5104697
     122.6     22.1182713     18.6335907
     122.7     22.2105194     18.6903915
     122.8     22.2236686     18.6804736
     122.9     22.1574729     18.6038544
     123.0     22.0121791     18.4609667
     123.1     21.7885260     18.2526560
     123.2     21.4877405     17.9801744
     123.3     21.1115306     17.6451727
     123.4     20.6620756     17.2496896
     123.5     20.1420131     16.7961391
     123.6     19.5544234     16.2872946
     123.7     18.9028110     15.7262715
     123.8     18.1910836     15.1165079
     123.9     17.4235282     14.4617425
     124.0     16.6047855     13.7659911
     124.1     15.7398213     13.0335217
     124.2     14.8338964     12.2688275
     124.3     13.8925344     11.4765990
     124.4     12.9214881     10.6616943
     124.5     11.9267040      9.8291091
     124.6     10.9142859      8.9839457
     124.7      9.8904573      8.1313805
     124.8      8.8615232      7.2766327
     124.9      7.8338311      6.4249313
     125.0      6.8137321      5.5814826
     125.1      5.8075412      4.7514382
     125.2      4.8214985      3.9398629
     125.3      3.8617305      3.1517034
     125.4      2.9342121      2.3917579
     125.5      2.0447293      1.6646459
     125.6      1.1988433      0.9747804
     125.7      0.4018558      0.3263405
     125.8     -0.3412243     -0.2767547
     125.9     -1.0257120     -0.8308694
     126.0     -1.6472757     -1.3326740
     126.1     -2.2019647     -1.7791652
     126.2     -2.6862340     -2.1676842
     126.3     -3.0969665     -2.4959329
     126.4     -3.4314935     -2.7619878
     126.5     -3.6876113     -2.9643117
     126.6     -3.8635959     -3.1017623
     126.7     -3.9582140     -3.1735996
     126.8     -3.9707317     -3.1794895
     126.9     -3.9009195     -3.1195054
     127.0     -3.7490544     -2.9941280
     127.1     -3.5159195     -2.8042409
     127.2     -3.2027994     -2.5511255
     127.3     -2.8114731     -2.2364523
     127.4     -2.3442039     -1.8622698
     127.5     -1.8037262     -1.4309922
     127.6     -1.1932293     -0.9453832
     127.7     -0.5163382     -0.4085389
     127.8      0.2229077      0.1761316
     127.9      1.0200791      0.8049282
     128.0      1.8703837      1.4738825
     128.1      2.7686949      2.1787830
     128.2      3.7095830      2.9152013
     128.3      4.6873482      3.6785201
     128.4      5.6960557      4.4639616
     128.5      6.7295712      5.2666173
     128.6      7.7815991      6.0814790
     128.7      8.8457207      6.9034694
     128.8      9.9154336      7.7274738
     128.9     10.9841919      8.5483721
     129.0     12.0454464      9.3610700
     129.1     13.0926845     10.1605308
     129.2     14.1194711     10.9418063
     129.3     15.1194881     11.7000679
     129.4     16.0865733     12.4306353
     129.5     17.0147589     13.1290062
     129.6     17.8983084     13.7908837
     129.7     18.7317526     14.4122021
     129.8     19.5099233     14.9891526
     129.9     20.2279858     15.5182058
     130.0     20.8814694     15.9961336
     130.1     21.4662951     16.4200285
     130.2     21.9788018     16.7873216
     130.3     22.4157692     17.0957973
     130.4     22.7744382     17.3436071
     130.5     23.0525290     17.5292806
     130.6     23.2482556     17.6517334
     130.7     23.3603377     17.7102741
     130.8     23.3880091     17.7046073
     130.9     23.3310238     17.6348353
     131.0     23.1896575     17.5014567
     131.1     22.9647075     17.3053629
     131.2     22.6574880     17.0478318
     131.3     22.2698230     16.7305193
     131.4     21.8040361     16.3554488
     131.5     21.2629364     15.9249979
     131.6     20.6498025     15.4418829
     131.7     19.9683626     14.9091419
     131.8     19.2227724     14.3301154
     131.9     18.4175902     13.7084250
     132.0     17.5577492     13.0479505
     132.1     16.6485281     12.3528056
     132.2     15.6955185     11.6273122
     132.3     14.7045913     10.8759730
     132.4     13.6818611     10.1034434
     132.5     12.6336483      9.3145025
     132.6     11.5664409      8.5140235
     132.7     10.4868549      7.7069427
     132.8      9.4015931      6.8982296
     132.9      8.3174044      6.0928555
     133.0      7.2410422      5.2957630
     133.1      6.1792226      4.5118352
     133.2      5.1385828      3.7458656
     133.3      4.1256404      3.0025287
     133.4      3.1467527      2.2863508
     133.5      2.2080775      1.6016829
     133.6      1.3155345      0.9526731
     133.7      0.4747684      0.3432420
     133.8     -0.3088861     -0.2229417
     133.9     -1.0304379     -0.7424832
     134.0     -1.6852709     -1.2122825
     134.1     -2.2691731     -1.6295529
     134.2     -2.7783631     -1.9918380
     134.3     -3.2095143     -2.2970261
     134.4     -3.5597761     -2.5433628
     134.5     -3.8267925     -2.7294615
     134.6     -4.0087171     -2.8543110
     134.7     -4.1042256     -2.9172814
     134.8     -4.1125249     -2.9181273
     134.9     -4.0333587     -2.8569887
     135.0     -3.8670102     -2.7343892
     135.1     -3.6143011     -2.5512324
     135.2     -3.2765873     -2.3087955
     135.3     -2.8557521     -2.0087209
     135.4     -2.3541946     -1.6530049
     135.5     -1.7748164     -1.2439852
     135.6     -1.1210042     -0.7843255
     135.7     -0.3966100     -0.2769985
     135.8      0.3940722      0.2747334
     135.9      1.2463317      0.8673382
     136.0      2.1550702      1.4970376
     136.1      3.1148319      2.1598301
     136.2      4.1198369      2.8515170
     136.3      5.1640164      3.5677281
     136.4      6.2410498      4.3039499
     136.5      7.3444028      5.0555533
     136.6      8.4673681      5.8178229
     136.7      9.6031062      6.5859864
     136.8     10.7446873      7.3552446
     136.9     11.8851347      8.1208008
     137.0     13.0174669      8.8778911
     137.1     14.1347415      9.6218135
     137.2     15.2300982     10.3479578
     137.3     16.2968010     11.0518332
     137.4     17.3282805     11.7290967
     137.5     18.3181749     12.3755796
     137.6     19.2603694     12.9873131
     137.7     20.1490352     13.5605528
     137.8     20.9786654     14.0918015
     137.9     21.7441106     14.5778305
     138.0     22.4406107     15.0156994
     138.1     23.0638257     15.4027737
     138.2     23.6098634     15.7367406
     138.3     24.0753043     16.0156232
     138.4     24.4572237     16.2377919
     138.5     24.7532113     16.4019740
     138.6     24.9613866     16.5072612
     138.7     25.0804124     16.5531140
     138.8     25.1095037     16.5393655
     138.9     25.0484341     16.4662205
     139.0     24.8975383     16.3342548
     139.1     24.6577113     16.1444100
     139.2     24.3304042     15.8979874
     139.3     23.9176164     15.5966395
     139.4     23.4218844     15.2423585
     139.5     22.8462677     14.8374639
     139.6     22.1943303     14.3845872
     139.7     21.4701207     13.8866547
     139.8     20.6781473     13.3468691
     139.9     19.8233518     12.7686893
     140.0     18.9110795     12.1558076
     140.1     17.9470474     11.5121269
     140.2     16.9373094     10.8417360
     140.3     15.8882197     10.1488834
     140.4     14.8063942      9.4379509
     140.5     13.6986703      8.7134258
     140.6     12.5720644      7.9798729
     140.7     11.4337299      7.2419058
     140.8     10.2909123      6.5041582
     140.9      9.1509051      5.7712545
     141.0      8.0210044      5.0477816
     141.1      6.9084636      4.3382599
     141.2      5.8204490      3.6471155
     141.3      4.7639941      2.9786523
     141.4      3.7459566      2.3370259
     141.5      2.7729747      1.7262174
     141.6      1.8514261      1.1500092
     141.7      0.9873868      0.6119616
     141.8      0.1865935      0.1153910
     141.9     -0.5455934     -0.3366507
     142.0     -1.2042240     -0.7413943
     142.1     -1.7847906     -1.0963705
     142.2     -2.2832572     -1.3994245
     142.3     -2.6960855     -1.6487292
     142.4     -3.0202586     -1.8427961
     142.5     -3.2533008     -1.9804840
     142.6     -3.3932952     -2.0610055
     142.7     -3.4388966     -2.0839314
     142.8     -3.3893419     -2.0491931
     142.9     -3.2444565     -1.9570821
     143.0     -3.0046570     -1.8082477
     143.1     -2.6709510     -1.6036930
     143.2     -2.2449319     -1.3447672
     143.3     -1.7287714     -1.0331573
     143.4     -1.1252078     -0.6708769
     143.5     -0.4375308     -0.2602533
     143.6      0.3304374      0.1960878
     143.7      1.1743635      0.6952387
     143.8      2.0894287      1.2340284
     143.9      3.0703566      1.8090429
     144.0      4.1114447      2.4166465
     144.1      5.2065979      3.0530051
     144.2      6.3493654      3.7141100
     144.3      7.5329786      4.3958034
     144.4      8.7503926      5.0938045
     144.5      9.9943287      5.8037362
     144.6     11.2573180      6.5211523
     144.7     12.5317476      7.2415659
     144.8     13.8099069      7.9604766
     144.9     15.0840345      8.6733991
     145.0     16.3463666      9.3758907
     145.1     17.5891844     10.0635792
     145.2     18.8048619     10.7321898
     145.3     19.9859137     11.3775715
     145.4     21.1250413     11.9957226
     145.5     22.2151788     12.5828158
     145.6     23.2495372     13.1352214
     145.7     24.2216477     13.6495294
     145.8     25.1254020     14.1225708
     145.9     25.9550918     14.5514366
     146.0     26.7054452     14.9334954
     146.1     27.3716605     15.2664098
     146.2     27.9494378     15.5481497
     146.3     28.4350069     15.7770052
     146.4     28.8251530     15.9515961
     146.5     29.1172376     16.0708804
     146.6     29.3092177     16.1341599
     146.7     29.3996600     16.1410842
     146.8     29.3877518     16.0916521
     146.9     29.2733088     15.9862113
     147.0     29.0567779     15.8254555
     147.1     28.7392371     15.6104193
     147.2     28.3223911     15.3424718
     147.3     27.8085630     15.0233070
     147.4     27.2006820     14.6549328
     147.5     26.5022684     14.2396584
     147.6     25.7174132     13.7800791
     147.7     24.8507555     13.2790596
     147.8     23.9074559     12.7397161
     147.9     22.8931667     12.1653963
     148.0     21.8139990     11.5596583
     148.1     20.6764866     10.9262481
     148.2     19.4875476     10.2690761
     148.3     18.2544433      9.5921925
     148.4     16.9847348      8.8997617
     148.5     15.6862375      8.1960366
     148.6     14.3669743      7.4853320
     148.7     13.0351268      6.7719975
     148.8     11.6989857      6.0603906
     148.9     10.3669004      5.3548496
     149.0      9.0472277      4.6596667
     149.1      7.7482805      3.9790617
     149.2      6.4782768      3.3171554
     149.3      5.2452886      2.6779449
     149.4      4.0571917      2.0652786
     149.5      2.9216169      1.4828326
     149.6      1.8459016      0.9340886
     149.7      0.8370445      0.4223121
     149.8     -0.0983399     -0.0494669
     149.9     -0.9540622     -0.4784725
     150.0     -1.7243987     -0.8621994
     150.1     -2.4041279     -1.1984283
     150.2     -2.9885646     -1.4852388
     150.3     -3.4735908     -1.7210207
     150.4     -3.8556834     -1.9044834
     150.5     -4.1319377     -2.0346635
     150.6     -4.3000883     -2.1109295
     150.7     -4.3585251     -2.1329857
     150.8     -4.3063060     -2.1008730
     150.9     -4.1431651     -2.0149678
     151.0     -3.8695175     -1.8759793
     151.1     -3.4864588     -1.6849441
     151.2     -2.9957618     -1.4432192
     151.3     -2.3998678     -1.1524729
     151.4     -1.7018748     -0.8146736
     151.5     -0.9055206     -0.4320771
     151.6     -0.0151629     -0.0072118
     151.7      0.9642453      0.4571373
     151.8      2.0271834      0.9579471
     151.9      3.1675948      1.4919748
     152.0      4.3789223      2.0557795
     152.1      5.6541456      2.6457433
     152.2      6.9858233      3.2580946
     152.3      8.3661361      3.8889318
     152.4      9.7869340      4.5342477
     152.5     11.2397843      5.1899548
     152.6     12.7160229      5.8519110
     152.7     14.2068059      6.5159452
     152.8     15.7031638      7.1778836
     152.9     17.1960555      7.8335755
     153.0     18.6764243      8.4789192
     153.1     20.1352528      9.1098873
     153.2     21.5636190      9.7225515
     153.3     22.9527513     10.3131072
     153.4     24.2940833     10.8778966
     153.5     25.5793074     11.4134310
     153.6     26.8004267     11.9164125
     153.7     27.9498062     12.3837539
     153.8     29.0202210     12.8125974
     153.9     30.0049025     13.2003319
     154.0     30.8975827     13.5446088
     154.1     31.6925344     13.8433557
     154.2     32.3846095     14.0947892
     154.3     32.9692731     14.2974248
     154.4     33.4426345     14.4500858
     154.5     33.8014740     14.5519097
     154.6     34.0432662     14.6023529
     154.7     34.1661987     14.6011937
     154.8     34.1691867     14.5485321
     154.9     34.0518835     14.4447893
     155.0     33.8146862     14.2907039
     155.1     33.4587369     14.0873265
     155.2     32.9859194     13.8360126
     155.3     32.3988515     13.5384133
     155.4     31.7008728     13.1964644
     155.5     30.8960274     12.8123738
     155.6     29.9890434     12.3886067
     155.7     28.9853067     11.9278699
     155.8     27.8908320     11.4330945
     155.9     26.7122287     10.9074166
     156.0     25.4566639     10.3541580
     156.1     24.1318211      9.7768043
     156.2     22.7458558      9.1789831
     156.3     21.3073483      8.5644413
     156.4     19.8252531      7.9370209
     156.5     18.3088463      7.3006354
     156.6     16.7676701      6.6592448
     156.7     15.2114760      6.0168309
     156.8     13.6501665      5.3773726
     156.9     12.0937346      4.7448209
     157.0     10.5522036      4.1230744
     157.1      9.0355657      3.5159550
     157.2      7.5537206      2.9271845
     157.3      6.1164146      2.3603613
     157.4      4.7331794      1.8189387
     157.5      3.4132735      1.3062032
     157.6      2.1656229      0.8252547
     157.7      0.9987656      0.3789878
     157.8     -0.0792038     -0.0299264
     157.9     -1.0606857     -0.3990557
     158.0     -1.9386250     -0.7262217
     158.1     -2.7065577     -1.0095130
     158.2     -3.3586536     -1.2472959
     158.3     -3.8897558     -1.4382246
     158.4     -4.2954168     -1.5812484
     158.5     -4.5719292     -1.6756177
     158.6     -4.7163533     -1.7208878
     158.7     -4.7265400     -1.7169215
     158.8     -4.6011482     -1.6638882
     158.9     -4.3396585     -1.5622632
     159.0     -3.9423815     -1.4128232
     159.1     -3.4104608     -1.2166410
     159.2     -2.7458716     -0.9750781
     159.3     -1.9514138     -0.6897757
     159.4     -1.0307005     -0.3626434
     159.5      0.0118591      0.0041532
     159.6      1.1710815      0.4082063
     159.7      2.4410349      0.8468820
     159.8      3.8150709      1.3173371
     159.9      5.2858597      1.8165369
     160.0      6.8454310      2.3412753
     160.1      8.4852174      2.8881945
     160.2     10.1961027      3.4538066
     160.3     11.9684738      4.0345158
     160.4     13.7922758      4.6266406
     160.5     15.6570694      5.2264372
     160.6     17.5520925      5.8301229
     160.7     19.4663227      6.4338998
     160.8     21.3885422      7.0339782
     160.9     23.3074052      7.6266002
     161.0     25.2115051      8.2080632
     161.1     27.0894431      8.7747425
     161.2     28.9298979      9.3231136
     161.3     30.7216940      9.8497742
     161.4     32.4538709     10.3514642
     161.5     34.1157506     10.8250865
     161.6     35.6970042     11.2677250
     161.7     37.1877167     11.6766625
     161.8     38.5784502     12.0493971
     161.9     39.8603037     12.3836568
     162.0     41.0249714     12.6774134
     162.1     42.0647965     12.9288936
     162.2     42.9728224     13.1365900
     162.3     43.7428396     13.2992694
     162.4     44.3694288     13.4159793
     162.5     44.8479991     13.4860534
     162.6     45.1748220     13.5091145
     162.7     45.3470598     13.4850762
     162.8     45.3627900     13.4141422
     162.9     45.2210230     13.2968043
     163.0     44.9217156     13.1338386
     163.1     44.4657779     12.9262992
     163.2     43.8550755     12.6755113
     163.3     43.0924252     12.3830617
     163.4     42.1815857     12.0507884
     163.5     41.1272421     11.6807678
     163.6     39.9349848     11.2753018
     163.7     38.6112831     10.8369018
     163.8     37.1634537     10.3682730
     163.9     35.5996227      9.8722970
     164.0     33.9286840      9.3520127
     164.1     32.1602517      8.8105974
     164.2     30.3046087      8.2513463
     164.3     28.3726503      7.6776518
     164.4     26.3758239      7.0929818
     164.5     24.3260656      6.5008583
     164.6     22.2357322      5.9048347
     164.7     20.1175318      5.3084745
     164.8     17.9844499      4.7153281
     164.9     15.8496752      4.1289118
     165.0     13.7265224      3.5526854
     165.1     11.6283540      2.9900311
     165.2      9.5685013      2.4442331
     165.3      7.5601852      1.9184571
     165.4      5.6164363      1.4157315
     165.5      3.7500164      0.9389291
     165.6      1.9733407      0.4907499
     165.7      0.2984009      0.0737047
     165.8     -1.2633089     -0.3098990
     165.9     -2.7008646     -0.6579712
     166.0     -4.0039816     -0.9686508
     166.1     -5.1630806     -1.2403167
     166.2     -6.1693503     -1.4715965
     166.3     -7.0148062     -1.6613737
     166.4     -7.6923440     -1.8087940
     166.5     -8.1957895     -1.9132691
     166.6     -8.5199429     -1.9744789
     166.7     -8.6606170     -1.9923727
     166.8     -8.6146715     -1.9671677
     166.9     -8.3800394     -1.8993469
     167.0     -7.9557487     -1.7896541
     167.1     -7.3419379     -1.6390885
     167.2     -6.5398636     -1.4488970
     167.3     -5.5519039     -1.2205650
     167.4     -4.3815530     -0.9558062
     167.5     -3.0334111     -0.6565503
     167.6     -1.5131662     -0.3249302
     167.7      0.1724293      0.0367327
     167.8      2.0155894      0.4259440
     167.9      4.0075312      0.8400529
     168.0      6.1385173      1.2762695
     168.1      8.3979053      1.7316832
     168.2     10.7742016      2.2032817
     168.3     13.2551215      2.6879702
     168.4     15.8276546      3.1825919
     168.5     18.4781341      3.6839474
     168.6     21.1923113      4.1888159
     168.7     23.9554338      4.6939749
     168.8     26.7523276      5.1962210
     168.9     29.5674819      5.6923898
     169.0     32.3851370      6.1793755
     169.1     35.1893748      6.6541504
     169.2     37.9642098      7.1137835
     169.3     40.6936829      7.5554584
     169.4     43.3619547      7.9764901
     169.5     45.9533995      8.3743419
     169.6     48.4526990      8.7466398
     169.7     50.8449352      9.0911870
     169.8     53.1156814      9.4059766
     169.9     55.2510915      9.6892030
     170.0     57.2379873      9.9392722
     170.1     59.0639423     10.1548105
     170.2     60.7173619     10.3346718
     170.3     62.1875602     10.4779434
     170.4     63.4648320     10.5839505
     170.5     64.5405202     10.6522583
     170.6     65.4070774     10.6826738
     170.7     66.0581225     10.6752450
     170.8     66.4884909     10.6302589
     170.9     66.6942786     10.5482382
     171.0     66.6728790     10.4299362
     171.1     66.4230137     10.2763301
     171.2     65.9447555     10.0886136
     171.3     65.2395444      9.8681870
     171.4     64.3101958      9.6166472
     171.5     63.1609016      9.3357757
     171.6     61.7972232      9.0275255
     171.7     60.2260769      8.6940077
     171.8     58.4557122      8.3374759
     171.9     56.4956814      7.9603111
     172.0     54.3568028      7.5650048
     172.1     52.0511164      7.1541421
     172.2     49.5918314      6.7303838
     172.3     46.9932682      6.2964487
     172.4     44.2707927      5.8550952
     172.5     41.4407449      5.4091026
     172.6     38.5203612      4.9612529
     172.7     35.5276908      4.5143121
     172.8     32.4815072      4.0710123
     172.9     29.4012153      3.6340336
     173.0     26.3067533      3.2059868
     173.1     23.2184913      2.7893961
     173.2     20.1571266      2.3866838
     173.3     17.1435763      2.0001537
     173.4     14.1988673      1.6319774
     173.5     11.3440254      1.2841801
     173.6      8.5999622      0.9586286
     173.7      5.9873632      0.6570192
     173.8      3.5265744      0.3808678
     173.9      1.2374909      0.1315008
     174.0     -0.8605538     -0.0899524
     174.1     -2.7488963     -0.2825660
     174.2     -4.4096494     -0.4456228
     174.3     -5.8258045     -0.5786174
     174.4     -6.9813310     -0.6812585
     174.5     -7.8612714     -0.7534695
     174.6     -8.4518306     -0.7953875
     174.7     -8.7404612     -0.8073615
     174.8     -8.7159422     -0.7899483
     174.9     -8.3684520     -0.7439077
     175.0     -7.6896338     -0.6701957
     175.1     -6.6726552     -0.5699577
     175.2     -5.3122593     -0.4445184
     175.3     -3.6048091     -0.2953727
     175.4     -1.5483226     -0.1241738
     175.5      0.8574989      0.0672786
     175.6      3.6112523      0.2770518
     175.7      6.7098214      0.5030939
     175.8     10.1483753      0.7432487
     175.9     13.9203754      0.9952713
     176.0     18.0175905      1.2568436
     176.1     22.4301215      1.5255912
     176.2     27.1464341      1.7991001
     176.3     32.1533999      2.0749331
     176.4     37.4363466      2.3506476
     176.5     42.9791155      2.6238122
     176.6     48.7641275      2.8920236
     176.7     54.7724559      3.1529231
     176.8     60.9839072      3.4042135
     176.9     67.3771082      3.6436740
     177.0     73.9295994      3.8691763
     177.1     80.6179354      4.0786984
     177.2     87.4177888      4.2703389
     177.3     94.3040615      4.4423296
     177.4    101.2509979      4.5930478
     177.5    108.2323038      4.7210268
     177.6    115.2212679      4.8249659
     177.7    122.1908856      4.9037393
     177.8    129.1139849      4.9564030
     177.9    135.9633545      4.9822016
     178.0    142.7118712      4.9805725
     178.1    149.3326288      4.9511499
     178.2    155.7990651      4.8937669
     178.3    162.0850887      4.8084558
     178.4    168.1652033      4.6954481
     178.5    174.0146298      4.5551720
     178.6    179.6094249      4.3882495
     178.7    184.9265964      4.1954914
     178.8    189.9442137      3.9778915
     178.9    194.6415134      3.7366192
     179.0    198.9990003      3.4730114
     179.1    202.9985409      3.1885625
     179.2    206.6234516      2.8849139
     179.3    209.8585795      2.5638424
     179.4    212.6903763      2.2272477
     179.5    215.1069634      1.8771386
     179.6    217.0981905      1.5156190
     179.7    218.6556843      1.1448733
     179.8    219.7728897      0.7671505
     179.9    220.4451015      0.3847491
     180.0    220.6694873      0.0000000
