 # List of d(q) for j, j' =            1          28
 #    0  1.00000000
 #    1  0.02774386
 #    2  0.25764785
       0.0     29.9270709      0.0000000
       0.1     29.9269950      0.0522324
       0.2     29.9267673      0.1044639
       0.3     29.9263879      0.1566935
       0.4     29.9258568      0.2089202
       0.5     29.9251739      0.2611431
       0.6     29.9243392      0.3133612
       0.7     29.9233528      0.3655736
       0.8     29.9222147      0.4177794
       0.9     29.9209249      0.4699775
       1.0     29.9194834      0.5221670
       1.1     29.9178902      0.5743470
       1.2     29.9161453      0.6265165
       1.3     29.9142489      0.6786745
       1.4     29.9122008      0.7308202
       1.5     29.9100011      0.7829526
       1.6     29.9076499      0.8350706
       1.7     29.9051471      0.8871734
       1.8     29.9024928      0.9392600
       1.9     29.8996871      0.9913295
       2.0     29.8967299      1.0433808
       2.1     29.8936213      1.0954132
       2.2     29.8903614      1.1474255
       2.3     29.8869501      1.1994169
       2.4     29.8833876      1.2513864
       2.5     29.8796738      1.3033331
       2.6     29.8758088      1.3552560
       2.7     29.8717927      1.4071541
       2.8     29.8676254      1.4590266
       2.9     29.8633071      1.5108725
       3.0     29.8588378      1.5626908
       3.1     29.8542176      1.6144807
       3.2     29.8494465      1.6662410
       3.3     29.8445245      1.7179710
       3.4     29.8394518      1.7696697
       3.5     29.8342283      1.8213361
       3.6     29.8288542      1.8729693
       3.7     29.8233295      1.9245683
       3.8     29.8176543      1.9761323
       3.9     29.8118286      2.0276602
       4.0     29.8058526      2.0791512
       4.1     29.7997262      2.1306043
       4.2     29.7934496      2.1820185
       4.3     29.7870228      2.2333930
       4.4     29.7804460      2.2847269
       4.5     29.7737191      2.3360191
       4.6     29.7668423      2.3872687
       4.7     29.7598157      2.4384749
       4.8     29.7526393      2.4896367
       4.9     29.7453133      2.5407531
       5.0     29.7378376      2.5918233
       5.1     29.7302125      2.6428463
       5.2     29.7224379      2.6938212
       5.3     29.7145141      2.7447471
       5.4     29.7064410      2.7956231
       5.5     29.6982188      2.8464481
       5.6     29.6898476      2.8972214
       5.7     29.6813274      2.9479420
       5.8     29.6726585      2.9986090
       5.9     29.6638408      3.0492214
       6.0     29.6548745      3.0997785
       6.1     29.6457598      3.1502791
       6.2     29.6364966      3.2007225
       6.3     29.6270851      3.2511078
       6.4     29.6175255      3.3014339
       6.5     29.6078178      3.3517001
       6.6     29.5979622      3.4019054
       6.7     29.5879588      3.4520490
       6.8     29.5778077      3.5021298
       6.9     29.5675090      3.5521471
       7.0     29.5570628      3.6020998
       7.1     29.5464693      3.6519872
       7.2     29.5357286      3.7018084
       7.3     29.5248409      3.7515623
       7.4     29.5138062      3.8012483
       7.5     29.5026247      3.8508653
       7.6     29.4912965      3.9004124
       7.7     29.4798217      3.9498889
       7.8     29.4682006      3.9992937
       7.9     29.4564332      4.0486261
       8.0     29.4445197      4.0978851
       8.1     29.4324602      4.1470699
       8.2     29.4202549      4.1961796
       8.3     29.4079039      4.2452133
       8.4     29.3954073      4.2941701
       8.5     29.3827654      4.3430492
       8.6     29.3699782      4.3918498
       8.7     29.3570459      4.4405708
       8.8     29.3439687      4.4892116
       8.9     29.3307467      4.5377712
       9.0     29.3173801      4.5862487
       9.1     29.3038691      4.6346433
       9.2     29.2902138      4.6829542
       9.3     29.2764143      4.7311804
       9.4     29.2624709      4.7793212
       9.5     29.2483837      4.8273757
       9.6     29.2341528      4.8753430
       9.7     29.2197785      4.9232223
       9.8     29.2052609      4.9710128
       9.9     29.1906002      5.0187136
      10.0     29.1757966      5.0663239
      10.1     29.1608502      5.1138428
      10.2     29.1457612      5.1612696
      10.3     29.1305298      5.2086033
      10.4     29.1151563      5.2558431
      10.5     29.0996406      5.3029883
      10.6     29.0839832      5.3500380
      10.7     29.0681841      5.3969914
      10.8     29.0522435      5.4438476
      10.9     29.0361616      5.4906058
      11.0     29.0199387      5.5372653
      11.1     29.0035749      5.5838253
      11.2     28.9870704      5.6302848
      11.3     28.9704253      5.6766431
      11.4     28.9536400      5.7228995
      11.5     28.9367146      5.7690530
      11.6     28.9196493      5.8151030
      11.7     28.9024444      5.8610485
      11.8     28.8850999      5.9068889
      11.9     28.8676162      5.9526233
      12.0     28.8499934      5.9982509
      12.1     28.8322317      6.0437710
      12.2     28.8143314      6.0891827
      12.3     28.7962927      6.1344854
      12.4     28.7781158      6.1796781
      12.5     28.7598009      6.2247602
      12.6     28.7413483      6.2697309
      12.7     28.7227580      6.3145893
      12.8     28.7040305      6.3593348
      12.9     28.6851658      6.4039666
      13.0     28.6661643      6.4484839
      13.1     28.6470261      6.4928859
      13.2     28.6277515      6.5371720
      13.3     28.6083408      6.5813413
      13.4     28.5887940      6.6253931
      13.5     28.5691116      6.6693266
      13.6     28.5492937      6.7131412
      13.7     28.5293405      6.7568361
      13.8     28.5092523      6.8004105
      13.9     28.4890293      6.8438637
      14.0     28.4686718      6.8871951
      14.1     28.4481801      6.9304037
      14.2     28.4275543      6.9734890
      14.3     28.4067947      7.0164502
      14.4     28.3859016      7.0592867
      14.5     28.3648752      7.1019976
      14.6     28.3437157      7.1445822
      14.7     28.3224235      7.1870400
      14.8     28.3009987      7.2293701
      14.9     28.2794417      7.2715718
      15.0     28.2577527      7.3136446
      15.1     28.2359319      7.3555876
      15.2     28.2139796      7.3974001
      15.3     28.1918961      7.4390816
      15.4     28.1696816      7.4806313
      15.5     28.1473365      7.5220485
      15.6     28.1248609      7.5633325
      15.7     28.1022551      7.6044828
      15.8     28.0795195      7.6454985
      15.9     28.0566542      7.6863791
      16.0     28.0336596      7.7271238
      16.1     28.0105359      7.7677321
      16.2     27.9872835      7.8082032
      16.3     27.9639025      7.8485365
      16.4     27.9403933      7.8887314
      16.5     27.9167562      7.9287871
      16.6     27.8929913      7.9687032
      16.7     27.8690992      8.0084788
      16.8     27.8450799      8.0481135
      16.9     27.8209338      8.0876065
      17.0     27.7966612      8.1269572
      17.1     27.7722623      8.1661650
      17.2     27.7477375      8.2052294
      17.3     27.7230871      8.2441495
      17.4     27.6983114      8.2829250
      17.5     27.6734106      8.3215551
      17.6     27.6483850      8.3600392
      17.7     27.6232350      8.3983767
      17.8     27.5979609      8.4365671
      17.9     27.5725629      8.4746097
      18.0     27.5470413      8.5125039
      18.1     27.5213966      8.5502492
      18.2     27.4956289      8.5878450
      18.3     27.4697385      8.6252907
      18.4     27.4437259      8.6625857
      18.5     27.4175913      8.6997294
      18.6     27.3913350      8.7367213
      18.7     27.3649573      8.7735608
      18.8     27.3384586      8.8102474
      18.9     27.3118391      8.8467804
      19.0     27.2850992      8.8831594
      19.1     27.2582392      8.9193838
      19.2     27.2312595      8.9554530
      19.3     27.2041603      8.9913665
      19.4     27.1769419      9.0271238
      19.5     27.1496048      9.0627243
      19.6     27.1221492      9.0981675
      19.7     27.0945754      9.1334529
      19.8     27.0668838      9.1685799
      19.9     27.0390748      9.2035481
      20.0     27.0111486      9.2383569
      20.1     26.9831056      9.2730058
      20.2     26.9549461      9.3074943
      20.3     26.9266705      9.3418220
      20.4     26.8982790      9.3759882
      20.5     26.8697721      9.4099925
      20.6     26.8411501      9.4438345
      20.7     26.8124133      9.4775136
      20.8     26.7835621      9.5110294
      20.9     26.7545968      9.5443813
      21.0     26.7255177      9.5775690
      21.1     26.6963252      9.6105919
      21.2     26.6670197      9.6434496
      21.3     26.6376016      9.6761415
      21.4     26.6080710      9.7086674
      21.5     26.5784285      9.7410267
      21.6     26.5486744      9.7732189
      21.7     26.5188090      9.8052436
      21.8     26.4888326      9.8371004
      21.9     26.4587457      9.8687889
      22.0     26.4285486      9.9003086
      22.1     26.3982417      9.9316590
      22.2     26.3678253      9.9628399
      22.3     26.3372998      9.9938506
      22.4     26.3066655     10.0246909
      22.5     26.2759229     10.0553604
      22.6     26.2450723     10.0858585
      22.7     26.2141140     10.1161850
      22.8     26.1830485     10.1463394
      22.9     26.1518760     10.1763213
      23.0     26.1205971     10.2061304
      23.1     26.0892120     10.2357662
      23.2     26.0577211     10.2652284
      23.3     26.0261248     10.2945166
      23.4     25.9944235     10.3236305
      23.5     25.9626176     10.3525696
      23.6     25.9307074     10.3813336
      23.7     25.8986933     10.4099222
      23.8     25.8665758     10.4383350
      23.9     25.8343552     10.4665716
      24.0     25.8020318     10.4946318
      24.1     25.7696061     10.5225151
      24.2     25.7370784     10.5502213
      24.3     25.7044492     10.5777499
      24.4     25.6717189     10.6051008
      24.5     25.6388877     10.6322735
      24.6     25.6059562     10.6592677
      24.7     25.5729247     10.6860832
      24.8     25.5397936     10.7127196
      24.9     25.5065633     10.7391766
      25.0     25.4732342     10.7654540
      25.1     25.4398067     10.7915513
      25.2     25.4062813     10.8174684
      25.3     25.3726582     10.8432050
      25.4     25.3389379     10.8687607
      25.5     25.3051209     10.8941354
      25.6     25.2712075     10.9193286
      25.7     25.2371981     10.9443402
      25.8     25.2030931     10.9691699
      25.9     25.1688929     10.9938174
      26.0     25.1345980     11.0182826
      26.1     25.1002088     11.0425650
      26.2     25.0657256     11.0666646
      26.3     25.0311490     11.0905810
      26.4     24.9964792     11.1143140
      26.5     24.9617167     11.1378634
      26.6     24.9268620     11.1612290
      26.7     24.8919154     11.1844105
      26.8     24.8568773     11.2074077
      26.9     24.8217483     11.2302205
      27.0     24.7865286     11.2528485
      27.1     24.7512188     11.2752917
      27.2     24.7158192     11.2975497
      27.3     24.6803303     11.3196225
      27.4     24.6447525     11.3415098
      27.5     24.6090862     11.3632114
      27.6     24.5733318     11.3847272
      27.7     24.5374898     11.4060570
      27.8     24.5015607     11.4272006
      27.9     24.4655448     11.4481578
      28.0     24.4294425     11.4689285
      28.1     24.3932543     11.4895126
      28.2     24.3569807     11.5099099
      28.3     24.3206220     11.5301201
      28.4     24.2841787     11.5501433
      28.5     24.2476513     11.5699792
      28.6     24.2110402     11.5896278
      28.7     24.1743457     11.6090888
      28.8     24.1375684     11.6283623
      28.9     24.1007087     11.6474479
      29.0     24.0637670     11.6663458
      29.1     24.0267438     11.6850556
      29.2     23.9896395     11.7035774
      29.3     23.9524546     11.7219110
      29.4     23.9151895     11.7400563
      29.5     23.8778446     11.7580133
      29.6     23.8404205     11.7757818
      29.7     23.8029174     11.7933618
      29.8     23.7653360     11.8107532
      29.9     23.7276766     11.8279559
      30.0     23.6899397     11.8449699
      30.1     23.6521258     11.8617950
      30.2     23.6142353     11.8784314
      30.3     23.5762686     11.8948788
      30.4     23.5382262     11.9111372
      30.5     23.5001086     11.9272066
      30.6     23.4619161     11.9430870
      30.7     23.4236494     11.9587783
      30.8     23.3853088     11.9742805
      30.9     23.3468948     11.9895936
      31.0     23.3084078     12.0047175
      31.1     23.2698484     12.0196522
      31.2     23.2312169     12.0343978
      31.3     23.1925139     12.0489542
      31.4     23.1537397     12.0633214
      31.5     23.1148949     12.0774994
      31.6     23.0759799     12.0914883
      31.7     23.0369953     12.1052879
      31.8     22.9979413     12.1188985
      31.9     22.9588187     12.1323199
      32.0     22.9196276     12.1455522
      32.1     22.8803688     12.1585955
      32.2     22.8410426     12.1714497
      32.3     22.8016495     12.1841150
      32.4     22.7621899     12.1965913
      32.5     22.7226644     12.2088787
      32.6     22.6830734     12.2209773
      32.7     22.6434174     12.2328871
      32.8     22.6036969     12.2446082
      32.9     22.5639123     12.2561406
      33.0     22.5240641     12.2674845
      33.1     22.4841528     12.2786399
      33.2     22.4441789     12.2896069
      33.3     22.4041428     12.3003856
      33.4     22.3640450     12.3109760
      33.5     22.3238860     12.3213784
      33.6     22.2836664     12.3315927
      33.7     22.2433864     12.3416190
      33.8     22.2030468     12.3514576
      33.9     22.1626478     12.3611084
      34.0     22.1221901     12.3705717
      34.1     22.0816741     12.3798475
      34.2     22.0411002     12.3889361
      34.3     22.0004690     12.3978374
      34.4     21.9597810     12.4065516
      34.5     21.9190365     12.4150790
      34.6     21.8782362     12.4234196
      34.7     21.8373806     12.4315736
      34.8     21.7964700     12.4395411
      34.9     21.7555050     12.4473224
      35.0     21.7144861     12.4549175
      35.1     21.6734137     12.4623267
      35.2     21.6322884     12.4695501
      35.3     21.5911107     12.4765879
      35.4     21.5498809     12.4834403
      35.5     21.5085998     12.4901075
      35.6     21.4672676     12.4965896
      35.7     21.4258850     12.5028869
      35.8     21.3844524     12.5089995
      35.9     21.3429703     12.5149278
      36.0     21.3014392     12.5206718
      36.1     21.2598596     12.5262318
      36.2     21.2182320     12.5316081
      36.3     21.1765569     12.5368008
      36.4     21.1348348     12.5418101
      36.5     21.0930662     12.5466364
      36.6     21.0512516     12.5512798
      36.7     21.0093914     12.5557406
      36.8     20.9674863     12.5600191
      36.9     20.9255367     12.5641154
      37.0     20.8835430     12.5680299
      37.1     20.8415058     12.5717628
      37.2     20.7994257     12.5753144
      37.3     20.7573030     12.5786849
      37.4     20.7151384     12.5818746
      37.5     20.6729322     12.5848838
      37.6     20.6306851     12.5877127
      37.7     20.5883974     12.5903617
      37.8     20.5460698     12.5928311
      37.9     20.5037027     12.5951211
      38.0     20.4612967     12.5972321
      38.1     20.4188522     12.5991643
      38.2     20.3763697     12.6009181
      38.3     20.3338498     12.6024937
      38.4     20.2912929     12.6038916
      38.5     20.2486996     12.6051119
      38.6     20.2060704     12.6061551
      38.7     20.1634058     12.6070214
      38.8     20.1207062     12.6077112
      38.9     20.0779723     12.6082249
      39.0     20.0352045     12.6085627
      39.1     19.9924033     12.6087251
      39.2     19.9495692     12.6087123
      39.3     19.9067028     12.6085248
      39.4     19.8638046     12.6081629
      39.5     19.8208750     12.6076269
      39.6     19.7779146     12.6069172
      39.7     19.7349239     12.6060343
      39.8     19.6919034     12.6049784
      39.9     19.6488536     12.6037499
      40.0     19.6057751     12.6023493
      40.1     19.5626683     12.6007769
      40.2     19.5195338     12.5990331
      40.3     19.4763721     12.5971184
      40.4     19.4331836     12.5950330
      40.5     19.3899690     12.5927775
      40.6     19.3467287     12.5903522
      40.7     19.3034632     12.5877576
      40.8     19.2601731     12.5849940
      40.9     19.2168589     12.5820618
      41.0     19.1735211     12.5789616
      41.1     19.1301601     12.5756937
      41.2     19.0867766     12.5722586
      41.3     19.0433711     12.5686567
      41.4     18.9999440     12.5648884
      41.5     18.9564959     12.5609542
      41.6     18.9130272     12.5568545
      41.7     18.8695386     12.5525899
      41.8     18.8260306     12.5481607
      41.9     18.7825036     12.5435673
      42.0     18.7389581     12.5388104
      42.1     18.6953948     12.5338903
      42.2     18.6518140     12.5288075
      42.3     18.6082164     12.5235625
      42.4     18.5646025     12.5181558
      42.5     18.5209727     12.5125878
      42.6     18.4773276     12.5068591
      42.7     18.4336678     12.5009700
      42.8     18.3899936     12.4949212
      42.9     18.3463057     12.4887132
      43.0     18.3026046     12.4823463
      43.1     18.2588908     12.4758212
      43.2     18.2151648     12.4691384
      43.3     18.1714272     12.4622983
      43.4     18.1276784     12.4553014
      43.5     18.0839190     12.4481484
      43.6     18.0401495     12.4408396
      43.7     17.9963704     12.4333758
      43.8     17.9525823     12.4257573
      43.9     17.9087856     12.4179847
      44.0     17.8649809     12.4100585
      44.1     17.8211688     12.4019794
      44.2     17.7773496     12.3937478
      44.3     17.7335241     12.3853643
      44.4     17.6896926     12.3768294
      44.5     17.6458557     12.3681437
      44.6     17.6020139     12.3593078
      44.7     17.5581678     12.3503222
      44.8     17.5143179     12.3411876
      44.9     17.4704646     12.3319043
      45.0     17.4266086     12.3224731
      45.1     17.3827503     12.3128945
      45.2     17.3388903     12.3031691
      45.3     17.2950290     12.2932975
      45.4     17.2511671     12.2832803
      45.5     17.2073050     12.2731180
      45.6     17.1634432     12.2628113
      45.7     17.1195823     12.2523607
      45.8     17.0757228     12.2417668
      45.9     17.0318652     12.2310303
      46.0     16.9880101     12.2201518
      46.1     16.9441579     12.2091318
      46.2     16.9003092     12.1979710
      46.3     16.8564645     12.1866700
      46.4     16.8126243     12.1752295
      46.5     16.7687892     12.1636499
      46.6     16.7249597     12.1519321
      46.7     16.6811363     12.1400765
      46.8     16.6373194     12.1280839
      46.9     16.5935097     12.1159549
      47.0     16.5497077     12.1036900
      47.1     16.5059139     12.0912900
      47.2     16.4621287     12.0787555
      47.3     16.4183528     12.0660871
      47.4     16.3745866     12.0532855
      47.5     16.3308307     12.0403514
      47.6     16.2870856     12.0272853
      47.7     16.2433518     12.0140881
      47.8     16.1996298     12.0007602
      47.9     16.1559202     11.9873025
      48.0     16.1122234     11.9737154
      48.1     16.0685400     11.9599999
      48.2     16.0248705     11.9461564
      48.3     15.9812155     11.9321857
      48.4     15.9375754     11.9180884
      48.5     15.8939508     11.9038654
      48.6     15.8503421     11.8895171
      48.7     15.8067500     11.8750443
      48.8     15.7631749     11.8604478
      48.9     15.7196173     11.8457281
      49.0     15.6760778     11.8308861
      49.1     15.6325568     11.8159223
      49.2     15.5890550     11.8008375
      49.3     15.5455727     11.7856325
      49.4     15.5021106     11.7703078
      49.5     15.4586692     11.7548643
      49.6     15.4152489     11.7393025
      49.7     15.3718503     11.7236234
      49.8     15.3284738     11.7078275
      49.9     15.2851201     11.6919155
      50.0     15.2417897     11.6758883
      50.1     15.1984829     11.6597465
      50.2     15.1552004     11.6434908
      50.3     15.1119427     11.6271220
      50.4     15.0687103     11.6106408
      50.5     15.0255037     11.5940480
      50.6     14.9823233     11.5773442
      50.7     14.9391698     11.5605303
      50.8     14.8960437     11.5436070
      50.9     14.8529454     11.5265749
      51.0     14.8098754     11.5094349
      51.1     14.7668344     11.4921877
      51.2     14.7238227     11.4748340
      51.3     14.6808409     11.4573747
      51.4     14.6378895     11.4398104
      51.5     14.5949691     11.4221419
      51.6     14.5520801     11.4043699
      51.7     14.5092230     11.3864953
      51.8     14.4663983     11.3685189
      51.9     14.4236067     11.3504412
      52.0     14.3808484     11.3322632
      52.1     14.3381242     11.3139856
      52.2     14.2954344     11.2956092
      52.3     14.2527796     11.2771346
      52.4     14.2101603     11.2585629
      52.5     14.1675770     11.2398946
      52.6     14.1250302     11.2211305
      52.7     14.0825205     11.2022716
      52.8     14.0400482     11.1833184
      52.9     13.9976139     11.1642719
      53.0     13.9552182     11.1451328
      53.1     13.9128615     11.1259019
      53.2     13.8705443     11.1065800
      53.3     13.8282672     11.0871678
      53.4     13.7860306     11.0676662
      53.5     13.7438350     11.0480760
      53.6     13.7016809     11.0283980
      53.7     13.6595689     11.0086329
      53.8     13.6174994     10.9887816
      53.9     13.5754730     10.9688448
      54.0     13.5334900     10.9488234
      54.1     13.4915511     10.9287182
      54.2     13.4496568     10.9085300
      54.3     13.4078074     10.8882595
      54.4     13.3660036     10.8679077
      54.5     13.3242458     10.8474753
      54.6     13.2825345     10.8269631
      54.7     13.2408702     10.8063719
      54.8     13.1992534     10.7857026
      54.9     13.1576846     10.7649559
      55.0     13.1161643     10.7441328
      55.1     13.0746929     10.7232339
      55.2     13.0332711     10.7022602
      55.3     12.9918992     10.6812125
      55.4     12.9505777     10.6600915
      55.5     12.9093072     10.6388981
      55.6     12.8680881     10.6176332
      55.7     12.8269209     10.5962975
      55.8     12.7858061     10.5748919
      55.9     12.7447443     10.5534172
      56.0     12.7037358     10.5318743
      56.1     12.6627811     10.5102639
      56.2     12.6218808     10.4885869
      56.3     12.5810354     10.4668442
      56.4     12.5402452     10.4450366
      56.5     12.4995109     10.4231649
      56.6     12.4588329     10.4012300
      56.7     12.4182116     10.3792327
      56.8     12.3776475     10.3571737
      56.9     12.3371412     10.3350541
      57.0     12.2966931     10.3128746
      57.1     12.2563037     10.2906361
      57.2     12.2159734     10.2683393
      57.3     12.1757028     10.2459852
      57.4     12.1354923     10.2235746
      57.5     12.0953424     10.2011083
      57.6     12.0552536     10.1785872
      57.7     12.0152263     10.1560122
      57.8     11.9752610     10.1333840
      57.9     11.9353582     10.1107035
      58.0     11.8955183     10.0879717
      58.1     11.8557419     10.0651892
      58.2     11.8160294     10.0423571
      58.3     11.7763813     10.0194760
      58.4     11.7367980      9.9965470
      58.5     11.6972800      9.9735708
      58.6     11.6578278      9.9505482
      58.7     11.6184418      9.9274802
      58.8     11.5791226      9.9043676
      58.9     11.5398705      9.8812113
      59.0     11.5006860      9.8580120
      59.1     11.4615697      9.8347707
      59.2     11.4225219      9.8114882
      59.3     11.3835431      9.7881654
      59.4     11.3446338      9.7648031
      59.5     11.3057945      9.7414022
      59.6     11.2670256      9.7179636
      59.7     11.2283275      9.6944880
      59.8     11.1897007      9.6709764
      59.9     11.1511457      9.6474296
      60.0     11.1126630      9.6238485
      60.1     11.0742529      9.6002338
      60.2     11.0359160      9.5765866
      60.3     10.9976526      9.5529077
      60.4     10.9594633      9.5291978
      60.5     10.9213485      9.5054579
      60.6     10.8833086      9.4816888
      60.7     10.8453441      9.4578914
      60.8     10.8074555      9.4340665
      60.9     10.7696431      9.4102150
      61.0     10.7319075      9.3863378
      61.1     10.6942491      9.3624357
      61.2     10.6566682      9.3385095
      61.3     10.6191655      9.3145602
      61.4     10.5817412      9.2905886
      61.5     10.5443959      9.2665955
      61.6     10.5071300      9.2425819
      61.7     10.4699439      9.2185485
      61.8     10.4328380      9.1944962
      61.9     10.3958129      9.1704258
      62.0     10.3588689      9.1463384
      62.1     10.3220065      9.1222346
      62.2     10.2852261      9.0981153
      62.3     10.2485281      9.0739815
      62.4     10.2119130      9.0498339
      62.5     10.1753812      9.0256734
      62.6     10.1389332      9.0015009
      62.7     10.1025693      8.9773172
      62.8     10.0662900      8.9531232
      62.9     10.0300958      8.9289197
      63.0      9.9939869      8.9047076
      63.1      9.9579640      8.8804877
      63.2      9.9220273      8.8562609
      63.3      9.8861774      8.8320280
      63.4      9.8504146      8.8077900
      63.5      9.8147394      8.7835475
      63.6      9.7791521      8.7593016
      63.7      9.7436533      8.7350530
      63.8      9.7082433      8.7108025
      63.9      9.6729225      8.6865511
      64.0      9.6376913      8.6622996
      64.1      9.6025502      8.6380488
      64.2      9.5674996      8.6137995
      64.3      9.5325399      8.5895527
      64.4      9.4976715      8.5653091
      64.5      9.4628948      8.5410696
      64.6      9.4282102      8.5168350
      64.7      9.3936181      8.4926062
      64.8      9.3591190      8.4683841
      64.9      9.3247132      8.4441693
      65.0      9.2904011      8.4199629
      65.1      9.2561832      8.3957656
      65.2      9.2220599      8.3715783
      65.3      9.1880314      8.3474017
      65.4      9.1540984      8.3232368
      65.5      9.1202610      8.2990843
      65.6      9.0865199      8.2749452
      65.7      9.0528752      8.2508201
      65.8      9.0193275      8.2267100
      65.9      8.9858771      8.2026157
      66.0      8.9525244      8.1785380
      66.1      8.9192698      8.1544777
      66.2      8.8861138      8.1304357
      66.3      8.8530566      8.1064127
      66.4      8.8200987      8.0824097
      66.5      8.7872404      8.0584274
      66.6      8.7544822      8.0344666
      66.7      8.7218244      8.0105281
      66.8      8.6892675      7.9866128
      66.9      8.6568117      7.9627215
      67.0      8.6244575      7.9388550
      67.1      8.5922053      7.9150141
      67.2      8.5600554      7.8911996
      67.3      8.5280082      7.8674124
      67.4      8.4960640      7.8436531
      67.5      8.4642234      7.8199227
      67.6      8.4324865      7.7962220
      67.7      8.4008539      7.7725516
      67.8      8.3693258      7.7489126
      67.9      8.3379027      7.7253055
      68.0      8.3065848      7.7017313
      68.1      8.2753727      7.6781908
      68.2      8.2442665      7.6546846
      68.3      8.2132668      7.6312137
      68.4      8.1823738      7.6077788
      68.5      8.1515880      7.5843807
      68.6      8.1209096      7.5610201
      68.7      8.0903391      7.5376980
      68.8      8.0598768      7.5144149
      68.9      8.0295230      7.4911719
      69.0      7.9992781      7.4679695
      69.1      7.9691425      7.4448086
      69.2      7.9391165      7.4216900
      69.3      7.9092005      7.3986144
      69.4      7.8793947      7.3755826
      69.5      7.8496997      7.3525954
      69.6      7.8201156      7.3296535
      69.7      7.7906429      7.3067578
      69.8      7.7612819      7.2839089
      69.9      7.7320329      7.2611076
      70.0      7.7028962      7.2383548
      70.1      7.6738723      7.2156510
      70.2      7.6449615      7.1929972
      70.3      7.6161640      7.1703941
      70.4      7.5874803      7.1478423
      70.5      7.5589106      7.1253427
      70.6      7.5304553      7.1028960
      70.7      7.5021147      7.0805030
      70.8      7.4738892      7.0581643
      70.9      7.4457790      7.0358808
      71.0      7.4177846      7.0136531
      71.1      7.3899061      6.9914820
      71.2      7.3621441      6.9693682
      71.3      7.3344987      6.9473125
      71.4      7.3069703      6.9253156
      71.5      7.2795592      6.9033782
      71.6      7.2522658      6.8815010
      71.7      7.2250903      6.8596848
      71.8      7.1980331      6.8379302
      71.9      7.1710944      6.8162381
      72.0      7.1442747      6.7946090
      72.1      7.1175741      6.7730437
      72.2      7.0909931      6.7515430
      72.3      7.0645319      6.7301074
      72.4      7.0381908      6.7087378
      72.5      7.0119702      6.6874348
      72.6      6.9858702      6.6661991
      72.7      6.9598914      6.6450314
      72.8      6.9340338      6.6239325
      72.9      6.9082979      6.6029029
      73.0      6.8826839      6.5819434
      73.1      6.8571922      6.5610547
      73.2      6.8318230      6.5402374
      73.3      6.8065766      6.5194922
      73.4      6.7814533      6.4988198
      73.5      6.7564534      6.4782209
      73.6      6.7315772      6.4576961
      73.7      6.7068250      6.4372462
      73.8      6.6821971      6.4168717
      73.9      6.6576937      6.3965733
      74.0      6.6333151      6.3763517
      74.1      6.6090616      6.3562076
      74.2      6.5849335      6.3361415
      74.3      6.5609311      6.3161542
      74.4      6.5370546      6.2962463
      74.5      6.5133044      6.2764184
      74.6      6.4896806      6.2566712
      74.7      6.4661836      6.2370054
      74.8      6.4428136      6.2174214
      74.9      6.4195709      6.1979201
      75.0      6.3964558      6.1785019
      75.1      6.3734686      6.1591676
      75.2      6.3506094      6.1399177
      75.3      6.3278786      6.1207529
      75.4      6.3052764      6.1016738
      75.5      6.2828031      6.0826810
      75.6      6.2604589      6.0637751
      75.7      6.2382441      6.0449567
      75.8      6.2161590      6.0262264
      75.9      6.1942038      6.0075849
      76.0      6.1723787      5.9890326
      76.1      6.1506840      5.9705703
      76.2      6.1291200      5.9521985
      76.3      6.1076868      5.9339178
      76.4      6.0863848      5.9157287
      76.5      6.0652142      5.8976319
      76.6      6.0441752      5.8796279
      76.7      6.0232681      5.8617173
      76.8      6.0024931      5.8439007
      76.9      5.9818504      5.8261786
      77.0      5.9613403      5.8085516
      77.1      5.9409631      5.7910202
      77.2      5.9207188      5.7735851
      77.3      5.9006079      5.7562468
      77.4      5.8806304      5.7390058
      77.5      5.8607866      5.7218626
      77.6      5.8410769      5.7048178
      77.7      5.8215012      5.6878720
      77.8      5.8020600      5.6710257
      77.9      5.7827535      5.6542794
      78.0      5.7635817      5.6376336
      78.1      5.7445450      5.6210889
      78.2      5.7256436      5.6046458
      78.3      5.7068777      5.5883048
      78.4      5.6882474      5.5720664
      78.5      5.6697531      5.5559311
      78.6      5.6513949      5.5398995
      78.7      5.6331730      5.5239720
      78.8      5.6150876      5.5081492
      78.9      5.5971390      5.4924314
      79.0      5.5793273      5.4768194
      79.1      5.5616528      5.4613134
      79.2      5.5441156      5.4459140
      79.3      5.5267159      5.4306218
      79.4      5.5094539      5.4154370
      79.5      5.4923299      5.4003603
      79.6      5.4753440      5.3853921
      79.7      5.4584964      5.3705329
      79.8      5.4417873      5.3557831
      79.9      5.4252168      5.3411432
      80.0      5.4087853      5.3266137
      80.1      5.3924928      5.3121949
      80.2      5.3763395      5.2978874
      80.3      5.3603256      5.2836916
      80.4      5.3444513      5.2696078
      80.5      5.3287168      5.2556367
      80.6      5.3131223      5.2417785
      80.7      5.2976678      5.2280338
      80.8      5.2823537      5.2144029
      80.9      5.2671800      5.2008862
      81.0      5.2521469      5.1874842
      81.1      5.2372546      5.1741974
      81.2      5.2225033      5.1610260
      81.3      5.2078931      5.1479705
      81.4      5.1934242      5.1350313
      81.5      5.1790967      5.1222088
      81.6      5.1649108      5.1095034
      81.7      5.1508667      5.0969155
      81.8      5.1369645      5.0844454
      81.9      5.1232044      5.0720935
      82.0      5.1095865      5.0598603
      82.1      5.0961109      5.0477461
      82.2      5.0827779      5.0357512
      82.3      5.0695875      5.0238760
      82.4      5.0565399      5.0121209
      82.5      5.0436353      5.0004863
      82.6      5.0308737      4.9889724
      82.7      5.0182554      4.9775796
      82.8      5.0057804      4.9663083
      82.9      4.9934489      4.9551589
      83.0      4.9812611      4.9441315
      83.1      4.9692170      4.9332267
      83.2      4.9573169      4.9224447
      83.3      4.9455607      4.9117857
      83.4      4.9339487      4.9012503
      83.5      4.9224809      4.8908385
      83.6      4.9111576      4.8805509
      83.7      4.8999788      4.8703876
      83.8      4.8889446      4.8603490
      83.9      4.8780552      4.8504353
      84.0      4.8673106      4.8406470
      84.1      4.8567110      4.8309841
      84.2      4.8462565      4.8214471
      84.3      4.8359473      4.8120363
      84.4      4.8257833      4.8027518
      84.5      4.8157648      4.7935939
      84.6      4.8058918      4.7845630
      84.7      4.7961644      4.7756593
      84.8      4.7865828      4.7668831
      84.9      4.7771469      4.7582345
      85.0      4.7678571      4.7497139
      85.1      4.7587132      4.7413216
      85.2      4.7497155      4.7330576
      85.3      4.7408640      4.7249223
      85.4      4.7321588      4.7169160
      85.5      4.7236001      4.7090388
      85.6      4.7151878      4.7012909
      85.7      4.7069220      4.6936727
      85.8      4.6988029      4.6861842
      85.9      4.6908306      4.6788257
      86.0      4.6830051      4.6715975
      86.1      4.6753265      4.6644997
      86.2      4.6677948      4.6575325
      86.3      4.6604102      4.6506961
      86.4      4.6531727      4.6439907
      86.5      4.6460824      4.6374166
      86.6      4.6391394      4.6309737
      86.7      4.6323437      4.6246624
      86.8      4.6256954      4.6184829
      86.9      4.6191946      4.6124352
      87.0      4.6128413      4.6065195
      87.1      4.6066355      4.6007361
      87.2      4.6005775      4.5950850
      87.3      4.5946671      4.5895664
      87.4      4.5889044      4.5841805
      87.5      4.5832896      4.5789273
      87.6      4.5778227      4.5738071
      87.7      4.5725036      4.5688200
      87.8      4.5673325      4.5639660
      87.9      4.5623094      4.5592454
      88.0      4.5574344      4.5546581
      88.1      4.5527075      4.5502045
      88.2      4.5481287      4.5458844
      88.3      4.5436980      4.5416982
      88.4      4.5394156      4.5376457
      88.5      4.5352814      4.5337273
      88.6      4.5312955      4.5299429
      88.7      4.5274579      4.5262926
      88.8      4.5237686      4.5227765
      88.9      4.5202278      4.5193947
      89.0      4.5168353      4.5161473
      89.1      4.5135912      4.5130344
      89.2      4.5104956      4.5100559
      89.3      4.5075484      4.5072120
      89.4      4.5047497      4.5045027
      89.5      4.5020995      4.5019281
      89.6      4.4995979      4.4994882
      89.7      4.4972447      4.4971831
      89.8      4.4950401      4.4950127
      89.9      4.4929841      4.4929772
      90.0      4.4910766      4.4910766
      90.1      4.4893176      4.4893108
      90.2      4.4877073      4.4876800
      90.3      4.4862455      4.4861840
      90.4      4.4849323      4.4848230
      90.5      4.4837677      4.4835969
      90.6      4.4827516      4.4825058
      90.7      4.4818841      4.4815496
      90.8      4.4811652      4.4807284
      90.9      4.4805948      4.4800420
      91.0      4.4801730      4.4794906
      91.1      4.4798996      4.4790741
      91.2      4.4797748      4.4787924
      91.3      4.4797986      4.4786455
      91.4      4.4799708      4.4786334
      91.5      4.4802914      4.4787561
      91.6      4.4807605      4.4790135
      91.7      4.4813781      4.4794056
      91.8      4.4821440      4.4799323
      91.9      4.4830583      4.4805936
      92.0      4.4841209      4.4813893
      92.1      4.4853319      4.4823195
      92.2      4.4866912      4.4833841
      92.3      4.4881986      4.4845829
      92.4      4.4898544      4.4859160
      92.5      4.4916583      4.4873832
      92.6      4.4936103      4.4889844
      92.7      4.4957104      4.4907196
      92.8      4.4979586      4.4925887
      92.9      4.5003548      4.4945915
      93.0      4.5028990      4.4967279
      93.1      4.5055911      4.4989979
      93.2      4.5084310      4.5014013
      93.3      4.5114188      4.5039380
      93.4      4.5145543      4.5066080
      93.5      4.5178376      4.5094109
      93.6      4.5212685      4.5123468
      93.7      4.5248470      4.5154155
      93.8      4.5285730      4.5186168
      93.9      4.5324465      4.5219507
      94.0      4.5364675      4.5254169
      94.1      4.5406357      4.5290153
      94.2      4.5449513      4.5327457
      94.3      4.5494140      4.5366080
      94.4      4.5540239      4.5406020
      94.5      4.5587808      4.5447276
      94.6      4.5636847      4.5489846
      94.7      4.5687356      4.5533727
      94.8      4.5739333      4.5578918
      94.9      4.5792777      4.5625418
      95.0      4.5847688      4.5673223
      95.1      4.5904065      4.5722333
      95.2      4.5961906      4.5772746
      95.3      4.6021212      4.5824458
      95.4      4.6081982      4.5877468
      95.5      4.6144213      4.5931774
      95.6      4.6207906      4.5987374
      95.7      4.6273060      4.6044266
      95.8      4.6339673      4.6102447
      95.9      4.6407744      4.6161914
      96.0      4.6477274      4.6222666
      96.1      4.6548259      4.6284700
      96.2      4.6620700      4.6348014
      96.3      4.6694596      4.6412605
      96.4      4.6769945      4.6478471
      96.5      4.6846746      4.6545609
      96.6      4.6924999      4.6614016
      96.7      4.7004702      4.6683690
      96.8      4.7085853      4.6754628
      96.9      4.7168453      4.6826828
      97.0      4.7252498      4.6900286
      97.1      4.7337990      4.6974999
      97.2      4.7424925      4.7050966
      97.3      4.7513304      4.7128182
      97.4      4.7603124      4.7206646
      97.5      4.7694385      4.7286353
      97.6      4.7787085      4.7367302
      97.7      4.7881223      4.7449488
      97.8      4.7976798      4.7532909
      97.9      4.8073808      4.7617561
      98.0      4.8172251      4.7703442
      98.1      4.8272128      4.7790548
      98.2      4.8373435      4.7878876
      98.3      4.8476172      4.7968423
      98.4      4.8580338      4.8059184
      98.5      4.8685931      4.8151158
      98.6      4.8792949      4.8244339
      98.7      4.8901391      4.8338726
      98.8      4.9011255      4.8434313
      98.9      4.9122541      4.8531099
      99.0      4.9235246      4.8629078
      99.1      4.9349369      4.8728248
      99.2      4.9464908      4.8828605
      99.3      4.9581862      4.8930144
      99.4      4.9700230      4.9032863
      99.5      4.9820009      4.9136757
      99.6      4.9941198      4.9241823
      99.7      5.0063795      4.9348057
      99.8      5.0187799      4.9455454
      99.9      5.0313208      4.9564011
     100.0      5.0440021      4.9673724
     100.1      5.0568235      4.9784588
     100.2      5.0697849      4.9896600
     100.3      5.0828861      5.0009756
     100.4      5.0961269      5.0124051
     100.5      5.1095072      5.0239481
     100.6      5.1230268      5.0356042
     100.7      5.1366855      5.0473729
     100.8      5.1504831      5.0592539
     100.9      5.1644195      5.0712467
     101.0      5.1784943      5.0833508
     101.1      5.1927076      5.0955659
     101.2      5.2070590      5.1078914
     101.3      5.2215484      5.1203269
     101.4      5.2361756      5.1328720
     101.5      5.2509403      5.1455261
     101.6      5.2658425      5.1582890
     101.7      5.2808818      5.1711599
     101.8      5.2960582      5.1841386
     101.9      5.3113713      5.1972246
     102.0      5.3268210      5.2104172
     102.1      5.3424072      5.2237162
     102.2      5.3581295      5.2371209
     102.3      5.3739877      5.2506309
     102.4      5.3899818      5.2642458
     102.5      5.4061114      5.2779649
     102.6      5.4223763      5.2917879
     102.7      5.4387763      5.3057142
     102.8      5.4553113      5.3197433
     102.9      5.4719809      5.3338747
     103.0      5.4887851      5.3481078
     103.1      5.5057234      5.3624423
     103.2      5.5227958      5.3768775
     103.3      5.5400020      5.3914129
     103.4      5.5573418      5.4060480
     103.5      5.5748149      5.4207823
     103.6      5.5924212      5.4356153
     103.7      5.6101603      5.4505463
     103.8      5.6280321      5.4655749
     103.9      5.6460363      5.4807005
     104.0      5.6641727      5.4959225
     104.1      5.6824410      5.5112405
     104.2      5.7008411      5.5266539
     104.3      5.7193726      5.5421620
     104.4      5.7380354      5.5577644
     104.5      5.7568291      5.5734605
     104.6      5.7757536      5.5892497
     104.7      5.7948086      5.6051315
     104.8      5.8139938      5.6211052
     104.9      5.8333090      5.6371703
     105.0      5.8527540      5.6533262
     105.1      5.8723284      5.6695724
     105.2      5.8920321      5.6859082
     105.3      5.9118648      5.7023330
     105.4      5.9318261      5.7188463
     105.5      5.9519160      5.7354475
     105.6      5.9721340      5.7521359
     105.7      5.9924800      5.7689110
     105.8      6.0129537      5.7857722
     105.9      6.0335547      5.8027188
     106.0      6.0542829      5.8197503
     106.1      6.0751380      5.8368660
     106.2      6.0961197      5.8540653
     106.3      6.1172277      5.8713475
     106.4      6.1384618      5.8887122
     106.5      6.1598216      5.9061585
     106.6      6.1813070      5.9236860
     106.7      6.2029176      5.9412940
     106.8      6.2246531      5.9589818
     106.9      6.2465133      5.9767488
     107.0      6.2684979      5.9945944
     107.1      6.2906066      6.0125178
     107.2      6.3128391      6.0305186
     107.3      6.3351951      6.0485960
     107.4      6.3576744      6.0667493
     107.5      6.3802767      6.0849780
     107.6      6.4030016      6.1032813
     107.7      6.4258488      6.1216586
     107.8      6.4488181      6.1401093
     107.9      6.4719093      6.1586326
     108.0      6.4951218      6.1772280
     108.1      6.5184556      6.1958946
     108.2      6.5419103      6.2146319
     108.3      6.5654855      6.2334392
     108.4      6.5891810      6.2523158
     108.5      6.6129965      6.2712610
     108.6      6.6369316      6.2902741
     108.7      6.6609861      6.3093545
     108.8      6.6851597      6.3285014
     108.9      6.7094519      6.3477142
     109.0      6.7338627      6.3669922
     109.1      6.7583915      6.3863347
     109.2      6.7830381      6.4057409
     109.3      6.8078022      6.4252102
     109.4      6.8326835      6.4447419
     109.5      6.8576816      6.4643352
     109.6      6.8827962      6.4839895
     109.7      6.9080271      6.5037040
     109.8      6.9333738      6.5234781
     109.9      6.9588361      6.5433109
     110.0      6.9844136      6.5632019
     110.1      7.0101060      6.5831502
     110.2      7.0359130      6.6031552
     110.3      7.0618342      6.6232162
     110.4      7.0878693      6.6433323
     110.5      7.1140181      6.6635029
     110.6      7.1402800      6.6837272
     110.7      7.1666549      6.7040045
     110.8      7.1931423      6.7243342
     110.9      7.2197420      6.7447153
     111.0      7.2464536      6.7651472
     111.1      7.2732767      6.7856292
     111.2      7.3002110      6.8061605
     111.3      7.3272562      6.8267404
     111.4      7.3544120      6.8473680
     111.5      7.3816779      6.8680428
     111.6      7.4090536      6.8887638
     111.7      7.4365388      6.9095304
     111.8      7.4641331      6.9303418
     111.9      7.4918362      6.9511972
     112.0      7.5196477      6.9720960
     112.1      7.5475673      6.9930372
     112.2      7.5755946      7.0140202
     112.3      7.6037293      7.0350442
     112.4      7.6319709      7.0561085
     112.5      7.6603192      7.0772122
     112.6      7.6887738      7.0983545
     112.7      7.7173343      7.1195348
     112.8      7.7460003      7.1407523
     112.9      7.7747715      7.1620061
     113.0      7.8036476      7.1832955
     113.1      7.8326281      7.2046197
     113.2      7.8617126      7.2259779
     113.3      7.8909009      7.2473694
     113.4      7.9201926      7.2687934
     113.5      7.9495872      7.2902490
     113.6      7.9790844      7.3117355
     113.7      8.0086838      7.3332522
     113.8      8.0383851      7.3547981
     113.9      8.0681878      7.3763726
     114.0      8.0980916      7.3979748
     114.1      8.1280962      7.4196040
     114.2      8.1582010      7.4412593
     114.3      8.1884059      7.4629399
     114.4      8.2187102      7.4846451
     114.5      8.2491138      7.5063741
     114.6      8.2796162      7.5281260
     114.7      8.3102169      7.5499000
     114.8      8.3409157      7.5716954
     114.9      8.3717121      7.5935114
     115.0      8.4026058      7.6153471
     115.1      8.4335963      7.6372017
     115.2      8.4646833      7.6590744
     115.3      8.4958663      7.6809645
     115.4      8.5271450      7.7028710
     115.5      8.5585189      7.7247933
     115.6      8.5899878      7.7467304
     115.7      8.6215511      7.7686816
     115.8      8.6532085      7.7906460
     115.9      8.6849595      7.8126229
     116.0      8.7168039      7.8346114
     116.1      8.7487410      7.8566107
     116.2      8.7807707      7.8786200
     116.3      8.8128924      7.9006385
     116.4      8.8451058      7.9226653
     116.5      8.8774104      7.9446996
     116.6      8.9098059      7.9667407
     116.7      8.9422918      7.9887876
     116.8      8.9748677      8.0108396
     116.9      9.0075332      8.0328958
     117.0      9.0402879      8.0549555
     117.1      9.0731313      8.0770177
     117.2      9.1060632      8.0990817
     117.3      9.1390829      8.1211466
     117.4      9.1721902      8.1432116
     117.5      9.2053847      8.1652759
     117.6      9.2386658      8.1873387
     117.7      9.2720332      8.2093991
     117.8      9.3054864      8.2314562
     117.9      9.3390250      8.2535094
     118.0      9.3726487      8.2755576
     118.1      9.4063569      8.2976002
     118.2      9.4401493      8.3196362
     118.3      9.4740255      8.3416649
     118.4      9.5079849      8.3636853
     118.5      9.5420272      8.3856968
     118.6      9.5761519      8.4076983
     118.7      9.6103586      8.4296892
     118.8      9.6446470      8.4516686
     118.9      9.6790164      8.4736355
     119.0      9.7134666      8.4955893
     119.1      9.7479971      8.5175291
     119.2      9.7826074      8.5394540
     119.3      9.8172971      8.5613631
     119.4      9.8520658      8.5832558
     119.5      9.8869130      8.6051310
     119.6      9.9218383      8.6269881
     119.7      9.9568412      8.6488261
     119.8      9.9919214      8.6706442
     119.9     10.0270784      8.6924416
     120.0     10.0623116      8.7142175
     120.1     10.0976208      8.7359710
     120.2     10.1330054      8.7577012
     120.3     10.1684649      8.7794074
     120.4     10.2039991      8.8010887
     120.5     10.2396073      8.8227442
     120.6     10.2752892      8.8443732
     120.7     10.3110442      8.8659748
     120.8     10.3468720      8.8875481
     120.9     10.3827722      8.9090924
     121.0     10.4187441      8.9306068
     121.1     10.4547875      8.9520904
     121.2     10.4909018      8.9735425
     121.3     10.5270866      8.9949621
     121.4     10.5633414      9.0163485
     121.5     10.5996658      9.0377008
     121.6     10.6360594      9.0590182
     121.7     10.6725216      9.0802999
     121.8     10.7090519      9.1015450
     121.9     10.7456501      9.1227527
     122.0     10.7823155      9.1439221
     122.1     10.8190477      9.1650525
     122.2     10.8558463      9.1861430
     122.3     10.8927108      9.2071927
     122.4     10.9296407      9.2282009
     122.5     10.9666356      9.2491667
     122.6     11.0036951      9.2700893
     122.7     11.0408185      9.2909678
     122.8     11.0780055      9.3118015
     122.9     11.1152556      9.3325894
     123.0     11.1525684      9.3533309
     123.1     11.1899433      9.3740250
     123.2     11.2273800      9.3946709
     123.3     11.2648778      9.4152678
     123.4     11.3024365      9.4358149
     123.5     11.3400554      9.4563114
     123.6     11.3777341      9.4767564
     123.7     11.4154722      9.4971491
     123.8     11.4532691      9.5174888
     123.9     11.4911244      9.5377745
     124.0     11.5290377      9.5580054
     124.1     11.5670084      9.5781808
     124.2     11.6050360      9.5982999
     124.3     11.6431202      9.6183617
     124.4     11.6812604      9.6383656
     124.5     11.7194560      9.6583106
     124.6     11.7577068      9.6781961
     124.7     11.7960121      9.6980211
     124.8     11.8343715      9.7177848
     124.9     11.8727845      9.7374865
     125.0     11.9112507      9.7571254
     125.1     11.9497695      9.7767005
     125.2     11.9883405      9.7962113
     125.3     12.0269631      9.8156567
     125.4     12.0656370      9.8350361
     125.5     12.1043615      9.8543485
     125.6     12.1431363      9.8735934
     125.7     12.1819608      9.8927697
     125.8     12.2208346      9.9118768
     125.9     12.2597571      9.9309138
     126.0     12.2987280      9.9498799
     126.1     12.3377466      9.9687744
     126.2     12.3768125      9.9875965
     126.3     12.4159252     10.0063453
     126.4     12.4550842     10.0250201
     126.5     12.4942891     10.0436200
     126.6     12.5335393     10.0621444
     126.7     12.5728344     10.0805924
     126.8     12.6121738     10.0989632
     126.9     12.6515571     10.1172561
     127.0     12.6909837     10.1354703
     127.1     12.7304533     10.1536049
     127.2     12.7699652     10.1716593
     127.3     12.8095190     10.1896326
     127.4     12.8491141     10.2075241
     127.5     12.8887502     10.2253330
     127.6     12.9284267     10.2430586
     127.7     12.9681431     10.2607000
     127.8     13.0078989     10.2782565
     127.9     13.0476936     10.2957273
     128.0     13.0875267     10.3131118
     128.1     13.1273977     10.3304090
     128.2     13.1673061     10.3476183
     128.3     13.2072515     10.3647389
     128.4     13.2472332     10.3817700
     128.5     13.2872509     10.3987109
     128.6     13.3273040     10.4155609
     128.7     13.3673920     10.4323192
     128.8     13.4075144     10.4489850
     128.9     13.4476707     10.4655576
     129.0     13.4878604     10.4820362
     129.1     13.5280830     10.4984202
     129.2     13.5683380     10.5147088
     129.3     13.6086249     10.5309012
     129.4     13.6489432     10.5469967
     129.5     13.6892924     10.5629945
     129.6     13.7296720     10.5788941
     129.7     13.7700814     10.5946945
     129.8     13.8105202     10.6103951
     129.9     13.8509879     10.6259952
     130.0     13.8914840     10.6414941
     130.1     13.9320079     10.6568910
     130.2     13.9725591     10.6721852
     130.3     14.0131372     10.6873760
     130.4     14.0537416     10.7024626
     130.5     14.0943719     10.7174445
     130.6     14.1350275     10.7323208
     130.7     14.1757078     10.7470909
     130.8     14.2164125     10.7617540
     130.9     14.2571410     10.7763095
     131.0     14.2978928     10.7907566
     131.1     14.3386673     10.8050948
     131.2     14.3794641     10.8193232
     131.3     14.4202827     10.8334412
     131.4     14.4611225     10.8474480
     131.5     14.5019830     10.8613431
     131.6     14.5428638     10.8751258
     131.7     14.5837643     10.8887952
     131.8     14.6246840     10.9023509
     131.9     14.6656223     10.9157920
     132.0     14.7065789     10.9291180
     132.1     14.7475531     10.9423281
     132.2     14.7885445     10.9554218
     132.3     14.8295526     10.9683982
     132.4     14.8705767     10.9812568
     132.5     14.9116165     10.9939969
     132.6     14.9526714     11.0066179
     132.7     14.9937409     11.0191190
     132.8     15.0348245     11.0314998
     132.9     15.0759217     11.0437594
     133.0     15.1170319     11.0558972
     133.1     15.1581547     11.0679127
     133.2     15.1992895     11.0798052
     133.3     15.2404358     11.0915740
     133.4     15.2815931     11.1032185
     133.5     15.3227609     11.1147380
     133.6     15.3639387     11.1261321
     133.7     15.4051259     11.1373999
     133.8     15.4463221     11.1485410
     133.9     15.4875268     11.1595546
     134.0     15.5287393     11.1704403
     134.1     15.5699593     11.1811972
     134.2     15.6111862     11.1918250
     134.3     15.6524194     11.2023228
     134.4     15.6936585     11.2126902
     134.5     15.7349030     11.2229266
     134.6     15.7761522     11.2330313
     134.7     15.8174059     11.2430038
     134.8     15.8586633     11.2528434
     134.9     15.8999240     11.2625496
     135.0     15.9411875     11.2721218
     135.1     15.9824532     11.2815594
     135.2     16.0237207     11.2908618
     135.3     16.0649894     11.3000285
     135.4     16.1062589     11.3090588
     135.5     16.1475285     11.3179523
     135.6     16.1887979     11.3267084
     135.7     16.2300664     11.3353264
     135.8     16.2713336     11.3438059
     135.9     16.3125989     11.3521463
     136.0     16.3538618     11.3603470
     136.1     16.3951219     11.3684075
     136.2     16.4363786     11.3763272
     136.3     16.4776313     11.3841057
     136.4     16.5188797     11.3917423
     136.5     16.5601230     11.3992365
     136.6     16.6013610     11.4065878
     136.7     16.6425930     11.4137957
     136.8     16.6838184     11.4208596
     136.9     16.7250369     11.4277791
     137.0     16.7662479     11.4345536
     137.1     16.8074509     11.4411826
     137.2     16.8486453     11.4476655
     137.3     16.8898307     11.4540020
     137.4     16.9310065     11.4601914
     137.5     16.9721722     11.4662333
     137.6     17.0133273     11.4721272
     137.7     17.0544714     11.4778726
     137.8     17.0956038     11.4834691
     137.9     17.1367241     11.4889160
     138.0     17.1778317     11.4942130
     138.1     17.2189263     11.4993595
     138.2     17.2600071     11.5043552
     138.3     17.3010738     11.5091994
     138.4     17.3421257     11.5138919
     138.5     17.3831625     11.5184320
     138.6     17.4241836     11.5228194
     138.7     17.4651884     11.5270535
     138.8     17.5061766     11.5311340
     138.9     17.5471474     11.5350604
     139.0     17.5881006     11.5388322
     139.1     17.6290354     11.5424490
     139.2     17.6699515     11.5459104
     139.3     17.7108483     11.5492159
     139.4     17.7517254     11.5523652
     139.5     17.7925821     11.5553577
     139.6     17.8334180     11.5581931
     139.7     17.8742326     11.5608710
     139.8     17.9150254     11.5633909
     139.9     17.9557958     11.5657524
     140.0     17.9965434     11.5679551
     140.1     18.0372677     11.5699987
     140.2     18.0779681     11.5718827
     140.3     18.1186441     11.5736068
     140.4     18.1592953     11.5751705
     140.5     18.1999211     11.5765734
     140.6     18.2405210     11.5778153
     140.7     18.2810946     11.5788956
     140.8     18.3216412     11.5798141
     140.9     18.3621605     11.5805704
     141.0     18.4026518     11.5811641
     141.1     18.4431148     11.5815948
     141.2     18.4835488     11.5818622
     141.3     18.5239535     11.5819659
     141.4     18.5643282     11.5819056
     141.5     18.6046725     11.5816810
     141.6     18.6449859     11.5812916
     141.7     18.6852679     11.5807373
     141.8     18.7255180     11.5800175
     141.9     18.7657356     11.5791321
     142.0     18.8059203     11.5780807
     142.1     18.8460717     11.5768629
     142.2     18.8861890     11.5754785
     142.3     18.9262720     11.5739271
     142.4     18.9663200     11.5722085
     142.5     19.0063327     11.5703222
     142.6     19.0463094     11.5682682
     142.7     19.0862497     11.5660459
     142.8     19.1261531     11.5636552
     142.9     19.1660191     11.5610958
     143.0     19.2058472     11.5583674
     143.1     19.2456369     11.5554697
     143.2     19.2853877     11.5524024
     143.3     19.3250992     11.5491652
     143.4     19.3647707     11.5457580
     143.5     19.4044019     11.5421804
     143.6     19.4439922     11.5384322
     143.7     19.4835412     11.5345131
     143.8     19.5230483     11.5304230
     143.9     19.5625130     11.5261614
     144.0     19.6019350     11.5217283
     144.1     19.6413136     11.5171233
     144.2     19.6806484     11.5123463
     144.3     19.7199389     11.5073970
     144.4     19.7591846     11.5022752
     144.5     19.7983851     11.4969807
     144.6     19.8375398     11.4915133
     144.7     19.8766482     11.4858727
     144.8     19.9157099     11.4800588
     144.9     19.9547243     11.4740713
     145.0     19.9936911     11.4679101
     145.1     20.0326097     11.4615750
     145.2     20.0714796     11.4550657
     145.3     20.1103003     11.4483822
     145.4     20.1490714     11.4415242
     145.5     20.1877924     11.4344915
     145.6     20.2264628     11.4272841
     145.7     20.2650821     11.4199016
     145.8     20.3036498     11.4123440
     145.9     20.3421655     11.4046112
     146.0     20.3806286     11.3967029
     146.1     20.4190388     11.3886190
     146.2     20.4573954     11.3803594
     146.3     20.4956981     11.3719239
     146.4     20.5339464     11.3633124
     146.5     20.5721398     11.3545248
     146.6     20.6102778     11.3455610
     146.7     20.6483600     11.3364208
     146.8     20.6863858     11.3271041
     146.9     20.7243548     11.3176108
     147.0     20.7622665     11.3079408
     147.1     20.8001205     11.2980940
     147.2     20.8379163     11.2880704
     147.3     20.8756534     11.2778697
     147.4     20.9133314     11.2674920
     147.5     20.9509497     11.2569371
     147.6     20.9885079     11.2462049
     147.7     21.0260056     11.2352955
     147.8     21.0634423     11.2242087
     147.9     21.1008175     11.2129444
     148.0     21.1381307     11.2015027
     148.1     21.1753815     11.1898833
     148.2     21.2125694     11.1780864
     148.3     21.2496940     11.1661118
     148.4     21.2867548     11.1539595
     148.5     21.3237514     11.1416295
     148.6     21.3606832     11.1291217
     148.7     21.3975499     11.1164361
     148.8     21.4343509     11.1035727
     148.9     21.4710858     11.0905314
     149.0     21.5077541     11.0773123
     149.1     21.5443555     11.0639153
     149.2     21.5808894     11.0503404
     149.3     21.6173554     11.0365877
     149.4     21.6537530     11.0226571
     149.5     21.6900818     11.0085486
     149.6     21.7263414     10.9942623
     149.7     21.7625312     10.9797981
     149.8     21.7986508     10.9651562
     149.9     21.8346998     10.9503364
     150.0     21.8706778     10.9353389
     150.1     21.9065843     10.9201637
     150.2     21.9424187     10.9048108
     150.3     21.9781808     10.8892802
     150.4     22.0138701     10.8735721
     150.5     22.0494860     10.8576864
     150.6     22.0850283     10.8416233
     150.7     22.1204963     10.8253827
     150.8     22.1558897     10.8089648
     150.9     22.1912081     10.7923696
     151.0     22.2264510     10.7755973
     151.1     22.2616180     10.7586478
     151.2     22.2967086     10.7415213
     151.3     22.3317224     10.7242178
     151.4     22.3666589     10.7067375
     151.5     22.4015178     10.6890805
     151.6     22.4362986     10.6712468
     151.7     22.4710008     10.6532365
     151.8     22.5056241     10.6350499
     151.9     22.5401680     10.6166869
     152.0     22.5746321     10.5981478
     152.1     22.6090159     10.5794326
     152.2     22.6433190     10.5605415
     152.3     22.6775410     10.5414746
     152.4     22.7116815     10.5222320
     152.5     22.7457401     10.5028139
     152.6     22.7797163     10.4832205
     152.7     22.8136096     10.4634519
     152.8     22.8474198     10.4435082
     152.9     22.8811463     10.4233897
     153.0     22.9147888     10.4030964
     153.1     22.9483467     10.3826286
     153.2     22.9818198     10.3619864
     153.3     23.0152076     10.3411700
     153.4     23.0485097     10.3201797
     153.5     23.0817256     10.2990155
     153.6     23.1148550     10.2776777
     153.7     23.1478975     10.2561665
     153.8     23.1808525     10.2344821
     153.9     23.2137198     10.2126246
     154.0     23.2464989     10.1905944
     154.1     23.2791895     10.1683916
     154.2     23.3117910     10.1460164
     154.3     23.3443031     10.1234691
     154.4     23.3767254     10.1007499
     154.5     23.4090575     10.0778590
     154.6     23.4412990     10.0547967
     154.7     23.4734495     10.0315632
     154.8     23.5055086     10.0081588
     154.9     23.5374759      9.9845837
     155.0     23.5693510      9.9608381
     155.1     23.6011335      9.9369224
     155.2     23.6328230      9.9128368
     155.3     23.6644191      9.8885816
     155.4     23.6959214      9.8641569
     155.5     23.7273296      9.8395632
     155.6     23.7586432      9.8148008
     155.7     23.7898619      9.7898697
     155.8     23.8209852      9.7647705
     155.9     23.8520128      9.7395034
     156.0     23.8829443      9.7140686
     156.1     23.9137794      9.6884665
     156.2     23.9445175      9.6626974
     156.3     23.9751584      9.6367616
     156.4     24.0057017      9.6106595
     156.5     24.0361470      9.5843912
     156.6     24.0664939      9.5579573
     156.7     24.0967420      9.5313579
     156.8     24.1268910      9.5045935
     156.9     24.1569404      9.4776643
     157.0     24.1868900      9.4505708
     157.1     24.2167393      9.4233133
     157.2     24.2464880      9.3958920
     157.3     24.2761357      9.3683075
     157.4     24.3056820      9.3405599
     157.5     24.3351266      9.3126498
     157.6     24.3644692      9.2845774
     157.7     24.3937092      9.2563432
     157.8     24.4228464      9.2279475
     157.9     24.4518805      9.1993907
     158.0     24.4808110      9.1706732
     158.1     24.5096376      9.1417954
     158.2     24.5383599      9.1127576
     158.3     24.5669776      9.0835603
     158.4     24.5954904      9.0542039
     158.5     24.6238978      9.0246887
     158.6     24.6521995      8.9950153
     158.7     24.6803952      8.9651839
     158.8     24.7084846      8.9351951
     158.9     24.7364672      8.9050492
     159.0     24.7643427      8.8747467
     159.1     24.7921109      8.8442880
     159.2     24.8197712      8.8136736
     159.3     24.8473235      8.7829038
     159.4     24.8747673      8.7519791
     159.5     24.9021023      8.7209000
     159.6     24.9293282      8.6896670
     159.7     24.9564446      8.6582804
     159.8     24.9834512      8.6267407
     159.9     25.0103477      8.5950485
     160.0     25.0371337      8.5632041
     160.1     25.0638090      8.5312080
     160.2     25.0903730      8.4990608
     160.3     25.1168257      8.4667628
     160.4     25.1431665      8.4343147
     160.5     25.1693952      8.4017168
     160.6     25.1955115      8.3689696
     160.7     25.2215150      8.3360737
     160.8     25.2474054      8.3030296
     160.9     25.2731825      8.2698377
     161.0     25.2988457      8.2364985
     161.1     25.3243950      8.2030126
     161.2     25.3498299      8.1693805
     161.3     25.3751501      8.1356027
     161.4     25.4003553      8.1016798
     161.5     25.4254452      8.0676121
     161.6     25.4504195      8.0334004
     161.7     25.4752778      7.9990451
     161.8     25.5000200      7.9645467
     161.9     25.5246456      7.9299057
     162.0     25.5491543      7.8951229
     162.1     25.5735459      7.8601986
     162.2     25.5978200      7.8251334
     162.3     25.6219764      7.7899279
     162.4     25.6460148      7.7545827
     162.5     25.6699348      7.7190983
     162.6     25.6937361      7.6834752
     162.7     25.7174185      7.6477141
     162.8     25.7409817      7.6118155
     162.9     25.7644253      7.5757800
     163.0     25.7877491      7.5396082
     163.1     25.8109529      7.5033006
     163.2     25.8340362      7.4668579
     163.3     25.8569988      7.4302806
     163.4     25.8798405      7.3935694
     163.5     25.9025609      7.3567248
     163.6     25.9251598      7.3197474
     163.7     25.9476369      7.2826379
     163.8     25.9699919      7.2453968
     163.9     25.9922245      7.2080247
     164.0     26.0143345      7.1705224
     164.1     26.0363216      7.1328903
     164.2     26.0581855      7.0951292
     164.3     26.0799259      7.0572396
     164.4     26.1015426      7.0192222
     164.5     26.1230353      6.9810775
     164.6     26.1444038      6.9428064
     164.7     26.1656477      6.9044093
     164.8     26.1867668      6.8658869
     164.9     26.2077609      6.8272399
     165.0     26.2286297      6.7884689
     165.1     26.2493728      6.7495746
     165.2     26.2699902      6.7105576
     165.3     26.2904815      6.6714185
     165.4     26.3108464      6.6321582
     165.5     26.3310848      6.5927771
     165.6     26.3511963      6.5532760
     165.7     26.3711807      6.5136556
     165.8     26.3910378      6.4739165
     165.9     26.4107673      6.4340594
     166.0     26.4303690      6.3940850
     166.1     26.4498426      6.3539939
     166.2     26.4691878      6.3137869
     166.3     26.4884046      6.2734646
     166.4     26.5074925      6.2330278
     166.5     26.5264514      6.1924771
     166.6     26.5452811      6.1518132
     166.7     26.5639813      6.1110369
     166.8     26.5825517      6.0701488
     166.9     26.6009922      6.0291497
     167.0     26.6193024      5.9880402
     167.1     26.6374823      5.9468210
     167.2     26.6555316      5.9054930
     167.3     26.6734499      5.8640567
     167.4     26.6912372      5.8225130
     167.5     26.7088932      5.7808625
     167.6     26.7264177      5.7391060
     167.7     26.7438104      5.6972443
     167.8     26.7610712      5.6552779
     167.9     26.7781998      5.6132078
     168.0     26.7951960      5.5710345
     168.1     26.8120597      5.5287589
     168.2     26.8287905      5.4863817
     168.3     26.8453883      5.4439037
     168.4     26.8618529      5.4013255
     168.5     26.8781841      5.3586480
     168.6     26.8943817      5.3158720
     168.7     26.9104454      5.2729980
     168.8     26.9263752      5.2300270
     168.9     26.9421707      5.1869597
     169.0     26.9578318      5.1437968
     169.1     26.9733583      5.1005391
     169.2     26.9887500      5.0571874
     169.3     27.0040067      5.0137425
     169.4     27.0191282      4.9702051
     169.5     27.0341144      4.9265760
     169.6     27.0489650      4.8828560
     169.7     27.0636798      4.8390459
     169.8     27.0782588      4.7951464
     169.9     27.0927017      4.7511584
     170.0     27.1070082      4.7070826
     170.1     27.1211783      4.6629198
     170.2     27.1352118      4.6186708
     170.3     27.1491085      4.5743365
     170.4     27.1628682      4.5299175
     170.5     27.1764908      4.4854147
     170.6     27.1899760      4.4408290
     170.7     27.2033238      4.3961611
     170.8     27.2165339      4.3514118
     170.9     27.2296062      4.3065819
     171.0     27.2425405      4.2616723
     171.1     27.2553367      4.2166837
     171.2     27.2679946      4.1716170
     171.3     27.2805141      4.1264729
     171.4     27.2928949      4.0812524
     171.5     27.3051370      4.0359562
     171.6     27.3172402      3.9905852
     171.7     27.3292043      3.9451401
     171.8     27.3410292      3.8996218
     171.9     27.3527148      3.8540312
     172.0     27.3642609      3.8083690
     172.1     27.3756673      3.7626362
     172.2     27.3869339      3.7168334
     172.3     27.3980606      3.6709616
     172.4     27.4090473      3.6250217
     172.5     27.4198937      3.5790143
     172.6     27.4305998      3.5329405
     172.7     27.4411655      3.4868010
     172.8     27.4515906      3.4405966
     172.9     27.4618749      3.3943283
     173.0     27.4720184      3.3479968
     173.1     27.4820209      3.3016031
     173.2     27.4918823      3.2551480
     173.3     27.5016025      3.2086322
     173.4     27.5111813      3.1620568
     173.5     27.5206187      3.1154225
     173.6     27.5299145      3.0687302
     173.7     27.5390686      3.0219807
     173.8     27.5480809      2.9751750
     173.9     27.5569513      2.9283138
     174.0     27.5656797      2.8813981
     174.1     27.5742659      2.8344287
     174.2     27.5827099      2.7874065
     174.3     27.5910115      2.7403324
     174.4     27.5991707      2.6932071
     174.5     27.6071873      2.6460316
     174.6     27.6150612      2.5988068
     174.7     27.6227925      2.5515336
     174.8     27.6303808      2.5042127
     174.9     27.6378263      2.4568451
     175.0     27.6451287      2.4094317
     175.1     27.6522880      2.3619734
     175.2     27.6593040      2.3144709
     175.3     27.6661768      2.2669253
     175.4     27.6729062      2.2193373
     175.5     27.6794922      2.1717079
     175.6     27.6859345      2.1240380
     175.7     27.6922333      2.0763284
     175.8     27.6983884      2.0285800
     175.9     27.7043996      1.9807938
     176.0     27.7102670      1.9329705
     176.1     27.7159905      1.8851112
     176.2     27.7215700      1.8372166
     176.3     27.7270054      1.7892877
     176.4     27.7322967      1.7413253
     176.5     27.7374438      1.6933304
     176.6     27.7424466      1.6453039
     176.7     27.7473051      1.5972466
     176.8     27.7520192      1.5491595
     176.9     27.7565889      1.5010434
     177.0     27.7610141      1.4528992
     177.1     27.7652947      1.4047279
     177.2     27.7694307      1.3565303
     177.3     27.7734220      1.3083073
     177.4     27.7772686      1.2600599
     177.5     27.7809705      1.2117889
     177.6     27.7845275      1.1634953
     177.7     27.7879397      1.1151798
     177.8     27.7912071      1.0668436
     177.9     27.7943295      1.0184873
     178.0     27.7973069      0.9701120
     178.1     27.8001393      0.9217186
     178.2     27.8028267      0.8733079
     178.3     27.8053690      0.8248809
     178.4     27.8077662      0.7764384
     178.5     27.8100182      0.7279814
     178.6     27.8121251      0.6795108
     178.7     27.8140868      0.6310275
     178.8     27.8159033      0.5825323
     178.9     27.8175746      0.5340263
     179.0     27.8191006      0.4855102
     179.1     27.8204813      0.4369851
     179.2     27.8217167      0.3884518
     179.3     27.8228068      0.3399113
     179.4     27.8237516      0.2913643
     179.5     27.8245511      0.2428119
     179.6     27.8252052      0.1942550
     179.7     27.8257140      0.1456944
     179.8     27.8260774      0.0971311
     179.9     27.8262955      0.0485660
     180.0     27.8263681      0.0000000
