 # List of d(q) for j, j' =            3          31
 #    0  1.00000000
 #    1  0.04136745
 #    2  0.21838208
 #    3  0.01617152
 #    4  0.11398329
 #    5  0.00688679
 #    6  0.10073065
       0.0     58.2930226      0.0000000
       0.1     58.2922177      0.1017391
       0.2     58.2898031      0.2034694
       0.3     58.2857790      0.3051822
       0.4     58.2801457      0.4068689
       0.5     58.2729036      0.5085206
       0.6     58.2640532      0.6101286
       0.7     58.2535952      0.7116842
       0.8     58.2415304      0.8131788
       0.9     58.2278596      0.9146035
       1.0     58.2125839      1.0159497
       1.1     58.1957044      1.1172087
       1.2     58.1772224      1.2183718
       1.3     58.1571391      1.3194304
       1.4     58.1354562      1.4203758
       1.5     58.1121752      1.5211994
       1.6     58.0872979      1.6218925
       1.7     58.0608260      1.7224466
       1.8     58.0327615      1.8228531
       1.9     58.0031066      1.9231033
       2.0     57.9718634      2.0231889
       2.1     57.9390342      2.1231011
       2.2     57.9046214      2.2228316
       2.3     57.8686277      2.3223718
       2.4     57.8310556      2.4217133
       2.5     57.7919080      2.5208476
       2.6     57.7511877      2.6197664
       2.7     57.7088977      2.7184613
       2.8     57.6650412      2.8169240
       2.9     57.6196214      2.9151461
       3.0     57.5726417      3.0131193
       3.1     57.5241055      3.1108353
       3.2     57.4740165      3.2082861
       3.3     57.4223783      3.3054633
       3.4     57.3691947      3.4023589
       3.5     57.3144697      3.4989647
       3.6     57.2582073      3.5952726
       3.7     57.2004116      3.6912746
       3.8     57.1410870      3.7869627
       3.9     57.0802378      3.8823290
       4.0     57.0178684      3.9773654
       4.1     56.9539836      4.0720643
       4.2     56.8885879      4.1664176
       4.3     56.8216862      4.2604177
       4.4     56.7532835      4.3540568
       4.5     56.6833847      4.4473271
       4.6     56.6119951      4.5402211
       4.7     56.5391198      4.6327312
       4.8     56.4647643      4.7248497
       4.9     56.3889340      4.8165692
       5.0     56.3116344      4.9078823
       5.1     56.2328713      4.9987816
       5.2     56.1526505      5.0892596
       5.3     56.0709778      5.1793092
       5.4     55.9878593      5.2689230
       5.5     55.9033010      5.3580940
       5.6     55.8173092      5.4468149
       5.7     55.7298901      5.5350787
       5.8     55.6410502      5.6228785
       5.9     55.5507960      5.7102072
       6.0     55.4591340      5.7970581
       6.1     55.3660711      5.8834241
       6.2     55.2716140      5.9692987
       6.3     55.1757696      6.0546751
       6.4     55.0785450      6.1395466
       6.5     54.9799472      6.2239067
       6.6     54.8799835      6.3077489
       6.7     54.7786612      6.3910668
       6.8     54.6759876      6.4738539
       6.9     54.5719703      6.5561040
       7.0     54.4666168      6.6378108
       7.1     54.3599349      6.7189682
       7.2     54.2519323      6.7995701
       7.3     54.1426169      6.8796104
       7.4     54.0319966      6.9590832
       7.5     53.9200795      7.0379827
       7.6     53.8068737      7.1163029
       7.7     53.6923875      7.1940382
       7.8     53.5766292      7.2711829
       7.9     53.4596072      7.3477314
       8.0     53.3413300      7.4236783
       8.1     53.2218061      7.4990181
       8.2     53.1010443      7.5737453
       8.3     52.9790533      7.6478549
       8.4     52.8558419      7.7213415
       8.5     52.7314191      7.7942000
       8.6     52.6057938      7.8664254
       8.7     52.4789752      7.9380128
       8.8     52.3509723      8.0089573
       8.9     52.2217945      8.0792540
       9.0     52.0914511      8.1488983
       9.1     51.9599514      8.2178855
       9.2     51.8273050      8.2862111
       9.3     51.6935214      8.3538706
       9.4     51.5586102      8.4208596
       9.5     51.4225812      8.4871739
       9.6     51.2854440      8.5528092
       9.7     51.1472087      8.6177615
       9.8     51.0078851      8.6820266
       9.9     50.8674831      8.7456006
      10.0     50.7260129      8.8084797
      10.1     50.5834846      8.8706601
      10.2     50.4399084      8.9321381
      10.3     50.2952946      8.9929101
      10.4     50.1496534      9.0529726
      10.5     50.0029954      9.1123221
      10.6     49.8553309      9.1709555
      10.7     49.7066706      9.2288693
      10.8     49.5570250      9.2860605
      10.9     49.4064047      9.3425260
      11.0     49.2548204      9.3982628
      11.1     49.1022831      9.4532681
      11.2     48.9488034      9.5075391
      11.3     48.7943922      9.5610730
      11.4     48.6390606      9.6138674
      11.5     48.4828195      9.6659196
      11.6     48.3256800      9.7172273
      11.7     48.1676532      9.7677881
      11.8     48.0087503      9.8175999
      11.9     47.8489824      9.8666604
      12.0     47.6883609      9.9149678
      12.1     47.5268971      9.9625199
      12.2     47.3646023     10.0093149
      12.3     47.2014879     10.0553512
      12.4     47.0375654     10.1006270
      12.5     46.8728464     10.1451408
      12.6     46.7073423     10.1888911
      12.7     46.5410648     10.2318764
      12.8     46.3740255     10.2740957
      12.9     46.2062360     10.3155476
      13.0     46.0377082     10.3562310
      13.1     45.8684536     10.3961450
      13.2     45.6984843     10.4352886
      13.3     45.5278119     10.4736612
      13.4     45.3564483     10.5112618
      13.5     45.1844055     10.5480900
      13.6     45.0116954     10.5841452
      13.7     44.8383300     10.6194269
      13.8     44.6643212     10.6539350
      13.9     44.4896811     10.6876690
      14.0     44.3144217     10.7206289
      14.1     44.1385552     10.7528147
      14.2     43.9620937     10.7842263
      14.3     43.7850493     10.8148639
      14.4     43.6074341     10.8447279
      14.5     43.4292604     10.8738184
      14.6     43.2505404     10.9021360
      14.7     43.0712864     10.9296811
      14.8     42.8915105     10.9564544
      14.9     42.7112251     10.9824566
      15.0     42.5304424     11.0076885
      15.1     42.3491749     11.0321510
      15.2     42.1674347     11.0558451
      15.3     41.9852343     11.0787718
      15.4     41.8025860     11.1009324
      15.5     41.6195022     11.1223282
      15.6     41.4359953     11.1429604
      15.7     41.2520777     11.1628306
      15.8     41.0677617     11.1819403
      15.9     40.8830599     11.2002911
      16.0     40.6979845     11.2178848
      16.1     40.5125482     11.2347233
      16.2     40.3267632     11.2508083
      16.3     40.1406421     11.2661419
      16.4     39.9541972     11.2807262
      16.5     39.7674410     11.2945635
      16.6     39.5803860     11.3076559
      16.7     39.3930447     11.3200058
      16.8     39.2054293     11.3316157
      16.9     39.0175525     11.3424881
      17.0     38.8294266     11.3526257
      17.1     38.6410641     11.3620311
      17.2     38.4524774     11.3707071
      17.3     38.2636789     11.3786567
      17.4     38.0746811     11.3858828
      17.5     37.8854963     11.3923884
      17.6     37.6961369     11.3981768
      17.7     37.5066154     11.4032511
      17.8     37.3169440     11.4076146
      17.9     37.1271353     11.4112707
      18.0     36.9372014     11.4142229
      18.1     36.7471547     11.4164748
      18.2     36.5570076     11.4180300
      18.3     36.3667724     11.4188922
      18.4     36.1764612     11.4190651
      18.5     35.9860865     11.4185528
      18.6     35.7956603     11.4173591
      18.7     35.6051950     11.4154880
      18.8     35.4147027     11.4129438
      18.9     35.2241956     11.4097305
      19.0     35.0336858     11.4058524
      19.1     34.8431855     11.4013140
      19.2     34.6527067     11.3961195
      19.3     34.4622616     11.3902734
      19.4     34.2718620     11.3837805
      19.5     34.0815201     11.3766452
      19.6     33.8912479     11.3688723
      19.7     33.7010571     11.3604666
      19.8     33.5109599     11.3514329
      19.9     33.3209679     11.3417761
      20.0     33.1310932     11.3315012
      20.1     32.9413474     11.3206134
      20.2     32.7517423     11.3091176
      20.3     32.5622898     11.2970192
      20.4     32.3730013     11.2843233
      20.5     32.1838887     11.2710354
      20.6     31.9949634     11.2571607
      20.7     31.8062371     11.2427047
      20.8     31.6177213     11.2276730
      20.9     31.4294275     11.2120711
      21.0     31.2413670     11.1959046
      21.1     31.0535513     11.1791794
      21.2     30.8659917     11.1619010
      21.3     30.6786996     11.1440754
      21.4     30.4916860     11.1257083
      21.5     30.3049623     11.1068059
      21.6     30.1185395     11.0873739
      21.7     29.9324288     11.0674185
      21.8     29.7466412     11.0469458
      21.9     29.5611877     11.0259618
      22.0     29.3760791     11.0044729
      22.1     29.1913264     10.9824853
      22.2     29.0069405     10.9600052
      22.3     28.8229319     10.9370391
      22.4     28.6393115     10.9135932
      22.5     28.4560899     10.8896742
      22.6     28.2732777     10.8652884
      22.7     28.0908853     10.8404424
      22.8     27.9089233     10.8151428
      22.9     27.7274020     10.7893962
      23.0     27.5463319     10.7632093
      23.1     27.3657230     10.7365889
      23.2     27.1855858     10.7095416
      23.3     27.0059302     10.6820742
      23.4     26.8267664     10.6541937
      23.5     26.6481043     10.6259068
      23.6     26.4699540     10.5972205
      23.7     26.2923252     10.5681417
      23.8     26.1152279     10.5386774
      23.9     25.9386716     10.5088346
      24.0     25.7626661     10.4786203
      24.1     25.5872209     10.4480417
      24.2     25.4123457     10.4171058
      24.3     25.2380497     10.3858198
      24.4     25.0643423     10.3541909
      24.5     24.8912330     10.3222261
      24.6     24.7187308     10.2899328
      24.7     24.5468449     10.2573183
      24.8     24.3755844     10.2243896
      24.9     24.2049583     10.1911543
      25.0     24.0349754     10.1576195
      25.1     23.8656446     10.1237927
      25.2     23.6969746     10.0896811
      25.3     23.5289742     10.0552921
      25.4     23.3616518     10.0206332
      25.5     23.1950160      9.9857118
      25.6     23.0290752      9.9505352
      25.7     22.8638377      9.9151109
      25.8     22.6993119      9.8794465
      25.9     22.5355058      9.8435492
      26.0     22.3724276      9.8074267
      26.1     22.2100852      9.7710864
      26.2     22.0484866      9.7345359
      26.3     21.8876396      9.6977825
      26.4     21.7275519      9.6608339
      26.5     21.5682312      9.6236976
      26.6     21.4096850      9.5863810
      26.7     21.2519209      9.5488918
      26.8     21.0949462      9.5112374
      26.9     20.9387681      9.4734255
      27.0     20.7833940      9.4354634
      27.1     20.6288309      9.3973589
      27.2     20.4750859      9.3591193
      27.3     20.3221659      9.3207523
      27.4     20.1700776      9.2822654
      27.5     20.0188280      9.2436661
      27.6     19.8684235      9.2049619
      27.7     19.7188709      9.1661603
      27.8     19.5701765      9.1272689
      27.9     19.4223467      9.0882951
      28.0     19.2753878      9.0492464
      28.1     19.1293060      9.0101304
      28.2     18.9841074      8.9709545
      28.3     18.8397979      8.9317260
      28.4     18.6963834      8.8924526
      28.5     18.5538698      8.8531415
      28.6     18.4122628      8.8138003
      28.7     18.2715679      8.7744362
      28.8     18.1317907      8.7350568
      28.9     17.9929365      8.6956692
      29.0     17.8550107      8.6562809
      29.1     17.7180184      8.6168992
      29.2     17.5819649      8.5775314
      29.3     17.4468551      8.5381847
      29.4     17.3126938      8.4988664
      29.5     17.1794860      8.4595837
      29.6     17.0472364      8.4203438
      29.7     16.9159495      8.3811538
      29.8     16.7856298      8.3420209
      29.9     16.6562818      8.3029523
      30.0     16.5279098      8.2639549
      30.1     16.4005180      8.2250359
      30.2     16.2741105      8.1862022
      30.3     16.1486913      8.1474609
      30.4     16.0242643      8.1088188
      30.5     15.9008334      8.0702829
      30.6     15.7784021      8.0318601
      30.7     15.6569741      7.9935573
      30.8     15.5365530      7.9553811
      30.9     15.4171421      7.9173384
      31.0     15.2987446      7.8794360
      31.1     15.1813639      7.8416804
      31.2     15.0650029      7.8040784
      31.3     14.9496647      7.7666365
      31.4     14.8353521      7.7293613
      31.5     14.7220679      7.6922594
      31.6     14.6098148      7.6553371
      31.7     14.4985954      7.6186009
      31.8     14.3884122      7.5820572
      31.9     14.2792674      7.5457123
      32.0     14.1711634      7.5095725
      32.1     14.0641024      7.4736440
      32.2     13.9580863      7.4379330
      32.3     13.8531172      7.4024457
      32.4     13.7491969      7.3671881
      32.5     13.6463271      7.3321662
      32.6     13.5445096      7.2973860
      32.7     13.4437458      7.2628535
      32.8     13.3440371      7.2285745
      32.9     13.2453851      7.1945548
      33.0     13.1477908      7.1608001
      33.1     13.0512554      7.1273162
      33.2     12.9557799      7.0941086
      33.3     12.8613654      7.0611831
      33.4     12.7680125      7.0285450
      33.5     12.6757221      6.9961998
      33.6     12.5844948      6.9641531
      33.7     12.4943310      6.9324099
      33.8     12.4052313      6.9009758
      33.9     12.3171959      6.8698558
      34.0     12.2302251      6.8390551
      34.1     12.1443190      6.8085788
      34.2     12.0594776      6.7784319
      34.3     11.9757009      6.7486194
      34.4     11.8929886      6.7191461
      34.5     11.8113405      6.6900169
      34.6     11.7307563      6.6612366
      34.7     11.6512354      6.6328097
      34.8     11.5727772      6.6047410
      34.9     11.4953812      6.5770349
      35.0     11.4190465      6.5496960
      35.1     11.3437723      6.5227287
      35.2     11.2695576      6.4961372
      35.3     11.1964014      6.4699259
      35.4     11.1243024      6.4440989
      35.5     11.0532595      6.4186605
      35.6     10.9832712      6.3936145
      35.7     10.9143363      6.3689650
      35.8     10.8464530      6.3447159
      35.9     10.7796198      6.3208710
      36.0     10.7138349      6.2974341
      36.1     10.6490965      6.2744089
      36.2     10.5854027      6.2517989
      36.3     10.5227516      6.2296076
      36.4     10.4611409      6.2078386
      36.5     10.4005685      6.1864951
      36.6     10.3410321      6.1655805
      36.7     10.2825293      6.1450981
      36.8     10.2250576      6.1250508
      36.9     10.1686146      6.1054419
      37.0     10.1131975      6.0862742
      37.1     10.0588036      6.0675507
      37.2     10.0054301      6.0492742
      37.3      9.9530740      6.0314474
      37.4      9.9017323      6.0140730
      37.5      9.8514020      5.9971536
      37.6      9.8020799      5.9806917
      37.7      9.7537627      5.9646896
      37.8      9.7064471      5.9491499
      37.9      9.6601295      5.9340746
      38.0      9.6148066      5.9194660
      38.1      9.5704746      5.9053262
      38.2      9.5271300      5.8916571
      38.3      9.4847688      5.8784608
      38.4      9.4433873      5.8657391
      38.5      9.4029816      5.8534937
      38.6      9.3635476      5.8417263
      38.7      9.3250811      5.8304385
      38.8      9.2875781      5.8196319
      38.9      9.2510343      5.8093078
      39.0      9.2154453      5.7994677
      39.1      9.1808068      5.7901127
      39.2      9.1471142      5.7812442
      39.3      9.1143629      5.7728631
      39.4      9.0825483      5.7649706
      39.5      9.0516658      5.7575675
      39.6      9.0217104      5.7506547
      39.7      8.9926774      5.7442329
      39.8      8.9645618      5.7383029
      39.9      8.9373585      5.7328653
      40.0      8.9110626      5.7279206
      40.1      8.8856687      5.7234692
      40.2      8.8611718      5.7195115
      40.3      8.8375665      5.7160477
      40.4      8.8148474      5.7130780
      40.5      8.7930091      5.7106026
      40.6      8.7720462      5.7086215
      40.7      8.7519529      5.7071345
      40.8      8.7327238      5.7061416
      40.9      8.7143530      5.7056426
      41.0      8.6968349      5.7056371
      41.1      8.6801636      5.7061247
      41.2      8.6643333      5.7071050
      41.3      8.6493378      5.7085774
      41.4      8.6351714      5.7105413
      41.5      8.6218278      5.7129960
      41.6      8.6093009      5.7159406
      41.7      8.5975847      5.7193743
      41.8      8.5866727      5.7232961
      41.9      8.5765586      5.7277051
      42.0      8.5672363      5.7326000
      42.1      8.5586991      5.7379797
      42.2      8.5509406      5.7438429
      42.3      8.5439544      5.7501882
      42.4      8.5377337      5.7570142
      42.5      8.5322721      5.7643195
      42.6      8.5275627      5.7721023
      42.7      8.5235989      5.7803610
      42.8      8.5203739      5.7890940
      42.9      8.5178808      5.7982992
      43.0      8.5161128      5.8079750
      43.1      8.5150629      5.8181192
      43.2      8.5147242      5.8287298
      43.3      8.5150896      5.8398047
      43.4      8.5161521      5.8513417
      43.5      8.5179045      5.8633385
      43.6      8.5203397      5.8757928
      43.7      8.5234506      5.8887021
      43.8      8.5272298      5.9020639
      43.9      8.5316701      5.9158756
      44.0      8.5367642      5.9301347
      44.1      8.5425047      5.9448383
      44.2      8.5488843      5.9599838
      44.3      8.5558955      5.9755682
      44.4      8.5635308      5.9915886
      44.5      8.5717828      6.0080420
      44.6      8.5806440      6.0249254
      44.7      8.5901067      6.0422355
      44.8      8.6001633      6.0599693
      44.9      8.6108064      6.0781234
      45.0      8.6220281      6.0966945
      45.1      8.6338208      6.1156792
      45.2      8.6461768      6.1350740
      45.3      8.6590883      6.1548754
      45.4      8.6725476      6.1750798
      45.5      8.6865470      6.1956835
      45.6      8.7010784      6.2166828
      45.7      8.7161343      6.2380740
      45.8      8.7317065      6.2598530
      45.9      8.7477874      6.2820162
      46.0      8.7643690      6.3045594
      46.1      8.7814432      6.3274787
      46.2      8.7990023      6.3507699
      46.3      8.8170383      6.3744290
      46.4      8.8355430      6.3984516
      46.5      8.8545087      6.4228337
      46.6      8.8739272      6.4475707
      46.7      8.8937905      6.4726584
      46.8      8.9140906      6.4980924
      46.9      8.9348194      6.5238681
      47.0      8.9559689      6.5499810
      47.1      8.9775310      6.5764266
      47.2      8.9994976      6.6032001
      47.3      9.0218606      6.6302970
      47.4      9.0446119      6.6577125
      47.5      9.0677434      6.6854417
      47.6      9.0912470      6.7134799
      47.7      9.1151146      6.7418222
      47.8      9.1393380      6.7704636
      47.9      9.1639091      6.7993992
      48.0      9.1888199      6.8286239
      48.1      9.2140620      6.8581328
      48.2      9.2396276      6.8879206
      48.3      9.2655083      6.9179823
      48.4      9.2916961      6.9483126
      48.5      9.3181828      6.9789063
      48.6      9.3449603      7.0097582
      48.7      9.3720205      7.0408629
      48.8      9.3993554      7.0722151
      48.9      9.4269567      7.1038094
      49.0      9.4548163      7.1356405
      49.1      9.4829263      7.1677027
      49.2      9.5112784      7.1999907
      49.3      9.5398646      7.2324989
      49.4      9.5686769      7.2652218
      49.5      9.5977072      7.2981538
      49.6      9.6269474      7.3312892
      49.7      9.6563896      7.3646225
      49.8      9.6860256      7.3981479
      49.9      9.7158476      7.4318597
      50.0      9.7458474      7.4657523
      50.1      9.7760173      7.4998198
      50.2      9.8063491      7.5340564
      50.3      9.8368349      7.5684564
      50.4      9.8674670      7.6030140
      50.5      9.8982372      7.6377232
      50.6      9.9291379      7.6725782
      50.7      9.9601611      7.7075731
      50.8      9.9912989      7.7427020
      50.9     10.0225437      7.7779590
      51.0     10.0538876      7.8133381
      51.1     10.0853228      7.8488334
      51.2     10.1168416      7.8844388
      51.3     10.1484364      7.9201483
      51.4     10.1800994      7.9559561
      51.5     10.2118230      7.9918559
      51.6     10.2435995      8.0278419
      51.7     10.2754214      8.0639079
      51.8     10.3072812      8.1000480
      51.9     10.3391712      8.1362559
      52.0     10.3710841      8.1725258
      52.1     10.4030122      8.2088514
      52.2     10.4349483      8.2452267
      52.3     10.4668849      8.2816457
      52.4     10.4988146      8.3181021
      52.5     10.5307302      8.3545900
      52.6     10.5626243      8.3911032
      52.7     10.5944897      8.4276356
      52.8     10.6263192      8.4641812
      52.9     10.6581056      8.5007338
      53.0     10.6898418      8.5372873
      53.1     10.7215207      8.5738356
      53.2     10.7531353      8.6103727
      53.3     10.7846784      8.6468925
      53.4     10.8161433      8.6833889
      53.5     10.8475229      8.7198557
      53.6     10.8788104      8.7562870
      53.7     10.9099990      8.7926767
      53.8     10.9410818      8.8290188
      53.9     10.9720521      8.8653071
      54.0     11.0029032      8.9015357
      54.1     11.0336286      8.9376986
      54.2     11.0642215      8.9737898
      54.3     11.0946755      9.0098032
      54.4     11.1249840      9.0457330
      54.5     11.1551406      9.0815731
      54.6     11.1851389      9.1173177
      54.7     11.2149726      9.1529607
      54.8     11.2446353      9.1884964
      54.9     11.2741209      9.2239188
      55.0     11.3034230      9.2592221
      55.1     11.3325357      9.2944004
      55.2     11.3614527      9.3294479
      55.3     11.3901682      9.3643589
      55.4     11.4186761      9.3991275
      55.5     11.4469704      9.4337481
      55.6     11.4750455      9.4682149
      55.7     11.5028953      9.5025222
      55.8     11.5305143      9.5366644
      55.9     11.5578967      9.5706358
      56.0     11.5850370      9.6044309
      56.1     11.6119294      9.6380441
      56.2     11.6385686      9.6714698
      56.3     11.6649491      9.7047025
      56.4     11.6910655      9.7377368
      56.5     11.7169124      9.7705672
      56.6     11.7424847      9.8031883
      56.7     11.7677772      9.8355948
      56.8     11.7927846      9.8677813
      56.9     11.8175019      9.8997426
      57.0     11.8419242      9.9314733
      57.1     11.8660464      9.9629683
      57.2     11.8898637      9.9942224
      57.3     11.9133713     10.0252304
      57.4     11.9365645     10.0559874
      57.5     11.9594385     10.0864881
      57.6     11.9819887     10.1167276
      57.7     12.0042106     10.1467010
      57.8     12.0260997     10.1764034
      57.9     12.0476516     10.2058298
      58.0     12.0688619     10.2349754
      58.1     12.0897264     10.2638354
      58.2     12.1102409     10.2924052
      58.3     12.1304011     10.3206800
      58.4     12.1502031     10.3486553
      58.5     12.1696429     10.3763263
      58.6     12.1887164     10.4036886
      58.7     12.2074199     10.4307377
      58.8     12.2257495     10.4574692
      58.9     12.2437016     10.4838787
      59.0     12.2612725     10.5099618
      59.1     12.2784585     10.5357143
      59.2     12.2952562     10.5611320
      59.3     12.3116622     10.5862107
      59.4     12.3276731     10.6109464
      59.5     12.3432856     10.6353348
      59.6     12.3584965     10.6593722
      59.7     12.3733026     10.6830544
      59.8     12.3877009     10.7063777
      59.9     12.4016883     10.7293383
      60.0     12.4152620     10.7519323
      60.1     12.4284191     10.7741561
      60.2     12.4411567     10.7960060
      60.3     12.4534723     10.8174785
      60.4     12.4653631     10.8385701
      60.5     12.4768267     10.8592772
      60.6     12.4878605     10.8795965
      60.7     12.4984621     10.8995247
      60.8     12.5086291     10.9190585
      60.9     12.5183594     10.9381947
      61.0     12.5276508     10.9569302
      61.1     12.5365010     10.9752619
      61.2     12.5449082     10.9931868
      61.3     12.5528703     11.0107020
      61.4     12.5603854     11.0278046
      61.5     12.5674518     11.0444917
      61.6     12.5740677     11.0607607
      61.7     12.5802314     11.0766089
      61.8     12.5859414     11.0920336
      61.9     12.5911961     11.1070324
      62.0     12.5959942     11.1216028
      62.1     12.6003342     11.1357423
      62.2     12.6042149     11.1494487
      62.3     12.6076351     11.1627197
      62.4     12.6105935     11.1755531
      62.5     12.6130893     11.1879468
      62.6     12.6151213     11.1998988
      62.7     12.6166888     11.2114071
      62.8     12.6177908     11.2224697
      62.9     12.6184265     11.2330849
      63.0     12.6185954     11.2432509
      63.1     12.6182968     11.2529659
      63.2     12.6175302     11.2622285
      63.3     12.6162950     11.2710370
      63.4     12.6145910     11.2793900
      63.5     12.6124178     11.2872861
      63.6     12.6097752     11.2947240
      63.7     12.6066630     11.3017023
      63.8     12.6030812     11.3082201
      63.9     12.5990296     11.3142760
      64.0     12.5945084     11.3198692
      64.1     12.5895177     11.3249986
      64.2     12.5840578     11.3296634
      64.3     12.5781288     11.3338628
      64.4     12.5717312     11.3375961
      64.5     12.5648653     11.3408625
      64.6     12.5575317     11.3436616
      64.7     12.5497309     11.3459927
      64.8     12.5414636     11.3478555
      64.9     12.5327305     11.3492497
      65.0     12.5235323     11.3501749
      65.1     12.5138700     11.3506309
      65.2     12.5037444     11.3506176
      65.3     12.4931566     11.3501349
      65.4     12.4821076     11.3491829
      65.5     12.4705985     11.3477617
      65.6     12.4586306     11.3458713
      65.7     12.4462051     11.3435121
      65.8     12.4333234     11.3406844
      65.9     12.4199869     11.3373885
      66.0     12.4061970     11.3336249
      66.1     12.3919554     11.3293943
      66.2     12.3772636     11.3246970
      66.3     12.3621234     11.3195340
      66.4     12.3465364     11.3139058
      66.5     12.3305046     11.3078134
      66.6     12.3140297     11.3012577
      66.7     12.2971138     11.2942396
      66.8     12.2797588     11.2867602
      66.9     12.2619668     11.2788207
      67.0     12.2437401     11.2704222
      67.1     12.2250807     11.2615659
      67.2     12.2059910     11.2522533
      67.3     12.1864733     11.2424858
      67.4     12.1665301     11.2322649
      67.5     12.1461637     11.2215920
      67.6     12.1253767     11.2104689
      67.7     12.1041717     11.1988973
      67.8     12.0825513     11.1868789
      67.9     12.0605183     11.1744155
      68.0     12.0380754     11.1615092
      68.1     12.0152255     11.1481618
      68.2     11.9919714     11.1343755
      68.3     11.9683161     11.1201523
      68.4     11.9442625     11.1054945
      68.5     11.9198139     11.0904042
      68.6     11.8949732     11.0748840
      68.7     11.8697437     11.0589360
      68.8     11.8441285     11.0425629
      68.9     11.8181311     11.0257671
      69.0     11.7917546     11.0085513
      69.1     11.7650026     10.9909181
      69.2     11.7378785     10.9728702
      69.3     11.7103857     10.9544104
      69.4     11.6825279     10.9355416
      69.5     11.6543086     10.9162668
      69.6     11.6257316     10.8965888
      69.7     11.5968004     10.8765108
      69.8     11.5675190     10.8560359
      69.9     11.5378911     10.8351672
      70.0     11.5079206     10.8139080
      70.1     11.4776113     10.7922617
      70.2     11.4469673     10.7702314
      70.3     11.4159926     10.7478207
      70.4     11.3846911     10.7250331
      70.5     11.3530671     10.7018721
      70.6     11.3211246     10.6783413
      70.7     11.2888679     10.6544443
      70.8     11.2563012     10.6301849
      70.9     11.2234287     10.6055668
      71.0     11.1902549     10.5805938
      71.1     11.1567839     10.5552699
      71.2     11.1230204     10.5295990
      71.3     11.0889687     10.5035851
      71.4     11.0546332     10.4772321
      71.5     11.0200186     10.4505443
      71.6     10.9851294     10.4235257
      71.7     10.9499702     10.3961806
      71.8     10.9145456     10.3685133
      71.9     10.8788603     10.3405279
      72.0     10.8429191     10.3122289
      72.1     10.8067267     10.2836206
      72.2     10.7702878     10.2547076
      72.3     10.7336074     10.2254943
      72.4     10.6966902     10.1959853
      72.5     10.6595411     10.1661851
      72.6     10.6221651     10.1360983
      72.7     10.5845671     10.1057298
      72.8     10.5467522     10.0750841
      72.9     10.5087252     10.0441661
      73.0     10.4704912     10.0129805
      73.1     10.4320554      9.9815323
      73.2     10.3934227      9.9498262
      73.3     10.3545984      9.9178673
      73.4     10.3155876      9.8856605
      73.5     10.2763954      9.8532107
      73.6     10.2370271      9.8205232
      73.7     10.1974879      9.7876028
      73.8     10.1577830      9.7544549
      73.9     10.1179177      9.7210844
      74.0     10.0778972      9.6874966
      74.1     10.0377270      9.6536967
      74.2      9.9974123      9.6196900
      74.3      9.9569585      9.5854817
      74.4      9.9163709      9.5510773
      74.5      9.8756550      9.5164819
      74.6      9.8348161      9.4817010
      74.7      9.7938597      9.4467400
      74.8      9.7527912      9.4116044
      74.9      9.7116161      9.3762995
      75.0      9.6703398      9.3408309
      75.1      9.6289678      9.3052041
      75.2      9.5875056      9.2694246
      75.3      9.5459587      9.2334980
      75.4      9.5043327      9.1974299
      75.5      9.4626330      9.1612258
      75.6      9.4208651      9.1248913
      75.7      9.3790348      9.0884322
      75.8      9.3371474      9.0518541
      75.9      9.2952085      9.0151626
      76.0      9.2532238      8.9783635
      76.1      9.2111987      8.9414624
      76.2      9.1691389      8.9044651
      76.3      9.1270500      8.8673774
      76.4      9.0849375      8.8302049
      76.5      9.0428070      8.7929535
      76.6      9.0006641      8.7556290
      76.7      8.9585145      8.7182370
      76.8      8.9163636      8.6807835
      76.9      8.8742171      8.6432741
      77.0      8.8320805      8.6057149
      77.1      8.7899595      8.5681115
      77.2      8.7478597      8.5304698
      77.3      8.7057866      8.4927956
      77.4      8.6637458      8.4550948
      77.5      8.6217429      8.4173732
      77.6      8.5797834      8.3796366
      77.7      8.5378729      8.3418910
      77.8      8.4960170      8.3041421
      77.9      8.4542212      8.2663957
      78.0      8.4124910      8.2286579
      78.1      8.3708320      8.1909343
      78.2      8.3292496      8.1532308
      78.3      8.2877494      8.1155533
      78.4      8.2463370      8.0779076
      78.5      8.2050176      8.0402995
      78.6      8.1637969      8.0027348
      78.7      8.1226803      7.9652194
      78.8      8.0816732      7.9277590
      78.9      8.0407810      7.8903594
      79.0      8.0000092      7.8530265
      79.1      7.9593631      7.8157660
      79.2      7.9188482      7.7785836
      79.3      7.8784697      7.7414851
      79.4      7.8382330      7.7044763
      79.5      7.7981434      7.6675628
      79.6      7.7582062      7.6307503
      79.7      7.7184268      7.5940446
      79.8      7.6788102      7.5574513
      79.9      7.6393619      7.5209760
      80.0      7.6000869      7.4846245
      80.1      7.5609904      7.4484022
      80.2      7.5220777      7.4123148
      80.3      7.4833538      7.3763678
      80.4      7.4448239      7.3405668
      80.5      7.4064930      7.3049174
      80.6      7.3683662      7.2694249
      80.7      7.3304484      7.2340949
      80.8      7.2927448      7.1989329
      80.9      7.2552603      7.1639442
      81.0      7.2179997      7.1291342
      81.1      7.1809681      7.0945082
      81.2      7.1441702      7.0600717
      81.3      7.1076109      7.0258299
      81.4      7.0712951      6.9917881
      81.5      7.0352274      6.9579515
      81.6      6.9994127      6.9243254
      81.7      6.9638557      6.8909148
      81.8      6.9285610      6.8577249
      81.9      6.8935332      6.8247609
      82.0      6.8587769      6.7920278
      82.1      6.8242968      6.7595306
      82.2      6.7900973      6.7272743
      82.3      6.7561830      6.6952638
      82.4      6.7225582      6.6635041
      82.5      6.6892273      6.6320001
      82.6      6.6561948      6.6007565
      82.7      6.6234650      6.5697781
      82.8      6.5910422      6.5390698
      82.9      6.5589305      6.5086362
      83.0      6.5271342      6.4784819
      83.1      6.4956575      6.4486117
      83.2      6.4645044      6.4190299
      83.3      6.4336791      6.3897413
      83.4      6.4031856      6.3607502
      83.5      6.3730278      6.3320611
      83.6      6.3432097      6.3036783
      83.7      6.3137352      6.2756063
      83.8      6.2846081      6.2478492
      83.9      6.2558322      6.2204113
      84.0      6.2274112      6.1932968
      84.1      6.1993490      6.1665099
      84.2      6.1716490      6.1400546
      84.3      6.1443150      6.1139349
      84.4      6.1173504      6.0881548
      84.5      6.0907588      6.0627182
      84.6      6.0645437      6.0376290
      84.7      6.0387083      6.0128910
      84.8      6.0132562      5.9885080
      84.9      5.9881905      5.9644837
      85.0      5.9635146      5.9408216
      85.1      5.9392315      5.9175254
      85.2      5.9153446      5.8945986
      85.3      5.8918568      5.8720447
      85.4      5.8687711      5.8498671
      85.5      5.8460906      5.8280691
      85.6      5.8238183      5.8066540
      85.7      5.8019568      5.7856251
      85.8      5.7805092      5.7649855
      85.9      5.7594781      5.7447383
      86.0      5.7388662      5.7248866
      86.1      5.7186762      5.7054333
      86.2      5.6989106      5.6863814
      86.3      5.6795721      5.6677337
      86.4      5.6606630      5.6494930
      86.5      5.6421858      5.6316620
      86.6      5.6241429      5.6142434
      86.7      5.6065365      5.5972399
      86.8      5.5893689      5.5806538
      86.9      5.5726423      5.5644877
      87.0      5.5563588      5.5487440
      87.1      5.5405205      5.5334251
      87.2      5.5251293      5.5185331
      87.3      5.5101872      5.5040702
      87.4      5.4956961      5.4900387
      87.5      5.4816579      5.4764406
      87.6      5.4680742      5.4632778
      87.7      5.4549468      5.4505522
      87.8      5.4422773      5.4382659
      87.9      5.4300673      5.4264204
      88.0      5.4183183      5.4150176
      88.1      5.4070318      5.4040591
      88.2      5.3962091      5.3935464
      88.3      5.3858516      5.3834811
      88.4      5.3759606      5.3738646
      88.5      5.3665372      5.3646982
      88.6      5.3575826      5.3559833
      88.7      5.3490979      5.3477211
      88.8      5.3410842      5.3399128
      88.9      5.3335422      5.3325593
      89.0      5.3264730      5.3256618
      89.1      5.3198774      5.3192211
      89.2      5.3137561      5.3132381
      89.3      5.3081098      5.3077136
      89.4      5.3029391      5.3026484
      89.5      5.2982448      5.2980430
      89.6      5.2940271      5.2938981
      89.7      5.2902866      5.2902141
      89.8      5.2870237      5.2869915
      89.9      5.2842387      5.2842307
      90.0      5.2819318      5.2819318
      90.1      5.2801032      5.2800952
      90.2      5.2787531      5.2787210
      90.3      5.2778815      5.2778091
      90.4      5.2774883      5.2773597
      90.5      5.2775736      5.2773727
      90.6      5.2781372      5.2778478
      90.7      5.2791789      5.2787849
      90.8      5.2806984      5.2801837
      90.9      5.2826954      5.2820437
      91.0      5.2851696      5.2843646
      91.1      5.2881204      5.2871458
      91.2      5.2915473      5.2903868
      91.3      5.2954498      5.2940868
      91.4      5.2998273      5.2982452
      91.5      5.3046789      5.3028611
      91.6      5.3100040      5.3079337
      91.7      5.3158017      5.3134620
      91.8      5.3220711      5.3194450
      91.9      5.3288112      5.3258815
      92.0      5.3360211      5.3327705
      92.1      5.3436995      5.3401107
      92.2      5.3518455      5.3479007
      92.3      5.3604577      5.3561393
      92.4      5.3695349      5.3648249
      92.5      5.3790758      5.3739561
      92.6      5.3890788      5.3835312
      92.7      5.3995427      5.3935485
      92.8      5.4104658      5.4040065
      92.9      5.4218466      5.4149032
      93.0      5.4336834      5.4262368
      93.1      5.4459746      5.4380053
      93.2      5.4587182      5.4502068
      93.3      5.4719126      5.4628392
      93.4      5.4855558      5.4759003
      93.5      5.4996458      5.4893879
      93.6      5.5141808      5.5032998
      93.7      5.5291585      5.5176336
      93.8      5.5445768      5.5323869
      93.9      5.5604336      5.5475572
      94.0      5.5767266      5.5631420
      94.1      5.5934536      5.5791387
      94.2      5.6106120      5.5955446
      94.3      5.6281996      5.6123570
      94.4      5.6462138      5.6295730
      94.5      5.6646521      5.6471899
      94.6      5.6835119      5.6652046
      94.7      5.7027906      5.6836143
      94.8      5.7224854      5.7024158
      94.9      5.7425935      5.7216060
      95.0      5.7631122      5.7411819
      95.1      5.7840386      5.7611400
      95.2      5.8053698      5.7814772
      95.3      5.8271026      5.8021900
      95.4      5.8492343      5.8232752
      95.5      5.8717615      5.8447291
      95.6      5.8946812      5.8665483
      95.7      5.9179902      5.8887291
      95.8      5.9416853      5.9112680
      95.9      5.9657630      5.9341613
      96.0      5.9902202      5.9574051
      96.1      6.0150533      5.9809957
      96.2      6.0402589      6.0049292
      96.3      6.0658335      6.0292016
      96.4      6.0917735      6.0538091
      96.5      6.1180754      6.0787476
      96.6      6.1447355      6.1040129
      96.7      6.1717501      6.1296010
      96.8      6.1991154      6.1555077
      96.9      6.2268276      6.1817288
      97.0      6.2548829      6.2082599
      97.1      6.2832774      6.2350968
      97.2      6.3120071      6.2622351
      97.3      6.3410681      6.2896703
      97.4      6.3704564      6.3173979
      97.5      6.4001678      6.3454135
      97.6      6.4301983      6.3737125
      97.7      6.4605437      6.4022903
      97.8      6.4911998      6.4311422
      97.9      6.5221623      6.4602635
      98.0      6.5534270      6.4896495
      98.1      6.5849896      6.5192955
      98.2      6.6168456      6.5491965
      98.3      6.6489906      6.5793477
      98.4      6.6814203      6.6097443
      98.5      6.7141302      6.6403812
      98.6      6.7471156      6.6712536
      98.7      6.7803721      6.7023563
      98.8      6.8138950      6.7336844
      98.9      6.8476797      6.7652328
      99.0      6.8817216      6.7969962
      99.1      6.9160160      6.8289697
      99.2      6.9505580      6.8611479
      99.3      6.9853430      6.8935257
      99.4      7.0203661      6.9260978
      99.5      7.0556225      6.9588589
      99.6      7.0911073      6.9918037
      99.7      7.1268157      7.0249269
      99.8      7.1627426      7.0582231
      99.9      7.1988832      7.0916869
     100.0      7.2352324      7.1253129
     100.1      7.2717852      7.1590956
     100.2      7.3085365      7.1930295
     100.3      7.3454814      7.2271092
     100.4      7.3826146      7.2613291
     100.5      7.4199311      7.2956837
     100.6      7.4574257      7.3301674
     100.7      7.4950933      7.3647746
     100.8      7.5329286      7.3994997
     100.9      7.5709264      7.4343371
     101.0      7.6090814      7.4692812
     101.1      7.6473884      7.5043262
     101.2      7.6858422      7.5394665
     101.3      7.7244373      7.5746965
     101.4      7.7631685      7.6100103
     101.5      7.8020304      7.6454023
     101.6      7.8410177      7.6808668
     101.7      7.8801249      7.7163980
     101.8      7.9193466      7.7519902
     101.9      7.9586775      7.7876375
     102.0      7.9981122      7.8233342
     102.1      8.0376450      7.8590746
     102.2      8.0772707      7.8948528
     102.3      8.1169837      7.9306630
     102.4      8.1567786      7.9664995
     102.5      8.1966498      8.0023564
     102.6      8.2365918      8.0382280
     102.7      8.2765991      8.0741083
     102.8      8.3166662      8.1099917
     102.9      8.3567876      8.1458723
     103.0      8.3969577      8.1817442
     103.1      8.4371709      8.2176016
     103.2      8.4774216      8.2534389
     103.3      8.5177045      8.2892500
     103.4      8.5580137      8.3250293
     103.5      8.5983439      8.3607709
     103.6      8.6386893      8.3964691
     103.7      8.6790444      8.4321180
     103.8      8.7194037      8.4677119
     103.9      8.7597616      8.5032449
     104.0      8.8001124      8.5387114
     104.1      8.8404506      8.5741056
     104.2      8.8807706      8.6094217
     104.3      8.9210668      8.6446541
     104.4      8.9613336      8.6797969
     104.5      9.0015656      8.7148445
     104.6      9.0417570      8.7497912
     104.7      9.0819023      8.7846313
     104.8      9.1219960      8.8193591
     104.9      9.1620326      8.8539691
     105.0      9.2020064      8.8884556
     105.1      9.2419119      8.9228130
     105.2      9.2817436      8.9570357
     105.3      9.3214961      8.9911182
     105.4      9.3611636      9.0250548
     105.5      9.4007409      9.0588402
     105.6      9.4402223      9.0924688
     105.7      9.4796025      9.1259351
     105.8      9.5188759      9.1592336
     105.9      9.5580370      9.1923591
     106.0      9.5970806      9.2253060
     106.1      9.6360011      9.2580690
     106.2      9.6747931      9.2906427
     106.3      9.7134513      9.3230220
     106.4      9.7519703      9.3552014
     106.5      9.7903448      9.3871758
     106.6      9.8285693      9.4189399
     106.7      9.8666387      9.4504885
     106.8      9.9045476      9.4818165
     106.9      9.9422907      9.5129188
     107.0      9.9798629      9.5437903
     107.1     10.0172588      9.5744260
     107.2     10.0544734      9.6048208
     107.3     10.0915013      9.6349699
     107.4     10.1283375      9.6648681
     107.5     10.1649769      9.6945108
     107.6     10.2014143      9.7238929
     107.7     10.2376447      9.7530098
     107.8     10.2736631      9.7818566
     107.9     10.3094644      9.8104286
     108.0     10.3450436      9.8387211
     108.1     10.3803958      9.8667295
     108.2     10.4155161      9.8944492
     108.3     10.4503996      9.9218757
     108.4     10.4850415      9.9490043
     108.5     10.5194368      9.9758308
     108.6     10.5535809     10.0023506
     108.7     10.5874689     10.0285594
     108.8     10.6210962     10.0544528
     108.9     10.6544580     10.0800267
     109.0     10.6875497     10.1052768
     109.1     10.7203667     10.1301989
     109.2     10.7529045     10.1547889
     109.3     10.7851584     10.1790428
     109.4     10.8171241     10.2029565
     109.5     10.8487969     10.2265261
     109.6     10.8801726     10.2497477
     109.7     10.9112468     10.2726174
     109.8     10.9420150     10.2951315
     109.9     10.9724731     10.3172862
     110.0     11.0026167     10.3390778
     110.1     11.0324418     10.3605027
     110.2     11.0619440     10.3815573
     110.3     11.0911194     10.4022381
     110.4     11.1199637     10.4225417
     110.5     11.1484731     10.4424647
     110.6     11.1766435     10.4620038
     110.7     11.2044711     10.4811556
     110.8     11.2319518     10.4999169
     110.9     11.2590819     10.5182847
     111.0     11.2858577     10.5362558
     111.1     11.3122753     10.5538272
     111.2     11.3383311     10.5709960
     111.3     11.3640215     10.5877591
     111.4     11.3893428     10.6041139
     111.5     11.4142917     10.6200575
     111.6     11.4388644     10.6355872
     111.7     11.4630578     10.6507004
     111.8     11.4868683     10.6653944
     111.9     11.5102927     10.6796669
     112.0     11.5333277     10.6935152
     112.1     11.5559701     10.7069372
     112.2     11.5782168     10.7199303
     112.3     11.6000646     10.7324925
     112.4     11.6215106     10.7446215
     112.5     11.6425517     10.7563152
     112.6     11.6631850     10.7675716
     112.7     11.6834077     10.7783886
     112.8     11.7032170     10.7887645
     112.9     11.7226101     10.7986973
     113.0     11.7415843     10.8081853
     113.1     11.7601370     10.8172268
     113.2     11.7782657     10.8258202
     113.3     11.7959678     10.8339639
     113.4     11.8132409     10.8416564
     113.5     11.8300826     10.8488964
     113.6     11.8464906     10.8556825
     113.7     11.8624627     10.8620133
     113.8     11.8779966     10.8678878
     113.9     11.8930903     10.8733048
     114.0     11.9077416     10.8782632
     114.1     11.9219486     10.8827621
     114.2     11.9357093     10.8868006
     114.3     11.9490219     10.8903777
     114.4     11.9618845     10.8934928
     114.5     11.9742955     10.8961451
     114.6     11.9862531     10.8983341
     114.7     11.9977557     10.9000592
     114.8     12.0088019     10.9013199
     114.9     12.0193901     10.9021158
     115.0     12.0295189     10.9024467
     115.1     12.0391870     10.9023121
     115.2     12.0483931     10.9017121
     115.3     12.0571361     10.9006464
     115.4     12.0654148     10.8991150
     115.5     12.0732281     10.8971180
     115.6     12.0805750     10.8946555
     115.7     12.0874546     10.8917276
     115.8     12.0938662     10.8883347
     115.9     12.0998088     10.8844771
     116.0     12.1052818     10.8801552
     116.1     12.1102845     10.8753694
     116.2     12.1148163     10.8701204
     116.3     12.1188769     10.8644087
     116.4     12.1224656     10.8582350
     116.5     12.1255823     10.8516002
     116.6     12.1282265     10.8445051
     116.7     12.1303981     10.8369506
     116.8     12.1320969     10.8289376
     116.9     12.1333229     10.8204674
     117.0     12.1340760     10.8115409
     117.1     12.1343564     10.8021595
     117.2     12.1341642     10.7923243
     117.3     12.1334996     10.7820368
     117.4     12.1323629     10.7712984
     117.5     12.1307544     10.7601106
     117.6     12.1286747     10.7484749
     117.7     12.1261241     10.7363930
     117.8     12.1231034     10.7238666
     117.9     12.1196131     10.7108975
     118.0     12.1156540     10.6974876
     118.1     12.1112269     10.6836387
     118.2     12.1063327     10.6693528
     118.3     12.1009723     10.6546321
     118.4     12.0951468     10.6394786
     118.5     12.0888572     10.6238945
     118.6     12.0821047     10.6078822
     118.7     12.0748906     10.5914440
     118.8     12.0672162     10.5745821
     118.9     12.0590828     10.5572993
     119.0     12.0504921     10.5395978
     119.1     12.0414454     10.5214805
     119.2     12.0319444     10.5029499
     119.3     12.0219908     10.4840088
     119.4     12.0115864     10.4646599
     119.5     12.0007329     10.4449063
     119.6     11.9894324     10.4247507
     119.7     11.9776867     10.4041961
     119.8     11.9654980     10.3832458
     119.9     11.9528683     10.3619027
     120.0     11.9397999     10.3401700
     120.1     11.9262950     10.3180511
     120.2     11.9123560     10.2955491
     120.3     11.8979853     10.2726676
     120.4     11.8831854     10.2494098
     120.5     11.8679588     10.2257794
     120.6     11.8523083     10.2017798
     120.7     11.8362364     10.1774147
     120.8     11.8197460     10.1526878
     120.9     11.8028399     10.1276027
     121.0     11.7855210     10.1021633
     121.1     11.7677924     10.0763733
     121.2     11.7496571     10.0502368
     121.3     11.7311183     10.0237576
     121.4     11.7121790      9.9969398
     121.5     11.6928427      9.9697873
     121.6     11.6731127      9.9423045
     121.7     11.6529923      9.9144953
     121.8     11.6324851      9.8863641
     121.9     11.6115946      9.8579151
     122.0     11.5903245      9.8291526
     122.1     11.5686784      9.8000810
     122.2     11.5466600      9.7707048
     122.3     11.5242733      9.7410284
     122.4     11.5015221      9.7110563
     122.5     11.4784104      9.6807932
     122.6     11.4549422      9.6502435
     122.7     11.4311216      9.6194121
     122.8     11.4069528      9.5883035
     122.9     11.3824399      9.5569227
     123.0     11.3575874      9.5252743
     123.1     11.3323995      9.4933632
     123.2     11.3068807      9.4611943
     123.3     11.2810355      9.4287725
     123.4     11.2548683      9.3961028
     123.5     11.2283840      9.3631902
     123.6     11.2015870      9.3300398
     123.7     11.1744822      9.2966566
     123.8     11.1470744      9.2630457
     123.9     11.1193685      9.2292124
     124.0     11.0913693      9.1951618
     124.1     11.0630818      9.1608992
     124.2     11.0345112      9.1264299
     124.3     11.0056625      9.0917590
     124.4     10.9765409      9.0568921
     124.5     10.9471516      9.0218344
     124.6     10.9175000      8.9865913
     124.7     10.8875913      8.9511683
     124.8     10.8574310      8.9155709
     124.9     10.8270245      8.8798045
     125.0     10.7963774      8.8438746
     125.1     10.7654952      8.8077868
     125.2     10.7343835      8.7715467
     125.3     10.7030481      8.7351599
     125.4     10.6714947      8.6986320
     125.5     10.6397291      8.6619686
     125.6     10.6077571      8.6251754
     125.7     10.5755846      8.5882581
     125.8     10.5432177      8.5512224
     125.9     10.5106622      8.5140740
     126.0     10.4779242      8.4768187
     126.1     10.4450099      8.4394623
     126.2     10.4119254      8.4020106
     126.3     10.3786769      8.3644692
     126.4     10.3452707      8.3268442
     126.5     10.3117130      8.2891412
     126.6     10.2780102      8.2513662
     126.7     10.2441688      8.2135250
     126.8     10.2101951      8.1756235
     126.9     10.1760956      8.1376676
     127.0     10.1418770      8.0996631
     127.1     10.1075456      8.0616159
     127.2     10.0731082      8.0235321
     127.3     10.0385715      7.9854174
     127.4     10.0039420      7.9472778
     127.5      9.9692267      7.9091193
     127.6      9.9344322      7.8709477
     127.7      9.8995653      7.8327691
     127.8      9.8646331      7.7945893
     127.9      9.8296422      7.7564142
     128.0      9.7945998      7.7182500
     128.1      9.7595127      7.6801024
     128.2      9.7243880      7.6419774
     128.3      9.6892328      7.6038809
     128.4      9.6540540      7.5658190
     128.5      9.6188589      7.5277975
     128.6      9.5836546      7.4898223
     128.7      9.5484482      7.4518994
     128.8      9.5132471      7.4140346
     128.9      9.4780583      7.3762340
     129.0      9.4428893      7.3385033
     129.1      9.4077473      7.3008485
     129.2      9.3726396      7.2632754
     129.3      9.3375737      7.2257900
     129.4      9.3025569      7.1883980
     129.5      9.2675965      7.1511053
     129.6      9.2327002      7.1139178
     129.7      9.1978753      7.0768411
     129.8      9.1631293      7.0398812
     129.9      9.1284697      7.0030438
     130.0      9.0939041      6.9663347
     130.1      9.0594400      6.9297596
     130.2      9.0250851      6.8933241
     130.3      8.9908468      6.8570341
     130.4      8.9567329      6.8208952
     130.5      8.9227509      6.7849130
     130.6      8.8889085      6.7490932
     130.7      8.8552134      6.7134413
     130.8      8.8216733      6.6779630
     130.9      8.7882958      6.6426639
     131.0      8.7550887      6.6075493
     131.1      8.7220597      6.5726249
     131.2      8.6892165      6.5378961
     131.3      8.6565669      6.5033683
     131.4      8.6241187      6.4690469
     131.5      8.5918796      6.4349374
     131.6      8.5598574      6.4010450
     131.7      8.5280598      6.3673751
     131.8      8.4964948      6.3339329
     131.9      8.4651700      6.3007237
     132.0      8.4340932      6.2677528
     132.1      8.4032724      6.2350251
     132.2      8.3727153      6.2025460
     132.3      8.3424297      6.1703204
     132.4      8.3124234      6.1383535
     132.5      8.2827043      6.1066502
     132.6      8.2532801      6.0752155
     132.7      8.2241587      6.0440543
     132.8      8.1953480      6.0131716
     132.9      8.1668556      5.9825721
     133.0      8.1386895      5.9522607
     133.1      8.1108573      5.9222421
     133.2      8.0833670      5.8925210
     133.3      8.0562263      5.8631021
     133.4      8.0294431      5.8339899
     133.5      8.0030250      5.8051892
     133.6      7.9769798      5.7767043
     133.7      7.9513153      5.7485397
     133.8      7.9260393      5.7206999
     133.9      7.9011595      5.6931893
     134.0      7.8766836      5.6660120
     134.1      7.8526193      5.6391724
     134.2      7.8289743      5.6126747
     134.3      7.8057563      5.5865231
     134.4      7.7829730      5.5607216
     134.5      7.7606320      5.5352742
     134.6      7.7387409      5.5101851
     134.7      7.7173073      5.4854580
     134.8      7.6963389      5.4610969
     134.9      7.6758432      5.4371055
     135.0      7.6558278      5.4134877
     135.1      7.6363001      5.3902471
     135.2      7.6172677      5.3673874
     135.3      7.5987381      5.3449121
     135.4      7.5807186      5.3228247
     135.5      7.5632169      5.3011288
     135.6      7.5462401      5.2798276
     135.7      7.5297958      5.2589245
     135.8      7.5138912      5.2384227
     135.9      7.4985337      5.2183255
     136.0      7.4837305      5.1986360
     136.1      7.4694889      5.1793573
     136.2      7.4558162      5.1604923
     136.3      7.4427195      5.1420440
     136.4      7.4302059      5.1240152
     136.5      7.4182826      5.1064088
     136.6      7.4069567      5.0892274
     136.7      7.3962352      5.0724738
     136.8      7.3861251      5.0561506
     136.9      7.3766334      5.0402601
     137.0      7.3677670      5.0248050
     137.1      7.3595328      5.0097876
     137.2      7.3519377      4.9952101
     137.3      7.3449885      4.9810750
     137.4      7.3386919      4.9673842
     137.5      7.3330546      4.9541399
     137.6      7.3280834      4.9413441
     137.7      7.3237849      4.9289989
     137.8      7.3201656      4.9171059
     137.9      7.3172321      4.9056672
     138.0      7.3149909      4.8946843
     138.1      7.3134485      4.8841590
     138.2      7.3126111      4.8740928
     138.3      7.3124853      4.8644872
     138.4      7.3130772      4.8553437
     138.5      7.3143932      4.8466636
     138.6      7.3164393      4.8384481
     138.7      7.3192218      4.8306986
     138.8      7.3227468      4.8234161
     138.9      7.3270201      4.8166017
     139.0      7.3320480      4.8102563
     139.1      7.3378361      4.8043808
     139.2      7.3443905      4.7989761
     139.3      7.3517169      4.7940428
     139.4      7.3598210      4.7895818
     139.5      7.3687086      4.7855934
     139.6      7.3783852      4.7820783
     139.7      7.3888565      4.7790369
     139.8      7.4001279      4.7764694
     139.9      7.4122048      4.7743763
     140.0      7.4250927      4.7727576
     140.1      7.4387968      4.7716135
     140.2      7.4533225      4.7709440
     140.3      7.4686748      4.7707491
     140.4      7.4848589      4.7710286
     140.5      7.5018799      4.7717824
     140.6      7.5197426      4.7730101
     140.7      7.5384522      4.7747114
     140.8      7.5580133      4.7768858
     140.9      7.5784307      4.7795329
     141.0      7.5997093      4.7826520
     141.1      7.6218535      4.7862424
     141.2      7.6448680      4.7903034
     141.3      7.6687572      4.7948341
     141.4      7.6935256      4.7998337
     141.5      7.7191776      4.8053010
     141.6      7.7457173      4.8112351
     141.7      7.7731490      4.8176348
     141.8      7.8014768      4.8244988
     141.9      7.8307048      4.8318258
     142.0      7.8608368      4.8396144
     142.1      7.8918769      4.8478632
     142.2      7.9238288      4.8565706
     142.3      7.9566963      4.8657349
     142.4      7.9904830      4.8753545
     142.5      8.0251924      4.8854276
     142.6      8.0608282      4.8959523
     142.7      8.0973937      4.9069266
     142.8      8.1348922      4.9183486
     142.9      8.1733270      4.9302161
     143.0      8.2127012      4.9425270
     143.1      8.2530181      4.9552790
     143.2      8.2942805      4.9684697
     143.3      8.3364913      4.9820969
     143.4      8.3796535      4.9961579
     143.5      8.4237698      5.0106502
     143.6      8.4688428      5.0255713
     143.7      8.5148752      5.0409183
     143.8      8.5618693      5.0566886
     143.9      8.6098277      5.0728791
     144.0      8.6587527      5.0894871
     144.1      8.7086465      5.1065096
     144.2      8.7595112      5.1239433
     144.3      8.8113489      5.1417852
     144.4      8.8641615      5.1600320
     144.5      8.9179511      5.1786805
     144.6      8.9727192      5.1977273
     144.7      9.0284678      5.2171689
     144.8      9.0851983      5.2370019
     144.9      9.1429122      5.2572226
     145.0      9.2016111      5.2778273
     145.1      9.2612962      5.2988124
     145.2      9.3219689      5.3201741
     145.3      9.3836302      5.3419085
     145.4      9.4462812      5.3640117
     145.5      9.5099229      5.3864796
     145.6      9.5745561      5.4093083
     145.7      9.6401818      5.4324935
     145.8      9.7068004      5.4560312
     145.9      9.7744127      5.4799169
     146.0      9.8430191      5.5041465
     146.1      9.9126201      5.5287154
     146.2      9.9832160      5.5536193
     146.3     10.0548069      5.5788536
     146.4     10.1273930      5.6044137
     146.5     10.2009744      5.6302950
     146.6     10.2755509      5.6564929
     146.7     10.3511224      5.6830024
     146.8     10.4276887      5.7098188
     146.9     10.5052494      5.7369373
     147.0     10.5838040      5.7643528
     147.1     10.6633520      5.7920603
     147.2     10.7438927      5.8200549
     147.3     10.8254254      5.8483313
     147.4     10.9079493      5.8768844
     147.5     10.9914635      5.9057090
     147.6     11.0759668      5.9347998
     147.7     11.1614582      5.9641514
     147.8     11.2479364      5.9937585
     147.9     11.3354001      6.0236155
     148.0     11.4238480      6.0537171
     148.1     11.5132784      6.0840577
     148.2     11.6036898      6.1146316
     148.3     11.6950804      6.1454332
     148.4     11.7874484      6.1764568
     148.5     11.8807920      6.2076968
     148.6     11.9751091      6.2391472
     148.7     12.0703975      6.2708022
     148.8     12.1666552      6.3026560
     148.9     12.2638798      6.3347026
     149.0     12.3620689      6.3669361
     149.1     12.4612199      6.3993505
     149.2     12.5613304      6.4319396
     149.3     12.6623976      6.4646974
     149.4     12.7644187      6.4976178
     149.5     12.8673909      6.5306945
     149.6     12.9713111      6.5639214
     149.7     13.0761763      6.5972921
     149.8     13.1819833      6.6308005
     149.9     13.2887287      6.6644401
     150.0     13.3964094      6.6982047
     150.1     13.5050217      6.7320877
     150.2     13.6145621      6.7660828
     150.3     13.7250269      6.8001836
     150.4     13.8364125      6.8343834
     150.5     13.9487148      6.8686758
     150.6     14.0619300      6.9030542
     150.7     14.1760541      6.9375121
     150.8     14.2910828      6.9720428
     150.9     14.4070120      7.0066397
     151.0     14.5238373      7.0412960
     151.1     14.6415542      7.0760052
     151.2     14.7601583      7.1107605
     151.3     14.8796450      7.1455552
     151.4     15.0000095      7.1803824
     151.5     15.1212470      7.2152355
     151.6     15.2433526      7.2501075
     151.7     15.3663213      7.2849917
     151.8     15.4901481      7.3198813
     151.9     15.6148277      7.3547694
     152.0     15.7403549      7.3896490
     152.1     15.8667243      7.4245134
     152.2     15.9939305      7.4593555
     152.3     16.1219679      7.4941686
     152.4     16.2508309      7.5289455
     152.5     16.3805138      7.5636795
     152.6     16.5110106      7.5983635
     152.7     16.6423156      7.6329907
     152.8     16.7744228      7.6675539
     152.9     16.9073259      7.7020462
     153.0     17.0410190      7.7364607
     153.1     17.1754956      7.7707904
     153.2     17.3107494      7.8050281
     153.3     17.4467741      7.8391671
     153.4     17.5835631      7.8732002
     153.5     17.7211097      7.9071204
     153.6     17.8594072      7.9409207
     153.7     17.9984490      7.9745942
     153.8     18.1382281      8.0081338
     153.9     18.2787375      8.0415326
     154.0     18.4199702      8.0747835
     154.1     18.5619192      8.1078795
     154.2     18.7045771      8.1408136
     154.3     18.8479367      8.1735790
     154.4     18.9919907      8.2061685
     154.5     19.1367315      8.2385753
     154.6     19.2821517      8.2707923
     154.7     19.4282437      8.3028127
     154.8     19.5749997      8.3346295
     154.9     19.7224120      8.3662358
     155.0     19.8704727      8.3976246
     155.1     20.0191739      8.4287892
     155.2     20.1685076      8.4597225
     155.3     20.3184658      8.4904178
     155.4     20.4690402      8.5208683
     155.5     20.6202227      8.5510670
     155.6     20.7720049      8.5810072
     155.7     20.9243784      8.6106822
     155.8     21.0773348      8.6400850
     155.9     21.2308657      8.6692091
     156.0     21.3849622      8.6980478
     156.1     21.5396159      8.7265942
     156.2     21.6948180      8.7548418
     156.3     21.8505596      8.7827839
     156.4     22.0068319      8.8104139
     156.5     22.1636259      8.8377252
     156.6     22.3209326      8.8647113
     156.7     22.4787430      8.8913657
     156.8     22.6370479      8.9176819
     156.9     22.7958380      8.9436533
     157.0     22.9551041      8.9692737
     157.1     23.1148368      8.9945366
     157.2     23.2750268      9.0194357
     157.3     23.4356646      9.0439646
     157.4     23.5967406      9.0681170
     157.5     23.7582453      9.0918869
     157.6     23.9201689      9.1152678
     157.7     24.0825019      9.1382537
     157.8     24.2452344      9.1608384
     157.9     24.4083566      9.1830160
     158.0     24.5718586      9.2047802
     158.1     24.7357304      9.2261252
     158.2     24.8999621      9.2470450
     158.3     25.0645437      9.2675338
     158.4     25.2294650      9.2875855
     158.5     25.3947159      9.3071945
     158.6     25.5602861      9.3263550
     158.7     25.7261654      9.3450613
     158.8     25.8923436      9.3633076
     158.9     26.0588102      9.3810885
     159.0     26.2255548      9.3983983
     159.1     26.3925670      9.4152315
     159.2     26.5598363      9.4315828
     159.3     26.7273521      9.4474466
     159.4     26.8951039      9.4628177
     159.5     27.0630810      9.4776907
     159.6     27.2312728      9.4920605
     159.7     27.3996684      9.5059218
     159.8     27.5682573      9.5192696
     159.9     27.7370285      9.5320987
     160.0     27.9059713      9.5444043
     160.1     28.0750747      9.5561813
     160.2     28.2443278      9.5674249
     160.3     28.4137198      9.5781302
     160.4     28.5832395      9.5882926
     160.5     28.7528761      9.5979073
     160.6     28.9226183      9.6069696
     160.7     29.0924553      9.6154752
     160.8     29.2623758      9.6234194
     160.9     29.4323686      9.6307978
     161.0     29.6024227      9.6376061
     161.1     29.7725268      9.6438400
     161.2     29.9426697      9.6494953
     161.3     30.1128401      9.6545677
     161.4     30.2830267      9.6590533
     161.5     30.4532183      9.6629480
     161.6     30.6234034      9.6662478
     161.7     30.7935708      9.6689489
     161.8     30.9637090      9.6710475
     161.9     31.1338068      9.6725399
     162.0     31.3038525      9.6734224
     162.1     31.4738349      9.6736914
     162.2     31.6437424      9.6733435
     162.3     31.8135637      9.6723751
     162.4     31.9832871      9.6707830
     162.5     32.1529013      9.6685639
     162.6     32.3223946      9.6657145
     162.7     32.4917557      9.6622317
     162.8     32.6609728      9.6581126
     162.9     32.8300346      9.6533541
     163.0     32.9989294      9.6479532
     163.1     33.1676457      9.6419074
     163.2     33.3361719      9.6352137
     163.3     33.5044964      9.6278695
     163.4     33.6726076      9.6198723
     163.5     33.8404941      9.6112196
     163.6     34.0081441      9.6019089
     163.7     34.1755460      9.5919380
     163.8     34.3426884      9.5813046
     163.9     34.5095596      9.5700065
     164.0     34.6761479      9.5580417
     164.1     34.8424419      9.5454082
     164.2     35.0084300      9.5321040
     164.3     35.1741005      9.5181273
     164.4     35.3394418      9.5034764
     164.5     35.5044425      9.4881496
     164.6     35.6690910      9.4721453
     164.7     35.8333756      9.4554621
     164.8     35.9972849      9.4380986
     164.9     36.1608073      9.4200533
     165.0     36.3239314      9.4013252
     165.1     36.4866455      9.3819131
     165.2     36.6489382      9.3618158
     165.3     36.8107981      9.3410325
     165.4     36.9722137      9.3195622
     165.5     37.1331734      9.2974041
     165.6     37.2936660      9.2745576
     165.7     37.4536799      9.2510220
     165.8     37.6132038      9.2267967
     165.9     37.7722264      9.2018814
     166.0     37.9307362      9.1762756
     166.1     38.0887220      9.1499791
     166.2     38.2461724      9.1229917
     166.3     38.4030763      9.0953134
     166.4     38.5594222      9.0669440
     166.5     38.7151991      9.0378838
     166.6     38.8703958      9.0081327
     166.7     39.0250010      8.9776912
     166.8     39.1790037      8.9465596
     166.9     39.3323927      8.9147382
     167.0     39.4851569      8.8822277
     167.1     39.6372855      8.8490286
     167.2     39.7887672      8.8151416
     167.3     39.9395913      8.7805675
     167.4     40.0897467      8.7453073
     167.5     40.2392226      8.7093618
     167.6     40.3880081      8.6727321
     167.7     40.5360924      8.6354194
     167.8     40.6834647      8.5974249
     167.9     40.8301144      8.5587499
     168.0     40.9760307      8.5193958
     168.1     41.1212029      8.4793642
     168.2     41.2656206      8.4386565
     168.3     41.4092731      8.3972745
     168.4     41.5521499      8.3552199
     168.5     41.6942406      8.3124946
     168.6     41.8355347      8.2691005
     168.7     41.9760220      8.2250397
     168.8     42.1156920      8.1803141
     168.9     42.2545346      8.1349261
     169.0     42.3925395      8.0888779
     169.1     42.5296966      8.0421718
     169.2     42.6659958      7.9948104
     169.3     42.8014270      7.9467961
     169.4     42.9359803      7.8981316
     169.5     43.0696456      7.8488195
     169.6     43.2024133      7.7988627
     169.7     43.3342733      7.7482641
     169.8     43.4652161      7.6970265
     169.9     43.5952318      7.6451531
     170.0     43.7243109      7.5926469
     170.1     43.8524438      7.5395112
     170.2     43.9796210      7.4857493
     170.3     44.1058330      7.4313644
     170.4     44.2310705      7.3763602
     170.5     44.3553241      7.3207400
     170.6     44.4785847      7.2645076
     170.7     44.6008430      7.2076666
     170.8     44.7220899      7.1502208
     170.9     44.8423164      7.0921741
     171.0     44.9615136      7.0335303
     171.1     45.0796725      6.9742935
     171.2     45.1967843      6.9144678
     171.3     45.3128403      6.8540574
     171.4     45.4278318      6.7930664
     171.5     45.5417502      6.7314993
     171.6     45.6545869      6.6693603
     171.7     45.7663335      6.6066540
     171.8     45.8769817      6.5433850
     171.9     45.9865231      6.4795578
     172.0     46.0949496      6.4151771
     172.1     46.2022529      6.3502477
     172.2     46.3084250      6.2847744
     172.3     46.4134580      6.2187622
     172.4     46.5173440      6.1522160
     172.5     46.6200750      6.0851409
     172.6     46.7216435      6.0175420
     172.7     46.8220418      5.9494244
     172.8     46.9212622      5.8807935
     172.9     47.0192974      5.8116546
     173.0     47.1161399      5.7420130
     173.1     47.2117824      5.6718743
     173.2     47.3062177      5.6012439
     173.3     47.3994387      5.5301274
     173.4     47.4914383      5.4585306
     173.5     47.5822096      5.3864590
     173.6     47.6717457      5.3139186
     173.7     47.7600398      5.2409151
     173.8     47.8470853      5.1674544
     173.9     47.9328756      5.0935425
     174.0     48.0174042      5.0191855
     174.1     48.1006646      4.9443893
     174.2     48.1826506      4.8691603
     174.3     48.2633559      4.7935044
     174.4     48.3427745      4.7174281
     174.5     48.4209003      4.6409376
     174.6     48.4977273      4.5640393
     174.7     48.5732498      4.4867396
     174.8     48.6474620      4.4090450
     174.9     48.7203583      4.3309620
     175.0     48.7919330      4.2524972
     175.1     48.8621809      4.1736571
     175.2     48.9310965      4.0944486
     175.3     48.9986746      4.0148783
     175.4     49.0649100      3.9349530
     175.5     49.1297978      3.8546795
     175.6     49.1933329      3.7740647
     175.7     49.2555106      3.6931155
     175.8     49.3163260      3.6118388
     175.9     49.3757747      3.5302417
     176.0     49.4338519      3.4483312
     176.1     49.4905534      3.3661144
     176.2     49.5458747      3.2835984
     176.3     49.5998117      3.2007903
     176.4     49.6523603      3.1176975
     176.5     49.7035164      3.0343271
     176.6     49.7532761      2.9506864
     176.7     49.8016356      2.8667827
     176.8     49.8485913      2.7826234
     176.9     49.8941395      2.6982158
     177.0     49.9382768      2.6135675
     177.1     49.9809998      2.5286857
     177.2     50.0223052      2.4435781
     177.3     50.0621899      2.3582521
     177.4     50.1006509      2.2727152
     177.5     50.1376851      2.1869751
     177.6     50.1732898      2.1010393
     177.7     50.2074622      2.0149155
     177.8     50.2401997      1.9286112
     177.9     50.2714998      1.8421342
     178.0     50.3013601      1.7554922
     178.1     50.3297784      1.6686928
     178.2     50.3567524      1.5817438
     178.3     50.3822802      1.4946530
     178.4     50.4063596      1.4074282
     178.5     50.4289890      1.3200770
     178.6     50.4501665      1.2326075
     178.7     50.4698905      1.1450272
     178.8     50.4881596      1.0573442
     178.9     50.5049723      0.9695663
     179.0     50.5203274      0.8817013
     179.1     50.5342236      0.7937571
     179.2     50.5466599      0.7057416
     179.3     50.5576354      0.6176627
     179.4     50.5671491      0.5295283
     179.5     50.5752005      0.4413463
     179.6     50.5817888      0.3531246
     179.7     50.5869135      0.2648712
     179.8     50.5905744      0.1765941
     179.9     50.5927710      0.0883010
     180.0     50.5935032      0.0000000
