  # July 4, 2014 12:22:22
 # jmin,jmax    0   50
 # Eau     0.00200000
 # r0,ra,rb,rdel,tol,Bau,mu   3.5000  25.0000  25.0000   4.0000  1.0000E-03  3.0130E-07  6.8548E+03
 # parity bigJ  0  0        1  0        1  1        2  0        2  1        2  2        3  0        3  1        3  2        3  3
 # jmin,jmax,maxlamb are            0          50         100
 # j and jp are          18          44
 # lam  B-lambda(j,jp)  angle
#   26      5.6602     10.1574
#   27      0.1602     17.9146
#   28      2.4399     23.4382
#   29      0.1467     28.0852
#   30      1.5294     32.2431
#   31      0.1212     36.0873
#   32      1.1507     39.7149
#   33      0.0933     43.1864
#   34      0.8743     46.5427
#   35      0.0676     49.8133
#   36      0.6063     53.0202
#   37      0.0460     56.1811
#   38      0.4435     59.3101
#   39      0.0292     62.4193
#   40      0.3451     65.5191
#   41      0.0177     68.6192
#   42      0.2905     71.7281
#   43      0.0111     74.8545
#   44      0.2383     78.0064
#   45      0.0076     81.1924
#   46      0.1549     84.4210
#   47      0.0051     87.7017
#   48      0.1097     91.0445
#   49      0.0029     94.4606
#   50      0.1005     97.9631
#   51      0.0013    101.5668
#   52      0.0676    105.2899
#   53      0.0005    109.1540
#   54      0.0278    113.1868
#   55      0.0002    117.4238
#   56      0.0097    121.9123
#   57      0.0001    126.7187
#   58      0.0040    131.9414
#   59      0.0000    137.7372
#   60      0.0012    144.3882
#   61      0.0000    152.5122
#   62      0.0004    164.2495
   0    1.59076E+01    1.0000000000000000
   1    1.21627E+01    0.7645842273308979
   2    7.96850E+00    0.5009230269513568
   3    5.38262E+00    0.3383667455389188
   4    3.99627E+00    0.2512173038482773
   5    3.10504E+00    0.1951917890232976
   6    2.56758E+00    0.1614057085139773
   7    2.24987E+00    0.1414331033825493
   8    1.99507E+00    0.1254157374924413
   9    1.79247E+00    0.1126796654478620
  10    1.61744E+00    0.1016771550741065
  11    1.41130E+00    0.0887186246320692
  12    1.24059E+00    0.0779868119517370
  13    1.16478E+00    0.0732216051611579
  14    1.11768E+00    0.0702603863418497
  15    1.04137E+00    0.0654638189562693
  16    9.73153E-01    0.0611751810149628
  17    9.24336E-01    0.0581064495243222
  18    8.75346E-01    0.0550267779535351
  19    8.09211E-01    0.0508693321733130
  20    7.56334E-01    0.0475453136213146
  21    7.09197E-01    0.0445821770793021
  22    6.78202E-01    0.0426337074723196
  23    6.35310E-01    0.0399374202306696
  24    6.05617E-01    0.0380708045016504
  25    5.62110E-01    0.0353358340547743
  26    5.44173E-01    0.0342082848078685
  27    4.95851E-01    0.0311706280085478
  28    5.13659E-01    0.0322900918468265
  29    4.36748E-01    0.0274552589971394
  30    5.21784E-01    0.0328008479414780
  31    4.07359E-01    0.0256077645917043
  32    4.98999E-01    0.0313684951158090
  33    3.72910E-01    0.0234421710352462
  34    5.02971E-01    0.0316181957663804
  35    2.41050E-01    0.0151530827354725
  36    5.96563E-01    0.0375016870786420
