 # List of d(q) for j, j' =           14          39
 #    0  1.00000000
 #    1  0.63130924
 #    2  0.38816374
 #    3  0.26199177
 #    4  0.21666705
 #    5  0.16401680
 #    6  0.13941314
 #    7  0.11613904
 #    8  0.11065554
 #    9  0.09263874
 #   10  0.08668187
 #   11  0.07395440
 #   12  0.07169014
 #   13  0.06060217
 #   14  0.06080663
 #   15  0.05174657
 #   16  0.05371902
 #   17  0.04458583
 #   18  0.04810235
 #   19  0.03881671
 #   20  0.04411353
 #   21  0.03433529
 #   22  0.04182356
 #   23  0.02994834
 #   24  0.04175565
 #   25  0.02354329
 #   26  0.04423043
 #   27  0.01562249
 #   28  0.05530263
       0.0     32.5483920      0.0000000
       0.1     32.5412931      0.0567952
       0.2     32.5200048      0.1135160
       0.3     32.4845525      0.1700879
       0.4     32.4349782      0.2264370
       0.5     32.3713408      0.2824897
       0.6     32.2937159      0.3381728
       0.7     32.2021956      0.3934143
       0.8     32.0968884      0.4481425
       0.9     31.9779189      0.5022873
       1.0     31.8454281      0.5557794
       1.1     31.6995724      0.6085507
       1.2     31.5405240      0.6605349
       1.3     31.3684704      0.7116670
       1.4     31.1836140      0.7618836
       1.5     30.9861720      0.8111234
       1.6     30.7763758      0.8593268
       1.7     30.5544710      0.9064364
       1.8     30.3207166      0.9523967
       1.9     30.0753850      0.9971548
       2.0     29.8187613      1.0406598
       2.1     29.5511428      1.0828635
       2.2     29.2728388      1.1237201
       2.3     28.9841702      1.1631867
       2.4     28.6854684      1.2012227
       2.5     28.3770754      1.2377906
       2.6     28.0593433      1.2728557
       2.7     27.7326330      1.3063859
       2.8     27.3973146      1.3383525
       2.9     27.0537664      1.3687296
       3.0     26.7023740      1.3974943
       3.1     26.3435303      1.4246268
       3.2     25.9776347      1.4501107
       3.3     25.6050922      1.4739322
       3.4     25.2263134      1.4960812
       3.5     24.8417130      1.5165503
       3.6     24.4517103      1.5353356
       3.7     24.0567275      1.5524362
       3.8     23.6571897      1.5678542
       3.9     23.2535242      1.5815952
       4.0     22.8461597      1.5936675
       4.1     22.4355257      1.6040828
       4.2     22.0220521      1.6128554
       4.3     21.6061681      1.6200030
       4.4     21.1883022      1.6255460
       4.5     20.7688811      1.6295076
       4.6     20.3483293      1.6319141
       4.7     19.9270684      1.6327943
       4.8     19.5055166      1.6321796
       4.9     19.0840879      1.6301041
       5.0     18.6631920      1.6266044
       5.1     18.2432332      1.6217194
       5.2     17.8246101      1.6154904
       5.3     17.4077149      1.6079609
       5.4     16.9929333      1.5991763
       5.5     16.5806435      1.5891843
       5.6     16.1712158      1.5780341
       5.7     15.7650123      1.5657771
       5.8     15.3623864      1.5524659
       5.9     14.9636821      1.5381548
       6.0     14.5692339      1.5228996
       6.1     14.1793662      1.5067572
       6.2     13.7943930      1.4897856
       6.3     13.4146174      1.4720438
       6.4     13.0403313      1.4535918
       6.5     12.6718152      1.4344902
       6.6     12.3093377      1.4148002
       6.7     11.9531554      1.3945835
       6.8     11.6035125      1.3739019
       6.9     11.2606404      1.3528177
       7.0     10.9247580      1.3313931
       7.1     10.5960709      1.3096900
       7.2     10.2747718      1.2877704
       7.3      9.9610396      1.2656956
       7.4      9.6550403      1.2435267
       7.5      9.3569259      1.2213239
       7.6      9.0668348      1.1991468
       7.7      8.7848920      1.1770542
       7.8      8.5112083      1.1551035
       7.9      8.2458813      1.1333514
       8.0      7.9889943      1.1118531
       8.1      7.7406174      1.0906625
       8.2      7.5008067      1.0698321
       8.3      7.2696051      1.0494126
       8.4      7.0470418      1.0294532
       8.5      6.8331328      1.0100013
       8.6      6.6278810      0.9911025
       8.7      6.4312762      0.9728001
       8.8      6.2432955      0.9551358
       8.9      6.0639034      0.9381488
       9.0      5.8930520      0.9218764
       9.1      5.7306815      0.9063535
       9.2      5.5767200      0.8916126
       9.3      5.4310843      0.8776840
       9.4      5.2936798      0.8645954
       9.5      5.1644012      0.8523721
       9.6      5.0431323      0.8410369
       9.7      4.9297471      0.8306100
       9.8      4.8241093      0.8211092
       9.9      4.7260735      0.8125496
      10.0      4.6354849      0.8049435
      10.1      4.5521804      0.7983010
      10.2      4.4759882      0.7926292
      10.3      4.4067290      0.7879329
      10.4      4.3442158      0.7842141
      10.5      4.2882550      0.7814724
      10.6      4.2386462      0.7797047
      10.7      4.1951830      0.7789054
      10.8      4.1576534      0.7790666
      10.9      4.1258402      0.7801776
      11.0      4.0995218      0.7822256
      11.1      4.0784720      0.7851955
      11.2      4.0624613      0.7890695
      11.3      4.0512566      0.7938281
      11.4      4.0446223      0.7994493
      11.5      4.0423203      0.8059090
      11.6      4.0441108      0.8131814
      11.7      4.0497526      0.8212384
      11.8      4.0590036      0.8300502
      11.9      4.0716214      0.8395854
      12.0      4.0873634      0.8498106
      12.1      4.1059876      0.8606912
      12.2      4.1272531      0.8721909
      12.3      4.1509202      0.8842721
      12.4      4.1767508      0.8968959
      12.5      4.2045094      0.9100224
      12.6      4.2339628      0.9236104
      12.7      4.2648810      0.9376179
      12.8      4.2970374      0.9520022
      12.9      4.3302091      0.9667197
      13.0      4.3641773      0.9817263
      13.1      4.3987279      0.9969774
      13.2      4.4336515      1.0124282
      13.3      4.4687438      1.0280333
      13.4      4.5038061      1.0437476
      13.5      4.5386453      1.0595257
      13.6      4.5730745      1.0753224
      13.7      4.6069129      1.0910927
      13.8      4.6399865      1.1067920
      13.9      4.6721279      1.1223761
      14.0      4.7031766      1.1378014
      14.1      4.7329796      1.1530249
      14.2      4.7613908      1.1680043
      14.3      4.7882721      1.1826985
      14.4      4.8134928      1.1970670
      14.5      4.8369299      1.2110705
      14.6      4.8584686      1.2246711
      14.7      4.8780018      1.2378317
      14.8      4.8954306      1.2505170
      14.9      4.9106643      1.2626928
      15.0      4.9236201      1.2743267
      15.1      4.9342237      1.2853875
      15.2      4.9424087      1.2958461
      15.3      4.9481171      1.3056748
      15.4      4.9512989      1.3148477
      15.5      4.9519122      1.3233410
      15.6      4.9499231      1.3311324
      15.7      4.9453058      1.3382020
      15.8      4.9380423      1.3445314
      15.9      4.9281222      1.3501045
      16.0      4.9155429      1.3549072
      16.1      4.9003092      1.3589276
      16.2      4.8824333      1.3621555
      16.3      4.8619346      1.3645832
      16.4      4.8388392      1.3662049
      16.5      4.8131804      1.3670171
      16.6      4.7849978      1.3670182
      16.7      4.7543376      1.3662089
      16.8      4.7212519      1.3645919
      16.9      4.6857990      1.3621720
      17.0      4.6480426      1.3589562
      17.1      4.6080521      1.3549532
      17.2      4.5659019      1.3501739
      17.3      4.5216713      1.3446314
      17.4      4.4754441      1.3383404
      17.5      4.4273088      1.3313174
      17.6      4.3773575      1.3235811
      17.7      4.3256864      1.3151517
      17.8      4.2723950      1.3060511
      17.9      4.2175860      1.2963030
      18.0      4.1613650      1.2859325
      18.1      4.1038399      1.2749663
      18.2      4.0451212      1.2634326
      18.3      3.9853212      1.2513608
      18.4      3.9245536      1.2387816
      18.5      3.8629339      1.2257269
      18.6      3.8005782      1.2122298
      18.7      3.7376035      1.1983242
      18.8      3.6741272      1.1840451
      18.9      3.6102668      1.1694283
      19.0      3.5461396      1.1545101
      19.1      3.4818626      1.1393278
      19.2      3.4175518      1.1239188
      19.3      3.3533224      1.1083213
      19.4      3.2892882      1.0925737
      19.5      3.2255615      1.0767146
      19.6      3.1622527      1.0607826
      19.7      3.0994701      1.0448167
      19.8      3.0373199      1.0288554
      19.9      2.9759056      1.0129374
      20.0      2.9153279      0.9971009
      20.1      2.8556847      0.9813837
      20.2      2.7970706      0.9658234
      20.3      2.7395767      0.9504568
      20.4      2.6832907      0.9353201
      20.5      2.6282966      0.9204489
      20.6      2.5746744      0.9058777
      20.7      2.5225001      0.8916403
      20.8      2.4718455      0.8777695
      20.9      2.4227780      0.8642970
      21.0      2.3753607      0.8512532
      21.1      2.3296522      0.8386674
      21.2      2.2857063      0.8265675
      21.3      2.2435721      0.8149803
      21.4      2.2032942      0.8039309
      21.5      2.1649121      0.7934429
      21.6      2.1284605      0.7835386
      21.7      2.0939693      0.7742383
      21.8      2.0614633      0.7655611
      21.9      2.0309625      0.7575242
      22.0      2.0024819      0.7501429
      22.1      1.9760319      0.7434311
      22.2      1.9516175      0.7374007
      22.3      1.9292393      0.7320617
      22.4      1.9088930      0.7274226
      22.5      1.8905695      0.7234896
      22.6      1.8742551      0.7202675
      22.7      1.8599316      0.7177589
      22.8      1.8475763      0.7159646
      22.9      1.8371622      0.7148838
      23.0      1.8286578      0.7145135
      23.1      1.8220277      0.7148491
      23.2      1.8172326      0.7158841
      23.3      1.8142290      0.7176101
      23.4      1.8129701      0.7200172
      23.5      1.8134052      0.7230936
      23.6      1.8154803      0.7268258
      23.7      1.8191384      0.7311986
      23.8      1.8243190      0.7361954
      23.9      1.8309592      0.7417977
      24.0      1.8389932      0.7479859
      24.1      1.8483525      0.7547386
      24.2      1.8589666      0.7620332
      24.3      1.8707629      0.7698458
      24.4      1.8836666      0.7781510
      24.5      1.8976013      0.7869225
      24.6      1.9124894      0.7961326
      24.7      1.9282516      0.8057528
      24.8      1.9448077      0.8157536
      24.9      1.9620765      0.8261045
      25.0      1.9799764      0.8367742
      25.1      1.9984250      0.8477307
      25.2      2.0173398      0.8589415
      25.3      2.0366383      0.8703734
      25.4      2.0562380      0.8819927
      25.5      2.0760569      0.8937655
      25.6      2.0960134      0.9056575
      25.7      2.1160268      0.9176342
      25.8      2.1360171      0.9296611
      25.9      2.1559058      0.9417035
      26.0      2.1756153      0.9537270
      26.1      2.1950696      0.9656971
      26.2      2.2141945      0.9775798
      26.3      2.2329176      0.9893414
      26.4      2.2511682      1.0009486
      26.5      2.2688780      1.0123684
      26.6      2.2859809      1.0235687
      26.7      2.3024133      1.0345180
      26.8      2.3181140      1.0451855
      26.9      2.3330245      1.0555413
      27.0      2.3470892      1.0655562
      27.1      2.3602554      1.0752023
      27.2      2.3724733      1.0844526
      27.3      2.3836962      1.0932812
      27.4      2.3938807      1.1016634
      27.5      2.4029866      1.1095757
      27.6      2.4109770      1.1169961
      27.7      2.4178185      1.1239037
      27.8      2.4234809      1.1302791
      27.9      2.4279378      1.1361045
      28.0      2.4311660      1.1413633
      28.1      2.4331460      1.1460407
      28.2      2.4338618      1.1501233
      28.3      2.4333010      1.1535993
      28.4      2.4314547      1.1564587
      28.5      2.4283175      1.1586930
      28.6      2.4238877      1.1602953
      28.7      2.4181667      1.1612605
      28.8      2.4111598      1.1615851
      28.9      2.4028754      1.1612674
      29.0      2.3933254      1.1603072
      29.1      2.3825249      1.1587061
      29.2      2.3704921      1.1564675
      29.3      2.3572487      1.1535961
      29.4      2.3428190      1.1500987
      29.5      2.3272307      1.1459832
      29.6      2.3105141      1.1412596
      29.7      2.2927022      1.1359392
      29.8      2.2738309      1.1300347
      29.9      2.2539384      1.1235607
      30.0      2.2330656      1.1165328
      30.1      2.2112554      1.1089683
      30.2      2.1885530      1.1008858
      30.3      2.1650056      1.0923051
      30.4      2.1406623      1.0832474
      30.5      2.1155740      1.0737350
      30.6      2.0897931      1.0637913
      30.7      2.0633736      1.0534408
      30.8      2.0363705      1.0427090
      30.9      2.0088404      1.0316224
      31.0      1.9808404      1.0202082
      31.1      1.9524290      1.0084946
      31.2      1.9236648      0.9965103
      31.3      1.8946074      0.9842848
      31.4      1.8653165      0.9718479
      31.5      1.8358522      0.9592302
      31.6      1.8062745      0.9464624
      31.7      1.7766435      0.9335758
      31.8      1.7470188      0.9206017
      31.9      1.7174598      0.9075716
      32.0      1.6880252      0.8945171
      32.1      1.6587733      0.8814698
      32.2      1.6297614      0.8684612
      32.3      1.6010456      0.8555225
      32.4      1.5726812      0.8426847
      32.5      1.5447222      0.8299786
      32.6      1.5172211      0.8174344
      32.7      1.4902291      0.8050818
      32.8      1.4637956      0.7929501
      32.9      1.4379684      0.7810677
      33.0      1.4127934      0.7694624
      33.1      1.3883145      0.7581613
      33.2      1.3645738      0.7471904
      33.3      1.3416110      0.7365750
      33.4      1.3194636      0.7263393
      33.5      1.2981671      0.7165064
      33.6      1.2777542      0.7070984
      33.7      1.2582556      0.6981361
      33.8      1.2396991      0.6896392
      33.9      1.2221102      0.6816260
      34.0      1.2055118      0.6741137
      34.1      1.1899241      0.6671178
      34.2      1.1753645      0.6606528
      34.3      1.1618479      0.6547316
      34.4      1.1493865      0.6493654
      34.5      1.1379896      0.6445644
      34.6      1.1276639      0.6403369
      34.7      1.1184133      0.6366898
      34.8      1.1102390      0.6336285
      34.9      1.1031396      0.6311568
      35.0      1.0971108      0.6292769
      35.1      1.0921458      0.6279896
      35.2      1.0882352      0.6272939
      35.3      1.0853669      0.6271876
      35.4      1.0835265      0.6276665
      35.5      1.0826967      0.6287252
      35.6      1.0828583      0.6303567
      35.7      1.0839894      0.6325525
      35.8      1.0860659      0.6353026
      35.9      1.0890616      0.6385956
      36.0      1.0929481      0.6424188
      36.1      1.0976950      0.6467579
      36.2      1.1032698      0.6515974
      36.3      1.1096385      0.6569206
      36.4      1.1167650      0.6627094
      36.5      1.1246117      0.6689447
      36.6      1.1331395      0.6756060
      36.7      1.1423079      0.6826719
      36.8      1.1520750      0.6901201
      36.9      1.1623976      0.6979270
      37.0      1.1732317      0.7060684
      37.1      1.1845320      0.7145192
      37.2      1.1962528      0.7232534
      37.3      1.2083471      0.7322443
      37.4      1.2207679      0.7414649
      37.5      1.2334673      0.7508873
      37.6      1.2463973      0.7604833
      37.7      1.2595095      0.7702241
      37.8      1.2727555      0.7800808
      37.9      1.2860870      0.7900242
      38.0      1.2994557      0.8000248
      38.1      1.3128136      0.8100531
      38.2      1.3261132      0.8200796
      38.3      1.3393075      0.8300747
      38.4      1.3523499      0.8400092
      38.5      1.3651949      0.8498538
      38.6      1.3777976      0.8595798
      38.7      1.3901141      0.8691586
      38.8      1.4021016      0.8785622
      38.9      1.4137185      0.8877630
      39.0      1.4249245      0.8967341
      39.1      1.4356806      0.9054490
      39.2      1.4459493      0.9138823
      39.3      1.4556945      0.9220090
      39.4      1.4648819      0.9298052
      39.5      1.4734788      0.9372478
      39.6      1.4814545      0.9443146
      39.7      1.4887799      0.9509847
      39.8      1.4954277      0.9572378
      39.9      1.5013730      0.9630552
      40.0      1.5065925      0.9684190
      40.1      1.5110653      0.9733128
      40.2      1.5147722      0.9777214
      40.3      1.5176966      0.9816306
      40.4      1.5198237      0.9850280
      40.5      1.5211411      0.9879021
      40.6      1.5216386      0.9902432
      40.7      1.5213082      0.9920426
      40.8      1.5201441      0.9932935
      40.9      1.5181427      0.9939900
      41.0      1.5153029      0.9941281
      41.1      1.5116254      0.9937051
      41.2      1.5071135      0.9927198
      41.3      1.5017725      0.9911723
      41.4      1.4956098      0.9890645
      41.5      1.4886350      0.9863994
      41.6      1.4808599      0.9831817
      41.7      1.4722982      0.9794175
      41.8      1.4629657      0.9751141
      41.9      1.4528801      0.9702806
      42.0      1.4420609      0.9649271
      42.1      1.4305296      0.9590651
      42.2      1.4183095      0.9527077
      42.3      1.4054253      0.9458688
      42.4      1.3919037      0.9385640
      42.5      1.3777726      0.9308097
      42.6      1.3630617      0.9226237
      42.7      1.3478019      0.9140249
      42.8      1.3320253      0.9050330
      42.9      1.3157653      0.8956689
      43.0      1.2990566      0.8859545
      43.1      1.2819346      0.8759123
      43.2      1.2644357      0.8655658
      43.3      1.2465974      0.8549394
      43.4      1.2284575      0.8440578
      43.5      1.2100547      0.8329467
      43.6      1.1914282      0.8216322
      43.7      1.1726174      0.8101407
      43.8      1.1536623      0.7984995
      43.9      1.1346028      0.7867357
      44.0      1.1154792      0.7748770
      44.1      1.0963316      0.7629512
      44.2      1.0772000      0.7509863
      44.3      1.0581243      0.7390102
      44.4      1.0391440      0.7270510
      44.5      1.0202981      0.7151364
      44.6      1.0016253      0.7032943
      44.7      0.9831636      0.6915521
      44.8      0.9649502      0.6799369
      44.9      0.9470216      0.6684756
      45.0      0.9294134      0.6571945
      45.1      0.9121602      0.6461194
      45.2      0.8952956      0.6352755
      45.3      0.8788519      0.6246875
      45.4      0.8628605      0.6143791
      45.5      0.8473511      0.6043736
      45.6      0.8323524      0.5946930
      45.7      0.8178913      0.5853589
      45.8      0.8039937      0.5763916
      45.9      0.7906834      0.5678106
      46.0      0.7779830      0.5596342
      46.1      0.7659133      0.5518797
      46.2      0.7544933      0.5445633
      46.3      0.7437404      0.5376999
      46.4      0.7336702      0.5313033
      46.5      0.7242963      0.5253860
      46.6      0.7156308      0.5199592
      46.7      0.7076837      0.5150329
      46.8      0.7004630      0.5106156
      46.9      0.6939752      0.5067145
      47.0      0.6882245      0.5033356
      47.1      0.6832135      0.5004832
      47.2      0.6789427      0.4981605
      47.3      0.6754108      0.4963692
      47.4      0.6726145      0.4951096
      47.5      0.6705489      0.4943805
      47.6      0.6692070      0.4941795
      47.7      0.6685800      0.4945026
      47.8      0.6686576      0.4953446
      47.9      0.6694272      0.4966988
      48.0      0.6708751      0.4985574
      48.1      0.6729856      0.5009110
      48.2      0.6757414      0.5037490
      48.3      0.6791236      0.5070596
      48.4      0.6831119      0.5108298
      48.5      0.6876845      0.5150453
      48.6      0.6928183      0.5196906
      48.7      0.6984886      0.5247494
      48.8      0.7046697      0.5302040
      48.9      0.7113346      0.5360357
      49.0      0.7184554      0.5422251
      49.1      0.7260027      0.5487517
      49.2      0.7339467      0.5555940
      49.3      0.7422564      0.5627301
      49.4      0.7509000      0.5701368
      49.5      0.7598451      0.5777908
      49.6      0.7690587      0.5856677
      49.7      0.7785073      0.5937428
      49.8      0.7881567      0.6019910
      49.9      0.7979727      0.6103864
      50.0      0.8079207      0.6189031
      50.1      0.8179657      0.6275148
      50.2      0.8280731      0.6361949
      50.3      0.8382079      0.6449168
      50.4      0.8483354      0.6536537
      50.5      0.8584211      0.6623788
      50.6      0.8684306      0.6710655
      50.7      0.8783300      0.6796871
      50.8      0.8880859      0.6882172
      50.9      0.8976653      0.6966299
      51.0      0.9070360      0.7048994
      51.1      0.9161664      0.7130002
      51.2      0.9250256      0.7209076
      51.3      0.9335837      0.7285971
      51.4      0.9418116      0.7360451
      51.5      0.9496814      0.7432284
      51.6      0.9571661      0.7501248
      51.7      0.9642398      0.7567126
      51.8      0.9708780      0.7629712
      51.9      0.9770573      0.7688806
      52.0      0.9827556      0.7744220
      52.1      0.9879523      0.7795774
      52.2      0.9926281      0.7843301
      52.3      0.9967653      0.7886642
      52.4      1.0003475      0.7925649
      52.5      1.0033599      0.7960189
      52.6      1.0057894      0.7990138
      52.7      1.0076244      0.8015385
      52.8      1.0088548      0.8035830
      52.9      1.0094724      0.8051390
      53.0      1.0094705      0.8061990
      53.1      1.0088440      0.8067571
      53.2      1.0075897      0.8068087
      53.3      1.0057059      0.8063505
      53.4      1.0031926      0.8053805
      53.5      1.0000514      0.8038982
      53.6      0.9962859      0.8019043
      53.7      0.9919008      0.7994009
      53.8      0.9869030      0.7963916
      53.9      0.9813006      0.7928809
      54.0      0.9751033      0.7888752
      54.1      0.9683227      0.7843817
      54.2      0.9609714      0.7794092
      54.3      0.9530640      0.7739676
      54.4      0.9446161      0.7680680
      54.5      0.9356449      0.7617230
      54.6      0.9261689      0.7549460
      54.7      0.9162078      0.7477517
      54.8      0.9057828      0.7401558
      54.9      0.8949159      0.7321752
      55.0      0.8836305      0.7238277
      55.1      0.8719509      0.7151321
      55.2      0.8599023      0.7061081
      55.3      0.8475112      0.6967762
      55.4      0.8348044      0.6871578
      55.5      0.8218098      0.6772750
      55.6      0.8085560      0.6671505
      55.7      0.7950721      0.6568077
      55.8      0.7813877      0.6462706
      55.9      0.7675331      0.6355637
      56.0      0.7535388      0.6247120
      56.1      0.7394355      0.6137406
      56.2      0.7252544      0.6026751
      56.3      0.7110266      0.5915415
      56.4      0.6967833      0.5803656
      56.5      0.6825558      0.5691736
      56.6      0.6683753      0.5579917
      56.7      0.6542727      0.5468459
      56.8      0.6402785      0.5357622
      56.9      0.6264233      0.5247665
      57.0      0.6127369      0.5138844
      57.1      0.5992487      0.5031411
      57.2      0.5859876      0.4925616
      57.3      0.5729818      0.4821704
      57.4      0.5602589      0.4719914
      57.5      0.5478455      0.4620482
      57.6      0.5357675      0.4523635
      57.7      0.5240499      0.4429594
      57.8      0.5127167      0.4338574
      57.9      0.5017909      0.4250781
      58.0      0.4912943      0.4166412
      58.1      0.4812476      0.4085656
      58.2      0.4716703      0.4008692
      58.3      0.4625809      0.3935689
      58.4      0.4539961      0.3866807
      58.5      0.4459319      0.3802194
      58.6      0.4384024      0.3741987
      58.7      0.4314206      0.3686311
      58.8      0.4249980      0.3635281
      58.9      0.4191446      0.3588998
      59.0      0.4138691      0.3547551
      59.1      0.4091785      0.3511017
      59.2      0.4050784      0.3479461
      59.3      0.4015729      0.3452934
      59.4      0.3986645      0.3431473
      59.5      0.3963542      0.3415104
      59.6      0.3946416      0.3403838
      59.7      0.3935247      0.3397675
      59.8      0.3929999      0.3396599
      59.9      0.3930621      0.3400583
      60.0      0.3937050      0.3409586
      60.1      0.3949206      0.3423554
      60.2      0.3966994      0.3442420
      60.3      0.3990307      0.3466107
      60.4      0.4019024      0.3494521
      60.5      0.4053008      0.3527559
      60.6      0.4092113      0.3565105
      60.7      0.4136177      0.3607033
      60.8      0.4185028      0.3653203
      60.9      0.4238481      0.3703467
      61.0      0.4296342      0.3757665
      61.1      0.4358402      0.3815626
      61.2      0.4424446      0.3877172
      61.3      0.4494249      0.3942113
      61.4      0.4567576      0.4010254
      61.5      0.4644182      0.4081387
      61.6      0.4723819      0.4155301
      61.7      0.4806228      0.4231775
      61.8      0.4891146      0.4310584
      61.9      0.4978302      0.4391494
      62.0      0.5067424      0.4474269
      62.1      0.5158231      0.4558667
      62.2      0.5250443      0.4644442
      62.3      0.5343775      0.4731344
      62.4      0.5437940      0.4819122
      62.5      0.5532650      0.4907520
      62.6      0.5627617      0.4996285
      62.7      0.5722554      0.5085160
      62.8      0.5817172      0.5173888
      62.9      0.5911188      0.5262215
      63.0      0.6004318      0.5349886
      63.1      0.6096282      0.5436649
      63.2      0.6186805      0.5522254
      63.3      0.6275616      0.5606455
      63.4      0.6362448      0.5689010
      63.5      0.6447043      0.5769681
      63.6      0.6529147      0.5848234
      63.7      0.6608514      0.5924443
      63.8      0.6684905      0.5998087
      63.9      0.6758092      0.6068953
      64.0      0.6827853      0.6136834
      64.1      0.6893978      0.6201531
      64.2      0.6956265      0.6262856
      64.3      0.7014524      0.6320627
      64.4      0.7068576      0.6374672
      64.5      0.7118253      0.6424831
      64.6      0.7163399      0.6470952
      64.7      0.7203871      0.6512894
      64.8      0.7239536      0.6550528
      64.9      0.7270278      0.6583737
      65.0      0.7295990      0.6612413
      65.1      0.7316582      0.6636462
      65.2      0.7331975      0.6655802
      65.3      0.7342106      0.6670364
      65.4      0.7346924      0.6680089
      65.5      0.7346393      0.6684933
      65.6      0.7340491      0.6684865
      65.7      0.7329210      0.6679866
      65.8      0.7312556      0.6669929
      65.9      0.7290549      0.6655062
      66.0      0.7263223      0.6635284
      66.1      0.7230627      0.6610629
      66.2      0.7192822      0.6581142
      66.3      0.7149883      0.6546881
      66.4      0.7101899      0.6507916
      66.5      0.7048972      0.6464330
      66.6      0.6991215      0.6416220
      66.7      0.6928755      0.6363690
      66.8      0.6861731      0.6306860
      66.9      0.6790294      0.6245858
      67.0      0.6714604      0.6180826
      67.1      0.6634836      0.6111914
      67.2      0.6551170      0.6039282
      67.3      0.6463801      0.5963102
      67.4      0.6372930      0.5883554
      67.5      0.6278767      0.5800825
      67.6      0.6181533      0.5715112
      67.7      0.6081453      0.5626620
      67.8      0.5978763      0.5535560
      67.9      0.5873700      0.5442152
      68.0      0.5766513      0.5346618
      68.1      0.5657452      0.5249189
      68.2      0.5546772      0.5150099
      68.3      0.5434733      0.5049588
      68.4      0.5321599      0.4947898
      68.5      0.5207633      0.4845274
      68.6      0.5093104      0.4741964
      68.7      0.4978278      0.4638218
      68.8      0.4863425      0.4534287
      68.9      0.4748812      0.4430421
      69.0      0.4634706      0.4326871
      69.1      0.4521374      0.4223888
      69.2      0.4409078      0.4121719
      69.3      0.4298077      0.4020611
      69.4      0.4188629      0.3920806
      69.5      0.4080986      0.3822546
      69.6      0.3975394      0.3726065
      69.7      0.3872094      0.3631594
      69.8      0.3771322      0.3539360
      69.9      0.3673307      0.3449581
      70.0      0.3578268      0.3362472
      70.1      0.3486419      0.3278239
      70.2      0.3397965      0.3197080
      70.3      0.3313100      0.3119186
      70.4      0.3232010      0.3044739
      70.5      0.3154872      0.2973913
      70.6      0.3081851      0.2906872
      70.7      0.3013101      0.2843768
      70.8      0.2948767      0.2784746
      70.9      0.2888979      0.2729938
      71.0      0.2833859      0.2679466
      71.1      0.2783513      0.2633441
      71.2      0.2738038      0.2591962
      71.3      0.2697517      0.2555116
      71.4      0.2662019      0.2522977
      71.5      0.2631601      0.2495610
      71.6      0.2606308      0.2473063
      71.7      0.2586170      0.2455376
      71.8      0.2571205      0.2442573
      71.9      0.2561417      0.2434667
      72.0      0.2556796      0.2431657
      72.1      0.2557320      0.2433531
      72.2      0.2562954      0.2440264
      72.3      0.2573649      0.2451817
      72.4      0.2589344      0.2468139
      72.5      0.2609965      0.2489168
      72.6      0.2635424      0.2514828
      72.7      0.2665623      0.2545033
      72.8      0.2700451      0.2579683
      72.9      0.2739785      0.2618668
      73.0      0.2783491      0.2661866
      73.1      0.2831425      0.2709146
      73.2      0.2883429      0.2760363
      73.3      0.2939340      0.2815366
      73.4      0.2998980      0.2873990
      73.5      0.3062166      0.2936065
      73.6      0.3128703      0.3001408
      73.7      0.3198389      0.3069831
      73.8      0.3271016      0.3141136
      73.9      0.3346366      0.3215118
      74.0      0.3424215      0.3291567
      74.1      0.3504334      0.3370263
      74.2      0.3586488      0.3450983
      74.3      0.3670437      0.3533500
      74.4      0.3755938      0.3617578
      74.5      0.3842741      0.3702983
      74.6      0.3930598      0.3789471
      74.7      0.4019255      0.3876802
      74.8      0.4108457      0.3964729
      74.9      0.4197950      0.4053006
      75.0      0.4287477      0.4141385
      75.1      0.4376783      0.4229618
      75.2      0.4465614      0.4317460
      75.3      0.4553716      0.4404663
      75.4      0.4640840      0.4490984
      75.5      0.4726738      0.4576181
      75.6      0.4811166      0.4660015
      75.7      0.4893885      0.4742251
      75.8      0.4974659      0.4822660
      75.9      0.5053258      0.4901014
      76.0      0.5129460      0.4977094
      76.1      0.5203048      0.5050685
      76.2      0.5273811      0.5121579
      76.3      0.5341548      0.5189576
      76.4      0.5406064      0.5254483
      76.5      0.5467174      0.5316115
      76.6      0.5524702      0.5374296
      76.7      0.5578480      0.5428859
      76.8      0.5628353      0.5479646
      76.9      0.5674173      0.5526508
      77.0      0.5715805      0.5569310
      77.1      0.5753125      0.5607923
      77.2      0.5786018      0.5642232
      77.3      0.5814384      0.5672133
      77.4      0.5838132      0.5697531
      77.5      0.5857185      0.5718347
      77.6      0.5871478      0.5734510
      77.7      0.5880956      0.5745963
      77.8      0.5885581      0.5752661
      77.9      0.5885324      0.5754571
      78.0      0.5880170      0.5751674
      78.1      0.5870117      0.5743962
      78.2      0.5855174      0.5731439
      78.3      0.5835366      0.5714124
      78.4      0.5810728      0.5692045
      78.5      0.5781307      0.5665246
      78.6      0.5747165      0.5633780
      78.7      0.5708374      0.5597715
      78.8      0.5665019      0.5557129
      78.9      0.5617195      0.5512112
      79.0      0.5565012      0.5462767
      79.1      0.5508587      0.5409205
      79.2      0.5448051      0.5351551
      79.3      0.5383544      0.5289940
      79.4      0.5315218      0.5224515
      79.5      0.5243231      0.5155433
      79.6      0.5167755      0.5082856
      79.7      0.5088966      0.5006958
      79.8      0.5007054      0.4927920
      79.9      0.4922211      0.4845933
      80.0      0.4834641      0.4761192
      80.1      0.4744553      0.4673904
      80.2      0.4652163      0.4584278
      80.3      0.4557690      0.4492531
      80.4      0.4461363      0.4398886
      80.5      0.4363411      0.4303570
      80.6      0.4264071      0.4206813
      80.7      0.4163580      0.4108852
      80.8      0.4062179      0.4009924
      80.9      0.3960113      0.3910270
      81.0      0.3857625      0.3810131
      81.1      0.3754962      0.3709751
      81.2      0.3652369      0.3609375
      81.3      0.3550093      0.3509245
      81.4      0.3448377      0.3409605
      81.5      0.3347465      0.3310696
      81.6      0.3247597      0.3212758
      81.7      0.3149011      0.3116027
      81.8      0.3051941      0.3020739
      81.9      0.2956617      0.2927121
      82.0      0.2863266      0.2835400
      82.1      0.2772106      0.2745797
      82.2      0.2683352      0.2658525
      82.3      0.2597212      0.2573794
      82.4      0.2513888      0.2491804
      82.5      0.2433572      0.2412752
      82.6      0.2356450      0.2336823
      82.7      0.2282699      0.2264197
      82.8      0.2212489      0.2195042
      82.9      0.2145977      0.2129521
      83.0      0.2083313      0.2067784
      83.1      0.2024637      0.2009973
      83.2      0.1970078      0.1956219
      83.3      0.1919753      0.1906642
      83.4      0.1873770      0.1861352
      83.5      0.1832225      0.1820447
      83.6      0.1795202      0.1784014
      83.7      0.1762773      0.1752127
      83.8      0.1734999      0.1724851
      83.9      0.1711929      0.1702236
      84.0      0.1693599      0.1684322
      84.1      0.1680034      0.1671134
      84.2      0.1671243      0.1662688
      84.3      0.1667228      0.1658985
      84.4      0.1667975      0.1660015
      84.5      0.1673459      0.1665755
      84.6      0.1683642      0.1676170
      84.7      0.1698474      0.1691213
      84.8      0.1717894      0.1710824
      84.9      0.1741829      0.1734933
      85.0      0.1770192      0.1763456
      85.1      0.1802888      0.1796299
      85.2      0.1839809      0.1833357
      85.3      0.1880836      0.1874512
      85.4      0.1925840      0.1919637
      85.5      0.1974682      0.1968595
      85.6      0.2027212      0.2021237
      85.7      0.2083272      0.2077408
      85.8      0.2142694      0.2136939
      85.9      0.2205301      0.2199657
      86.0      0.2270909      0.2265377
      86.1      0.2339326      0.2333909
      86.2      0.2410353      0.2405054
      86.3      0.2483783      0.2478606
      86.4      0.2559404      0.2554353
      86.5      0.2636998      0.2632080
      86.6      0.2716343      0.2711562
      86.7      0.2797211      0.2792573
      86.8      0.2879372      0.2874882
      86.9      0.2962590      0.2958255
      87.0      0.3046629      0.3042454
      87.1      0.3131251      0.3127241
      87.2      0.3216213      0.3212373
      87.3      0.3301276      0.3297611
      87.4      0.3386197      0.3382711
      87.5      0.3470736      0.3467433
      87.6      0.3554653      0.3551535
      87.7      0.3637709      0.3634778
      87.8      0.3719668      0.3716927
      87.9      0.3800298      0.3797746
      88.0      0.3879368      0.3877005
      88.1      0.3956654      0.3954479
      88.2      0.4031934      0.4029944
      88.3      0.4104992      0.4103185
      88.4      0.4175619      0.4173991
      88.5      0.4243612      0.4242158
      88.6      0.4308773      0.4307487
      88.7      0.4370913      0.4369788
      88.8      0.4429850      0.4428879
      88.9      0.4485413      0.4484586
      89.0      0.4537434      0.4536743
      89.1      0.4585761      0.4585195
      89.2      0.4630246      0.4629794
      89.3      0.4670754      0.4670405
      89.4      0.4707159      0.4706901
      89.5      0.4739346      0.4739165
      89.6      0.4767211      0.4767095
      89.7      0.4790662      0.4790596
      89.8      0.4809616      0.4809586
      89.9      0.4824003      0.4823995
      90.0      0.4833765      0.4833765
      90.1      0.4838857      0.4838849
      90.2      0.4839243      0.4839213
      90.3      0.4834901      0.4834835
      90.4      0.4825822      0.4825704
      90.5      0.4812007      0.4811824
      90.6      0.4793472      0.4793209
      90.7      0.4770241      0.4769885
      90.8      0.4742355      0.4741893
      90.9      0.4709863      0.4709282
      91.0      0.4672828      0.4672116
      91.1      0.4631324      0.4630470
      91.2      0.4585436      0.4584431
      91.3      0.4535262      0.4534095
      91.4      0.4480909      0.4479571
      91.5      0.4422495      0.4420980
      91.6      0.4360150      0.4358450
      91.7      0.4294012      0.4292122
      91.8      0.4224230      0.4222146
      91.9      0.4150963      0.4148681
      92.0      0.4074377      0.4071895
      92.1      0.3994648      0.3991966
      92.2      0.3911960      0.3909076
      92.3      0.3826503      0.3823420
      92.4      0.3738476      0.3735196
      92.5      0.3648083      0.3644611
      92.6      0.3555536      0.3551876
      92.7      0.3461051      0.3457208
      92.8      0.3364848      0.3360831
      92.9      0.3267155      0.3262971
      93.0      0.3168199      0.3163857
      93.1      0.3068214      0.3063725
      93.2      0.2967436      0.2962809
      93.3      0.2866100      0.2861348
      93.4      0.2764447      0.2759581
      93.5      0.2662715      0.2657748
      93.6      0.2561143      0.2556089
      93.7      0.2459972      0.2454844
      93.8      0.2359438      0.2354251
      93.9      0.2259779      0.2254546
      94.0      0.2161228      0.2155963
      94.1      0.2064016      0.2058734
      94.2      0.1968371      0.1963085
      94.3      0.1874517      0.1869240
      94.4      0.1782672      0.1777418
      94.5      0.1693050      0.1687831
      94.6      0.1605860      0.1600687
      94.7      0.1521302      0.1516186
      94.8      0.1439571      0.1434522
      94.9      0.1360855      0.1355881
      95.0      0.1285333      0.1280442
      95.1      0.1213178      0.1208375
      95.2      0.1144550      0.1139840
      95.3      0.1079605      0.1074990
      95.4      0.1018486      0.1013966
      95.5      0.0961327      0.0956902
      95.6      0.0908253      0.0903918
      95.7      0.0859375      0.0855126
      95.8      0.0814798      0.0810627
      95.9      0.0774611      0.0770508
      96.0      0.0738897      0.0734849
      96.1      0.0707721      0.0703714
      96.2      0.0681143      0.0677159
      96.3      0.0659205      0.0655224
      96.4      0.0641942      0.0637941
      96.5      0.0629374      0.0625328
      96.6      0.0621509      0.0617390
      96.7      0.0618344      0.0614121
      96.8      0.0619864      0.0615503
      96.9      0.0626040      0.0621506
      97.0      0.0636833      0.0632086
      97.1      0.0652191      0.0647190
      97.2      0.0672050      0.0666751
      97.3      0.0696335      0.0690691
      97.4      0.0724960      0.0718922
      97.5      0.0757827      0.0751344
      97.6      0.0794826      0.0787844
      97.7      0.0835839      0.0828302
      97.8      0.0880735      0.0872586
      97.9      0.0929374      0.0920554
      98.0      0.0981607      0.0972054
      98.1      0.1037274      0.1026925
      98.2      0.1096207      0.1085000
      98.3      0.1158231      0.1146099
      98.4      0.1223160      0.1210038
      98.5      0.1290803      0.1276625
      98.6      0.1360961      0.1345659
      98.7      0.1433428      0.1416935
      98.8      0.1507992      0.1490241
      98.9      0.1584437      0.1565360
      99.0      0.1662540      0.1642072
      99.1      0.1742076      0.1720150
      99.2      0.1822814      0.1799366
      99.3      0.1904521      0.1879487
      99.4      0.1986961      0.1960281
      99.5      0.2069897      0.2041510
      99.6      0.2153090      0.2122938
      99.7      0.2236299      0.2204328
      99.8      0.2319285      0.2285442
      99.9      0.2401809      0.2366045
     100.0      0.2483633      0.2445901
     100.1      0.2564520      0.2524778
     100.2      0.2644235      0.2602445
     100.3      0.2722549      0.2678675
     100.4      0.2799233      0.2753245
     100.5      0.2874064      0.2825937
     100.6      0.2946823      0.2896537
     100.7      0.3017298      0.2964835
     100.8      0.3085280      0.3030631
     100.9      0.3150569      0.3093729
     101.0      0.3212971      0.3153940
     101.1      0.3272298      0.3211082
     101.2      0.3328373      0.3264985
     101.3      0.3381025      0.3315482
     101.4      0.3430091      0.3362420
     101.5      0.3475421      0.3405651
     101.6      0.3516871      0.3445040
     101.7      0.3554309      0.3480460
     101.8      0.3587612      0.3511796
     101.9      0.3616668      0.3538943
     102.0      0.3641379      0.3561806
     102.1      0.3661653      0.3580303
     102.2      0.3677413      0.3594362
     102.3      0.3688594      0.3603924
     102.4      0.3695140      0.3608941
     102.5      0.3697010      0.3609376
     102.6      0.3694174      0.3605206
     102.7      0.3686613      0.3596419
     102.8      0.3674324      0.3583014
     102.9      0.3657311      0.3565005
     103.0      0.3635594      0.3542414
     103.1      0.3609206      0.3515280
     103.2      0.3578189      0.3483649
     103.3      0.3542598      0.3447582
     103.4      0.3502503      0.3407150
     103.5      0.3457982      0.3362437
     103.6      0.3409125      0.3313537
     103.7      0.3356037      0.3260555
     103.8      0.3298829      0.3203606
     103.9      0.3237628      0.3142818
     104.0      0.3172566      0.3078327
     104.1      0.3103790      0.3010279
     104.2      0.3031455      0.2938830
     104.3      0.2955724      0.2864143
     104.4      0.2876771      0.2786392
     104.5      0.2794779      0.2705758
     104.6      0.2709936      0.2622430
     104.7      0.2622442      0.2536603
     104.8      0.2532500      0.2448480
     104.9      0.2440321      0.2358268
     105.0      0.2346125      0.2266183
     105.1      0.2250133      0.2172442
     105.2      0.2152573      0.2077269
     105.3      0.2053678      0.1980891
     105.4      0.1953684      0.1883538
     105.5      0.1852830      0.1785443
     105.6      0.1751358      0.1686842
     105.7      0.1649511      0.1587971
     105.8      0.1547535      0.1489066
     105.9      0.1445675      0.1390366
     106.0      0.1344178      0.1292106
     106.1      0.1243287      0.1194524
     106.2      0.1143247      0.1097853
     106.3      0.1044301      0.1002325
     106.4      0.0946687      0.0908170
     106.5      0.0850642      0.0815612
     106.6      0.0756399      0.0724874
     106.7      0.0664187      0.0636173
     106.8      0.0574228      0.0549720
     106.9      0.0486742      0.0465721
     107.0      0.0401939      0.0384377
     107.1      0.0320026      0.0305879
     107.2      0.0241201      0.0230414
     107.3      0.0165653      0.0158159
     107.4      0.0093566      0.0089285
     107.5      0.0025114      0.0023952
     107.6     -0.0039539     -0.0037688
     107.7     -0.0100238     -0.0095493
     107.8     -0.0156838     -0.0149330
     107.9     -0.0209204     -0.0199077
     108.0     -0.0257211     -0.0244622
     108.1     -0.0300746     -0.0285864
     108.2     -0.0339709     -0.0322714
     108.3     -0.0374007     -0.0355092
     108.4     -0.0403563     -0.0382932
     108.5     -0.0428311     -0.0406178
     108.6     -0.0448197     -0.0424787
     108.7     -0.0463178     -0.0438727
     108.8     -0.0473226     -0.0447979
     108.9     -0.0478324     -0.0452536
     109.0     -0.0478469     -0.0452401
     109.1     -0.0473668     -0.0447592
     109.2     -0.0463944     -0.0438138
     109.3     -0.0449331     -0.0424079
     109.4     -0.0429875     -0.0405468
     109.5     -0.0405635     -0.0382369
     109.6     -0.0376684     -0.0354858
     109.7     -0.0343105     -0.0323023
     109.8     -0.0304993     -0.0286962
     109.9     -0.0262456     -0.0246785
     110.0     -0.0215613     -0.0202610
     110.1     -0.0164594     -0.0154569
     110.2     -0.0109540     -0.0102802
     110.3     -0.0050602     -0.0047459
     110.4      0.0012059      0.0011303
     110.5      0.0078270      0.0073314
     110.6      0.0147852      0.0138398
     110.7      0.0220614      0.0206372
     110.8      0.0296360      0.0277045
     110.9      0.0374882      0.0350217
     111.0      0.0455969      0.0425684
     111.1      0.0539400      0.0503235
     111.2      0.0624949      0.0582655
     111.3      0.0712384      0.0663722
     111.4      0.0801469      0.0746212
     111.5      0.0891961      0.0829896
     111.6      0.0983615      0.0914542
     111.7      0.1076183      0.0999917
     111.8      0.1169414      0.1085784
     111.9      0.1263053      0.1171907
     112.0      0.1356848      0.1258047
     112.1      0.1450541      0.1343968
     112.2      0.1543879      0.1429432
     112.3      0.1636606      0.1514204
     112.4      0.1728470      0.1598050
     112.5      0.1819218      0.1680738
     112.6      0.1908602      0.1762041
     112.7      0.1996376      0.1841733
     112.8      0.2082299      0.1919594
     112.9      0.2166133      0.1995410
     113.0      0.2247647      0.2068970
     113.1      0.2326613      0.2140069
     113.2      0.2402813      0.2208510
     113.3      0.2476032      0.2274103
     113.4      0.2546065      0.2336663
     113.5      0.2612715      0.2396017
     113.6      0.2675793      0.2451997
     113.7      0.2735117      0.2504444
     113.8      0.2790518      0.2553211
     113.9      0.2841835      0.2598158
     114.0      0.2888917      0.2639157
     114.1      0.2931625      0.2676087
     114.2      0.2969830      0.2708842
     114.3      0.3003416      0.2737324
     114.4      0.3032278      0.2761446
     114.5      0.3056323      0.2781135
     114.6      0.3075470      0.2796328
     114.7      0.3089650      0.2806973
     114.8      0.3098810      0.2813030
     114.9      0.3102907      0.2814474
     115.0      0.3101912      0.2811287
     115.1      0.3095809      0.2803468
     115.2      0.3084595      0.2791025
     115.3      0.3068281      0.2773979
     115.4      0.3046891      0.2752364
     115.5      0.3020462      0.2726225
     115.6      0.2989045      0.2695618
     115.7      0.2952703      0.2660613
     115.8      0.2911512      0.2621289
     115.9      0.2865562      0.2577739
     116.0      0.2814954      0.2530064
     116.1      0.2759802      0.2478379
     116.2      0.2700233      0.2422807
     116.3      0.2636383      0.2363482
     116.4      0.2568403      0.2300549
     116.5      0.2496452      0.2234160
     116.6      0.2420701      0.2164480
     116.7      0.2341331      0.2091678
     116.8      0.2258534      0.2015935
     116.9      0.2172508      0.1937438
     117.0      0.2083464      0.1856380
     117.1      0.1991619      0.1772965
     117.2      0.1897197      0.1687398
     117.3      0.1800431      0.1599894
     117.4      0.1701559      0.1510670
     117.5      0.1600827      0.1419951
     117.6      0.1498484      0.1327962
     117.7      0.1394786      0.1234934
     117.8      0.1289991      0.1141101
     117.9      0.1184362      0.1046698
     118.0      0.1078164      0.0951962
     118.1      0.0971664      0.0857131
     118.2      0.0865132      0.0762444
     118.3      0.0758836      0.0668138
     118.4      0.0653046      0.0574451
     118.5      0.0548031      0.0481619
     118.6      0.0444058      0.0389875
     118.7      0.0341393      0.0299451
     118.8      0.0240298      0.0210575
     118.9      0.0141032      0.0123469
     119.0      0.0043852      0.0038354
     119.1     -0.0050994     -0.0044557
     119.2     -0.0143260     -0.0125055
     119.3     -0.0232707     -0.0202937
     119.4     -0.0319103     -0.0278007
     119.5     -0.0402223     -0.0350077
     119.6     -0.0481850     -0.0418967
     119.7     -0.0557776     -0.0484502
     119.8     -0.0629801     -0.0546520
     119.9     -0.0697735     -0.0604864
     120.0     -0.0761399     -0.0659391
     120.1     -0.0820622     -0.0709962
     120.2     -0.0875247     -0.0756454
     120.3     -0.0925128     -0.0798751
     120.4     -0.0970128     -0.0836748
     120.5     -0.1010125     -0.0870353
     120.6     -0.1045010     -0.0899484
     120.7     -0.1074684     -0.0924070
     120.8     -0.1099065     -0.0944053
     120.9     -0.1118080     -0.0959386
     121.0     -0.1131674     -0.0970034
     121.1     -0.1139803     -0.0975976
     121.2     -0.1142438     -0.0977200
     121.3     -0.1139563     -0.0973710
     121.4     -0.1131178     -0.0965518
     121.5     -0.1117296     -0.0952651
     121.6     -0.1097944     -0.0935149
     121.7     -0.1073164     -0.0913060
     121.8     -0.1043011     -0.0886447
     121.9     -0.1007555     -0.0855386
     122.0     -0.0966880     -0.0819960
     122.1     -0.0921082     -0.0780268
     122.2     -0.0870272     -0.0736418
     122.3     -0.0814573     -0.0688528
     122.4     -0.0754123     -0.0636727
     122.5     -0.0689071     -0.0581156
     122.6     -0.0619577     -0.0521964
     122.7     -0.0545816     -0.0459310
     122.8     -0.0467971     -0.0393361
     122.9     -0.0386240     -0.0324295
     123.0     -0.0300828     -0.0252295
     123.1     -0.0211951     -0.0177555
     123.2     -0.0119835     -0.0100274
     123.3     -0.0024716     -0.0020657
     123.4      0.0073165      0.0061081
     123.5      0.0173555      0.0144725
     123.6      0.0276197      0.0230050
     123.7      0.0380826      0.0316830
     123.8      0.0487172      0.0404833
     123.9      0.0594959      0.0493824
     124.0      0.0703908      0.0583566
     124.1      0.0813733      0.0673820
     124.2      0.0924149      0.0764346
     124.3      0.1034866      0.0854901
     124.4      0.1145594      0.0945245
     124.5      0.1256040      0.1035135
     124.6      0.1365912      0.1124332
     124.7      0.1474921      0.1212597
     124.8      0.1582775      0.1299695
     124.9      0.1689188      0.1385390
     125.0      0.1793874      0.1469455
     125.1      0.1896552      0.1551664
     125.2      0.1996946      0.1631794
     125.3      0.2094784      0.1709632
     125.4      0.2189799      0.1784966
     125.5      0.2281733      0.1857594
     125.6      0.2370333      0.1927320
     125.7      0.2455354      0.1993953
     125.8      0.2536561      0.2057313
     125.9      0.2613726      0.2117227
     126.0      0.2686632      0.2173531
     126.1      0.2755072      0.2226070
     126.2      0.2818850      0.2274700
     126.3      0.2877782      0.2319286
     126.4      0.2931694      0.2359702
     126.5      0.2980426      0.2395836
     126.6      0.3023830      0.2427584
     126.7      0.3061773      0.2454855
     126.8      0.3094132      0.2477569
     126.9      0.3120802      0.2495658
     127.0      0.3141690      0.2509065
     127.1      0.3156718      0.2517748
     127.2      0.3165823      0.2521672
     127.3      0.3168956      0.2520820
     127.4      0.3166085      0.2515184
     127.5      0.3157192      0.2504769
     127.6      0.3142275      0.2489592
     127.7      0.3121348      0.2469684
     127.8      0.3094438      0.2445086
     127.9      0.3061591      0.2415853
     128.0      0.3022866      0.2382051
     128.1      0.2978338      0.2343758
     128.2      0.2928097      0.2301065
     128.3      0.2872247      0.2254072
     128.4      0.2810910      0.2202892
     128.5      0.2744219      0.2147648
     128.6      0.2672323      0.2088475
     128.7      0.2595384      0.2025516
     128.8      0.2513578      0.1958927
     128.9      0.2427094      0.1888869
     129.0      0.2336134      0.1815517
     129.1      0.2240912      0.1739052
     129.2      0.2141653      0.1659662
     129.3      0.2038594      0.1577546
     129.4      0.1931982      0.1492907
     129.5      0.1822074      0.1405957
     129.6      0.1709138      0.1316914
     129.7      0.1593448      0.1225998
     129.8      0.1475288      0.1133440
     129.9      0.1354949      0.1039470
     130.0      0.1232728      0.0944324
     130.1      0.1108928      0.0848243
     130.2      0.0983858      0.0751467
     130.3      0.0857830      0.0654240
     130.4      0.0731162      0.0556808
     130.5      0.0604172      0.0459416
     130.6      0.0477181      0.0362310
     130.7      0.0350512      0.0265735
     130.8      0.0224489      0.0169937
     130.9      0.0099432      0.0075156
     131.0     -0.0024336     -0.0018367
     131.1     -0.0146497     -0.0110395
     131.2     -0.0266735     -0.0200695
     131.3     -0.0384737     -0.0289039
     131.4     -0.0500194     -0.0375201
     131.5     -0.0612806     -0.0458965
     131.6     -0.0722275     -0.0540116
     131.7     -0.0828311     -0.0618449
     131.8     -0.0930633     -0.0693765
     131.9     -0.1028968     -0.0765873
     132.0     -0.1123050     -0.0834589
     132.1     -0.1212626     -0.0899739
     132.2     -0.1297451     -0.0961157
     132.3     -0.1377292     -0.1018688
     132.4     -0.1451928     -0.1072184
     132.5     -0.1521152     -0.1121511
     132.6     -0.1584766     -0.1166541
     132.7     -0.1642588     -0.1207162
     132.8     -0.1694452     -0.1243270
     132.9     -0.1740202     -0.1274773
     133.0     -0.1779701     -0.1301591
     133.1     -0.1812825     -0.1323657
     133.2     -0.1839467     -0.1340914
     133.3     -0.1859535     -0.1353319
     133.4     -0.1872954     -0.1360841
     133.5     -0.1879666     -0.1363461
     133.6     -0.1879629     -0.1361174
     133.7     -0.1872818     -0.1353986
     133.8     -0.1859227     -0.1341916
     133.9     -0.1838864     -0.1324996
     134.0     -0.1811758     -0.1303269
     134.1     -0.1777951     -0.1276794
     134.2     -0.1737507     -0.1245637
     134.3     -0.1690502     -0.1209880
     134.4     -0.1637034     -0.1169616
     134.5     -0.1577215     -0.1124949
     134.6     -0.1511173     -0.1075994
     134.7     -0.1439054     -0.1022879
     134.8     -0.1361019     -0.0965739
     134.9     -0.1277246     -0.0904725
     135.0     -0.1187928     -0.0839992
     135.1     -0.1093271     -0.0771709
     135.2     -0.0993497     -0.0700052
     135.3     -0.0888843     -0.0625207
     135.4     -0.0779556     -0.0547368
     135.5     -0.0665900     -0.0466735
     135.6     -0.0548147     -0.0383519
     135.7     -0.0426585     -0.0297933
     135.8     -0.0301509     -0.0210201
     135.9     -0.0173226     -0.0120550
     136.0     -0.0042052     -0.0029211
     136.1      0.0091688      0.0063577
     136.2      0.0227662      0.0157575
     136.3      0.0365529      0.0252537
     136.4      0.0504943      0.0348219
     136.5      0.0645554      0.0444370
     136.6      0.0787004      0.0540741
     136.7      0.0928934      0.0637080
     136.8      0.1070983      0.0733138
     136.9      0.1212785      0.0828664
     137.0      0.1353975      0.0923409
     137.1      0.1494188      0.1017125
     137.2      0.1633059      0.1109568
     137.3      0.1770226      0.1200496
     137.4      0.1905329      0.1289671
     137.5      0.2038011      0.1376860
     137.6      0.2167921      0.1461834
     137.7      0.2294712      0.1544370
     137.8      0.2418045      0.1624250
     137.9      0.2537586      0.1701265
     138.0      0.2653011      0.1775211
     138.1      0.2764006      0.1845893
     138.2      0.2870262      0.1913123
     138.3      0.2971486      0.1976723
     138.4      0.3067394      0.2036523
     138.5      0.3157714      0.2092365
     138.6      0.3242187      0.2144097
     138.7      0.3320568      0.2191580
     138.8      0.3392626      0.2234687
     138.9      0.3458146      0.2273299
     139.0      0.3516926      0.2307311
     139.1      0.3568783      0.2336628
     139.2      0.3613548      0.2361167
     139.3      0.3651072      0.2380859
     139.4      0.3681222      0.2395644
     139.5      0.3703882      0.2405479
     139.6      0.3718956      0.2410330
     139.7      0.3726367      0.2410176
     139.8      0.3726055      0.2405011
     139.9      0.3717981      0.2394839
     140.0      0.3702125      0.2379680
     140.1      0.3678485      0.2359563
     140.2      0.3647082      0.2334533
     140.3      0.3607954      0.2304645
     140.4      0.3561159      0.2269968
     140.5      0.3506776      0.2230584
     140.6      0.3444901      0.2186584
     140.7      0.3375652      0.2138073
     140.8      0.3299164      0.2085168
     140.9      0.3215594      0.2027997
     141.0      0.3125113      0.1966698
     141.1      0.3027915      0.1901419
     141.2      0.2924209      0.1832320
     141.3      0.2814222      0.1759572
     141.4      0.2698198      0.1683351
     141.5      0.2576398      0.1603845
     141.6      0.2449098      0.1521252
     141.7      0.2316589      0.1435774
     141.8      0.2179179      0.1347622
     141.9      0.2037186      0.1257017
     142.0      0.1890945      0.1164182
     142.1      0.1740800      0.1069347
     142.2      0.1587108      0.0972750
     142.3      0.1430238      0.0874630
     142.4      0.1270568      0.0775231
     142.5      0.1108484      0.0674802
     142.6      0.0944380      0.0573593
     142.7      0.0778658      0.0471858
     142.8      0.0611727      0.0369850
     142.9      0.0444000      0.0267824
     143.0      0.0275893      0.0166037
     143.1      0.0107828      0.0064742
     143.2     -0.0059774     -0.0035806
     143.3     -0.0226489     -0.0135355
     143.4     -0.0391893     -0.0233656
     143.5     -0.0555565     -0.0330462
     143.6     -0.0717083     -0.0425530
     143.7     -0.0876031     -0.0518622
     143.8     -0.1031996     -0.0609502
     143.9     -0.1184570     -0.0697944
     144.0     -0.1333352     -0.0783724
     144.1     -0.1477948     -0.0866628
     144.2     -0.1617973     -0.0946446
     144.3     -0.1753050     -0.1022977
     144.4     -0.1882814     -0.1096029
     144.5     -0.2006910     -0.1165419
     144.6     -0.2124997     -0.1230971
     144.7     -0.2236744     -0.1292520
     144.8     -0.2341838     -0.1349911
     144.9     -0.2439978     -0.1403000
     145.0     -0.2530880     -0.1451653
     145.1     -0.2614275     -0.1495747
     145.2     -0.2689915     -0.1535171
     145.3     -0.2757566     -0.1569826
     145.4     -0.2817014     -0.1599624
     145.5     -0.2868065     -0.1624490
     145.6     -0.2910544     -0.1644361
     145.7     -0.2944297     -0.1659188
     145.8     -0.2969191     -0.1668933
     145.9     -0.2985114     -0.1673571
     146.0     -0.2991975     -0.1673091
     146.1     -0.2989707     -0.1667494
     146.2     -0.2978263     -0.1656795
     146.3     -0.2957620     -0.1641019
     146.4     -0.2927778     -0.1620208
     146.5     -0.2888760     -0.1594413
     146.6     -0.2840610     -0.1563701
     146.7     -0.2783397     -0.1528148
     146.8     -0.2717212     -0.1487846
     146.9     -0.2642170     -0.1442894
     147.0     -0.2558407     -0.1393408
     147.1     -0.2466082     -0.1339513
     147.2     -0.2365377     -0.1281344
     147.3     -0.2256496     -0.1219050
     147.4     -0.2139661     -0.1152787
     147.5     -0.2015120     -0.1082723
     147.6     -0.1883139     -0.1009036
     147.7     -0.1744004     -0.0931913
     147.8     -0.1598020     -0.0851547
     147.9     -0.1445512     -0.0768143
     148.0     -0.1286822     -0.0681912
     148.1     -0.1122309     -0.0593071
     148.2     -0.0952351     -0.0501847
     148.3     -0.0777339     -0.0408469
     148.4     -0.0597679     -0.0313175
     148.5     -0.0413791     -0.0216205
     148.6     -0.0226111     -0.0117806
     148.7     -0.0035081     -0.0018225
     148.8      0.0158840      0.0082283
     148.9      0.0355188      0.0183466
     149.0      0.0553487      0.0285067
     149.1      0.0753256      0.0386828
     149.2      0.0954005      0.0488491
     149.3      0.1155241      0.0589800
     149.4      0.1356465      0.0690497
     149.5      0.1557176      0.0790327
     149.6      0.1756873      0.0889037
     149.7      0.1955051      0.0986377
     149.8      0.2151208      0.1082101
     149.9      0.2344844      0.1175965
     150.0      0.2535463      0.1267731
     150.1      0.2722570      0.1357168
     150.2      0.2905681      0.1444048
     150.3      0.3084314      0.1528150
     150.4      0.3257999      0.1609262
     150.5      0.3426272      0.1687177
     150.6      0.3588684      0.1761698
     150.7      0.3744793      0.1832636
     150.8      0.3894173      0.1899810
     150.9      0.4036412      0.1963050
     151.0      0.4171111      0.2022195
     151.1      0.4297889      0.2077094
     151.2      0.4416382      0.2127608
     151.3      0.4526244      0.2173609
     151.4      0.4627149      0.2214978
     151.5      0.4718789      0.2251611
     151.6      0.4800879      0.2283414
     151.7      0.4873156      0.2310306
     151.8      0.4935378      0.2332217
     151.9      0.4987328      0.2349091
     152.0      0.5028811      0.2360884
     152.1      0.5059659      0.2367565
     152.2      0.5079727      0.2369117
     152.3      0.5088898      0.2365534
     152.4      0.5087079      0.2356823
     152.5      0.5074205      0.2343007
     152.6      0.5050237      0.2324118
     152.7      0.5015164      0.2300203
     152.8      0.4969002      0.2271320
     152.9      0.4911793      0.2237542
     153.0      0.4843610      0.2198953
     153.1      0.4764550      0.2155648
     153.2      0.4674740      0.2107735
     153.3      0.4574332      0.2055334
     153.4      0.4463507      0.1998576
     153.5      0.4342473      0.1937602
     153.6      0.4211464      0.1872565
     153.7      0.4070739      0.1803627
     153.8      0.3920584      0.1730961
     153.9      0.3761311      0.1654748
     154.0      0.3593255      0.1575179
     154.1      0.3416776      0.1492454
     154.2      0.3232255      0.1406778
     154.3      0.3040099      0.1318367
     154.4      0.2840734      0.1227441
     154.5      0.2634608      0.1134228
     154.6      0.2422187      0.1038961
     154.7      0.2203958      0.0941879
     154.8      0.1980425      0.0843224
     154.9      0.1752107      0.0743243
     155.0      0.1519540      0.0642185
     155.1      0.1283275      0.0540305
     155.2      0.1043874      0.0437855
     155.3      0.0801912      0.0335093
     155.4      0.0557974      0.0232274
     155.5      0.0312655      0.0129656
     155.6      0.0066556      0.0027495
     155.7     -0.0179714     -0.0073955
     155.8     -0.0425543     -0.0174440
     155.9     -0.0670314     -0.0273709
     156.0     -0.0913407     -0.0371516
     156.1     -0.1154205     -0.0467617
     156.2     -0.1392089     -0.0561771
     156.3     -0.1626444     -0.0653746
     156.4     -0.1856658     -0.0743311
     156.5     -0.2082126     -0.0830246
     156.6     -0.2302248     -0.0914333
     156.7     -0.2516434     -0.0995364
     156.8     -0.2724103     -0.1073138
     156.9     -0.2924687     -0.1147463
     157.0     -0.3117630     -0.1218155
     157.1     -0.3302389     -0.1285039
     157.2     -0.3478439     -0.1347949
     157.3     -0.3645271     -0.1406732
     157.4     -0.3802395     -0.1461242
     157.5     -0.3949339     -0.1511347
     157.6     -0.4085655     -0.1556922
     157.7     -0.4210916     -0.1597858
     157.8     -0.4324717     -0.1634054
     157.9     -0.4426679     -0.1665424
     158.0     -0.4516450     -0.1691892
     158.1     -0.4593702     -0.1713395
     158.2     -0.4658137     -0.1729882
     158.3     -0.4709484     -0.1741316
     158.4     -0.4747503     -0.1747672
     158.5     -0.4771983     -0.1748938
     158.6     -0.4782745     -0.1745112
     158.7     -0.4779641     -0.1736210
     158.8     -0.4762556     -0.1722257
     158.9     -0.4731408     -0.1703292
     159.0     -0.4686148     -0.1679365
     159.1     -0.4626759     -0.1650541
     159.2     -0.4553261     -0.1616895
     159.3     -0.4465705     -0.1578514
     159.4     -0.4364180     -0.1535500
     159.5     -0.4248805     -0.1487963
     159.6     -0.4119737     -0.1436025
     159.7     -0.3977166     -0.1379821
     159.8     -0.3821316     -0.1319493
     159.9     -0.3652444     -0.1255198
     160.0     -0.3470841     -0.1187098
     160.1     -0.3276832     -0.1115367
     160.2     -0.3070774     -0.1040188
     160.3     -0.2853056     -0.0961752
     160.4     -0.2624097     -0.0880257
     160.5     -0.2384348     -0.0795912
     160.6     -0.2134290     -0.0708928
     160.7     -0.1874432     -0.0619527
     160.8     -0.1605310     -0.0527933
     160.9     -0.1327489     -0.0434378
     161.0     -0.1041558     -0.0339098
     161.1     -0.0748132     -0.0242333
     161.2     -0.0447848     -0.0144326
     161.3     -0.0141366     -0.0045324
     161.4      0.0170635      0.0054426
     161.5      0.0487455      0.0154672
     161.6      0.0808376      0.0255163
     161.7      0.1132666      0.0355649
     161.8      0.1459577      0.0455877
     161.9      0.1788347      0.0555597
     162.0      0.2118205      0.0654561
     162.1      0.2448369      0.0752522
     162.2      0.2778048      0.0849236
     162.3      0.3106448      0.0944463
     162.4      0.3432768      0.1037966
     162.5      0.3756205      0.1129513
     162.6      0.4075956      0.1218877
     162.7      0.4391220      0.1305838
     162.8      0.4701197      0.1390182
     162.9      0.5005093      0.1471699
     163.0      0.5302123      0.1550191
     163.1      0.5591507      0.1625463
     163.2      0.5872478      0.1697333
     163.3      0.6144282      0.1765624
     163.4      0.6406176      0.1830170
     163.5      0.6657438      0.1890815
     163.6      0.6897361      0.1947411
     163.7      0.7125259      0.1999823
     163.8      0.7340465      0.2047925
     163.9      0.7542340      0.2091601
     164.0      0.7730266      0.2130750
     164.1      0.7903653      0.2165279
     164.2      0.8061941      0.2195107
     164.3      0.8204596      0.2220167
     164.4      0.8331118      0.2240403
     164.5      0.8441040      0.2255770
     164.6      0.8533928      0.2266237
     164.7      0.8609384      0.2271784
     164.8      0.8667045      0.2272405
     164.9      0.8706589      0.2268106
     165.0      0.8727730      0.2258903
     165.1      0.8730223      0.2244827
     165.2      0.8713864      0.2225920
     165.3      0.8678491      0.2202236
     165.4      0.8623985      0.2173842
     165.5      0.8550267      0.2140816
     165.6      0.8457307      0.2103247
     165.7      0.8345115      0.2061235
     165.8      0.8213746      0.2014893
     165.9      0.8063304      0.1964342
     166.0      0.7893933      0.1909715
     166.1      0.7705825      0.1851155
     166.2      0.7499219      0.1788815
     166.3      0.7274395      0.1722854
     166.4      0.7031682      0.1653444
     166.5      0.6771451      0.1580764
     166.6      0.6494121      0.1504999
     166.7      0.6200151      0.1426343
     166.8      0.5890047      0.1344997
     166.9      0.5564354      0.1261168
     167.0      0.5223662      0.1175068
     167.1      0.4868602      0.1086916
     167.2      0.4499844      0.0996934
     167.3      0.4118097      0.0905348
     167.4      0.3724109      0.0812389
     167.5      0.3318663      0.0718290
     167.6      0.2902581      0.0623287
     167.7      0.2476715      0.0527616
     167.8      0.2041953      0.0431515
     167.9      0.1599210      0.0335224
     168.0      0.1149434      0.0238981
     168.1      0.0693600      0.0143023
     168.2      0.0232706      0.0047587
     168.3     -0.0232222     -0.0047092
     168.4     -0.0700140     -0.0140783
     168.5     -0.1169980     -0.0233257
     168.6     -0.1640660     -0.0324288
     168.7     -0.2111078     -0.0413658
     168.8     -0.2580121     -0.0501148
     168.9     -0.3046664     -0.0586550
     169.0     -0.3509572     -0.0669658
     169.1     -0.3967704     -0.0750275
     169.2     -0.4419913     -0.0828209
     169.3     -0.4865050     -0.0903277
     169.4     -0.5301966     -0.0975304
     169.5     -0.5729515     -0.1044121
     169.6     -0.6146553     -0.1109570
     169.7     -0.6551946     -0.1171502
     169.8     -0.6944568     -0.1229777
     169.9     -0.7323304     -0.1284264
     170.0     -0.7687056     -0.1334843
     170.1     -0.8034739     -0.1381405
     170.2     -0.8365288     -0.1423852
     170.3     -0.8677661     -0.1462094
     170.4     -0.8970837     -0.1496055
     170.5     -0.9243821     -0.1525671
     170.6     -0.9495648     -0.1550886
     170.7     -0.9725381     -0.1571659
     170.8     -0.9932114     -0.1587958
     170.9     -1.0114980     -0.1599766
     171.0     -1.0273144     -0.1607074
     171.1     -1.0405810     -0.1609887
     171.2     -1.0512224     -0.1608221
     171.3     -1.0591673     -0.1602105
     171.4     -1.0643486     -0.1591577
     171.5     -1.0667041     -0.1576689
     171.6     -1.0661760     -0.1557502
     171.7     -1.0627114     -0.1534090
     171.8     -1.0562626     -0.1506536
     171.9     -1.0467868     -0.1474936
     172.0     -1.0342466     -0.1439393
     172.1     -1.0186098     -0.1400024
     172.2     -0.9998499     -0.1356952
     172.3     -0.9779458     -0.1310312
     172.4     -0.9528820     -0.1260247
     172.5     -0.9246489     -0.1206909
     172.6     -0.8932425     -0.1150457
     172.7     -0.8586648     -0.1091059
     172.8     -0.8209236     -0.1028890
     172.9     -0.7800325     -0.0964132
     173.0     -0.7360111     -0.0896972
     173.1     -0.6888849     -0.0827605
     173.2     -0.6386854     -0.0756229
     173.3     -0.5854498     -0.0683049
     173.4     -0.5292214     -0.0608272
     173.5     -0.4700490     -0.0532111
     173.6     -0.4079875     -0.0454779
     173.7     -0.3430973     -0.0376495
     173.8     -0.2754444     -0.0297478
     173.9     -0.2051004     -0.0217948
     174.0     -0.1321424     -0.0138126
     174.1     -0.0566527     -0.0058235
     174.2      0.0212812      0.0021506
     174.3      0.1015666      0.0100876
     174.4      0.1841061      0.0179656
     174.5      0.2687973      0.0257631
     174.6      0.3555332      0.0334586
     174.7      0.4442027      0.0410313
     174.8      0.5346900      0.0484603
     174.9      0.6268754      0.0557256
     175.0      0.7206355      0.0628075
     175.1      0.8158431      0.0696868
     175.2      0.9123676      0.0763450
     175.3      1.0100750      0.0827640
     175.4      1.1088287      0.0889269
     175.5      1.2084889      0.0948169
     175.6      1.3089137      0.1004186
     175.7      1.4099586      0.1057169
     175.8      1.5114773      0.1106979
     175.9      1.6133217      0.1153484
     176.0      1.7153423      0.1196562
     176.1      1.8173882      0.1236102
     176.2      1.9193077      0.1272000
     176.3      2.0209483      0.1304165
     176.4      2.1221573      0.1332514
     176.5      2.2227816      0.1356976
     176.6      2.3226686      0.1377490
     176.7      2.4216657      0.1394008
     176.8      2.5196213      0.1406491
     176.9      2.6163848      0.1414910
     177.0      2.7118066      0.1419250
     177.1      2.8057390      0.1419506
     177.2      2.8980358      0.1415684
     177.3      2.9885530      0.1407801
     177.4      3.0771489      0.1395887
     177.5      3.1636843      0.1379980
     177.6      3.2480232      0.1360131
     177.7      3.3300323      0.1336402
     177.8      3.4095818      0.1308864
     177.9      3.4865457      0.1277600
     178.0      3.5608015      0.1242702
     178.1      3.6322310      0.1204273
     178.2      3.7007202      0.1162424
     178.3      3.7661596      0.1117278
     178.4      3.8284442      0.1068964
     178.5      3.8874743      0.1017622
     178.6      3.9431550      0.0963399
     178.7      3.9953967      0.0906449
     178.8      4.0441151      0.0846936
     178.9      4.0892319      0.0785028
     179.0      4.1306740      0.0720902
     179.1      4.1683745      0.0654740
     179.2      4.2022724      0.0586729
     179.3      4.2323129      0.0517062
     179.4      4.2584473      0.0445935
     179.5      4.2806332      0.0373551
     179.6      4.2988346      0.0300113
     179.7      4.3130219      0.0225828
     179.8      4.3231723      0.0150907
     179.9      4.3292690      0.0075560
     180.0      4.3313024      0.0000000
