 # List of d(q) for j, j' =           38          43
 #    0  1.00000000
 #    1  0.93284688
 #    2  0.82179356
 #    3  0.69900988
 #    4  0.58872827
 #    5  0.49987182
 #    6  0.43002484
 #    7  0.37356577
 #    8  0.32665545
 #    9  0.28761318
 #   10  0.25545101
 #   11  0.22901046
 #   12  0.20701711
 #   13  0.18842929
 #   14  0.17267315
 #   15  0.15956749
 #   16  0.14889627
 #   17  0.13999550
 #   18  0.13187353
 #   19  0.12381991
 #   20  0.11584206
 #   21  0.10847149
 #   22  0.10220803
 #   23  0.09715137
 #   24  0.09300897
 #   25  0.08931656
 #   26  0.08571109
 #   27  0.08214877
 #   28  0.07889871
 #   29  0.07624681
 #   30  0.07417282
 #   31  0.07235495
 #   32  0.07048538
 #   33  0.06851892
 #   34  0.06660745
 #   35  0.06487440
 #   36  0.06331117
 #   37  0.06185015
 #   38  0.06045952
 #   39  0.05914803
 #   40  0.05791695
 #   41  0.05673980
 #   42  0.05558608
 #   43  0.05444876
 #   44  0.05334741
 #   45  0.05231188
 #   46  0.05136650
 #   47  0.05052334
 #   48  0.04978493
 #   49  0.04914245
 #   50  0.04858695
 #   51  0.04810468
 #   52  0.04768021
 #   53  0.04731024
 #   54  0.04699488
 #   55  0.04670130
 #   56  0.04645843
 #   57  0.04628962
 #   58  0.04602694
 #   59  0.04580927
 #   60  0.04575615
 #   61  0.04522862
 #   62  0.04494087
 #   63  0.04432778
 #   64  0.04432150
 #   65  0.04317906
 #   66  0.04348675
 #   67  0.04243307
 #   68  0.04307053
 #   69  0.03910255
 #   70  0.04285336
 #   71  0.03705078
 #   72  0.04211848
 #   73  0.03438174
 #   74  0.04553816
 #   75  0.03228797
 #   76  0.05239813
       0.0    568.3477120      0.0000000
       0.1    567.4269103      0.9903463
       0.2    564.6722956      1.9710741
       0.3    560.1071534      2.9327008
       0.4    553.7700077      3.8660126
       0.5    545.7141982      4.7621943
       0.6    536.0072945      5.6129527
       0.7    524.7303564      6.4106312
       0.8    511.9770480      7.1483159
       0.9    497.8526184      7.8199291
       1.0    482.4727593      8.4203107
       1.1    465.9623558      8.9452855
       1.2    448.4541448      9.3917150
       1.3    430.0872968      9.7575340
       1.4    411.0059406     10.0417704
       1.5    391.3576456     10.2445489
       1.6    371.2918841     10.3670778
       1.7    350.9584880     10.4116202
       1.8    330.5061213     10.3814481
       1.9    310.0807857     10.2807838
       2.0    289.8243758     10.1147248
       2.1    269.8733021      9.8891587
       2.2    250.3571968      9.6106643
       2.3    231.3977169      9.2864052
       2.4    213.1074579      8.9240141
       2.5    195.5889900      8.5314719
       2.6    178.9340263      8.1169821
       2.7    163.2227314      7.6888436
       2.8    148.5231763      7.2553230
       2.9    134.8909445      6.8245295
       3.0    122.3688913      6.4042929
       3.1    110.9870565      6.0020483
       3.2    100.7627286      5.6247272
       3.3     91.7006585      5.2786592
       3.4     83.7934144      4.9694835
       3.5     77.0218742      4.7020729
       3.6     71.3558429      4.4804704
       3.7     66.7547884      4.3078406
       3.8     63.1686804      4.1864348
       3.9     60.5389226      4.1175724
       4.0     58.7993620      4.1016362
       4.1     57.8773631      4.1380835
       4.2     57.6949288      4.2254726
       4.3     58.1698557      4.3615017
       4.4     59.2169056      4.5430634
       4.5     60.7489792      4.7663100
       4.6     62.6782760      5.0267303
       4.7     64.9174256      5.3192370
       4.8     67.3805767      5.6382613
       4.9     69.9844301      5.9778547
       5.0     72.6492040      6.3317953
       5.1     75.2995203      6.6936979
       5.2     77.8652018      7.0571242
       5.3     80.2819733      7.4156930
       5.4     82.4920581      7.7631884
       5.5     84.4446665      8.0936626
       5.6     86.0963715      8.4015336
       5.7     87.4113704      8.6816754
       5.8     88.3616317      8.9294993
       5.9     88.9269290      9.1410246
       6.0     89.0947645      9.3129388
       6.1     88.8601869      9.4426452
       6.2     88.2255085      9.5282981
       6.3     87.1999295      9.5688242
       6.4     85.7990780      9.5639316
       6.5     84.0444727      9.5141044
       6.6     81.9629217      9.4205847
       6.7     79.5858647      9.2853415
       6.8     76.9486727      9.1110282
       6.9     74.0899143      8.9009281
       7.0     71.0506027      8.6588903
       7.1     67.8734331      8.3892566
       7.2     64.6020235      8.0967805
       7.3     61.2801690      7.7865407
       7.4     57.9511214      7.4638493
       7.5     54.6569030      7.1341574
       7.6     51.4376646      6.8029598
       7.7     48.3310958      6.4756992
       7.8     45.3718953      6.1576727
       7.9     42.5913061      5.8539427
       8.0     40.0167229      5.5692514
       8.1     37.6713736      5.3079429
       8.2     35.5740777      5.0738928
       8.3     33.7390851      4.8704462
       8.4     32.1759917      4.7003663
       8.5     30.8897343      4.5657934
       8.6     29.8806606      4.4682149
       8.7     29.1446708      4.4084468
       8.8     28.6734272      4.3866282
       8.9     28.4546268      4.4022263
       9.0     28.4723285      4.4540535
       9.1     28.7073314      4.5402960
       9.2     29.1375931      4.6585530
       9.3     29.7386834      4.8058849
       9.4     30.4842622      4.9788715
       9.5     31.3465753      5.1736772
       9.6     32.2969589      5.3861234
       9.7     33.3063432      5.6117651
       9.8     34.3457494      5.8459728
       9.9     35.3867696      6.0840155
      10.0     36.4020240      6.3211451
      10.1     37.3655877      6.5526808
      10.2     38.2533815      6.7740901
      10.3     39.0435207      6.9810680
      10.4     39.7166171      7.1696098
      10.5     40.2560320      7.3360791
      10.6     40.6480752      7.4772683
      10.7     40.8821495      7.5904503
      10.8     40.9508399      7.6734222
      10.9     40.8499459      7.7245386
      11.0     40.5784600      7.7427352
      11.1     40.1384922      7.7275414
      11.2     39.5351446      7.6790832
      11.3     38.7763384      7.5980740
      11.4     37.8725981      7.4857970
      11.5     36.8367972      7.3440762
      11.6     35.6838706      7.1752385
      11.7     34.4305001      6.9820680
      11.8     33.0947775      6.7677513
      11.9     31.6958529      6.5358175
      12.0     30.2535739      6.2900717
      12.1     28.7881222      6.0345248
      12.2     27.3196531      5.7733201
      12.3     25.8679454      5.5106584
      12.4     24.4520656      5.2507223
      12.5     23.0900531      4.9976022
      12.6     21.7986310      4.7552240
      12.7     20.5929462      4.5272811
      12.8     19.4863432      4.3171701
      12.9     18.4901742      4.1279335
      13.0     17.6136486      3.9622088
      13.1     16.8637229      3.8221849
      13.2     16.2450320      3.7095672
      13.3     15.7598625      3.6255522
      13.4     15.4081674      3.5708105
      13.5     15.1876211      3.5454797
      13.6     15.0937125      3.5491675
      13.7     15.1198739      3.5809629
      13.8     15.2576435      3.6394585
      13.9     15.4968561      3.7227794
      14.0     15.8258605      3.8286222
      14.1     16.2317576      3.9542998
      14.2     16.7006544      4.0967939
      14.3     17.2179310      4.2528120
      14.4     17.7685139      4.4188497
      14.5     18.3371514      4.5912560
      14.6     18.9086866      4.7663005
      14.7     19.4683225      4.9402415
      14.8     20.0018758      5.1093943
      14.9     20.4960143      5.2701974
      15.0     20.9384742      5.4192759
      15.1     21.3182549      5.5535015
      15.2     21.6257865      5.6700472
      15.3     21.8530703      5.7664363
      15.4     21.9937868      5.8405846
      15.5     22.0433738      5.8908354
      15.6     21.9990705      5.9159861
      15.7     21.8599301      5.9153068
      15.8     21.6267992      5.8885502
      15.9     21.3022663      5.8359522
      16.0     20.8905802      5.7582243
      16.1     20.3975412      5.6565371
      16.2     19.8303660      5.5324957
      16.3     19.1975305      5.3881077
      16.4     18.5085935      5.2257432
      16.5     17.7740034      5.0480897
      16.6     17.0048939      4.8581004
      16.7     16.2128705      4.6589389
      16.8     15.4097922      4.4539199
      16.9     14.6075536      4.2464479
      17.0     13.8178691      4.0399539
      17.1     13.0520649      3.8378334
      17.2     12.3208811      3.6433837
      17.3     11.6342878      3.4597449
      17.4     11.0013181      3.2898429
      17.5     10.4299207      3.1363376
      17.6      9.9268339      3.0015757
      17.7      9.4974839      2.8875491
      17.8      9.1459077      2.7958610
      17.9      8.8747023      2.7276985
      18.0      8.6850007      2.6838128
      18.1      8.5764734      2.6645081
      18.2      8.5473573      2.6696382
      18.3      8.5945091      2.6986110
      18.4      8.7134822      2.7504023
      18.5      8.8986265      2.8235756
      18.6      9.1432074      2.9163111
      18.7      9.4395429      3.0264401
      18.8      9.7791553      3.1514863
      18.9     10.1529350      3.2887125
      19.0     10.5513126      3.4351714
      19.1     10.9644378      3.5877603
      19.2     11.3823595      3.7432784
      19.3     11.7952058      3.8984853
      19.4     12.1933597      4.0501602
      19.5     12.5676280      4.1951604
      19.6     12.9093995      4.3304783
      19.7     13.2107920      4.4532954
      19.8     13.4647824      4.5610324
      19.9     13.6653210      4.6513958
      20.0     13.8074262      4.7224179
      20.1     13.8872590      4.7724912
      20.2     13.9021762      4.8003964
      20.3     13.8507609      4.8053228
      20.4     13.7328317      4.7868813
      20.5     13.5494286      4.7451099
      20.6     13.3027781      4.6804714
      20.7     12.9962373      4.5938429
      20.8     12.6342180      4.4864988
      20.9     12.2220944      4.3600855
      21.0     11.7660927      4.2165905
      21.1     11.2731693      4.0583050
      21.2     10.7508754      3.8877807
      21.3     10.2072140      3.7077830
      21.4      9.6504904      3.5212399
      21.5      9.0891592      3.3311880
      21.6      8.5316700      3.1407172
      21.7      7.9863161      2.9529145
      21.8      7.4610876      2.7708080
      21.9      6.9635310      2.5973120
      22.0      6.5006194      2.4351749
      22.1      6.0786345      2.2869298
      22.2      5.7030618      2.1548494
      22.3      5.3785017      2.0409056
      22.4      5.1085976      1.9467352
      22.5      4.8959821      1.8736112
      22.6      4.7422412      1.8224211
      22.7      4.6478985      1.7936521
      22.8      4.6124184      1.7873840
      22.9      4.6342276      1.8032889
      23.0      4.7107557      1.8406389
      23.1      4.8384929      1.8983204
      23.2      5.0130635      1.9748558
      23.3      5.2293146      2.0684319
      23.4      5.4814169      2.1769332
      23.5      5.7629777      2.2979820
      23.6      6.0671612      2.4289821
      23.7      6.3868163      2.5671666
      23.8      6.7146087      2.7096488
      23.9      7.0431540      2.8534746
      24.0      7.3651509      2.9956768
      24.1      7.6735111      3.1333283
      24.2      7.9614839      3.2635956
      24.3      8.2227741      3.3837896
      24.4      8.4516489      3.4914136
      24.5      8.6430355      3.5842084
      24.6      8.7926040      3.6601922
      24.7      8.8968376      3.7176955
      24.8      8.9530863      3.7553907
      24.9      8.9596055      3.7723148
      25.0      8.9155771      3.7678857
      25.1      8.8211145      3.7419117
      25.2      8.6772504      3.6945935
      25.3      8.4859085      3.6265197
      25.4      8.2498594      3.5386545
      25.5      7.9726621      3.4323195
      25.6      7.6585915      3.3091683
      25.7      7.3125545      3.1711557
      25.8      6.9399946      3.0205015
      25.9      6.5467893      2.8596493
      26.0      6.1391396      2.6912217
      26.1      5.7234554      2.5179722
      26.2      5.3062381      2.3427352
      26.3      4.8939628      2.1683739
      26.4      4.4929624      1.9977291
      26.5      4.1093150      1.8335674
      26.6      3.7487376      1.6785313
      26.7      3.4164864      1.5350923
      26.8      3.1172673      1.4055058
      26.9      2.8551565      1.2917719
      27.0      2.6335336      1.1955992
      27.1      2.4550277      1.1183754
      27.2      2.3214772      1.0611424
      27.3      2.2339046      1.0245793
      27.4      2.1925056      1.0089906
      27.5      2.1966543      1.0143021
      27.6      2.2449213      1.0400631
      27.7      2.3351078      1.0854563
      27.8      2.4642918      1.1493128
      27.9      2.6288880      1.2301351
      28.0      2.8247179      1.3261247
      28.1      3.0470908      1.4352160
      28.2      3.2908927      1.5551138
      28.3      3.5506820      1.6833365
      28.4      3.8207906      1.8172605
      28.5      4.0954278      1.9541692
      28.6      4.3687852      2.0913019
      28.7      4.6351415      2.2259039
      28.8      4.8889646      2.3552767
      28.9      5.1250090      2.4768266
      29.0      5.3384077      2.5881114
      29.1      5.5247563      2.6868845
      29.2      5.6801879      2.7711345
      29.3      5.8014378      2.8391218
      29.4      5.8858969      2.8894089
      29.5      5.9316528      2.9208856
      29.6      5.9375180      2.9327887
      29.7      5.9030445      2.9247146
      29.8      5.8285260      2.8966257
      29.9      5.7149857      2.8488503
      30.0      5.5641516      2.7820758
      30.1      5.3784191      2.6973349
      30.2      5.1608026      2.5959866
      30.3      4.9148755      2.4796904
      30.4      4.6447012      2.3503756
      30.5      4.3547559      2.2102057
      30.6      4.0498443      2.0615385
      30.7      3.7350104      1.9068831
      30.8      3.4154449      1.7488542
      30.9      3.0963900      1.5901240
      31.0      2.7830448      1.4333740
      31.1      2.4804722      1.2812466
      31.2      2.1935084      1.1362966
      31.3      1.9266779      1.0009460
      31.4      1.6841144      0.8774398
      31.5      1.4694892      0.7678060
      31.6      1.2859491      0.6738192
      31.7      1.1360637      0.5969692
      31.8      1.0217833      0.5384346
      31.9      0.9444091      0.4990620
      32.0      0.9045743      0.4793514
      32.1      0.9022380      0.4794480
      32.2      0.9366908      0.4991403
      32.3      1.0065730      0.5378646
      32.4      1.1099035      0.5947160
      32.5      1.2441205      0.6684655
      32.6      1.4061315      0.7575826
      32.7      1.5923729      0.8602640
      32.8      1.7988776      0.9744668
      32.9      2.0213493      1.0979453
      33.0      2.2552420      1.2282928
      33.1      2.4958434      1.3629850
      33.2      2.7383610      1.4994258
      33.3      2.9780084      1.6349946
      33.4      3.2100915      1.7670936
      33.5      3.4300920      1.8931946
      33.6      3.6337468      2.0108848
      33.7      3.8171234      2.1179096
      33.8      3.9766874      2.2122138
      33.9      4.1093634      2.2919773
      34.0      4.2125865      2.3556485
      34.1      4.2843450      2.4019709
      34.2      4.3232122      2.4300057
      34.3      4.3283676      2.4391479
      34.4      4.2996076      2.4291364
      34.5      4.2373440      2.4000581
      34.6      4.1425930      2.3523455
      34.7      4.0169516      2.2867683
      34.8      3.8625654      2.2044185
      34.9      3.6820856      2.1066901
      35.0      3.4786179      1.9952533
      35.1      3.2556635      1.8720236
      35.2      3.0170529      1.7391268
      35.3      2.7668752      1.5988599
      35.4      2.5094023      1.4536495
      35.5      2.2490109      1.3060073
      35.6      1.9901031      1.1584847
      35.7      1.7370268      1.0136267
      35.8      1.4939981      0.8739257
      35.9      1.2650263      0.7417764
      36.0      1.0538428      0.6194332
      36.1      0.8638364      0.5089693
      36.2      0.6979942      0.4122394
      36.3      0.5588509      0.3308471
      36.4      0.4484458      0.2661162
      36.5      0.3682898      0.2190671
      36.6      0.3193414      0.1903993
      36.7      0.3019933      0.1804788
      36.8      0.3160692      0.1893329
      36.9      0.3608302      0.2166497
      37.0      0.4349920      0.2617847
      37.1      0.5367519      0.3237731
      37.2      0.6638241      0.4013474
      37.3      0.8134838      0.4929617
      37.4      0.9826197      0.5968194
      37.5      1.1677917      0.7109066
      37.6      1.3652955      0.8330284
      37.7      1.5712302      0.9608498
      37.8      1.7815704      1.0919371
      37.9      1.9922389      1.2238028
      38.0      2.1991803      1.3539506
      38.1      2.3984343      1.4799200
      38.2      2.5862058      1.5993314
      38.3      2.7589323      1.7099284
      38.4      2.9133467      1.8096188
      38.5      3.0465337      1.8965118
      38.6      3.1559808      1.9689520
      38.7      3.2396202      2.0255487
      38.8      3.2958639      2.0652009
      38.9      3.3236290      2.0871162
      39.0      3.3223541      2.0908252
      39.1      3.2920065      2.0761888
      39.2      3.2330791      2.0434007
      39.3      3.1465788      1.9929828
      39.4      3.0340052      1.9257757
      39.5      2.8973205      1.8429225
      39.6      2.7389117      1.7458480
      39.7      2.5615449      1.6362324
      39.8      2.3683135      1.5159804
      39.9      2.1625804      1.3871864
      40.0      1.9479164      1.2520965
      40.1      1.7280339      1.1130675
      40.2      1.5067202      0.9725241
      40.3      1.2877684      0.8329154
      40.4      1.0749091      0.6966700
      40.5      0.8717440      0.5661524
      40.6      0.6816813      0.4436206
      40.7      0.5078760      0.3311852
      40.8      0.3531742      0.2307713
      40.9      0.2200637      0.1440847
      41.0      0.1106310      0.0725805
      41.1      0.0265266      0.0174379
      41.2     -0.0310632     -0.0204610
      41.3     -0.0614344     -0.0405468
      41.4     -0.0643758     -0.0425725
      41.5     -0.0401701     -0.0266175
      41.6      0.0104141      0.0069142
      41.7      0.0861380      0.0573016
      41.8      0.1853182      0.1235206
      41.9      0.3058585      0.2042623
      42.0      0.4452900      0.2979572
      42.1      0.6008175      0.4028040
      42.2      0.7693710      0.5168023
      42.3      0.9476626      0.6377888
      42.4      1.1322464      0.7634765
      42.5      1.3195813      0.8914962
      42.6      1.5060947      1.0194393
      42.7      1.6882472      1.1449011
      42.8      1.8625953      1.2655242
      42.9      2.0258533      1.3790406
      43.0      2.1749509      1.4833130
      43.1      2.3070875      1.5763724
      43.2      2.4197807      1.6564538
      43.3      2.5109091      1.7220275
      43.4      2.5787490      1.7718262
      43.5      2.6220026      1.8048675
      43.6      2.6398195      1.8204711
      43.7      2.6318093      1.8182707
      43.8      2.5980465      1.7982202
      43.9      2.5390668      1.7605935
      44.0      2.4558547      1.7059800
      44.1      2.3498241      1.6352726
      44.2      2.2227903      1.5496519
      44.3      2.0769360      1.4505639
      44.4      1.9147696      1.3396941
      44.5      1.7390790      1.2189366
      44.6      1.5528803      1.0903597
      44.7      1.3593625      0.9561684
      44.8      1.1618295      0.8186648
      44.9      0.9636402      0.6802062
      45.0      0.7681483      0.5431628
      45.1      0.5786422      0.4098753
      45.2      0.3982865      0.2826125
      45.3      0.2300659      0.1635307
      45.4      0.0767327      0.0546357
      45.5     -0.0592414     -0.0422540
      45.6     -0.1757078     -0.1255384
      45.7     -0.2708779     -0.1938653
      45.8     -0.3433534     -0.2461537
      45.9     -0.3921494     -0.2816128
      46.0     -0.4167094     -0.2997557
      46.1     -0.4169135     -0.3004075
      46.2     -0.3930781     -0.2837081
      46.3     -0.3459478     -0.2501089
      46.4     -0.2766801     -0.2003640
      46.5     -0.1868224     -0.1355162
      46.6     -0.0782820     -0.0568777
      46.7      0.0467096      0.0339940
      46.8      0.1856387      0.1353248
      46.9      0.3357559      0.2451563
      47.0      0.4941264      0.3613812
      47.1      0.6576839      0.4817817
      47.2      0.8232861      0.6040696
      47.3      0.9877716      0.7259278
      47.4      1.1480166      0.8450517
      47.5      1.3009911      0.9591912
      47.6      1.4438122      1.0661908
      47.7      1.5737958      1.1640283
      47.8      1.6885034      1.2508511
      47.9      1.7857846      1.3250090
      48.0      1.8638147      1.3850842
      48.1      1.9211253      1.4299158
      48.2      1.9566295      1.4586203
      48.3      1.9696391      1.4706078
      48.4      1.9598753      1.4655910
      48.5      1.9274716      1.4435909
      48.6      1.8729695      1.4049352
      48.7      1.7973069      1.3502522
      48.8      1.7017991      1.2804590
      48.9      1.5881138      1.1967445
      49.0      1.4582394      1.1005473
      49.1      1.3144476      0.9935298
      49.2      1.1592516      0.8775477
      49.3      0.9953596      0.7546163
      49.4      0.8256257      0.6268739
      49.5      0.6529978      0.4965434
      49.6      0.4804641      0.3658918
      49.7      0.3109999      0.2371898
      49.8      0.1475138      0.1126705
      49.9     -0.0072040     -0.0055105
      50.0     -0.1505309     -0.1153134
      50.1     -0.2800585     -0.2148511
      50.2     -0.3936346     -0.3024230
      50.3     -0.4894005     -0.3765445
      50.4     -0.5658230     -0.4359741
      50.5     -0.6217203     -0.4797347
      50.6     -0.6562818     -0.5071310
      50.7     -0.6690804     -0.5177613
      50.8     -0.6600789     -0.5115245
      50.9     -0.6296284     -0.4886209
      51.0     -0.5784604     -0.4495481
      51.1     -0.5076717     -0.3950920
      51.2     -0.4187035     -0.3263115
      51.3     -0.3133132     -0.2445192
      51.4     -0.1935422     -0.1512572
      51.5     -0.0616774     -0.0482693
      51.6      0.0797906      0.0625314
      51.7      0.2282134      0.1790965
      51.8      0.3808328      0.2992801
      51.9      0.5348306      0.4208769
      52.0      0.6873798      0.5416627
      52.1      0.8356952      0.6594338
      52.2      0.9770827      0.7720468
      52.3      1.1089877      0.8774572
      52.4      1.2290400      0.9737557
      52.5      1.3350954      1.0592024
      52.6      1.4252730      1.1322577
      52.7      1.4979879      1.1916096
      52.8      1.5519778      1.2361967
      52.9      1.5863244      1.2652268
      53.0      1.6004681      1.2781907
      53.1      1.5942163      1.2748703
      53.2      1.5677451      1.2553427
      53.3      1.5215941      1.2199771
      53.4      1.4566554      1.1694284
      53.5      1.3741554      1.1046242
      53.6      1.2756314      1.0267478
      53.7      1.1629024      0.9372160
      53.8      1.0380351      0.8376531
      53.9      0.9033052      0.7298614
      54.0      0.7611560      0.6157881
      54.1      0.6141533      0.4974897
      54.2      0.4649387      0.3770949
      54.3      0.3161816      0.2567659
      54.4      0.1705313      0.1386591
      54.5      0.0305691      0.0248868
      54.6     -0.1012377     -0.0825216
      54.7     -0.2225799     -0.1816558
      54.8     -0.3313471     -0.2707586
      54.9     -0.4256650     -0.3482577
      55.0     -0.5039279     -0.4127935
      55.1     -0.5648266     -0.4632436
      55.2     -0.6073706     -0.4987419
      55.3     -0.6309049     -0.5186947
      55.4     -0.6351198     -0.5227902
      55.5     -0.6200554     -0.5110039
      55.6     -0.5860992     -0.4835984
      55.7     -0.5339778     -0.4411182
      55.8     -0.4647425     -0.3843795
      55.9     -0.3797485     -0.3144547
      56.0     -0.2806299     -0.2326527
      56.1     -0.1692687     -0.1404951
      56.2     -0.0477599     -0.0396878
      56.3      0.0816266      0.0679096
      56.4      0.2164883      0.1803177
      56.5      0.3543332      0.2954734
      56.6      0.4926256      0.4112674
      56.7      0.6288314      0.5255819
      56.8      0.7604638      0.6363290
      56.9      0.8851281      0.7414884
      57.0      1.0005642      0.8391438
      57.1      1.1046866      0.9275168
      57.2      1.1956213      1.0049994
      57.3      1.2717388      1.0701819
      57.4      1.3316821      1.1218788
      57.5      1.3743901      1.1591489
      57.6      1.3991157      1.1813125
      57.7      1.4054376      1.1879627
      57.8      1.3932666      1.1789727
      57.9      1.3628461      1.1544968
      58.0      1.3147461      1.1149679
      58.1      1.2498515      1.0610886
      58.2      1.1693455      0.9938182
      58.3      1.0746860      0.9143548
      58.4      0.9675794      0.8241134
      58.5      0.8499481      0.7246999
      58.6      0.7238952      0.6178814
      58.7      0.5916662      0.5055544
      58.8      0.4556075      0.3897104
      58.9      0.3181241      0.2723992
      59.0      0.1816359      0.1556924
      59.1      0.0485344      0.0416457
      59.2     -0.0788608     -0.0677383
      59.3     -0.1983431     -0.1705458
      59.4     -0.3078582     -0.2649865
      59.5     -0.4055405     -0.3494255
      59.6     -0.4897460     -0.4224126
      59.7     -0.5590810     -0.4827081
      59.8     -0.6124262     -0.5293045
      59.9     -0.6489556     -0.5614449
      60.0     -0.6681505     -0.5786353
      60.1     -0.6698071     -0.5806536
      60.2     -0.6540396     -0.5675529
      60.3     -0.6212761     -0.5396600
      60.4     -0.5722502     -0.4975687
      60.5     -0.5079864     -0.4421289
      60.6     -0.4297802     -0.3744304
      60.7     -0.3391739     -0.2957831
      60.8     -0.2379276     -0.2076923
      60.9     -0.1279870     -0.1118314
      61.0     -0.0114468     -0.0100116
      61.1      0.1094869      0.0958519
      61.2      0.2325374      0.2037740
      61.3      0.3553986      0.3117365
      61.4      0.4757769      0.4177241
      61.5      0.5914325      0.5197610
      61.6      0.7002195      0.6159470
      61.7      0.8001246      0.7044916
      61.8      0.8893029      0.7837457
      61.9      0.9661107      0.8522322
      62.0      1.0291343      0.9086717
      62.1      1.0772150      0.9520056
      62.2      1.1094689      0.9814151
      62.3      1.1253020      0.9963352
      62.4      1.1244200      0.9964650
      62.5      1.1068325      0.9817724
      62.6      1.0728519      0.9524944
      62.7      1.0230868      0.9091326
      62.8      0.9584297      0.8524431
      62.9      0.8800402      0.7834231
      63.0      0.7893233      0.7032922
      63.1      0.6879027      0.6134699
      63.2      0.5775915      0.5155500
      63.3      0.4603583      0.4112709
      63.4      0.3382911      0.3024844
      63.5      0.2135599      0.1911221
      63.6      0.0883764      0.0791598
      63.7     -0.0350454     -0.0314177
      63.8     -0.1545296     -0.1386530
      63.9     -0.2679771     -0.2406509
      64.0     -0.3734038     -0.3356131
      64.1     -0.4689756     -0.4218706
      64.2     -0.5530410     -0.4979132
      64.3     -0.6241608     -0.5624170
      64.4     -0.6811329     -0.6142678
      64.5     -0.7230135     -0.6525813
      64.6     -0.7491331     -0.6767184
      64.7     -0.7591081     -0.6862964
      64.8     -0.7528466     -0.6811960
      64.9     -0.7305490     -0.6615624
      65.0     -0.6927039     -0.6278029
      65.1     -0.6400779     -0.5805788
      65.2     -0.5737013     -0.5207931
      65.3     -0.4948487     -0.4495741
      65.4     -0.4050151     -0.3682543
      65.5     -0.3058880     -0.2783463
      65.6     -0.1993172     -0.1815149
      65.7     -0.0872802     -0.0795474
      65.8      0.0281538      0.0256797
      65.9      0.1448610      0.1322341
      66.0      0.2607018      0.2381630
      66.1      0.3735596      0.3415283
      66.2      0.4813785      0.4404419
      66.3      0.5822004      0.5330991
      66.4      0.6742000      0.6178118
      66.5      0.7557175      0.6930383
      66.6      0.8252875      0.7574115
      66.7      0.8816655      0.8097625
      66.8      0.9238492      0.8491425
      66.9      0.9510960      0.8748386
      67.0      0.9629357      0.8863870
      67.1      0.9591779      0.8835807
      67.2      0.9399150      0.8664730
      67.3      0.9055193      0.8353760
      67.4      0.8566357      0.7908548
      67.5      0.7941691      0.7337165
      67.6      0.7192674      0.6649958
      67.7      0.6333001      0.5859354
      67.8      0.5378327      0.4979634
      67.9      0.4345981      0.4026676
      68.0      0.3254649      0.3017658
      68.1      0.2124031      0.1970753
      68.2      0.0974481      0.0904792
      68.3     -0.0173358     -0.0161073
      68.4     -0.1298931     -0.1207715
      68.5     -0.2382139     -0.2216384
      68.6     -0.3403704     -0.3169038
      68.7     -0.4345512     -0.4048676
      68.8     -0.5190939     -0.4839636
      68.9     -0.5925143     -0.5527883
      69.0     -0.6535333     -0.6101259
      69.1     -0.7010990     -0.6549698
      69.2     -0.7344051     -0.6865407
      69.3     -0.7529050     -0.7043005
      69.4     -0.7563210     -0.7079615
      69.5     -0.7446482     -0.6974912
      69.6     -0.7181543     -0.6731131
      69.7     -0.6773740     -0.6353016
      69.8     -0.6230984     -0.5847735
      69.9     -0.5563604     -0.5224748
      70.0     -0.4784149     -0.4495629
      70.1     -0.3907163     -0.3673859
      70.2     -0.2948912     -0.2774574
      70.3     -0.1927089     -0.1814297
      70.4     -0.0860488     -0.0810629
      70.5      0.0231333      0.0218064
      70.6      0.1328412      0.1252988
      70.7      0.2410741      0.2275260
      70.8      0.3458629      0.3266248
      70.9      0.4453053      0.4207908
      71.0      0.5376005      0.5083113
      71.1      0.6210809      0.5875956
      71.2      0.6942422      0.6572039
      71.3      0.7557700      0.7158731
      71.4      0.8045630      0.7625394
      71.5      0.8397526      0.7963572
      71.6      0.8607176      0.8167143
      71.7      0.8670953      0.8232423
      71.8      0.8587868      0.8158235
      71.9      0.8359589      0.7945921
      72.0      0.7990397      0.7599319
      72.1      0.7487109      0.7124691
      72.2      0.6858945      0.6530603
      72.3      0.6117358      0.5827771
      72.4      0.5275821      0.5028863
      72.5      0.4349581      0.4148269
      72.6      0.3355378      0.3201837
      72.7      0.2311142      0.2206587
      72.8      0.1235664      0.1180403
      72.9      0.0148260      0.0141706
      73.0     -0.0931584     -0.0890879
      73.1     -0.1984560     -0.1898854
      73.2     -0.2991885     -0.2864190
      73.3     -0.3935642     -0.3769646
      73.4     -0.4799096     -0.4599082
      73.5     -0.5566997     -0.5337746
      73.6     -0.6225849     -0.5972544
      73.7     -0.6764151     -0.6492268
      73.8     -0.7172597     -0.6887800
      73.9     -0.7444240     -0.7152271
      74.0     -0.7574614     -0.7281186
      74.1     -0.7561803     -0.7272498
      74.2     -0.7406476     -0.7126644
      74.3     -0.7111865     -0.6846534
      74.4     -0.6683702     -0.6437492
      74.5     -0.6130111     -0.5907162
      74.6     -0.5461454     -0.5265363
      74.7     -0.4690141     -0.4523910
      74.8     -0.3830400     -0.3696399
      74.9     -0.2898019     -0.2797958
      75.0     -0.1910057     -0.1844973
      75.1     -0.0884530     -0.0854788
      75.2      0.0159909      0.0154604
      75.3      0.1204313      0.1164893
      75.4      0.2229780      0.2157779
      75.5      0.3217795      0.3115300
      75.6      0.4150561      0.4020164
      75.7      0.5011322      0.4856050
      75.8      0.5784658      0.5607909
      75.9      0.6456760      0.6262231
      76.0      0.7015680      0.6807284
      76.1      0.7451537      0.7233330
      76.2      0.7756692      0.7532790
      76.3      0.7925882      0.7700384
      76.4      0.7956307      0.7733221
      76.5      0.7847678      0.7630846
      76.6      0.7602214      0.7395250
      76.7      0.7224595      0.7030824
      76.8      0.6721880      0.6544280
      76.9      0.6103363      0.5944529
      77.0      0.5380410      0.5242510
      77.1      0.4566246      0.4450999
      77.2      0.3675711      0.3584368
      77.3      0.2724994      0.2658326
      77.4      0.1731330      0.1689634
      77.5      0.0712697      0.0695804
      77.6     -0.0312517     -0.0305227
      77.7     -0.1325844     -0.1295410
      77.8     -0.2309068     -0.2256920
      77.9     -0.3244555     -0.3172472
      78.0     -0.4115567     -0.4025632
      78.1     -0.4906563     -0.4801116
      78.2     -0.5603478     -0.5485062
      78.3     -0.6193972     -0.6065278
      78.4     -0.6667647     -0.6531462
      78.5     -0.7016234     -0.6875381
      78.6     -0.7233736     -0.7091023
      78.7     -0.7316530     -0.7174697
      78.8     -0.7263430     -0.7125099
      78.9     -0.7075701     -0.6943333
      79.0     -0.6757032     -0.6632887
      79.1     -0.6313467     -0.6199564
      79.2     -0.5753285     -0.5651379
      79.3     -0.5086855     -0.4998409
      79.4     -0.4326436     -0.4252607
      79.5     -0.3485959     -0.3427586
      79.6     -0.2580769     -0.2538371
      79.7     -0.1627348     -0.1601124
      79.8     -0.0643014     -0.0632852
      79.9      0.0354393      0.0348901
      80.0      0.1346833      0.1326371
      80.1      0.2316388      0.2281895
      80.2      0.3245591      0.3198231
      80.3      0.4117735      0.4058865
      80.4      0.4917173      0.4848313
      80.5      0.5629600      0.5552393
      80.6      0.6242306      0.6158485
      80.7      0.6744401      0.6655751
      80.8      0.7127012      0.7035332
      80.9      0.7383433      0.7290504
      81.0      0.7509245      0.7416794
      81.1      0.7502390      0.7412061
      81.2      0.7363205      0.7276528
      81.3      0.7094408      0.7012779
      81.4      0.6701047      0.6625702
      81.5      0.6190403      0.6122406
      81.6      0.5571856      0.5512083
      81.7      0.4856710      0.4805840
      81.8      0.4057988      0.4016500
      81.9      0.3190190      0.3158364
      82.0      0.2269034      0.2246952
      82.1      0.1311167      0.1298723
      82.2      0.0333862      0.0330773
      82.3     -0.0645288     -0.0639470
      82.4     -0.1608695     -0.1594564
      82.5     -0.2539087     -0.2517365
      82.6     -0.3419823     -0.3391340
      82.7     -0.4235188     -0.4200859
      82.8     -0.4970676     -0.4931480
      82.9     -0.5613247     -0.5570205
      83.0     -0.6151565     -0.6105712
      83.1     -0.6576188     -0.6528559
      83.2     -0.6879746     -0.6831350
      83.3     -0.7057061     -0.7008866
      83.4     -0.7105241     -0.7058153
      83.5     -0.7023725     -0.6978576
      83.6     -0.6814291     -0.6771823
      83.7     -0.6481014     -0.6441875
      83.8     -0.6030197     -0.5994926
      83.9     -0.5470243     -0.5439270
      84.0     -0.4811507     -0.4785149
      84.1     -0.4066103     -0.4044564
      84.2     -0.3247681     -0.3231055
      84.3     -0.2371180     -0.2359456
      84.4     -0.1452556     -0.1445624
      84.5     -0.0508492     -0.0506151
      84.6      0.0443904      0.0441934
      84.7      0.1387409      0.1381477
      84.8      0.2304992      0.2295506
      84.9      0.3180126      0.3167536
      85.0      0.3997079      0.3981869
      85.1      0.4741201      0.4723874
      85.2      0.5399183      0.5380247
      85.3      0.5959293      0.5939255
      85.4      0.6411590      0.6390938
      85.5      0.6748094      0.6727291
      85.6      0.6962926      0.6942405
      85.7      0.7052415      0.7032564
      85.8      0.7015157      0.6996317
      85.9      0.6852032      0.6834496
      86.0      0.6566191      0.6550196
      86.1      0.6162991      0.6148719
      86.2      0.5649893      0.5637472
      86.3      0.5036327      0.5025829
      86.4      0.4333513      0.4324962
      86.5      0.3554264      0.3547634
      86.6      0.2712742      0.2707967
      86.7      0.1824206      0.1821181
      86.8      0.0904737      0.0903326
      86.9     -0.0029062     -0.0029019
      87.0     -0.0960356     -0.0959040
      87.1     -0.1872389     -0.1869992
      87.2     -0.2748785     -0.2745503
      87.3     -0.3573838     -0.3569871
      87.4     -0.4332799     -0.4328338
      87.5     -0.5012137     -0.5007366
      87.6     -0.5599782     -0.5594870
      87.7     -0.6085339     -0.6080437
      87.8     -0.6460273     -0.6455512
      87.9     -0.6718059     -0.6713547
      88.0     -0.6854294     -0.6850118
      88.1     -0.6866774     -0.6862999
      88.2     -0.6755532     -0.6752199
      88.3     -0.6522828     -0.6519957
      88.4     -0.6173107     -0.6170700
      88.5     -0.5712914     -0.5710956
      88.6     -0.5150772     -0.5149235
      88.7     -0.4497026     -0.4495868
      88.8     -0.3763649     -0.3762824
      88.9     -0.2964028     -0.2963482
      89.0     -0.2112715     -0.2112393
      89.1     -0.1225166     -0.1225015
      89.2     -0.0317460     -0.0317429
      89.3      0.0593995      0.0593951
      89.4      0.1492756      0.1492674
      89.5      0.2362642      0.2362552
      89.6      0.3188025      0.3187947
      89.7      0.3954113      0.3954059
      89.8      0.4647212      0.4647183
      89.9      0.5254973      0.5254965
      90.0      0.5766613      0.5766613
      90.1      0.6173104      0.6173094
      90.2      0.6467333      0.6467294
      90.3      0.6644230      0.6644139
      90.4      0.6700850      0.6700687
      90.5      0.6636426      0.6636173
      90.6      0.6452376      0.6452022
      90.7      0.6152276      0.6151817
      90.8      0.5741790      0.5741230
      90.9      0.5228560      0.5227915
      91.0      0.4622072      0.4621368
      91.1      0.3933471      0.3932747
      91.2      0.3175367      0.3174671
      91.3      0.2361597      0.2360989
      91.4      0.1506973      0.1506523
      91.5      0.0627018      0.0626803
      91.6     -0.0262321     -0.0262219
      91.7     -0.1144961     -0.1144457
      91.8     -0.2004971     -0.2003982
      91.9     -0.2826865     -0.2825310
      92.0     -0.3595873     -0.3593683
      92.1     -0.4298216     -0.4295329
      92.2     -0.4921344     -0.4917716
      92.3     -0.5454167     -0.5449773
      92.4     -0.5887250     -0.5882086
      92.5     -0.6212981     -0.6207068
      92.6     -0.6425703     -0.6419088
      92.7     -0.6521814     -0.6514574
      92.8     -0.6499831     -0.6492071
      92.9     -0.6360408     -0.6352262
      93.0     -0.6106320     -0.6097951
      93.1     -0.5742414     -0.5734010
      93.2     -0.5275511     -0.5267285
      93.3     -0.4714283     -0.4706466
      93.4     -0.4069092     -0.4061930
      93.5     -0.3351796     -0.3345544
      93.6     -0.2575534     -0.2570452
      93.7     -0.1754487     -0.1750830
      93.8     -0.0903616     -0.0901629
      93.9     -0.0038392     -0.0038303
      94.0      0.0825485      0.0823474
      94.1      0.1672372      0.1668093
      94.2      0.2486968      0.2480289
      94.3      0.3254585      0.3245424
      94.4      0.3961418      0.3949743
      94.5      0.4594791      0.4580627
      94.6      0.5143386      0.5126819
      94.7      0.5597443      0.5578621
      94.8      0.5948938      0.5928074
      94.9      0.6191720      0.6169091
      95.0      0.6321624      0.6297568
      95.1      0.6336540      0.6311454
      95.2      0.6236449      0.6210782
      95.3      0.6023415      0.5997663
      95.4      0.5701553      0.5676249
      95.5      0.5276939      0.5252645
      95.6      0.4757505      0.4734799
      95.7      0.4152889      0.4132356
      95.8      0.3474256      0.3456470
      95.9      0.2734091      0.2719608
      96.0      0.1945976      0.1935316
      96.1      0.1124335      0.1117969
      96.2      0.0284175      0.0282512
      96.3     -0.0559193     -0.0555816
      96.4     -0.1390424     -0.1381759
      96.5     -0.2194426     -0.2180320
      96.6     -0.2956631     -0.2937037
      96.7     -0.3663257     -0.3638239
      96.8     -0.4301559     -0.4271299
      96.9     -0.4860058     -0.4824858
      97.0     -0.5328749     -0.5289029
      97.1     -0.5699279     -0.5655576
      97.2     -0.5965097     -0.5918060
      97.3     -0.6121569     -0.6071950
      97.4     -0.6166060     -0.6114704
      97.5     -0.6097980     -0.6045811
      97.6     -0.5918789     -0.5866796
      97.7     -0.5631969     -0.5581186
      97.8     -0.5242954     -0.5194446
      97.9     -0.4759035     -0.4713870
      98.0     -0.4189218     -0.4148449
      98.1     -0.3544058     -0.3508701
      98.2     -0.2835469     -0.2806479
      98.3     -0.2076499     -0.2054750
      98.4     -0.1281097     -0.1267354
      98.5     -0.0463851     -0.0458756
      98.6      0.0360274      0.0356223
      98.7      0.1176211      0.1162677
      98.8      0.1969066      0.1945887
      98.9      0.2724389      0.2691587
      99.0      0.3428435      0.3386226
      99.1      0.4068419      0.4017213
      99.2      0.4632740      0.4573146
      99.3      0.5111199      0.5044016
      99.4      0.5495178      0.5421389
      99.5      0.5777795      0.5698557
      99.6      0.5954034      0.5870654
      99.7      0.6020826      0.5934749
      99.8      0.5977106      0.5889888
      99.9      0.5823834      0.5737113
     100.0      0.5563967      0.5479438
     100.1      0.5202412      0.5121791
     100.2      0.4745926      0.4670919
     100.3      0.4202996      0.4135265
     100.4      0.3583682      0.3524807
     100.5      0.2899427      0.2850876
     100.6      0.2162853      0.2125945
     100.7      0.1387525      0.1363399
     100.8      0.0587701      0.0577292
     100.9     -0.0221922     -0.0217918
     101.0     -0.1026486     -0.1007626
     101.1     -0.1811236     -0.1777353
     101.2     -0.2561797     -0.2513008
     101.3     -0.3264429     -0.3201147
     101.4     -0.3906283     -0.3829217
     101.5     -0.4475633     -0.4385783
     101.6     -0.4962091     -0.4860741
     101.7     -0.5356793     -0.5245494
     101.8     -0.5652566     -0.5533113
     101.9     -0.5844052     -0.5718457
     102.0     -0.5927808     -0.5798271
     102.1     -0.5902366     -0.5771235
     102.2     -0.5768264     -0.5637993
     102.3     -0.5528028     -0.5401135
     102.4     -0.5186129     -0.5065149
     102.5     -0.4748901     -0.4636333
     102.6     -0.4224421     -0.4122683
     102.7     -0.3622363     -0.3533741
     102.8     -0.2953822     -0.2880418
     102.9     -0.2231106     -0.2174796
     103.0     -0.1467514     -0.1429902
     103.1     -0.0677091     -0.0659471
     103.2      0.0125629      0.0122310
     103.3      0.0925889      0.0901056
     103.4      0.1708980      0.1662455
     103.5      0.2460508      0.2392524
     103.6      0.3166660      0.3077870
     103.7      0.3814456      0.3705931
     103.8      0.4391984      0.4265206
     103.9      0.4888624      0.4745468
     104.0      0.5295236      0.5137945
     104.1      0.5604331      0.5435484
     104.2      0.5810209      0.5632680
     104.3      0.5909060      0.5725972
     104.4      0.5899038      0.5713709
     104.5      0.5780292      0.5596176
     104.6      0.5554966      0.5375592
     104.7      0.5227159      0.5056062
     104.8      0.4802851      0.4643509
     104.9      0.4289795      0.4145555
     105.0      0.3697373      0.3571388
     105.1      0.3036429      0.2931589
     105.2      0.2319068      0.2237938
     105.3      0.1558435      0.1503200
     105.4      0.0768478      0.0740886
     105.5     -0.0036310     -0.0034989
     105.6     -0.0841155     -0.0810169
     105.7     -0.1631271     -0.1570411
     105.8     -0.2392133     -0.2301753
     105.9     -0.3109739     -0.2990765
     106.0     -0.3770872     -0.3624794
     106.1     -0.4363335     -0.4192201
     106.2     -0.4876183     -0.4682568
     106.3     -0.5299918     -0.5086890
     106.4     -0.5626667     -0.5397740
     106.5     -0.5850325     -0.5609407
     106.6     -0.5966670     -0.5717995
     106.7     -0.5973442     -0.5721497
     106.8     -0.5870384     -0.5619834
     106.9     -0.5659252     -0.5414849
     107.0     -0.5343779     -0.5110282
     107.1     -0.4929617     -0.4711693
     107.2     -0.4424226     -0.4226367
     107.3     -0.3836749     -0.3663177
     107.4     -0.3177839     -0.3032422
     107.5     -0.2459472     -0.2345640
     107.6     -0.1694725     -0.1615396
     107.7     -0.0897540     -0.0855052
     107.8     -0.0082473     -0.0078525
     107.9      0.0735576      0.0699970
     108.0      0.1541629      0.1466176
     108.1      0.2320910      0.2206061
     108.2      0.3059108      0.2906067
     108.3      0.3742645      0.3553362
     108.4      0.4358919      0.4136073
     108.5      0.4896540      0.4643505
     108.6      0.5345538      0.5066332
     108.7      0.5697545      0.5396773
     108.8      0.5945952      0.5628731
     108.9      0.6086030      0.5757904
     109.0      0.6115022      0.5781866
     109.1      0.6032192      0.5700113
     109.2      0.5838845      0.5514067
     109.3      0.5538305      0.5227057
     109.4      0.5135855      0.4844255
     109.5      0.4638649      0.4372583
     109.6      0.4055578      0.3820588
     109.7      0.3397117      0.3198286
     109.8      0.2675132      0.2516980
     109.9      0.1902668      0.1789056
     110.0      0.1093712      0.1027754
     110.1      0.0262945      0.0246930
     110.2     -0.0574533     -0.0539195
     110.3     -0.1403469     -0.1316298
     110.4     -0.2208738     -0.2070211
     110.5     -0.2975620     -0.2787181
     110.6     -0.3690064     -0.3454120
     110.7     -0.4338949     -0.4058844
     110.8     -0.4910320     -0.4590293
     110.9     -0.5393612     -0.5038737
     111.0     -0.5779842     -0.5395947
     111.1     -0.6061773     -0.5655352
     111.2     -0.6234052     -0.5812155
     111.3     -0.6293311     -0.5863423
     111.4     -0.6238228     -0.5808138
     111.5     -0.6069556     -0.5647222
     111.6     -0.5790116     -0.5383514
     111.7     -0.5404745     -0.5021724
     111.8     -0.4920214     -0.4568349
     111.9     -0.4345110     -0.4031551
     112.0     -0.3689680     -0.3421012
     112.1     -0.2965651     -0.2747760
     112.2     -0.2186017     -0.2023969
     112.3     -0.1364810     -0.1262735
     112.4     -0.0516841     -0.0477843
     112.5      0.0342562      0.0316486
     112.6      0.1197831      0.1105850
     112.7      0.2033444      0.1875930
     112.8      0.2834205      0.2612749
     112.9      0.3585516      0.3302925
     113.0      0.4273649      0.3933915
     113.1      0.4885993      0.4494241
     113.2      0.5411282      0.4973701
     113.3      0.5839809      0.5363551
     113.4      0.6163597      0.5656670
     113.5      0.6376553      0.5847683
     113.6      0.6474578      0.5933062
     113.7      0.6455644      0.5911191
     113.8      0.6319839      0.5782398
     113.9      0.6069367      0.5548942
     114.0      0.5708510      0.5214984
     114.1      0.5243560      0.4786501
     114.2      0.4682702      0.4271187
     114.3      0.4035874      0.3678309
     114.4      0.3314591      0.3018544
     114.5      0.2531734      0.2303780
     114.6      0.1701328      0.1546909
     114.7      0.0838284      0.0761588
     114.8     -0.0041868     -0.0038007
     114.9     -0.0923257     -0.0837434
     115.0     -0.1789956     -0.1622251
     115.1     -0.2626274     -0.2378272
     115.2     -0.3417038     -0.3091829
     115.3     -0.4147868     -0.3750015
     115.4     -0.4805436     -0.4340920
     115.5     -0.5377714     -0.4853845
     115.6     -0.5854191     -0.5279499
     115.7     -0.6226064     -0.5610163
     115.8     -0.6486404     -0.5839831
     115.9     -0.6630282     -0.5964321
     116.0     -0.6654861     -0.5981349
     116.1     -0.6559455     -0.5890571
     116.2     -0.6345541     -0.5693590
     116.3     -0.6016739     -0.5393925
     116.4     -0.5578750     -0.4996952
     116.5     -0.5039257     -0.4509804
     116.6     -0.4407788     -0.3941243
     116.7     -0.3695552     -0.3301500
     116.8     -0.2915234     -0.2602096
     116.9     -0.2080772     -0.1855628
     117.0     -0.1207110     -0.1075543
     117.1     -0.0309925     -0.0275900
     117.2      0.0594651      0.0528892
     117.3      0.1490323      0.1324327
     117.4      0.2360926      0.2096066
     117.5      0.3190715      0.2830199
     117.6      0.3964655      0.3513491
     117.7      0.4668686      0.4133625
     117.8      0.5289986      0.4679421
     117.9      0.5817199      0.5141040
     118.0      0.6240645      0.5510162
     118.1      0.6552497      0.5780134
     118.2      0.6746926      0.5946089
     118.3      0.6820208      0.6005039
     118.4      0.6770797      0.5955922
     118.5      0.6599355      0.5799626
     118.6      0.6308745      0.5538971
     118.7      0.5903984      0.5178657
     118.8      0.5392154      0.4725180
     118.9      0.4782280      0.4186717
     119.0      0.4085171      0.3572971
     119.1      0.3313225      0.2895004
     119.2      0.2480214      0.2165033
     119.3      0.1601032      0.1396211
     119.4      0.0691434      0.0602387
     119.5     -0.0232251     -0.0202141
     119.6     -0.1153411     -0.1002885
     119.7     -0.2055449     -0.1785428
     119.8     -0.2922084     -0.2535683
     119.9     -0.3737644     -0.3240151
     120.0     -0.4487350     -0.3886159
     120.1     -0.5157583     -0.4462090
     120.2     -0.5736133     -0.4957595
     120.3     -0.6212419     -0.5363775
     120.4     -0.6577684     -0.5673342
     120.5     -0.6825157     -0.5880754
     120.6     -0.6950176     -0.5982309
     120.7     -0.6950277     -0.5976211
     120.8     -0.6825241     -0.5862608
     120.9     -0.6577105     -0.5643583
     121.0     -0.6210125     -0.5323116
     121.1     -0.5730705     -0.4907014
     121.2     -0.5147286     -0.4402805
     121.3     -0.4470197     -0.3819600
     121.4     -0.3711471     -0.3167929
     121.5     -0.2884632     -0.2459553
     121.6     -0.2004453     -0.1707247
     121.7     -0.1086697     -0.0924574
     121.8     -0.0147825     -0.0125635
     121.9      0.0795290      0.0675179
     122.0      0.1725671      0.1463452
     122.1      0.2626542      0.2225001
     122.2      0.3481628      0.2946130
     122.3      0.4275455      0.3613879
     122.4      0.4993621      0.4216254
     122.5      0.5623067      0.4742447
     122.6      0.6152308      0.5183026
     122.7      0.6571643      0.5530108
     122.8      0.6873336      0.5777497
     122.9      0.7051757      0.5920795
     123.0      0.7103484      0.5957483
     123.1      0.7027376      0.5886964
     123.2      0.6824586      0.5710570
     123.3      0.6498557      0.5431542
     123.4      0.6054952      0.5054964
     123.5      0.5501565      0.4587677
     123.6      0.4848179      0.4038152
     123.7      0.4106394      0.3416332
     123.8      0.3289423      0.2733459
     123.9      0.2411852      0.2001867
     124.0      0.1489388      0.1234759
     124.1      0.0538570      0.0445968
     124.2     -0.0423526     -0.0350290
     124.3     -0.1379588     -0.1139675
     124.4     -0.2312387     -0.1907982
     124.5     -0.3205084     -0.2641394
     124.6     -0.4041532     -0.3326732
     124.7     -0.4806571     -0.3951694
     124.8     -0.5486303     -0.4505073
     124.9     -0.6068341     -0.4976962
     125.0     -0.6542039     -0.5358925
     125.1     -0.6898684     -0.5644156
     125.2     -0.7131655     -0.5827595
     125.3     -0.7236549     -0.5906020
     125.4     -0.7211265     -0.5878102
     125.5     -0.7056039     -0.5744431
     125.6     -0.6773451     -0.5507498
     125.7     -0.6368378     -0.5171655
     125.8     -0.5847914     -0.4743031
     125.9     -0.5221240     -0.4229422
     126.0     -0.4499469     -0.3640147
     126.1     -0.3695445     -0.2985882
     126.2     -0.2823514     -0.2278463
     126.3     -0.1899270     -0.1530676
     126.4     -0.0939278     -0.0756019
     126.5      0.0039228      0.0031534
     126.6      0.1018651      0.0817791
     126.7      0.1981346      0.1588595
     126.8      0.2909940      0.2330081
     126.9      0.3787648      0.3028924
     127.0      0.4598569      0.3672580
     127.1      0.5327981      0.4249512
     127.2      0.5962606      0.4749394
     127.3      0.6490850      0.5163299
     127.4      0.6903018      0.5483858
     127.5      0.7191488      0.5705391
     127.6      0.7350856      0.5824007
     127.7      0.7378034      0.5837674
     127.8      0.7272310      0.5746252
     127.9      0.7035369      0.5551497
     128.0      0.6671259      0.5257024
     128.1      0.6186331      0.4868240
     128.2      0.5589121      0.4392249
     128.3      0.4890205      0.3837717
     128.4      0.4102009      0.3214717
     128.5      0.3238589      0.2534546
     128.6      0.2315381      0.1809518
     128.7      0.1348927      0.1052744
     128.8      0.0356573      0.0277891
     128.9     -0.0643835     -0.0501060
     129.0     -0.1634279     -0.1270073
     129.1     -0.2596885     -0.2015304
     129.2     -0.3514256     -0.2723353
     129.3     -0.4369776     -0.3381508
     129.4     -0.5147918     -0.3977969
     129.5     -0.5834523     -0.4502061
     129.6     -0.6417057     -0.4944428
     129.7     -0.6884844     -0.5297196
     129.8     -0.7229256     -0.5554118
     129.9     -0.7443875     -0.5710682
     130.0     -0.7524615     -0.5764189
     130.1     -0.7469793     -0.5713805
     130.2     -0.7280173     -0.5560567
     130.3     -0.6958948     -0.5307369
     130.4     -0.6511691     -0.4958902
     130.5     -0.5946259     -0.4521571
     130.6     -0.5272653     -0.4003374
     130.7     -0.4502844     -0.3413760
     130.8     -0.3650557     -0.2763454
     130.9     -0.2731033     -0.2064261
     131.0     -0.1760749     -0.1328854
     131.1     -0.0757127     -0.0570543
     131.2      0.0261776      0.0196964
     131.3      0.1277600      0.0959815
     131.4      0.2272004      0.1704255
     131.5      0.3227005      0.2416884
     131.6      0.4125297      0.3084889
     131.7      0.4950568      0.3696283
     131.8      0.5687796      0.4240115
     131.9      0.6323520      0.4706669
     132.0      0.6846090      0.5087637
     132.1      0.7245877      0.5376266
     132.2      0.7515451      0.5567481
     132.3      0.7649722      0.5657972
     132.4      0.7646033      0.5646254
     132.5      0.7504213      0.5532686
     132.6      0.7226588      0.5319471
     132.7      0.6817940      0.5010604
     132.8      0.6285426      0.4611805
     132.9      0.5638455      0.4130410
     133.0      0.4888520      0.3575237
     133.1      0.4048996      0.2956424
     133.2      0.3134901      0.2285245
     133.3      0.2162630      0.1573903
     133.4      0.1149658      0.0835312
     133.5      0.0114228      0.0082858
     133.6     -0.0924977     -0.0669842
     133.7     -0.1949168     -0.1409185
     133.8     -0.2939797     -0.2121829
     133.9     -0.3878884     -0.2794934
     134.0     -0.4749349     -0.3416396
     134.1     -0.5535321     -0.3975060
     134.2     -0.6222424     -0.4460922
     134.3     -0.6798047     -0.4865313
     134.4     -0.7251568     -0.5181047
     134.5     -0.7574556     -0.5402555
     134.6     -0.7760923     -0.5525979
     134.7     -0.7807043     -0.5549242
     134.8     -0.7711821     -0.5472083
     134.9     -0.7476718     -0.5296057
     135.0     -0.7105729     -0.5024509
     135.1     -0.6605319     -0.4662507
     135.2     -0.5984305     -0.4216746
     135.3     -0.5253711     -0.3695432
     135.4     -0.4426563     -0.3108125
     135.5     -0.3517666     -0.2465564
     135.6     -0.2543332     -0.1779477
     135.7     -0.1521097     -0.1062357
     135.8     -0.0469397     -0.0327247
     135.9      0.0592757      0.0412507
     136.0      0.1646126      0.1143495
     136.1      0.2671588      0.1852484
     136.2      0.3650487      0.2526659
     136.3      0.4564970      0.3153857
     136.4      0.5398314      0.3722783
     136.5      0.6135230      0.4223213
     136.6      0.6762143      0.4646184
     136.7      0.7267445      0.4984147
     136.8      0.7641706      0.5231107
     136.9      0.7877850      0.5382728
     137.0      0.7971294      0.5436410
     137.1      0.7920031      0.5391331
     137.2      0.7724676      0.5248464
     137.3      0.7388458      0.5010555
     137.4      0.6917173      0.4682068
     137.5      0.6319079      0.4269108
     137.6      0.5604757      0.3779301
     137.7      0.4786924      0.3221660
     137.8      0.3880204      0.2606413
     137.9      0.2900874      0.1944823
     138.0      0.1866567      0.1248977
     138.1      0.0795959      0.0531567
     138.2     -0.0291569     -0.0194340
     138.3     -0.1376277     -0.0915541
     138.4     -0.2438431     -0.1618938
     138.5     -0.3458651     -0.2291771
     138.6     -0.4418272     -0.2921856
     138.7     -0.5299682     -0.3497799
     138.8     -0.6086641     -0.4009206
     138.9     -0.6764586     -0.4446871
     139.0     -0.7320894     -0.4802939
     139.1     -0.7745121     -0.5071047
     139.2     -0.8029195     -0.5246441
     139.3     -0.8167569     -0.5326059
     139.4     -0.8157332     -0.5308581
     139.5     -0.7998265     -0.5194458
     139.6     -0.7692858     -0.4985894
     139.7     -0.7246268     -0.4686812
     139.8     -0.6666234     -0.4302772
     139.9     -0.5962947     -0.3840875
     140.0     -0.5148870     -0.3309630
     140.1     -0.4238517     -0.2718795
     140.2     -0.3248198     -0.2079203
     140.3     -0.2195729     -0.1402561
     140.4     -0.1100109     -0.0701236
     140.5      0.0018819      0.0011971
     140.6      0.1140726      0.0724053
     140.7      0.2245164      0.1422044
     140.8      0.3311940      0.2093243
     140.9      0.4321482      0.2725454
     141.0      0.5255196      0.3307202
     141.1      0.6095811      0.3827944
     141.2      0.6827690      0.4278257
     141.3      0.7437129      0.4650010
     141.4      0.7912605      0.4936513
     141.5      0.8244997      0.5132631
     141.6      0.8427758      0.5234883
     141.7      0.8457045      0.5241499
     141.8      0.8331796      0.5152452
     141.9      0.8053760      0.4969459
     142.0      0.7627476      0.4695943
     142.1      0.7060199      0.4336976
     142.2      0.6361779      0.3899179
     142.3      0.5544491      0.3390606
     142.4      0.4622818      0.2820590
     142.5      0.3613201      0.2199577
     142.6      0.2533742      0.1538934
     142.7      0.1403886      0.0850739
     142.8      0.0244068      0.0147563
     142.9     -0.0924654     -0.0557759
     143.0     -0.2080977     -0.1252363
     143.1     -0.3203742     -0.1923591
     143.2     -0.4272318     -0.2559219
     143.3     -0.5266980     -0.3147680
     143.4     -0.6169274     -0.3678274
     143.5     -0.6962350     -0.4141364
     143.6     -0.7631284     -0.4528548
     143.7     -0.8163351     -0.4832811
     143.8     -0.8548269     -0.5048656
     143.9     -0.8778393     -0.5172197
     144.0     -0.8848867     -0.5201234
     144.1     -0.8757725     -0.5135288
     144.2     -0.8505935     -0.4975612
     144.3     -0.8097399     -0.4725166
     144.4     -0.7538888     -0.4388560
     144.5     -0.6839940     -0.3971973
     144.6     -0.6012689     -0.3483037
     144.7     -0.5071662     -0.2930699
     144.8     -0.4033526     -0.2325054
     144.9     -0.2916787     -0.1677168
     145.0     -0.1741471     -0.0998867
     145.1     -0.0528760     -0.0302528
     145.2      0.0699383      0.0399147
     145.3      0.1920615      0.1093367
     145.4      0.3112613      0.1767478
     145.5      0.4253483      0.2409199
     145.6      0.5322156      0.3006843
     145.7      0.6298781      0.3549527
     145.8      0.7165084      0.4027375
     145.9      0.7904716      0.4431692
     146.0      0.8503551      0.4755126
     146.1      0.8949961      0.4991797
     146.2      0.9235033      0.5137408
     146.3      0.9352748      0.5189320
     146.4      0.9300105      0.5146600
     146.5      0.9077187      0.5010035
     146.6      0.8687179      0.4782125
     146.7      0.8136321      0.4467026
     146.8      0.7433815      0.4070484
     146.9      0.6591669      0.3599724
     147.0      0.5624496      0.3063320
     147.1      0.4549257      0.2471040
     147.2      0.3384974      0.1833668
     147.3      0.2152385      0.1162805
     147.4      0.0873585      0.0470662
     147.5     -0.0428373     -0.0230165
     147.6     -0.1729893     -0.0926923
     147.7     -0.3007254     -0.1606933
     147.8     -0.4237047     -0.2257822
     147.9     -0.5396599     -0.2867745
     148.0     -0.6464390     -0.3425605
     148.1     -0.7420445     -0.3921248
     148.2     -0.8246711     -0.4345652
     148.3     -0.8927392     -0.4691092
     148.4     -0.9449249     -0.4951273
     148.5     -0.9801852     -0.5121453
     148.6     -0.9977788     -0.5198523
     148.7     -0.9972811     -0.5181066
     148.8     -0.9785939     -0.5069381
     148.9     -0.9419485     -0.4865478
     149.0     -0.8879039     -0.4573043
     149.1     -0.8173386     -0.4197371
     149.2     -0.7314359     -0.3745265
     149.3     -0.6316649     -0.3224920
     149.4     -0.5197551     -0.2645769
     149.5     -0.3976670     -0.2018313
     149.6     -0.2675575     -0.1353931
     149.7     -0.1317421     -0.0664675
     149.8      0.0073458      0.0036951
     149.9      0.1471987      0.0738217
     150.0      0.2852796      0.1426398
     150.1      0.4190679      0.2089002
     150.2      0.5461055      0.2714002
     150.3      0.6640408      0.3290048
     150.4      0.7706730      0.3806677
     150.5      0.8639921      0.4254501
     150.6      0.9422165      0.4625376
     150.7      1.0038273      0.4912554
     150.8      1.0475965      0.5110801
     150.9      1.0726118      0.5216491
     151.0      1.0782947      0.5227676
     151.1      1.0644132      0.5144122
     151.2      1.0310882      0.4967306
     151.3      0.9787936      0.4700397
     151.4      0.9083497      0.4348196
     151.5      0.8209111      0.3917049
     151.6      0.7179477      0.3414733
     151.7      0.6012201      0.2850314
     151.8      0.4727500      0.2233984
     151.9      0.3347851      0.1576878
     152.0      0.1897600      0.0890869
     152.1      0.0402539      0.0188360
     152.2     -0.1110558     -0.0517950
     152.3     -0.2614405     -0.1215285
     152.4     -0.4081695     -0.1891033
     152.5     -0.5485595     -0.2532966
     152.6     -0.6800231     -0.3129465
     152.7     -0.8001163     -0.3669730
     152.8     -0.9065834     -0.4143974
     152.9     -0.9973991     -0.4543601
     153.0     -1.0708068     -0.4861361
     153.1     -1.1253518     -0.5091482
     153.2     -1.1599095     -0.5229772
     153.3     -1.1737087     -0.5273696
     153.4     -1.1663472     -0.5222426
     153.5     -1.1378020     -0.5076847
     153.6     -1.0884322     -0.4839552
     153.7     -1.0189755     -0.4514787
     153.8     -0.9305374     -0.4108377
     153.9     -0.8245740     -0.3627624
     154.0     -0.7028680     -0.3081170
     154.1     -0.5674993     -0.2478847
     154.2     -0.4208097     -0.1831495
     154.3     -0.2653623     -0.1150768
     154.4     -0.1038972     -0.0448925
     154.5      0.0607165      0.0261391
     154.6      0.2255313      0.0967383
     154.7      0.3875742      0.1656329
     154.8      0.5438993      0.2315810
     154.9      0.6916414      0.2933939
     155.0      0.8280683      0.3499568
     155.1      0.9506303      0.4002494
     155.2      1.0570080      0.4433642
     155.3      1.1451553      0.4785227
     155.4      1.2133385      0.5050895
     155.5      1.2601694      0.5225838
     155.6      1.2846336      0.5306878
     155.7      1.2861106      0.5292530
     155.8      1.2643887      0.5183021
     155.9      1.2196718      0.4980291
     156.0      1.1525785      0.4687959
     156.1      1.0641347      0.4311252
     156.2      0.9557583      0.3856918
     156.3      0.8292365      0.3333098
     156.4      0.6866969      0.2749185
     156.5      0.5305719      0.2115651
     156.6      0.3635576      0.1443861
     156.7      0.1885674      0.0745870
     156.8      0.0086815      0.0034200
     156.9     -0.1729066     -0.0678377
     157.0     -0.3529469     -0.1379073
     157.1     -0.5281904     -0.2055315
     157.2     -0.6954473     -0.2694967
     157.3     -0.8516446     -0.3286548
     157.4     -0.9938823     -0.3819443
     157.5     -1.1194862     -0.4284088
     157.6     -1.2260580     -0.4672144
     157.7     -1.3115203     -0.4976644
     157.8     -1.3741564     -0.5192123
     157.9     -1.4126441     -0.5314710
     158.0     -1.4260823     -0.5342199
     158.1     -1.4140111     -0.5274088
     158.2     -1.3764228     -0.5111592
     158.3     -1.3137670     -0.4857611
     158.4     -1.2269454     -0.4516687
     158.5     -1.1172999     -0.4094918
     158.6     -0.9865922     -0.3599846
     158.7     -0.8369764     -0.3040327
     158.8     -0.6709630     -0.2426367
     158.9     -0.4913777     -0.1768944
     159.0     -0.3013139     -0.1079813
     159.1     -0.1040792     -0.0371290
     159.2      0.0968615      0.0343962
     159.3      0.2979462      0.1053165
     159.4      0.4955788      0.1743653
     159.5      0.6861925      0.2403097
     159.6      0.8663140      0.3019729
     159.7      1.0326261      0.3582548
     159.8      1.1820279      0.4081521
     159.9      1.3116922      0.4507757
     160.0      1.4191180      0.4853669
     160.1      1.5021781      0.5113107
     160.2      1.5591602      0.5281467
     160.3      1.5888011      0.5355773
     160.4      1.5903130      0.5334730
     160.5      1.5634019      0.5218743
     160.6      1.5082773      0.5009911
     160.7      1.4256531      0.4711989
     160.8      1.3167390      0.4330316
     160.9      1.1832243      0.3871722
     161.0      1.0272515      0.3344404
     161.1      0.8513828      0.2757777
     161.2      0.6585585      0.2122308
     161.3      0.4520480      0.1449325
     161.4      0.2353954      0.0750816
     161.5      0.0123584      0.0039214
     161.6     -0.2131557     -0.0672824
     161.7     -0.4371583     -0.1372644
     161.8     -0.6556491     -0.2047821
     161.9     -0.8646871     -0.2686379
     162.0     -1.0604608     -0.3277004
     162.1     -1.2393570     -0.3809246
     162.2     -1.3980269     -0.4273703
     162.3     -1.5334474     -0.4662187
     162.4     -1.6429779     -0.4967870
     162.5     -1.7244108     -0.5185403
     162.6     -1.7760147     -0.5311009
     162.7     -1.7965693     -0.5342546
     162.8     -1.7853921     -0.5279548
     162.9     -1.7423556     -0.5123228
     163.0     -1.6678952     -0.4876454
     163.1     -1.5630064     -0.4543694
     163.2     -1.4292334     -0.4130939
     163.3     -1.2686466     -0.3645589
     163.4     -1.0838116     -0.3096324
     163.5     -0.8777487     -0.2492941
     163.6     -0.6538841     -0.1846186
     163.7     -0.4159937     -0.1167556
     163.8     -0.1681398     -0.0469095
     163.9      0.0853978      0.0236821
     164.0      0.3401943      0.0937703
     164.1      0.5917572      0.1621174
     164.2      0.8356043      0.2275185
     164.3      1.0673425      0.2888233
     164.4      1.2827464      0.3449559
     164.5      1.4778344      0.3949341
     164.6      1.6489405      0.4378862
     164.7      1.7927829      0.4730671
     164.8      1.9065249      0.4998702
     164.9      1.9878298      0.5178386
     165.0      2.0349067      0.5266726
     165.1      2.0465480      0.5262346
     165.2      2.0221564      0.5165513
     165.3      1.9617619      0.4978127
     165.4      1.8660277      0.4703684
     165.5      1.7362453      0.4347211
     165.6      1.5743187      0.3915171
     165.7      1.3827371      0.3415347
     165.8      1.1645378      0.2856697
     165.9      0.9232588      0.2249197
     166.0      0.6628822      0.1603657
     166.1      0.3877692      0.0931530
     166.2      0.1025879      0.0244706
     166.3     -0.1877649     -0.0444699
     166.4     -0.4782469     -0.1124560
     166.5     -0.7637570     -0.1782955
     166.6     -1.0392235     -0.2408379
     166.7     -1.2996932     -0.2989941
     166.8     -1.5404193     -0.3517561
     166.9     -1.7569461     -0.3982141
     167.0     -1.9451905     -0.4375726
     167.1     -2.1015168     -0.4691639
     167.2     -2.2228058     -0.4924593
     167.3     -2.3065140     -0.5070783
     167.4     -2.3507253     -0.5127948
     167.5     -2.3541910     -0.5095402
     167.6     -2.3163590     -0.4974041
     167.7     -2.2373917     -0.4766324
     167.8     -2.1181711     -0.4476221
     167.9     -1.9602917     -0.4109135
     168.0     -1.7660411     -0.3671806
     168.1     -1.5383682     -0.3172180
     168.2     -1.2808396     -0.2619266
     168.3     -0.9975850     -0.2022976
     168.4     -0.6932322     -0.1393937
     168.5     -0.3728322     -0.0743308
     168.6     -0.0417772     -0.0082576
     168.7      0.2942891      0.0576648
     168.8      0.6295665      0.1222834
     168.9      0.9581964      0.1844739
     169.0      1.2743630      0.2431599
     169.1      1.5723941      0.2973326
     169.2      1.8468613      0.3460673
     169.3      2.0926765      0.3885402
     169.4      2.3051842      0.4240417
     169.5      2.4802471      0.4519891
     169.6      2.6143241      0.4719356
     169.7      2.7045388      0.4835775
     169.8      2.7487372      0.4867594
     169.9      2.7455342      0.4814753
     170.0      2.6943470      0.4678684
     170.1      2.5954153      0.4462274
     170.2      2.4498076      0.4169805
     170.3      2.2594138      0.3806872
     170.4      2.0269228      0.3380274
     170.5      1.7557869      0.2897884
     170.6      1.4501723      0.2368508
     170.7      1.1148972      0.1801717
     170.8      0.7553574      0.1207674
     170.9      0.3774414      0.0596954
     171.0     -0.0125637     -0.0019654
     171.1     -0.4080746     -0.0631334
     171.2     -0.8023207     -0.1227437
     171.3     -1.1884573     -0.1797670
     171.4     -1.5596816     -0.2332275
     171.5     -1.9093494     -0.2822198
     171.6     -2.2310909     -0.3259245
     171.7     -2.5189232     -0.3636222
     171.8     -2.7673575     -0.3947053
     171.9     -2.9715002     -0.4186880
     172.0     -3.1271438     -0.4352143
     172.1     -3.2308490     -0.4440626
     172.2     -3.2800142     -0.4451490
     172.3     -3.2729314     -0.4385276
     172.4     -3.2088286     -0.4243881
     172.5     -3.0878968     -0.4030514
     172.6     -2.9113008     -0.3749627
     172.7     -2.6811742     -0.3406823
     172.8     -2.4005977     -0.3008747
     172.9     -2.0735622     -0.2562953
     173.0     -1.7049143     -0.2077768
     173.1     -1.3002889     -0.1562126
     173.2     -0.8660257     -0.1025409
     173.3     -0.4090744     -0.0477270
     173.4      0.0631130      0.0072540
     173.5      0.5426987      0.0614352
     173.6      1.0215846      0.1138749
     173.7      1.4915436      0.1636735
     173.8      1.9443544      0.2099890
     173.9      2.3719396      0.2520520
     174.0      2.7665022      0.2891782
     174.1      3.1206602      0.3207806
     174.2      3.4275762      0.3463782
     174.3      3.6810802      0.3656040
     174.4      3.8757832      0.3782102
     174.5      4.0071801      0.3840712
     174.6      4.0717395      0.3831845
     174.7      4.0669792      0.3756693
     174.8      3.9915259      0.3617623
     174.9      3.8451580      0.3418126
     175.0      3.6288302      0.3162734
     175.1      3.3446801      0.2856923
     175.2      2.9960157      0.2507001
     175.3      2.5872839      0.2119982
     175.4      2.1240205      0.1703442
     175.5      1.6127825      0.1265375
     175.6      1.0610627      0.0814037
     175.7      0.4771888      0.0357790
     175.8     -0.1297928     -0.0095058
     175.9     -0.7502455     -0.0536406
     176.0     -1.3740821     -0.0958511
     176.1     -1.9909140     -0.1354126
     176.2     -2.5902069     -0.1716631
     176.3     -3.1614404     -0.2040150
     176.4     -3.6942706     -0.2319652
     176.5     -4.1786909     -0.2551030
     176.6     -4.6051911     -0.2731172
     176.7     -4.9649102     -0.2858002
     176.8     -5.2497810     -0.2930507
     176.9     -5.4526651     -0.2948737
     177.0     -5.5674751     -0.2913791
     177.1     -5.5892824     -0.2827782
     177.2     -5.5144085     -0.2693776
     177.3     -5.3404989     -0.2515719
     177.4     -5.0665778     -0.2298351
     177.5     -4.6930825     -0.2047094
     177.6     -4.2218771     -0.1767939
     177.7     -3.6562454     -0.1467317
     177.8     -3.0008619     -0.1151965
     177.9     -2.2617425     -0.0828786
     178.0     -1.4461742     -0.0504708
     178.1     -0.5626265     -0.0186540
     178.2      0.3793573      0.0119159
     178.3      1.3692834      0.0406215
     178.4      2.3958474      0.0668960
     178.5      3.4470861      0.0902342
     178.6      4.5105411      0.1102023
     178.7      5.5734292      0.1264462
     178.8      6.6228203      0.1386979
     178.9      7.6458175      0.1467801
     179.0      8.6297377      0.1506097
     179.1      9.5622907      0.1501979
     179.2     10.4317529      0.1456500
     179.3     11.2271337      0.1371619
     179.4     11.9383317      0.1250156
     179.5     12.5562794      0.1095728
     179.6     13.0730723      0.0912665
     179.7     13.4820824      0.0705917
     179.8     13.7780530      0.0480944
     179.9     13.9571748      0.0243599
     180.0     14.0171397      0.0000000
