 # List of d(q) for j, j' =           29          34
 #    0  1.00000000
 #    1  0.88075215
 #    2  0.72538688
 #    3  0.59816067
 #    4  0.50427465
 #    5  0.42941146
 #    6  0.36730026
 #    7  0.31819783
 #    8  0.28159432
 #    9  0.25303907
 #   10  0.22874011
 #   11  0.20834881
 #   12  0.19175439
 #   13  0.17770507
 #   14  0.16506723
 #   15  0.15350960
 #   16  0.14345904
 #   17  0.13497202
 #   18  0.12735201
 #   19  0.12027192
 #   20  0.11403210
 #   21  0.10859865
 #   22  0.10368588
 #   23  0.09913433
 #   24  0.09502304
 #   25  0.09111465
 #   26  0.08757240
 #   27  0.08418501
 #   28  0.08146860
 #   29  0.07871482
 #   30  0.07656567
 #   31  0.07385606
 #   32  0.07180517
 #   33  0.06911487
 #   34  0.06738671
 #   35  0.06506172
 #   36  0.06381899
 #   37  0.06166709
 #   38  0.06087201
 #   39  0.05860394
 #   40  0.05823267
 #   41  0.05586817
 #   42  0.05591342
 #   43  0.05332240
 #   44  0.05419933
 #   45  0.05068679
 #   46  0.05315934
 #   47  0.04846224
 #   48  0.05235437
 #   49  0.04597549
 #   50  0.05090632
 #   51  0.04380625
 #   52  0.05060565
 #   53  0.04157015
 #   54  0.05108193
 #   55  0.03892200
 #   56  0.05357580
 #   57  0.03359146
 #   58  0.06668981
       0.0    513.1115179      0.0000000
       0.1    512.6328941      0.8947127
       0.2    511.1993633      1.7844188
       0.3    508.8179325      2.6641523
       0.4    505.5002295      3.5290287
       0.5    501.2624285      4.3742844
       0.6    496.1251463      5.1953154
       0.7    490.1133093      5.9877147
       0.8    483.2559943      6.7473073
       0.9    475.5862422      7.4701840
       1.0    467.1408472      8.1527319
       1.1    457.9601226      8.7916631
       1.2    448.0876444      9.3840396
       1.3    437.5699762      9.9272960
       1.4    426.4563754     10.4192581
       1.5    414.7984839     10.8581585
       1.6    402.6500057     11.2426480
       1.7    390.0663732     11.5718042
       1.8    377.1044046     11.8451356
       1.9    363.8219553     12.0625818
       2.0    350.2775652     12.2245107
       2.1    336.5301052     12.3317111
       2.2    322.6384244     12.3853822
       2.3    308.6610009     12.3871193
       2.4    294.6555992     12.3388958
       2.5    280.6789357     12.2430432
       2.6    266.7863546     12.1022262
       2.7    253.0315173     11.9194167
       2.8    239.4661067     11.6978642
       2.9    226.1395478     11.4410646
       3.0    213.0987478     11.1527267
       3.1    200.3878559     10.8367374
       3.2    188.0480456     10.4971249
       3.3    176.1173201     10.1380222
       3.4    164.6303410      9.7636285
       3.5    153.6182837      9.3781719
       3.6    143.1087176      8.9858707
       3.7    133.1255136      8.5908967
       3.8    123.6887776      8.1973377
       3.9    114.8148114      7.8091628
       4.0    106.5161004      7.4301876
       4.1     98.8013280      7.0640424
       4.2     91.6754152      6.7141421
       4.3     85.1395867      6.3836578
       4.4     79.1914608      6.0754919
       4.5     73.8251628      5.7922555
       4.6     69.0314607      5.5362489
       4.7     64.7979221      5.3094451
       4.8     61.1090898      5.1134768
       4.9     57.9466761      4.9496268
       5.0     55.2897719      4.8188211
       5.1     53.1150707      4.7216269
       5.2     51.3971050      4.6582522
       5.3     50.1084922      4.6285509
       5.4     49.2201890      4.6320290
       5.5     48.7017521      4.6678561
       5.6     48.5216026      4.7348787
       5.7     48.6472920      4.8316369
       5.8     49.0457689      4.9563838
       5.9     49.6836424      5.1071076
       6.0     50.5274418      5.2815558
       6.1     51.5438702      5.4772615
       6.2     52.7000501      5.6915715
       6.3     53.9637585      5.9216759
       6.4     55.3036518      6.1646390
       6.5     56.6894767      6.4174310
       6.6     58.0922675      6.6769597
       6.7     59.4845272      6.9401036
       6.8     60.8403923      7.2037439
       6.9     62.1357803      7.4647962
       7.0     63.3485178      7.7202423
       7.1     64.4584504      7.9671597
       7.2     65.4475326      8.2027509
       7.3     66.2998985      8.4243707
       7.4     67.0019118      8.6295512
       7.5     67.5421967      8.8160257
       7.6     67.9116484      8.9817495
       7.7     68.1034249      9.1249181
       7.8     68.1129201      9.2439839
       7.9     67.9377182      9.3376688
       8.0     67.5775315      9.4049746
       8.1     67.0341212      9.4451903
       8.2     66.3112040      9.4578963
       8.3     65.4143431      9.4429661
       8.4     64.3508279      9.4005638
       8.5     63.1295411      9.3311403
       8.6     61.7608163      9.2354249
       8.7     60.2562869      9.1144154
       8.8     58.6287277      8.9693649
       8.9     56.8918914      8.8017665
       9.0     55.0603408      8.6133350
       9.1     53.1492791      8.4059873
       9.2     51.1743785      8.1818204
       9.3     49.1516106      7.9430881
       9.4     47.0970783      7.6921756
       9.5     45.0268515      7.4315740
       9.6     42.9568078      7.1638530
       9.7     40.9024801      6.8916335
       9.8     38.8789106      6.6175599
       9.9     36.9005151      6.3442724
      10.0     34.9809551      6.0743791
      10.1     33.1330226      5.8104297
      10.2     31.3685347      5.5548888
      10.3     29.6982413      5.3101113
      10.4     28.1317452      5.0783186
      10.5     26.6774352      4.8615764
      10.6     25.3424329      4.6617748
      10.7     24.1325534      4.4806095
      10.8     23.0522785      4.3195662
      10.9     22.1047450      4.1799065
      11.0     21.2917454      4.0626566
      11.1     20.6137422      3.9685982
      11.2     20.0698942      3.8982629
      11.3     19.6580956      3.8519280
      11.4     19.3750262      3.8296161
      11.5     19.2162123      3.8310965
      11.6     19.1760976      3.8558898
      11.7     19.2481230      3.9032748
      11.8     19.4248146      3.9722979
      11.9     19.6978782      4.0617849
      12.0     20.0583007      4.1703552
      12.1     20.4964551      4.2964375
      12.2     21.0022104      4.4382878
      12.3     21.5650430      4.5940094
      12.4     22.1741506      4.7615735
      12.5     22.8185657      4.9388415
      12.6     23.4872681      5.1235888
      12.7     24.1692965      5.3135281
      12.8     24.8538560      5.5063345
      12.9     25.5304226      5.6996698
      13.0     26.1888423      5.8912077
      13.1     26.8194245      6.0786576
      13.2     27.4130293      6.2597891
      13.3     27.9611470      6.4324545
      13.4     28.4559699      6.5946114
      13.5     28.8904558      6.7443430
      13.6     29.2583823      6.8798778
      13.7     29.5543922      6.9996075
      13.8     29.7740290      7.1021021
      13.9     29.9137628      7.1861247
      14.0     29.9710066      7.2506427
      14.1     29.9441226      7.2948378
      14.2     29.8324190      7.3181127
      14.3     29.6361373      7.3200967
      14.4     29.3564306      7.3006474
      14.5     28.9953329      7.2598516
      14.6     28.5557207      7.1980222
      14.7     28.0412659      7.1156940
      14.8     27.4563827      7.0136165
      14.9     26.8061671      6.8927446
      15.0     26.0963312      6.7542275
      15.1     25.3331324      6.5993952
      15.2     24.5232978      6.4297433
      15.3     23.6739466      6.2469165
      15.4     22.7925085      6.0526901
      15.5     21.8866412      5.8489505
      15.6     20.9641472      5.6376747
      15.7     20.0328898      5.4209089
      15.8     19.1007113      5.2007464
      15.9     18.1753516      4.9793051
      16.0     17.2643699      4.7587053
      16.1     16.3750696      4.5410468
      16.2     15.5144272      4.3283872
      16.3     14.6890253      4.1227204
      16.4     13.9049912      3.9259555
      16.5     13.1679412      3.7398973
      16.6     12.4829307      3.5662281
      16.7     11.8544115      3.4064898
      16.8     11.2861953      3.2620693
      16.9     10.7814248      3.1341838
      17.0     10.3425521      3.0238696
      17.1      9.9713242      2.9319714
      17.2      9.6687764      2.8591350
      17.3      9.4352331      2.8058013
      17.4      9.2703152      2.7722024
      17.5      9.1729554      2.7583609
      17.6      9.1414203      2.7640903
      17.7      9.1733380      2.7889980
      17.8      9.2657334      2.8324912
      17.9      9.4150674      2.8937833
      18.0      9.6172830      2.9719039
      18.1      9.8678547      3.0657099
      18.2     10.1618428      3.1738983
      18.3     10.4939502      3.2950212
      18.4     10.8585836      3.4275015
      18.5     11.2499148      3.5696504
      18.6     11.6619454      3.7196860
      18.7     12.0885707      3.8757528
      18.8     12.5236452      4.0359412
      18.9     12.9610464      4.1983087
      19.0     13.3947378      4.3609001
      19.1     13.8188306      4.5217687
      19.2     14.2276420      4.6789969
      19.3     14.6157515      4.8307162
      19.4     14.9780530      4.9751270
      19.5     15.3098032      5.1105173
      19.6     15.6066656      5.2352805
      19.7     15.8647495      5.3479318
      19.8     16.0806441      5.4471239
      19.9     16.2514467      5.5316601
      20.0     16.3747856      5.6005065
      20.1     16.4488375      5.6528025
      20.2     16.4723379      5.6878686
      20.3     16.4445872      5.7052136
      20.4     16.3654489      5.7045380
      20.5     16.2353438      5.6857372
      20.6     16.0552374      5.6489012
      20.7     15.8266224      5.5943129
      20.8     15.5514953      5.5224443
      20.9     15.2323288      5.4339505
      21.0     14.8720392      5.3296622
      21.1     14.4739501      5.2105758
      21.2     14.0417513      5.0778423
      21.3     13.5794558      4.9327540
      21.4     13.0913532      4.7767308
      21.5     12.5819604      4.6113039
      21.6     12.0559721      4.4380993
      21.7     11.5182083      4.2588202
      21.8     10.9735624      4.0752281
      21.9     10.4269488      3.8891245
      22.0      9.8832506      3.7023308
      22.1      9.3472690      3.5166694
      22.2      8.8236737      3.3339438
      22.3      8.3169553      3.1559199
      22.4      7.8313802      2.9843070
      22.5      7.3709487      2.8207399
      22.6      6.9393559      2.6667620
      22.7      6.5399565      2.5238087
      22.8      6.1757338      2.3931931
      22.9      5.8492724      2.2760920
      23.0      5.5627360      2.1735341
      23.1      5.3178492      2.0863896
      23.2      5.1158850      2.0153615
      23.3      4.9576560      1.9609785
      23.4      4.8435118      1.9235905
      23.5      4.7733401      1.9033649
      23.6      4.7465733      1.9002860
      23.7      4.7621997      1.9141556
      23.8      4.8187790      1.9445956
      23.9      4.9144622      1.9910530
      24.0      5.0470159      2.0528063
      24.1      5.2138494      2.1289735
      24.2      5.4120465      2.2185225
      24.3      5.6383992      2.3202822
      24.4      5.8894450      2.4329558
      24.5      6.1615057      2.5551348
      24.6      6.4507285      2.6853144
      24.7      6.7531282      2.8219099
      24.8      7.0646308      2.9632741
      24.9      7.3811168      3.1077145
      25.0      7.6984651      3.2535120
      25.1      8.0125966      3.3989388
      25.2      8.3195158      3.5422776
      25.3      8.6153528      3.6818387
      25.4      8.8964016      3.8159792
      25.5      9.1591582      3.9431192
      25.6      9.4003547      4.0617593
      25.7      9.6169912      4.1704956
      25.8      9.8063646      4.2680348
      25.9      9.9660939      4.3532076
      26.0     10.0941418      4.4249805
      26.1     10.1888326      4.4824665
      26.2     10.2488658      4.5249342
      26.3     10.2733264      4.5518150
      26.4     10.2616902      4.5627084
      26.5     10.2138251      4.5573864
      26.6     10.1299890      4.5357946
      26.7     10.0108230      4.4980530
      26.8      9.8573404      4.4444534
      26.9      9.6709126      4.3754565
      27.0      9.4532512      4.2916862
      27.1      9.2063862      4.1939223
      27.2      8.9326417      4.0830920
      27.3      8.6346085      3.9602593
      27.4      8.3151141      3.8266137
      27.5      7.9771908      3.6834568
      27.6      7.6240414      3.5321881
      27.7      7.2590042      3.3742903
      27.8      6.8855161      3.2113127
      27.9      6.5070758      3.0448548
      28.0      6.1272062      2.8765491
      28.1      5.7494168      2.7080436
      28.2      5.3771673      2.5409845
      28.3      5.0138312      2.3769982
      28.4      4.6626610      2.2176745
      28.5      4.3267556      2.0645493
      28.6      4.0090282      1.9190892
      28.7      3.7121781      1.7826752
      28.8      3.4386637      1.6565889
      28.9      3.1906787      1.5419988
      29.0      2.9701320      1.4399485
      29.1      2.7786293      1.3513457
      29.2      2.6174596      1.2769530
      29.3      2.4875842      1.2173800
      29.4      2.3896290      1.1730779
      29.5      2.3238819      1.1443342
      29.6      2.2902917      1.1312710
      29.7      2.2884723      1.1338434
      29.8      2.3177094      1.1518412
      29.9      2.3769709      1.1848908
      30.0      2.4649207      1.2324604
      30.1      2.5799353      1.2938652
      30.2      2.7201232      1.3682762
      30.3      2.8833475      1.4547285
      30.4      3.0672502      1.5521322
      30.5      3.2692792      1.6592846
      30.6      3.4867165      1.7748831
      30.7      3.7167084      1.8975392
      30.8      3.9562970      2.0257936
      30.9      4.2024517      2.1581323
      31.0      4.4521020      2.2930020
      31.1      4.7021703      2.4288277
      31.2      4.9496042      2.5640287
      31.3      5.1914085      2.6970359
      31.4      5.4246760      2.8263085
      31.5      5.6466181      2.9503498
      31.6      5.8545923      3.0677238
      31.7      6.0461295      3.1770696
      31.8      6.2189582      3.2771161
      31.9      6.3710271      3.3666949
      32.0      6.5005246      3.4447532
      32.1      6.6058960      3.5103637
      32.2      6.6858580      3.5627351
      32.3      6.7394097      3.6012194
      32.4      6.7658411      3.6253189
      32.5      6.7647380      3.6346911
      32.6      6.7359841      3.6291514
      32.7      6.6797597      3.6086755
      32.8      6.5965378      3.5733987
      32.9      6.4870760      3.5236139
      33.0      6.3524069      3.4597688
      33.1      6.1938247      3.3824598
      33.2      6.0128697      3.2924263
      33.3      5.8113095      3.1905415
      33.4      5.5911192      3.0778034
      33.5      5.3544587      2.9553238
      33.6      5.1036481      2.8243157
      33.7      4.8411424      2.6860809
      33.8      4.5695043      2.5419952
      33.9      4.2913762      2.3934941
      34.0      4.0094518      2.2420570
      34.1      3.7264472      2.0891916
      34.2      3.4450719      1.9364176
      34.3      3.1680004      1.7852507
      34.4      2.8978439      1.6371862
      34.5      2.6371236      1.4936833
      34.6      2.3882442      1.3561495
      34.7      2.1534696      1.2259262
      34.8      1.9349001      1.1042738
      34.9      1.7344511      0.9923590
      35.0      1.5538343      0.8912427
      35.1      1.3945413      0.8018686
      35.2      1.2578290      0.7250533
      35.3      1.1447084      0.6614785
      35.4      1.0559354      0.6116835
      35.5      0.9920047      0.5760601
      35.6      0.9531465      0.5548484
      35.7      0.9393256      0.5481352
      35.8      0.9502442      0.5558527
      35.9      0.9853465      0.5777799
      36.0      1.0438263      0.6135457
      36.1      1.1246375      0.6626323
      36.2      1.2265067      0.7243818
      36.3      1.3479483      0.7980031
      36.4      1.4872815      0.8825809
      36.5      1.6426496      0.9770854
      36.6      1.8120406      1.0803837
      36.7      1.9933098      1.1912521
      36.8      2.1842029      1.3083891
      36.9      2.3823812      1.4304299
      37.0      2.5854462      1.5559604
      37.1      2.7909659      1.6835329
      37.2      2.9965002      1.8116814
      37.3      3.1996274      1.9389371
      37.4      3.3979690      2.0638443
      37.5      3.5892147      2.1849755
      37.6      3.7711468      2.3009470
      37.7      3.9416624      2.4104331
      37.8      4.0987951      2.5121804
      37.9      4.2407351      2.6050208
      38.0      4.3658471      2.6878838
      38.1      4.4726860      2.7598077
      38.2      4.5600119      2.8199497
      38.3      4.6268010      2.8675942
      38.4      4.6722553      2.9021610
      38.5      4.6958097      2.9232103
      38.6      4.6971364      2.9304475
      38.7      4.6761465      2.9237263
      38.8      4.6329902      2.9030493
      38.9      4.5680526      2.8685683
      39.0      4.4819492      2.8205820
      39.1      4.3755172      2.7595328
      39.2      4.2498056      2.6860017
      39.3      4.1060626      2.6007015
      39.4      3.9457213      2.5044697
      39.5      3.7703834      2.3982588
      39.6      3.5818011      2.2831259
      39.7      3.3818576      2.1602218
      39.8      3.1725467      2.0307779
      39.9      2.9559508      1.8960936
      40.0      2.7342184      1.7575217
      40.1      2.5095409      1.6164546
      40.2      2.2841294      1.4743089
      40.3      2.0601911      1.3325106
      40.4      1.8399061      1.1924798
      40.5      1.6254043      1.0556157
      40.6      1.4187435      0.9232817
      40.7      1.2218877      0.7967910
      40.8      1.0366877      0.6773931
      40.9      0.8648612      0.5662599
      41.0      0.7079763      0.4644742
      41.1      0.5674354      0.3730180
      41.2      0.4444615      0.2927621
      41.3      0.3400865      0.2244576
      41.4      0.2551411      0.1687278
      41.5      0.1902475      0.1260618
      41.6      0.1458141      0.0968098
      41.7      0.1220322      0.0811795
      41.8      0.1188756      0.0792345
      41.9      0.1361018      0.0908932
      42.0      0.1732562      0.1159310
      42.1      0.2296777      0.1539820
      42.2      0.3045074      0.2045439
      42.3      0.3966987      0.2669832
      42.4      0.5050289      0.3405422
      42.5      0.6281141      0.4243477
      42.6      0.7644239      0.5174202
      42.7      0.9122990      0.6186844
      42.8      1.0699690      0.7269811
      42.9      1.2355722      0.8410798
      43.0      1.4071753      0.9596913
      43.1      1.5827949      1.0814823
      43.2      1.7604180      1.2050890
      43.3      1.9380238      1.3291323
      43.4      2.1136052      1.4522317
      43.5      2.2851897      1.5730208
      43.6      2.4508599      1.6901609
      43.7      2.6087741      1.8023561
      43.8      2.7571843      1.9083663
      43.9      2.8944549      2.0070203
      44.0      3.0190793      2.0972287
      44.1      3.1296944      2.1779944
      44.2      3.2250951      2.2484237
      44.3      3.3042452      2.3077354
      44.4      3.3662882      2.3552685
      44.5      3.4105548      2.3904894
      44.6      3.4365688      2.4129973
      44.7      3.4440516      2.4225276
      44.8      3.4329234      2.4189553
      44.9      3.4033032      2.4022950
      45.0      3.3555065      2.3727014
      45.1      3.2900403      2.3304666
      45.2      3.2075973      2.2760172
      45.3      3.1090470      2.2099090
      45.4      2.9954260      2.1328213
      45.5      2.8679253      2.0455490
      45.6      2.7278774      1.9489939
      45.7      2.5767414      1.8441551
      45.8      2.4160863      1.7321179
      45.9      2.2475744      1.6140423
      46.0      2.0729426      1.4911501
      46.1      1.8939837      1.3647121
      46.2      1.7125275      1.2360342
      46.3      1.5304205      1.1064437
      46.4      1.3495066      0.9772747
      46.5      1.1716075      0.8498541
      46.6      0.9985036      0.7254874
      46.7      0.8319149      0.6054450
      46.8      0.6734836      0.4909484
      46.9      0.5247566      0.3831575
      47.0      0.3871700      0.2831582
      47.1      0.2620340      0.1919511
      47.2      0.1505201      0.1104411
      47.3      0.0536491      0.0394275
      47.4     -0.0277191     -0.0204039
      47.5     -0.0928932     -0.0684881
      47.6     -0.1413578     -0.1043864
      47.7     -0.1727772     -0.1277914
      47.8     -0.1869986     -0.1385294
      47.9     -0.1840523     -0.1365624
      48.0     -0.1641510     -0.1219880
      48.1     -0.1276862     -0.0950383
      48.2     -0.0752233     -0.0560772
      48.3     -0.0074946     -0.0055958
      48.4      0.0746091      0.0557925
      48.5      0.1700491      0.1273592
      48.6      0.2776501      0.2082684
      48.7      0.3961139      0.2975862
      48.8      0.5240334      0.3942905
      48.9      0.6599082      0.4972826
      49.0      0.8021611      0.6053987
      49.1      0.9491552      0.7174223
      49.2      1.0992116      0.8320977
      49.3      1.2506273      0.9481435
      49.4      1.4016936      1.0642658
      49.5      1.5507145      1.1791725
      49.6      1.6960239      1.2915872
      49.7      1.8360042      1.4002623
      49.8      1.9691025      1.5039927
      49.9      2.0938472      1.6016286
      50.0      2.2088631      1.6920873
      50.1      2.3128856      1.7743653
      50.2      2.4047738      1.8475481
      50.3      2.4835219      1.9108206
      50.4      2.5482691      1.9634751
      50.5      2.5983085      2.0049187
      50.6      2.6330939      2.0346801
      50.7      2.6522444      2.0524134
      50.8      2.6555482      2.0579024
      50.9      2.6429638      2.0510625
      51.0      2.6146199      2.0319413
      51.1      2.5708131      2.0007177
      51.2      2.5120042      1.9577003
      51.3      2.4388124      1.9033234
      51.4      2.3520080      1.8381424
      51.5      2.2525036      1.7628277
      51.6      2.1413439      1.6781572
      51.7      2.0196940      1.5850081
      51.8      1.8888262      1.4843471
      51.9      1.7501064      1.3772200
      52.0      1.6049788      1.2647405
      52.1      1.4549505      1.1480783
      52.2      1.3015751      1.0284461
      52.3      1.1464361      0.9070872
      52.4      0.9911295      0.7852617
      52.5      0.8372475      0.6642331
      52.6      0.6863608      0.5452550
      52.7      0.5400026      0.4295577
      52.8      0.3996520      0.3183348
      52.9      0.2667191      0.2127309
      53.0      0.1425294      0.1138290
      53.1      0.0283109      0.0226398
      53.2     -0.0748191     -0.0599100
      53.3     -0.1658652     -0.1329867
      53.4     -0.2439639     -0.1958585
      53.5     -0.3083927     -0.2479036
      53.6     -0.3585765     -0.2886160
      53.7     -0.3940940     -0.3176115
      53.8     -0.4146807     -0.3346309
      53.9     -0.4202317     -0.3395430
      54.0     -0.4108019     -0.3323457
      54.1     -0.3866048     -0.3131660
      54.2     -0.3480099     -0.2822583
      54.3     -0.2955377     -0.2400013
      54.4     -0.2298540     -0.1868944
      54.5     -0.1517618     -0.1235516
      54.6     -0.0621927     -0.0506950
      54.7      0.0378037      0.0308530
      54.8      0.1470714      0.1201786
      54.9      0.2643608      0.2162867
      55.0      0.3883421      0.3181112
      55.1      0.5176201      0.4245271
      55.2      0.6507487      0.5343618
      55.3      0.7862473      0.6464085
      55.4      0.9226158      0.7594386
      55.5      1.0583510      0.8722148
      55.6      1.1919629      0.9835047
      55.7      1.3219899      1.0920936
      55.8      1.4470145      1.1967976
      55.9      1.5656783      1.2964761
      56.0      1.6766961      1.3900440
      56.1      1.7788692      1.4764833
      56.2      1.8710979      1.5548533
      56.3      1.9523931      1.6243015
      56.4      2.0218856      1.6840715
      56.5      2.0788360      1.7335119
      56.6      2.1226411      1.7720824
      56.7      2.1528404      1.7993598
      56.8      2.1691200      1.8150422
      56.9      2.1713161      1.8189521
      57.0      2.1594154      1.8110382
      57.1      2.1335553      1.7913754
      57.2      2.0940214      1.7601645
      57.3      2.0412444      1.7177292
      57.4      1.9757946      1.6645129
      57.5      1.8983756      1.6010737
      57.6      1.8098160      1.5280782
      57.7      1.7110607      1.4462943
      57.8      1.6031598      1.3565829
      57.9      1.4872575      1.2598884
      58.0      1.3645794      1.1572290
      58.1      1.2364192      1.0496849
      58.2      1.1041248      0.9383876
      58.3      0.9690834      0.8245069
      58.4      0.8327071      0.7092391
      58.5      0.6964176      0.5937936
      58.6      0.5616308      0.4793804
      58.7      0.4297419      0.3671968
      58.8      0.3021110      0.2584149
      58.9      0.1800479      0.1541691
      59.0      0.0647991      0.0555437
      59.1     -0.0424655     -0.0364381
      59.2     -0.1406650     -0.1208256
      59.3     -0.2288186     -0.1967502
      59.4     -0.3060555     -0.2634348
      59.5     -0.3716242     -0.3202023
      59.6     -0.4248998     -0.3664819
      59.7     -0.4653904     -0.4018160
      59.8     -0.4927417     -0.4258643
      59.9     -0.5067409     -0.4384076
      60.0     -0.5073177     -0.4393500
      60.1     -0.4945454     -0.4287198
      60.2     -0.4686389     -0.4066687
      60.3     -0.4299528     -0.3734705
      60.4     -0.3789764     -0.3295180
      60.5     -0.3163286     -0.2753184
      60.6     -0.2427509     -0.2114879
      60.7     -0.1590987     -0.1387451
      60.8     -0.0663325     -0.0579031
      60.9      0.0344934      0.0301394
      61.0      0.1422417      0.1244074
      61.1      0.2557049      0.2238606
      61.2      0.3736180      0.3274040
      61.3      0.4946727      0.4339002
      61.4      0.6175306      0.5421814
      61.5      0.7408386      0.6510616
      61.6      0.8632422      0.7593498
      61.7      0.9834010      0.8658623
      61.8      1.1000019      0.9694355
      61.9      1.2117740      1.0689384
      62.0      1.3175011      1.1632844
      62.1      1.4160350      1.2514431
      62.2      1.5063077      1.3324511
      62.3      1.5873418      1.4054223
      62.4      1.6582615      1.4695573
      62.5      1.7183010      1.5241516
      62.6      1.7668126      1.5686034
      62.7      1.8032735      1.6024199
      62.8      1.8272904      1.6252220
      62.9      1.8386040      1.6367489
      63.0      1.8370911      1.6368601
      63.1      1.8227653      1.6255376
      63.2      1.7957771      1.6028852
      63.3      1.7564114      1.5691277
      63.4      1.7050842      1.5246083
      63.5      1.6423382      1.4697849
      63.6      1.5688362      1.4052251
      63.7      1.4853542      1.3315999
      63.8      1.3927726      1.2496768
      63.9      1.2920664      1.1603112
      64.0      1.1842951      1.0644374
      64.1      1.0705908      0.9630583
      64.2      0.9521462      0.8572351
      64.3      0.8302017      0.7480757
      64.4      0.7060321      0.6367227
      64.5      0.5809329      0.5243415
      64.6      0.4562067      0.4121076
      64.7      0.3331491      0.3011943
      64.8      0.2130353      0.1927601
      64.9      0.0971060      0.0879362
      65.0     -0.0134449     -0.0121852
      65.1     -0.1174835     -0.1065627
      65.2     -0.2139476     -0.1942168
      65.3     -0.3018575     -0.2742400
      65.4     -0.3803268     -0.3458068
      65.5     -0.4485709     -0.4081821
      65.6     -0.5059157     -0.4607291
      65.7     -0.5518039     -0.5029159
      65.8     -0.5858014     -0.5343212
      65.9     -0.6076006     -0.5546386
      66.0     -0.6170243     -0.5636798
      66.1     -0.6140267     -0.5613764
      66.2     -0.5986938     -0.5477807
      66.3     -0.5712420     -0.5230650
      66.4     -0.5320158     -0.4875195
      66.5     -0.4814834     -0.4415492
      66.6     -0.4202319     -0.3856698
      66.7     -0.3489604     -0.3205014
      66.8     -0.2684725     -0.2467625
      66.9     -0.1796676     -0.1652621
      67.0     -0.0835309     -0.0768906
      67.1      0.0188770      0.0173892
      67.2      0.1264316      0.1165526
      67.3      0.2379568      0.2195242
      67.4      0.3522372      0.3251889
      67.5      0.4680312      0.4324044
      67.6      0.5840842      0.5400128
      67.7      0.6991422      0.6468532
      67.8      0.8119646      0.7517741
      67.9      0.9213376      0.8536457
      68.0      1.0260872      0.9513715
      68.1      1.1250912      1.0439004
      68.2      1.2172912      1.1302376
      68.3      1.3017035      1.2094552
      68.4      1.3774298      1.2807018
      68.5      1.4436657      1.3432120
      68.6      1.4997100      1.3963137
      68.7      1.5449711      1.4394360
      68.8      1.5789734      1.4721144
      68.9      1.6013620      1.4939963
      69.0      1.6119063      1.5048442
      69.1      1.6105019      1.5045381
      69.2      1.5971717      1.4930771
      69.3      1.5720651      1.4705790
      69.4      1.5354564      1.4372786
      69.5      1.4877412      1.3935258
      69.6      1.4294326      1.3397814
      69.7      1.3611546      1.2766118
      69.8      1.2836361      1.2046835
      69.9      1.1977024      1.1247554
      70.0      1.1042663      1.0376709
      70.1      1.0043183      0.9443486
      70.2      0.8989161      0.8457728
      70.3      0.7891727      0.7429829
      70.4      0.6762452      0.6370618
      70.5      0.5613217      0.5291251
      70.6      0.4456091      0.4203086
      70.7      0.3303201      0.3117564
      70.8      0.2166604      0.2046089
      70.9      0.1058157      0.0999904
      71.0     -0.0010604     -0.0010026
      71.1     -0.1028591     -0.0973135
      71.2     -0.1985277     -0.1879361
      71.3     -0.2870807     -0.2719258
      71.4     -0.3676103     -0.3484095
      71.5     -0.4392956     -0.4165944
      71.6     -0.5014112     -0.4757771
      71.7     -0.5533350     -0.5253503
      71.8     -0.5945539     -0.5648096
      71.9     -0.6246698     -0.5937585
      72.0     -0.6434030     -0.6119126
      72.1     -0.6505953     -0.6191028
      72.2     -0.6462109     -0.6152764
      72.3     -0.6303373     -0.6004981
      72.4     -0.6031834     -0.5749488
      72.5     -0.5650773     -0.5389238
      72.6     -0.5164628     -0.4928296
      72.7     -0.4578940     -0.4371792
      72.8     -0.3900295     -0.3725867
      72.9     -0.3136251     -0.2997607
      73.0     -0.2295257     -0.2194965
      73.1     -0.1386560     -0.1326680
      73.2     -0.0420105     -0.0402175
      73.3      0.0593569      0.0568534
      73.4      0.1643447      0.1574953
      73.5      0.2718151      0.2606217
      73.6      0.3806064      0.3651210
      73.7      0.4895452      0.4698681
      73.8      0.5974592      0.5737363
      73.9      0.7031892      0.6756095
      74.0      0.8056016      0.7743940
      74.1      0.9036006      0.8690300
      74.2      0.9961392      0.9585031
      74.3      1.0822307      1.0418546
      74.4      1.1609589      1.1181921
      74.5      1.2314874      1.1866987
      74.6      1.2930688      1.2466416
      74.7      1.3450520      1.2973799
      74.8      1.3868895      1.3383712
      74.9      1.4181421      1.3691774
      75.0      1.4384843      1.3894691
      75.1      1.4477069      1.3990293
      75.2      1.4457191      1.3977551
      75.3      1.4325497      1.3856591
      75.4      1.4083457      1.3628691
      75.5      1.3733714      1.3296262
      75.6      1.3280045      1.2862828
      75.7      1.2727329      1.2332982
      75.8      1.2081481      1.1712336
      75.9      1.1349399      1.1007465
      76.0      1.0538881      1.0225831
      76.1      0.9658541      0.9375705
      76.2      0.8717720      0.8466077
      76.3      0.7726384      0.7506562
      76.4      0.6695016      0.6507294
      76.5      0.5634501      0.5478819
      76.6      0.4556016      0.4431982
      76.7      0.3470906      0.3377813
      76.8      0.2390566      0.2327405
      76.9      0.1326317      0.1291801
      77.0      0.0289289      0.0281874
      77.1     -0.0709701     -0.0691789
      77.2     -0.1660257     -0.1618998
      77.3     -0.2552520     -0.2490071
      77.4     -0.3377267     -0.3295932
      77.5     -0.4126012     -0.4028209
      77.6     -0.4791091     -0.4679326
      77.7     -0.5365744     -0.5242576
      77.8     -0.5844183     -0.5712197
      77.9     -0.6221656     -0.6083431
      78.0     -0.6494491     -0.6352571
      78.1     -0.6660137     -0.6517004
      78.2     -0.6717184     -0.6575233
      78.3     -0.6665383     -0.6526896
      78.4     -0.6505641     -0.6372765
      78.5     -0.6240009     -0.6114739
      78.6     -0.5871664     -0.5755823
      78.7     -0.5404866     -0.5300091
      78.8     -0.4844919     -0.4752648
      78.9     -0.4198103     -0.4119568
      79.0     -0.3471616     -0.3407832
      79.1     -0.2673486     -0.2625253
      79.2     -0.1812493     -0.1780389
      79.3     -0.0898069     -0.0882455
      79.4      0.0059801      0.0058780
      79.5      0.1050687      0.1033094
      79.6      0.2063827      0.2029921
      79.7      0.3088237      0.3038471
      79.8      0.4112834      0.4047834
      79.9      0.5126550      0.5047105
      80.0      0.6118451      0.6025498
      80.1      0.7077852      0.6972458
      80.2      0.7994433      0.7877778
      80.3      0.8858344      0.8731701
      80.4      0.9660312      0.9525030
      80.5      1.0391738      1.0249221
      80.6      1.1044785      1.0896477
      80.7      1.1612464      1.1459826
      80.8      1.2088704      1.1933198
      80.9      1.2468416      1.2311486
      81.0      1.2747547      1.2590603
      81.1      1.2923117      1.2767521
      81.2      1.2993255      1.2840303
      81.3      1.2957212      1.2808125
      81.4      1.2815372      1.2671281
      81.5      1.2569241      1.2431178
      81.6      1.2221432      1.2090325
      81.7      1.1775638      1.1652298
      81.8      1.1236586      1.1121705
      81.9      1.0609987      1.0504139
      82.0      0.9902478      0.9806108
      82.1      0.9121543      0.9034975
      82.2      0.8275438      0.8198872
      82.3      0.7373097      0.7306615
      82.4      0.6424041      0.6367609
      82.5      0.5438272      0.5391747
      82.6      0.4426169      0.4389305
      82.7      0.3398375      0.3370829
      82.8      0.2365683      0.2347029
      82.9      0.1338922      0.1328655
      83.0      0.0328842      0.0326391
      83.1     -0.0654000     -0.0649264
      83.2     -0.1599355     -0.1588104
      83.3     -0.2497384     -0.2480329
      83.4     -0.3338772     -0.3316645
      83.5     -0.4114817     -0.4088366
      83.6     -0.4817526     -0.4787503
      83.7     -0.5439701     -0.5406850
      83.8     -0.5975009     -0.5940061
      83.9     -0.6418054     -0.6381715
      84.0     -0.6764431     -0.6727374
      84.1     -0.7010768     -0.6973631
      84.2     -0.7154767     -0.7118140
      84.3     -0.7195224     -0.7159648
      84.4     -0.7132038     -0.7097999
      84.5     -0.6966214     -0.6934143
      84.6     -0.6699850     -0.6670116
      84.7     -0.6336114     -0.6309025
      84.8     -0.5879206     -0.5855010
      84.9     -0.5334317     -0.5313199
      85.0     -0.4707566     -0.4689653
      85.1     -0.4005941     -0.3991301
      85.2     -0.3237217     -0.3225864
      85.3     -0.2409878     -0.2401774
      85.4     -0.1533019     -0.1528081
      85.5     -0.0616256     -0.0614356
      85.6      0.0330382      0.0329409
      85.7      0.1296559      0.1292910
      85.8      0.2271743      0.2265642
      85.9      0.3245315      0.3237010
      86.0      0.4206689      0.4196442
      86.1      0.5145417      0.5133502
      86.2      0.6051307      0.6038003
      86.3      0.6914525      0.6900113
      86.4      0.7725706      0.7710461
      86.5      0.8476046      0.8460237
      86.6      0.9157402      0.9141284
      86.7      0.9762375      0.9746187
      86.8      1.0284385      1.0268349
      86.9      1.0717748      1.0702065
      87.0      1.1057729      1.1042575
      87.1      1.1300593      1.1286121
      87.2      1.1443646      1.1429984
      87.3      1.1485261      1.1472511
      87.4      1.1424895      1.1413134
      87.5      1.1263094      1.1252374
      87.6      1.1001483      1.0991833
      87.7      1.0642755      1.0634181
      87.8      1.0190634      1.0183122
      87.9      0.9649838      0.9643357
      88.0      0.9026028      0.9020529
      88.1      0.8325746      0.8321168
      88.2      0.7556345      0.7552616
      88.3      0.6725910      0.6722950
      88.4      0.5843172      0.5840893
      88.5      0.4917412      0.4915727
      88.6      0.3958366      0.3957184
      88.7      0.2976116      0.2975350
      88.8      0.1980989      0.1980554
      88.9      0.0983438      0.0983257
      89.0     -0.0006060     -0.0006060
      89.1     -0.0977125     -0.0977004
      89.2     -0.1919574     -0.1919387
      89.3     -0.2823540     -0.2823329
      89.4     -0.3679568     -0.3679366
      89.5     -0.4478720     -0.4478549
      89.6     -0.5212669     -0.5212542
      89.7     -0.5873788     -0.5873707
      89.8     -0.6455228     -0.6455189
      89.9     -0.6950994     -0.6950983
      90.0     -0.7356004     -0.7356004
      90.1     -0.7666148     -0.7666137
      90.2     -0.7878326     -0.7878278
      90.3     -0.7990483     -0.7990373
      90.4     -0.8001629     -0.8001434
      90.5     -0.7911851     -0.7911549
      90.6     -0.7722308     -0.7721885
      90.7     -0.7435223     -0.7434668
      90.8     -0.7053853     -0.7053166
      90.9     -0.6582458     -0.6581646
      91.0     -0.6026252     -0.6025334
      91.1     -0.5391350     -0.5390356
      91.2     -0.4684701     -0.4683673
      91.3     -0.3914012     -0.3913004
      91.4     -0.3087668     -0.3086747
      91.5     -0.2214643     -0.2213884
      91.6     -0.1304400     -0.1303891
      91.7     -0.0366793     -0.0366632
      91.8      0.0588036      0.0587746
      91.9      0.1549771      0.1548919
      92.0      0.2508025      0.2506498
      92.1      0.3452458      0.3450139
      92.2      0.4372878      0.4369655
      92.3      0.5259359      0.5255122
      92.4      0.6102341      0.6096988
      92.5      0.6892730      0.6886170
      92.6      0.7622001      0.7614155
      92.7      0.8282282      0.8273087
      92.8      0.8866441      0.8855856
      92.9      0.9368163      0.9356165
      93.0      0.9782011      0.9768605
      93.1      1.0103490      1.0088705
      93.2      1.0329092      1.0312987
      93.3      1.0456332      1.0438993
      93.4      1.0483774      1.0465321
      93.5      1.0411049      1.0391630
      93.6      1.0238856      1.0218652
      93.7      0.9968953      0.9948174
      93.8      0.9604142      0.9583027
      93.9      0.9148234      0.9127050
      94.0      0.8606015      0.8585051
      94.1      0.7983186      0.7962755
      94.2      0.7286308      0.7266741
      94.3      0.6522733      0.6504372
      94.4      0.5700520      0.5683719
      94.5      0.4828353      0.4813469
      94.6      0.3915450      0.3902838
      94.7      0.2971460      0.2961469
      94.8      0.2006364      0.1999328
      94.9      0.1030367      0.1026601
      95.0      0.0053790      0.0053585
      95.1     -0.0913040     -0.0909426
      95.2     -0.1859900     -0.1852245
      95.3     -0.2776778     -0.2764906
      95.4     -0.3653982     -0.3637766
      95.5     -0.4482244     -0.4461609
      95.6     -0.5252813     -0.5227744
      95.7     -0.5957555     -0.5928098
      95.8     -0.6589033     -0.6555302
      95.9     -0.7140592     -0.7102767
      96.0     -0.7606424     -0.7564755
      96.1     -0.7981635     -0.7936443
      96.2     -0.8262294     -0.8213968
      96.3     -0.8445474     -0.8394471
      96.4     -0.8529285     -0.8476130
      96.5     -0.8512894     -0.8458172
      96.6     -0.8396533     -0.8340887
      96.7     -0.8181496     -0.8125621
      96.8     -0.7870126     -0.7814763
      96.9     -0.7465791     -0.7411719
      97.0     -0.6972847     -0.6920872
      97.1     -0.6396590     -0.6347541
      97.2     -0.5743205     -0.5697918
      97.3     -0.5019695     -0.4979007
      97.4     -0.4233807     -0.4198544
      97.5     -0.3393953     -0.3364918
      97.6     -0.2509120     -0.2487079
      97.7     -0.1588770     -0.1574445
      97.8     -0.0642746     -0.0636799
      97.9      0.0318838      0.0315812
      98.0      0.1285702      0.1273189
      98.1      0.2247507      0.2225085
      98.2      0.3193971      0.3161317
      98.3      0.4114972      0.4071871
      98.4      0.5000659      0.4947014
      98.5      0.5841555      0.5777391
      98.6      0.6628660      0.6554130
      98.7      0.7353543      0.7268932
      98.8      0.8008435      0.7914163
      98.9      0.8586311      0.8482930
      99.0      0.9080961      0.8969160
      99.1      0.9487063      0.9367657
      99.2      0.9800233      0.9674165
      99.3      1.0017074      0.9885406
      99.4      1.0135214      0.9999120
      99.5      1.0153329      1.0014082
      99.6      1.0071158      0.9930122
      99.7      0.9889506      0.9748121
      99.8      0.9610236      0.9470002
      99.9      0.9236247      0.9098713
     100.0      0.8771448      0.8638190
     100.1      0.8220710      0.8093315
     100.2      0.7589822      0.7469869
     100.3      0.6885424      0.6774465
     100.4      0.6114938      0.6014478
     100.5      0.5286491      0.5197968
     100.6      0.4408827      0.4333592
     100.7      0.3491216      0.3430513
     100.8      0.2543352      0.2498302
     100.9      0.1575255      0.1546836
     101.0      0.0597162      0.0586191
     101.1     -0.0380582     -0.0373462
     101.2     -0.1347633     -0.1321967
     101.3     -0.2293757     -0.2249292
     101.4     -0.3208943     -0.3145634
     101.5     -0.4083501     -0.4001523
     101.6     -0.4908173     -0.4807925
     101.7     -0.5674229     -0.5556335
     101.8     -0.6373558     -0.6238868
     101.9     -0.6998755     -0.6848345
     102.0     -0.7543202     -0.7378364
     102.1     -0.8001134     -0.7823374
     102.2     -0.8367706     -0.8178729
     102.3     -0.8639040     -0.8440736
     102.4     -0.8812271     -0.8606700
     102.5     -0.8885570     -0.8674947
     102.6     -0.8858175     -0.8644841
     102.7     -0.8730387     -0.8516794
     102.8     -0.8503578     -0.8292258
     102.9     -0.8180169     -0.7973711
     103.0     -0.7763609     -0.7564629
     103.1     -0.7258338     -0.7069447
     103.2     -0.6669738     -0.6493516
     103.3     -0.6004077     -0.5843041
     103.4     -0.5268446     -0.5125018
     103.5     -0.4470680     -0.4347155
     103.6     -0.3619277     -0.3517796
     103.7     -0.2723306     -0.2645825
     103.8     -0.1792314     -0.1740577
     103.9     -0.0836223     -0.0811735
     104.0      0.0134775      0.0130772
     104.1      0.1110326      0.1076874
     104.2      0.2080023      0.2016468
     104.3      0.3033518      0.2939527
     104.4      0.3960632      0.3836202
     104.5      0.4851461      0.4696931
     104.6      0.5696483      0.5512538
     104.7      0.6486657      0.6274334
     104.8      0.7213524      0.6974204
     104.9      0.7869291      0.7604695
     105.0      0.8446919      0.8159097
     105.1      0.8940193      0.8631512
     105.2      0.9343795      0.9016916
     105.3      0.9653353      0.9311213
     105.4      0.9865495      0.9511279
     105.5      0.9977881      0.9614990
     105.6      0.9989229      0.9621252
     105.7      0.9899330      0.9530003
     105.8      0.9709048      0.9342221
     105.9      0.9420318      0.9059909
     106.0      0.9036118      0.8686074
     106.1      0.8560441      0.8224694
     106.2      0.7998257      0.7680675
     106.3      0.7355453      0.7059802
     106.4      0.6638777      0.6368672
     106.5      0.5855767      0.5614625
     106.6      0.5014667      0.4805668
     106.7      0.4124342      0.3950388
     106.8      0.3194187      0.3057857
     106.9      0.2234022      0.2137543
     107.0      0.1253995      0.1199201
     107.1      0.0264467      0.0252776
     107.2     -0.0724092     -0.0691710
     107.3     -0.1701218     -0.1624256
     107.4     -0.2656559     -0.2534996
     107.5     -0.3579992     -0.3414299
     107.6     -0.4461725     -0.4252874
     107.7     -0.5292401     -0.5041867
     107.8     -0.6063203     -0.5772954
     107.9     -0.6765941     -0.6438432
     108.0     -0.7393144     -0.7031298
     108.1     -0.7938139     -0.7545326
     108.2     -0.8395119     -0.7975128
     108.3     -0.8759209     -0.8316216
     108.4     -0.9026517     -0.8565046
     108.5     -0.9194176     -0.8719055
     108.6     -0.9260374     -0.8776690
     108.7     -0.9224374     -0.8737422
     108.8     -0.9086526     -0.8601753
     108.9     -0.8848258     -0.8371207
     109.0     -0.8512066     -0.8048317
     109.1     -0.8081488     -0.7636593
     109.2     -0.7561063     -0.7140489
     109.3     -0.6956289     -0.6565352
     109.4     -0.6273562     -0.5917366
     109.5     -0.5520110     -0.5203485
     109.6     -0.4703915     -0.4431358
     109.7     -0.3833632     -0.3609251
     109.8     -0.2918494     -0.2745955
     109.9     -0.1968217     -0.1850691
     110.0     -0.0992896     -0.0933017
     110.1     -0.0002900     -0.0002724
     110.2      0.0991241      0.0930273
     110.3      0.1978945      0.1856030
     110.4      0.2949692      0.2764693
     110.5      0.3893133      0.3646589
     110.6      0.4799204      0.4492341
     110.7      0.5658230      0.5292958
     110.8      0.6461029      0.6039935
     110.9      0.7199007      0.6725345
     111.0      0.7864256      0.7341916
     111.1      0.8449633      0.7883115
     111.2      0.8948837      0.8343214
     111.3      0.9356480      0.8717350
     111.4      0.9668139      0.9001577
     111.5      0.9880410      0.9192907
     111.6      0.9990942      0.9289343
     111.7      0.9998460      0.9289895
     111.8      0.9902786      0.9194597
     111.9      0.9704836      0.9004498
     112.0      0.9406612      0.8721659
     112.1      0.9011186      0.8349121
     112.2      0.8522662      0.7890882
     112.3      0.7946138      0.7351844
     112.4      0.7287652      0.6737770
     112.5      0.6554117      0.6055214
     112.6      0.5753248      0.5311457
     112.7      0.4893484      0.4514425
     112.8      0.3983896      0.3672607
     112.9      0.3034094      0.2794963
     113.0      0.2054123      0.1890830
     113.1      0.1054356      0.0969819
     113.2      0.0045389      0.0041719
     113.3     -0.0962076     -0.0883615
     113.4     -0.1957342     -0.1796360
     113.5     -0.2929833     -0.2686833
     113.6     -0.3869203     -0.3545593
     113.7     -0.4765448     -0.4363542
     113.8     -0.5609012     -0.5132020
     113.9     -0.6390891     -0.5842897
     114.0     -0.7102724     -0.6488662
     114.1     -0.7736889     -0.7062497
     114.2     -0.8286578     -0.7558355
     114.3     -0.8745875     -0.7971019
     114.4     -0.9109818     -0.8296162
     114.5     -0.9374451     -0.8530387
     114.6     -0.9536870     -0.8671266
     114.7     -0.9595253     -0.8717365
     114.8     -0.9548880     -0.8668258
     114.9     -0.9398145     -0.8524531
     115.0     -0.9144547     -0.8287774
     115.1     -0.8790682     -0.7960568
     115.2     -0.8340213     -0.7546450
     115.3     -0.7797831     -0.7049883
     115.4     -0.7169210     -0.6476200
     115.5     -0.6460944     -0.5831553
     115.6     -0.5680482     -0.5122843
     115.7     -0.4836047     -0.4357651
     115.8     -0.3936550     -0.3544149
     115.9     -0.2991496     -0.2691024
     116.0     -0.2010888     -0.1807374
     116.1     -0.1005113     -0.0902619
     116.2      0.0015160      0.0013603
     116.3      0.1039097      0.0931536
     116.4      0.2055811      0.1841414
     116.5      0.3054481      0.2733560
     116.6      0.4024464      0.3598492
     116.7      0.4955409      0.4427021
     116.8      0.5837368      0.5210352
     116.9      0.6660900      0.5940174
     117.0      0.7417174      0.6608750
     117.1      0.8098062      0.7208999
     117.2      0.8696228      0.7734568
     117.3      0.9205204      0.8179903
     117.4      0.9619460      0.8540304
     117.5      0.9934467      0.8811980
     117.6      1.0146743      0.8992080
     117.7      1.0253893      0.9078731
     117.8      1.0254634      0.9071054
     117.9      1.0148812      0.8969171
     118.0      0.9937403      0.8774206
     118.1      0.9622507      0.8488272
     118.2      0.9207324      0.8114447
     118.3      0.8696123      0.7656739
     118.4      0.8094197      0.7120049
     118.5      0.7407811      0.6510111
     118.6      0.6644133      0.5833435
     118.7      0.5811161      0.5097237
     118.8      0.4917639      0.4309360
     118.9      0.3972966      0.3478191
     119.0      0.2987096      0.2612573
     119.1      0.1970434      0.1721711
     119.2      0.0933724      0.0815069
     119.3     -0.0112060     -0.0097724
     119.4     -0.1155836     -0.1006981
     119.5     -0.2186527     -0.1903057
     119.6     -0.3193180     -0.2776454
     119.7     -0.4165082     -0.3617921
     119.8     -0.5091874     -0.4418553
     119.9     -0.5963664     -0.5169881
     120.0     -0.6771127     -0.5863968
     120.1     -0.7505610     -0.6493489
     120.2     -0.8159223     -0.7051811
     120.3     -0.8724922     -0.7533059
     120.4     -0.9196589     -0.7932184
     120.5     -0.9569093     -0.8245010
     120.6     -0.9838350     -0.8468281
     120.7     -1.0001366     -0.8599697
     120.8     -1.0056270     -0.8637933
     120.9     -1.0002338     -0.8582656
     121.0     -0.9839999     -0.8434526
     121.1     -0.9570834     -0.8195190
     121.2     -0.9197559     -0.7867264
     121.3     -0.8724003     -0.7454301
     121.4     -0.8155061     -0.6960759
     121.5     -0.7496651     -0.6391946
     121.6     -0.6755649     -0.5753968
     121.7     -0.5939818     -0.5053663
     121.8     -0.5057726     -0.4298524
     121.9     -0.4118659     -0.3496625
     122.0     -0.3132521     -0.2656529
     122.1     -0.2109732     -0.1787200
     122.2     -0.1061116     -0.0897909
     122.3      0.0002212      0.0001870
     122.4      0.1068965      0.0902557
     122.5      0.2127799      0.1794568
     122.6      0.3167440      0.2668418
     122.7      0.4176799      0.3514821
     122.8      0.5145090      0.4324791
     122.9      0.6061948      0.5089732
     123.0      0.6917536      0.5801534
     123.1      0.7702655      0.6452658
     123.2      0.8408837      0.7036215
     123.3      0.9028440      0.7546036
     123.4      0.9554728      0.7976744
     123.5      0.9981948      0.8323805
     123.6      1.0305386      0.8583575
     123.7      1.0521427      0.8753344
     123.8      1.0627586      0.8831359
     123.9      1.0622544      0.8816842
     124.0      1.0506161      0.8710002
     124.1      1.0279477      0.8512027
     124.2      0.9944709      0.8225075
     124.3      0.9505221      0.7852247
     124.4      0.8965499      0.7397555
     124.5      0.8331100      0.6865878
     124.6      0.7608595      0.6262912
     124.7      0.6805503      0.5595104
     124.8      0.5930212      0.4869589
     124.9      0.4991891      0.4094109
     125.0      0.4000394      0.3276931
     125.1      0.2966157      0.2426760
     125.2      0.1900088      0.1552647
     125.3      0.0813453      0.0663890
     125.4     -0.0282244     -0.0230065
     125.5     -0.1375384     -0.1119722
     125.6     -0.2454354     -0.1995637
     125.7     -0.3507670     -0.2848521
     125.8     -0.4524103     -0.3669336
     125.9     -0.5492792     -0.4449390
     126.0     -0.6403368     -0.5180433
     126.1     -0.7246058     -0.5854742
     126.2     -0.8011795     -0.6465201
     126.3     -0.8692313     -0.7005381
     126.4     -0.9280236     -0.7469605
     126.5     -0.9769160     -0.7853006
     126.6     -1.0153720     -0.8151584
     126.7     -1.0429652     -0.8362241
     126.8     -1.0593840     -0.8482820
     126.9     -1.0644347     -0.8512121
     127.0     -1.0580444     -0.8449919
     127.1     -1.0402617     -0.8296960
     127.2     -1.0112564     -0.8054960
     127.3     -0.9713179     -0.7726576
     127.4     -0.9208525     -0.7315387
     127.5     -0.8603793     -0.6825848
     127.6     -0.7905249     -0.6263247
     127.7     -0.7120167     -0.5633644
     127.8     -0.6256759     -0.4943809
     127.9     -0.5324084     -0.4201150
     128.0     -0.4331957     -0.3413629
     128.1     -0.3290846     -0.2589682
     128.2     -0.2211760     -0.1738127
     128.3     -0.1106137     -0.0868070
     128.4      0.0014283      0.0011194
     128.5      0.1137575      0.0890276
     128.6      0.2251760      0.1759797
     128.7      0.3344931      0.2610486
     128.8      0.4405378      0.3433279
     128.9      0.5421718      0.4219415
     129.0      0.6383008      0.4960529
     129.1      0.7278873      0.5648744
     129.2      0.8099609      0.6276747
     129.3      0.8836290      0.6837877
     129.4      0.9480868      0.7326185
     129.5      1.0026255      0.7736505
     129.6      1.0466405      0.8064504
     129.7      1.0796380      0.8306730
     129.8      1.1012401      0.8460646
     129.9      1.1111897      0.8524660
     130.0      1.1093530      0.8498137
     130.1      1.0957216      0.8381409
     130.2      1.0704126      0.8175769
     130.3      1.0336677      0.7883456
     130.4      0.9858510      0.7507633
     130.5      0.9274456      0.7052352
     130.6      0.8590483      0.6522507
     130.7      0.7813638      0.5923788
     130.8      0.6951977      0.5262613
     130.9      0.6014478      0.4546064
     131.0      0.5010948      0.3781810
     131.1      0.3951923      0.2978025
     131.2      0.2848558      0.2143297
     131.3      0.1712506      0.1286545
     131.4      0.0555802      0.0416913
     131.5     -0.0609272     -0.0456318
     131.6     -0.1770310     -0.1323834
     131.7     -0.2914917     -0.2176389
     131.8     -0.4030842     -0.3004896
     131.9     -0.5106104     -0.3800532
     132.0     -0.6129124     -0.4554827
     132.1     -0.7088851     -0.5259756
     132.2     -0.7974873     -0.5907823
     132.3     -0.8777539     -0.6492140
     132.4     -0.9488056     -0.7006505
     132.5     -1.0098590     -0.7445461
     132.6     -1.0602349     -0.7804358
     132.7     -1.0993660     -0.8079401
     132.8     -1.1268030     -0.8267690
     132.9     -1.1422200     -0.8367251
     133.0     -1.1454180     -0.8377057
     133.1     -1.1363278     -0.8297037
     133.2     -1.1150105     -0.8128076
     133.3     -1.0816578     -0.7872011
     133.4     -1.0365901     -0.7531601
     133.5     -0.9802535     -0.7110508
     133.6     -0.9132153     -0.6613248
     133.7     -0.8361585     -0.6045151
     133.8     -0.7498748     -0.5412298
     133.9     -0.6552566     -0.4721458
     134.0     -0.5532876     -0.3980018
     134.1     -0.4450329     -0.3195899
     134.2     -0.3316279     -0.2377476
     134.3     -0.2142661     -0.1533487
     134.4     -0.0941871     -0.0672941
     134.5      0.0273369      0.0194981
     134.6      0.1490142      0.1061020
     134.7      0.2695471      0.1915939
     134.8      0.3876463      0.2750625
     134.9      0.5020439      0.3556177
     135.0      0.6115074      0.4324011
     135.1      0.7148529      0.5045943
     135.2      0.8109572      0.5714282
     135.3      0.8987710      0.6321908
     135.4      0.9773292      0.6862347
     135.5      1.0457622      0.7329844
     135.6      1.1033049      0.7719420
     135.7      1.1493056      0.8026926
     135.8      1.1832328      0.8249086
     135.9      1.2046819      0.8383535
     136.0      1.2133792      0.8428840
     136.1      1.2091857      0.8384516
     136.2      1.1920990      0.8251032
     136.3      1.1622535      0.8029805
     136.4      1.1199197      0.7723185
     136.5      1.0655016      0.7334429
     136.6      0.9995333      0.6867668
     136.7      0.9226731      0.6327861
     136.8      0.8356974      0.5720742
     136.9      0.7394929      0.5052761
     137.0      0.6350473      0.4331012
     137.1      0.5234394      0.3563162
     137.2      0.4058281      0.2757364
     137.3      0.2834399      0.1922175
     137.4      0.1575566      0.1066463
     137.5      0.0295018      0.0199311
     137.6     -0.0993730     -0.0670074
     137.7     -0.2277026     -0.1532467
     137.8     -0.3541226     -0.2378715
     137.9     -0.4772839     -0.3199838
     138.0     -0.5958667     -0.3987126
     138.1     -0.7085949     -0.4732228
     138.2     -0.8142499     -0.5427240
     138.3     -0.9116831     -0.6064793
     138.4     -0.9998291     -0.6638127
     138.5     -1.0777165     -0.7141166
     138.6     -1.1444794     -0.7568578
     138.7     -1.1993660     -0.7915835
     138.8     -1.2417476     -0.8179261
     138.9     -1.2711258     -0.8356066
     139.0     -1.2871375     -0.8444382
     139.1     -1.2895602     -0.8443277
     139.2     -1.2783142     -0.8352768
     139.3     -1.2534641     -0.8173820
     139.4     -1.2152190     -0.7908332
     139.5     -1.1639303     -0.7559122
     139.6     -1.1000888     -0.7129895
     139.7     -1.0243204     -0.6625199
     139.8     -0.9373790     -0.6050385
     139.9     -0.8401402     -0.5411541
     140.0     -0.7335914     -0.4715435
     140.1     -0.6188228     -0.3969437
     140.2     -0.4970154     -0.3181444
     140.3     -0.3694295     -0.2359797
     140.4     -0.2373911     -0.1513188
     140.5     -0.1022789     -0.0650574
     140.6      0.0344908      0.0218924
     140.7      0.1714786      0.1086113
     140.8      0.3072370      0.1941828
     140.9      0.4403259      0.2777029
     141.0      0.5693276      0.3582895
     141.1      0.6928622      0.4350919
     141.2      0.8096019      0.5072996
     141.3      0.9182854      0.5741512
     141.4      1.0177318      0.6349421
     141.5      1.1068526      0.6890320
     141.6      1.1846645      0.7358517
     141.7      1.2502994      0.7749094
     141.8      1.3030145      0.8057951
     141.9      1.3422003      0.8281857
     142.0      1.3673878      0.8418480
     142.1      1.3782540      0.8466410
     142.2      1.3746256      0.8425177
     142.3      1.3564818      0.8295253
     142.4      1.3239547      0.8078046
     142.5      1.2773290      0.7775886
     142.6      1.2170391      0.7392002
     142.7      1.1436656      0.6930481
     142.8      1.0579293      0.6396231
     142.9      0.9606844      0.5794925
     143.0      0.8529101      0.5132941
     143.1      0.7357005      0.4417295
     143.2      0.6102537      0.3655564
     143.3      0.4778597      0.2855810
     143.4      0.3398867      0.2026489
     143.5      0.1977677      0.1176367
     143.6      0.0529849      0.0314423
     143.7     -0.0929451     -0.0550247
     143.8     -0.2384877     -0.1408522
     143.9     -0.3821059     -0.2251354
     144.0     -0.5222769     -0.3069866
     144.1     -0.6575079     -0.3855445
     144.2     -0.7863523     -0.4599828
     144.3     -0.9074248     -0.5295197
     144.4     -1.0194163     -0.5934257
     144.5     -1.1211085     -0.6510310
     144.6     -1.2113862     -0.7017332
     144.7     -1.2892505     -0.7450032
     144.8     -1.3538288     -0.7803907
     144.9     -1.4043856     -0.8075291
     145.0     -1.4403297     -0.8261391
     145.1     -1.4612218     -0.8360320
     145.2     -1.4667796     -0.8371110
     145.3     -1.4568813     -0.8293727
     145.4     -1.4315675     -0.8129067
     145.5     -1.3910416     -0.7878947
     145.6     -1.3356684     -0.7546086
     145.7     -1.2659705     -0.7134074
     145.8     -1.1826241     -0.6647334
     145.9     -1.0864521     -0.6091074
     146.0     -0.9784158     -0.5471232
     146.1     -0.8596062     -0.4794411
     146.2     -0.7312320     -0.4067812
     146.3     -0.5946083     -0.3299151
     146.4     -0.4511424     -0.2496584
     146.5     -0.3023201     -0.1668616
     146.6     -0.1496896     -0.0824012
     146.7      0.0051539      0.0028296
     146.8      0.1605850      0.0879305
     146.9      0.3149655      0.1720033
     147.0      0.4666609      0.2541618
     147.1      0.6140584      0.3335408
     147.2      0.7555832      0.4093056
     147.3      0.8897161      0.4806605
     147.4      1.0150091      0.5468572
     147.5      1.1301012      0.6072029
     147.6      1.2337332      0.6610673
     147.7      1.3247614      0.7078894
     147.8      1.4021701      0.7471832
     147.9      1.4650829      0.7785430
     148.0      1.5127724      0.8016472
     148.1      1.5446688      0.8162622
     148.2      1.5603666      0.8222442
     148.3      1.5596292      0.8195409
     148.4      1.5423926      0.8081920
     148.5      1.5087667      0.7883284
     148.6      1.4590349      0.7601712
     148.7      1.3936518      0.7240287
     148.8      1.3132393      0.6802935
     148.9      1.2185810      0.6294377
     149.0      1.1106140      0.5720085
     149.1      0.9904206      0.5086218
     149.2      0.8592169      0.4399559
     149.3      0.7183407      0.3667438
     149.4      0.5692385      0.2897660
     149.5      0.4134498      0.2098416
     149.6      0.2525920      0.1278201
     149.7      0.0883435      0.0445718
     149.8     -0.0775736     -0.0390211
     149.9     -0.2434117     -0.1220736
     150.0     -0.4074161     -0.2037080
     150.1     -0.5678428     -0.2830627
     150.2     -0.7229779     -0.3593012
     150.3     -0.8711550     -0.4316213
     150.4     -1.0107735     -0.4992634
     150.5     -1.1403158     -0.5615184
     150.6     -1.2583633     -0.6177353
     150.7     -1.3636123     -0.6673279
     150.8     -1.4548881     -0.7097812
     150.9     -1.5311580     -0.7446563
     151.0     -1.5915431     -0.7715954
     151.1     -1.6353282     -0.7903253
     151.2     -1.6619698     -0.8006601
     151.3     -1.6711035     -0.8025032
     151.4     -1.6625481     -0.7958482
     151.5     -1.6363084     -0.7807789
     151.6     -1.5925766     -0.7574680
     151.7     -1.5317307     -0.7261755
     151.8     -1.4543317     -0.6872456
     151.9     -1.3611186     -0.6411030
     152.0     -1.2530015     -0.5882486
     152.1     -1.1310527     -0.5292533
     152.2     -0.9964964     -0.4647526
     152.3     -0.8506967     -0.3954396
     152.4     -0.6951434     -0.3220572
     152.5     -0.5314375     -0.2453905
     152.6     -0.3612746     -0.1662585
     152.7     -0.1864274     -0.0855048
     152.8     -0.0087276     -0.0039894
     152.9      0.1699532      0.0774213
     153.0      0.3477232      0.1578630
     153.1      0.5226900      0.2364831
     153.2      0.6929810      0.3124496
     153.3      0.8567628      0.3849598
     153.4      1.0122613      0.4532492
     153.5      1.1577802      0.5165990
     153.6      1.2917199      0.5743441
     153.7      1.4125947      0.6258800
     153.8      1.5190491      0.6706691
     153.9      1.6098729      0.7082461
     154.0      1.6840148      0.7382235
     154.1      1.7405947      0.7602949
     154.2      1.7789133      0.7742384
     154.3      1.7984614      0.7799191
     154.4      1.7989256      0.7772901
     154.5      1.7801934      0.7663930
     154.6      1.7423551      0.7473573
     154.7      1.6857043      0.7203990
     154.8      1.6107358      0.6858179
     154.9      1.5181419      0.6439949
     155.0      1.4088058      0.5953871
     155.1      1.2837940      0.5405233
     155.2      1.1443456      0.4799981
     155.3      0.9918604      0.4144658
     155.4      0.8278853      0.3446327
     155.5      0.6540987      0.2712503
     155.6      0.4722936      0.1951066
     155.7      0.2843592      0.1170179
     155.8      0.0922619      0.0378203
     155.9     -0.1019755     -0.0416397
     156.0     -0.2962943     -0.1205138
     156.1     -0.4886219     -0.1979611
     156.2     -0.6768934     -0.2731572
     156.3     -0.8590735     -0.3453027
     156.4     -1.0331781     -0.4136318
     156.5     -1.1972959     -0.4774206
     156.6     -1.3496091     -0.5359944
     156.7     -1.4884128     -0.5887350
     156.8     -1.6121344     -0.6350873
     156.9     -1.7193505     -0.6745650
     157.0     -1.8088037     -0.7067559
     157.1     -1.8794162     -0.7313259
     157.2     -1.9303033     -0.7480226
     157.3     -1.9607835     -0.7566782
     157.4     -1.9703872     -0.7572106
     157.5     -1.9588634     -0.7496246
     157.6     -1.9261840     -0.7340117
     157.7     -1.8725452     -0.7105488
     157.8     -1.7983675     -0.6794966
     157.9     -1.7042926     -0.6411962
     158.0     -1.5911786     -0.5960660
     158.1     -1.4600922     -0.5445966
     158.2     -1.3122991     -0.4873457
     158.3     -1.1492520     -0.4249322
     158.4     -0.9725769     -0.3580294
     158.5     -0.7840572     -0.2873579
     158.6     -0.5856157     -0.2136776
     158.7     -0.3792959     -0.1377797
     158.8     -0.1672409     -0.0604784
     158.9      0.0483279      0.0173979
     159.0      0.2651345      0.0950157
     159.1      0.4808708      0.1715449
     159.2      0.6932218      0.2461679
     159.3      0.8998892      0.3180882
     159.4      1.0986158      0.3865388
     159.5      1.2872104      0.4507906
     159.6      1.4635705      0.5101598
     159.7      1.6257058      0.5640153
     159.8      1.7717599      0.6117855
     159.9      1.9000311      0.6529641
     160.0      2.0089916      0.6871156
     160.1      2.0973048      0.7138797
     160.2      2.1638415      0.7329752
     160.3      2.2076933      0.7442029
     160.4      2.2281840      0.7474478
     160.5      2.2248789      0.7426798
     160.6      2.1975915      0.7299545
     160.7      2.1463875      0.7094120
     160.8      2.0715865      0.6812757
     160.9      1.9737608      0.6458498
     161.0      1.8537317      0.6035160
     161.1      1.7125632      0.5547291
     161.2      1.5515529      0.5000123
     161.3      1.3722206      0.4399518
     161.4      1.1762944      0.3751900
     161.5      0.9656943      0.3064193
     161.6      0.7425141      0.2343739
     161.7      0.5090011      0.1598225
     161.8      0.2675336      0.0835601
     161.9      0.0205977      0.0063992
     162.0     -0.2292382     -0.0708385
     162.1     -0.4793491     -0.1473311
     162.2     -0.7270807     -0.2222651
     162.3     -0.9697764     -0.2948441
     162.4     -1.2048059     -0.3642970
     162.5     -1.4295921     -0.4298866
     162.6     -1.6416392     -0.4909171
     162.7     -1.8385593     -0.5467413
     162.8     -2.0180985     -0.5967680
     162.9     -2.1781619     -0.6404674
     163.0     -2.3168370     -0.6773776
     163.1     -2.4324157     -0.7071086
     163.2     -2.5234138     -0.7293468
     163.3     -2.5885893     -0.7438584
     163.4     -2.6269576     -0.7504912
     163.5     -2.6378046     -0.7491770
     163.6     -2.6206968     -0.7399313
     163.7     -2.5754889     -0.7228540
     163.8     -2.5023284     -0.6981274
     163.9     -2.4016574     -0.6660148
     164.0     -2.2742106     -0.6268574
     164.1     -2.1210114     -0.5810706
     164.2     -1.9433644     -0.5291397
     164.3     -1.7428444     -0.4716145
     164.4     -1.5212838     -0.4091034
     164.5     -1.2807558     -0.3422671
     164.6     -1.0235560     -0.2718116
     164.7     -0.7521810     -0.1984803
     164.8     -0.4693046     -0.1230466
     164.9     -0.1777526     -0.0463053
     165.0      0.1195252      0.0309354
     165.1      0.4194836      0.1078630
     165.2      0.7190126      0.1836687
     165.3      1.0149689      0.2575564
     165.4      1.3042078      0.3287508
     165.5      1.5836154      0.3965056
     165.6      1.8501413      0.4601114
     165.7      2.1008309      0.5189032
     165.8      2.3328565      0.5722669
     165.9      2.5435484      0.6196466
     166.0      2.7304238      0.6605493
     166.1      2.8912149      0.6945509
     166.2      3.0238947      0.7213001
     166.3      3.1267006      0.7405220
     166.4      3.1981558      0.7520211
     166.5      3.2370878      0.7556831
     166.6      3.2426447      0.7514761
     166.7      3.2143070      0.7394505
     166.8      3.1518980      0.7197387
     166.9      3.0555893      0.6925533
     167.0      2.9259036      0.6581851
     167.1      2.7637137      0.6169994
     167.2      2.5702385      0.5694325
     167.3      2.3470345      0.5159866
     167.4      2.0959845      0.4572249
     167.5      1.8192828      0.3937649
     167.6      1.5194165      0.3262724
     167.7      1.1991448      0.2554543
     167.8      0.8614737      0.1820508
     167.9      0.5096296      0.1068278
     168.0      0.1470288      0.0305690
     168.1     -0.2227539     -0.0459328
     168.2     -0.5960199     -0.1218837
     168.3     -0.9689819     -0.1964972
     168.4     -1.3378014     -0.2690023
     168.5     -1.6986262     -0.3386516
     168.6     -2.0476297     -0.4047290
     168.7     -2.3810494     -0.4665574
     168.8     -2.6952255     -0.5235054
     168.9     -2.9866394     -0.5749937
     169.0     -3.2519510     -0.6205015
     169.1     -3.4880342     -0.6595714
     169.2     -3.6920120     -0.6918141
     169.3     -3.8612882     -0.7169123
     169.4     -3.9935775     -0.7346240
     169.5     -4.0869328     -0.7447843
     169.6     -4.1397697     -0.7473077
     169.7     -4.1508869     -0.7421878
     169.8     -4.1194844     -0.7294978
     169.9     -4.0451767     -0.7093894
     170.0     -3.9280031     -0.6820906
     170.1     -3.7684332     -0.6479033
     170.2     -3.5673688     -0.6072001
     170.3     -3.3261412     -0.5604195
     170.4     -3.0465046     -0.5080618
     170.5     -2.7306250     -0.4506831
     170.6     -2.3810650     -0.3888897
     170.7     -2.0007645     -0.3233312
     170.8     -1.5930176     -0.2546935
     170.9     -1.1614455     -0.1836920
     171.0     -0.7099661     -0.1110632
     171.1     -0.2427601     -0.0375575
     171.2      0.2357658      0.0360688
     171.3      0.7210185      0.1090619
     171.4      1.2082603      0.1806776
     171.5      1.6926528      0.2501900
     171.6      2.1693026      0.3168983
     171.7      2.6333075      0.3801343
     171.8      3.0798042      0.4392692
     171.9      3.5040160      0.4937202
     172.0      3.9013002      0.5429560
     172.1      4.2671949      0.5865027
     172.2      4.5974653      0.6239476
     172.3      4.8881478      0.6549443
     172.4      5.1355922      0.6792149
     172.5      5.3365025      0.6965534
     172.6      5.4879737      0.7068268
     172.7      5.5875261      0.7099768
     172.8      5.6331359      0.7060191
     172.9      5.6232624      0.6950435
     173.0      5.5568704      0.6772121
     173.1      5.4334486      0.6527573
     173.2      5.2530237      0.6219788
     173.3      5.0161686      0.5852401
     173.4      4.7240074      0.5429639
     173.5      4.3782134      0.4956278
     173.6      3.9810037      0.4437582
     173.7      3.5351281      0.3879248
     173.8      3.0438524      0.3287341
     173.9      2.5109377      0.2668225
     174.0      1.9406143      0.2028494
     174.1      1.3375516      0.1374903
     174.2      0.7068225      0.0714289
     174.3      0.0538649      0.0053498
     174.4     -0.6155611     -0.0600682
     174.5     -1.2954200     -0.1241605
     174.6     -1.9794495     -0.1862827
     174.7     -2.6612133     -0.2458178
     174.8     -3.3341548     -0.3021831
     174.9     -3.9916533     -0.3548352
     175.0     -4.6270812     -0.4032767
     175.1     -5.2338623     -0.4470604
     175.2     -5.8055298     -0.4857942
     175.3     -6.3357842     -0.5191447
     175.4     -6.8185513     -0.5468405
     175.5     -7.2480372     -0.5686744
     175.6     -7.6187832     -0.5845056
     175.7     -7.9257172     -0.5942602
     175.8     -8.1642031     -0.5979315
     175.9     -8.3300864     -0.5955799
     176.0     -8.4197364     -0.5873311
     176.1     -8.4300842     -0.5733746
     176.2     -8.3586567     -0.5539608
     176.3     -8.2036048     -0.5293976
     176.4     -7.9637278     -0.5000466
     176.5     -7.6384916     -0.4663188
     176.6     -7.2280415     -0.4286689
     176.7     -6.7332095     -0.3875907
     176.8     -6.1555163     -0.3436102
     176.9     -5.4971659     -0.2972802
     177.0     -4.7610366     -0.2491734
     177.1     -3.9506640     -0.1998757
     177.2     -3.0702199     -0.1499795
     177.3     -2.1244851     -0.1000770
     177.4     -1.1188163     -0.0507529
     177.5     -0.0591091     -0.0025783
     177.6      1.0482448      0.0438959
     177.7      2.1964044      0.0881456
     177.8      3.3781305      0.1296790
     177.9      4.5858403      0.1680422
     178.0      5.8116650      0.2028242
     178.1      7.0475109      0.2336615
     178.2      8.2851218      0.2602420
     178.3      9.5161436      0.2823082
     178.4     10.7321902      0.2996603
     178.5     11.9249095      0.3121577
     178.6     13.0860498      0.3197207
     178.7     14.2075256      0.3223309
     178.8     15.2814826      0.3200312
     178.9     16.3003600      0.3129252
     179.0     17.2569521      0.3011753
     179.1     18.1444661      0.2850009
     179.2     18.9565770      0.2646751
     179.3     19.6874791      0.2405219
     179.4     20.3319330      0.2129116
     179.5     20.8853080      0.1822564
     179.6     21.3436203      0.1490054
     179.7     21.7035649      0.1136391
     179.8     21.9625429      0.0766636
     179.9     22.1186827      0.0386044
     180.0     22.1708551      0.0000000
