 # List of d(q) for j, j' =           27          33
 #    0  1.00000000
 #    1  0.92327810
 #    2  0.83195602
 #    3  0.75461661
 #    4  0.68635336
 #    5  0.62422780
 #    6  0.56659123
 #    7  0.51126361
 #    8  0.46099319
 #    9  0.41687386
 #   10  0.37843647
 #   11  0.34500396
 #   12  0.31538492
 #   13  0.28884454
 #   14  0.26606813
 #   15  0.24589527
 #   16  0.22753301
 #   17  0.21078556
 #   18  0.19603822
 #   19  0.18278371
 #   20  0.17107785
 #   21  0.16010454
 #   22  0.15016585
 #   23  0.14097308
 #   24  0.13324989
 #   25  0.12573890
 #   26  0.11928479
 #   27  0.11239942
 #   28  0.10702220
 #   29  0.10080549
 #   30  0.09635657
 #   31  0.09064263
 #   32  0.08684970
 #   33  0.08174972
 #   34  0.07849770
 #   35  0.07382302
 #   36  0.07109600
 #   37  0.06653713
 #   38  0.06435181
 #   39  0.05992099
 #   40  0.05817600
 #   41  0.05371942
 #   42  0.05263836
 #   43  0.04818112
 #   44  0.04712668
 #   45  0.04271528
 #   46  0.04233994
 #   47  0.03638586
 #   48  0.03755413
 #   49  0.03035727
 #   50  0.03286861
 #   51  0.02350873
 #   52  0.02834550
 #   53  0.01568665
 #   54  0.02665967
       0.0    607.2895884      0.0000000
       0.1    606.9222050      1.0592785
       0.2    605.8213585      2.1147112
       0.3    603.9909534      3.1624748
       0.4    601.4374756      4.1987916
       0.5    598.1699603      5.2199514
       0.6    594.1999468      6.2223336
       0.7    589.5414214      7.2024280
       0.8    584.2107482      8.1568558
       0.9    578.2265879      9.0823885
       1.0    571.6098056      9.9759667
       1.1    564.3833686     10.8347172
       1.2    556.5722331     11.6559694
       1.3    548.2032221     12.4372694
       1.4    539.3048948     13.1763933
       1.5    529.9074078     13.8713588
       1.6    520.0423692     14.5204352
       1.7    509.7426866     15.1221510
       1.8    499.0424096     15.6753009
       1.9    487.9765675     16.1789501
       2.0    476.5810043     16.6324372
       2.1    464.8922098     17.0353747
       2.2    452.9471504     17.3876487
       2.3    440.7830977     17.6894158
       2.4    428.4374588     17.9410987
       2.5    415.9476062     18.1433798
       2.6    403.3507113     18.2971935
       2.7    390.6835798     18.4037168
       2.8    377.9824912     18.4643577
       2.9    365.2830434     18.4807431
       3.0    352.6200027     18.4547050
       3.1    340.0271596     18.3882652
       3.2    327.5371924     18.2836190
       3.3    315.1815383     18.1431186
       3.4    302.9902726     17.9692543
       3.5    290.9919969     17.7646364
       3.6    279.2137376     17.5319756
       3.7    267.6808528     17.2740633
       3.8    256.4169510     16.9937515
       3.9    245.4438196     16.6939327
       4.0    234.7813645     16.3775201
       4.1    224.4475607     16.0474270
       4.2    214.4584145     15.7065476
       4.3    204.8279362     15.3577379
       4.4    195.5681249     15.0037965
       4.5    186.6889635     14.6474473
       4.6    178.1984259     14.2913221
       4.7    170.1024933     13.9379446
       4.8    162.4051828     13.5897154
       4.9    155.1085848     13.2488981
       5.0    148.2129103     12.9176063
       5.1    141.7165485     12.5977929
       5.2    135.6161317     12.2912399
       5.3    129.9066095     11.9995498
       5.4    124.5813300     11.7241388
       5.5    119.6321285     11.4662314
       5.6    115.0494218     11.2268562
       5.7    110.8223091     11.0068440
       5.8    106.9386767     10.8068267
       5.9    103.3853076     10.6272380
       6.0    100.1479945     10.4683160
       6.1     97.2116549     10.3301062
       6.2     94.5604487     10.2124675
       6.3     92.1778963     10.1150779
       6.4     90.0469978     10.0374427
       6.5     88.1503510      9.9789030
       6.6     86.4702693      9.9386464
       6.7     84.9888963      9.9157172
       6.8     83.6883196      9.9090291
       6.9     82.5506802      9.9173778
       7.0     81.5582786      9.9394539
       7.1     80.6936766      9.9738576
       7.2     79.9397939     10.0191129
       7.3     79.2799999     10.0736822
       7.4     78.6981987     10.1359815
       7.5     78.1789089     10.2043953
       7.6     77.7073362     10.2772918
       7.7     77.2694389     10.3530374
       7.8     76.8519869     10.4300114
       7.9     76.4426127     10.5066202
       8.0     76.0298556     10.5813108
       8.1     75.6031975     10.6525837
       8.2     75.1530914     10.7190053
       8.3     74.6709830     10.7792194
       8.4     74.1493236     10.8319578
       8.5     73.5815762     10.8760494
       8.6     72.9622145     10.9104298
       8.7     72.2867146     10.9341477
       8.8     71.5515401     10.9463722
       8.9     70.7541201     10.9463973
       9.0     69.8928224     10.9336463
       9.1     68.9669194     10.9076747
       9.2     67.9765500     10.8681716
       9.3     66.9226754     10.8149601
       9.4     65.8070314     10.7479967
       9.5     64.6320759     10.6673694
       9.6     63.4009338     10.5732943
       9.7     62.1173380     10.4661117
       9.8     60.7855685     10.3462812
       9.9     59.4103897     10.2143748
      10.0     57.9969853     10.0710708
      10.1     56.5508939      9.9171451
      10.2     55.0779424      9.7534631
      10.3     53.5841812      9.5809703
      10.4     52.0758189      9.4006823
      10.5     50.5591583      9.2136748
      10.6     49.0405344      9.0210725
      10.7     47.5262538      8.8240387
      10.8     46.0225369      8.6237635
      10.9     44.5354626      8.4214530
      11.0     43.0709161      8.2183182
      11.1     41.6345405      8.0155636
      11.2     40.2316913      7.8143765
      11.3     38.8673959      7.6159164
      11.4     37.5463163      7.4213050
      11.5     36.2727168      7.2316166
      11.6     35.0504353      7.0478687
      11.7     33.8828607      6.8710137
      11.8     32.7729129      6.7019313
      11.9     31.7230292      6.5414214
      12.0     30.7351540      6.3901978
      12.1     29.8107342      6.2488833
      12.2     28.9507181      6.1180046
      12.3     28.1555591      5.9979896
      12.4     27.4252236      5.8891644
      12.5     26.7592029      5.7917515
      12.6     26.1565288      5.7058700
      12.7     25.6157929      5.6315348
      12.8     25.1351690      5.5686589
      12.9     24.7124390      5.5170549
      13.0     24.3450208      5.4764381
      13.1     24.0299995      5.4464308
      13.2     23.7641598      5.4265666
      13.3     23.5440210      5.4162958
      13.4     23.3658729      5.4149921
      13.5     23.2258131      5.4219584
      13.6     23.1197846      5.4364350
      13.7     23.0436143      5.4576069
      13.8     22.9930514      5.4846121
      13.9     22.9638056      5.5165501
      14.0     22.9515841      5.5524907
      14.1     22.9521292      5.5914832
      14.2     22.9612526      5.6325648
      14.3     22.9748704      5.6747703
      14.4     22.9890349      5.7171405
      14.5     22.9999651      5.7587314
      14.6     23.0040746      5.7986223
      14.7     22.9979979      5.8359247
      14.8     22.9786132      5.8697893
      14.9     22.9430633      5.8994139
      15.0     22.8887735      5.9240505
      15.1     22.8134663      5.9430108
      15.2     22.7151735      5.9556727
      15.3     22.5922455      5.9614847
      15.4     22.4433570      5.9599707
      15.5     22.2675100      5.9507332
      15.6     22.0640343      5.9334561
      15.7     21.8325846      5.9079071
      15.8     21.5731347      5.8739384
      15.9     21.2859697      5.8314876
      16.0     20.9716748      5.7805770
      16.1     20.6311225      5.7213126
      16.2     20.2654569      5.6538822
      16.3     19.8760764      5.5785529
      16.4     19.4646143      5.4956675
      16.5     19.0329177      5.4056407
      16.6     18.5830256      5.3089542
      16.7     18.1171445      5.2061520
      16.8     17.6376243      5.0978343
      16.9     17.1469332      4.9846511
      17.0     16.6476311      4.8672963
      17.1     16.1423443      4.7465002
      17.2     15.6337391      4.6230225
      17.3     15.1244954      4.4976449
      17.4     14.6172822      4.3711637
      17.5     14.1147318      4.2443817
      17.6     13.6194165      4.1181015
      17.7     13.1338250      3.9931170
      17.8     12.6603413      3.8702069
      17.9     12.2012241      3.7501270
      18.0     11.7585879      3.6336035
      18.1     11.3343860      3.5213266
      18.2     10.9303955      3.4139442
      18.3     10.5482033      3.3120563
      18.4     10.1891952      3.2162097
      18.5      9.8545466      3.1268935
      18.6      9.5452146      3.0445351
      18.7      9.2619337      2.9694963
      18.8      9.0052122      2.9020710
      18.9      8.7753315      2.8424827
      19.0      8.5723475      2.7908834
      19.1      8.3960933      2.7473520
      19.2      8.2461850      2.7118952
      19.3      8.1220281      2.6844472
      19.4      8.0228271      2.6648713
      19.5      7.9475953      2.6529618
      19.6      7.8951674      2.6484463
      19.7      7.8642129      2.6509889
      19.8      7.8532505      2.6601937
      19.9      7.8606644      2.6756094
      20.0      7.8847209      2.6967334
      20.1      7.9235862      2.7230172
      20.2      7.9753443      2.7538720
      20.3      8.0380159      2.7886743
      20.4      8.1095771      2.8267719
      20.5      8.1879787      2.8674906
      20.6      8.2711648      2.9101403
      20.7      8.3570916      2.9540216
      20.8      8.4437454      2.9984328
      20.9      8.5291607      3.0426757
      21.0      8.6114368      3.0860629
      21.1      8.6887536      3.1279236
      21.2      8.7593872      3.1676096
      21.3      8.8217235      3.2045019
      21.4      8.8742709      3.2380154
      21.5      8.9156718      3.2676047
      21.6      8.9447124      3.2927683
      21.7      8.9603313      3.3130535
      21.8      8.9616265      3.3280598
      21.9      8.9478607      3.3374427
      22.0      8.9184653      3.3409159
      22.1      8.8730422      3.3382538
      22.2      8.8113650      3.3292931
      22.3      8.7333777      3.3139340
      22.4      8.6391921      3.2921402
      22.5      8.5290841      3.2639392
      22.6      8.4034881      3.2294212
      22.7      8.2629902      3.1887378
      22.8      8.1083202      3.1421005
      22.9      7.9403423      3.0897774
      23.0      7.7600448      3.0320911
      23.1      7.5685286      2.9694147
      23.2      7.3669951      2.9021681
      23.3      7.1567334      2.8308137
      23.4      6.9391067      2.7558516
      23.5      6.7155380      2.6778145
      23.6      6.4874965      2.5972629
      23.7      6.2564819      2.5147790
      23.8      6.0240111      2.4309614
      23.9      5.7916026      2.3464191
      24.0      5.5607625      2.2617659
      24.1      5.3329708      2.1776144
      24.2      5.1096673      2.0945703
      24.3      4.8922389      2.0132266
      24.4      4.6820072      1.9341579
      24.5      4.4802169      1.8579157
      24.6      4.2880252      1.7850225
      24.7      4.1064921      1.7159679
      24.8      3.9365717      1.6512032
      24.9      3.7791044      1.5911383
      25.0      3.6348110      1.5361375
      25.1      3.5042870      1.4865165
      25.2      3.3879989      1.4425398
      25.3      3.2862813      1.4044182
      25.4      3.1993357      1.3723075
      25.5      3.1272298      1.3463071
      25.6      3.0698991      1.3264597
      25.7      3.0271487      1.3127505
      25.8      2.9986570      1.3051088
      25.9      2.9839800      1.3034078
      26.0      2.9825572      1.3074670
      26.1      2.9937180      1.3170538
      26.2      3.0166895      1.3318861
      26.3      3.0506048      1.3516351
      26.4      3.0945120      1.3759289
      26.5      3.1473844      1.4043560
      26.6      3.2081309      1.4364698
      26.7      3.2756067      1.4717923
      26.8      3.3486246      1.5098196
      26.9      3.4259666      1.5500262
      27.0      3.5063957      1.5918703
      27.1      3.5886672      1.6347991
      27.2      3.6715408      1.6782537
      27.3      3.7537916      1.7216749
      27.4      3.8342217      1.7645080
      27.5      3.9116706      1.8062085
      27.6      3.9850256      1.8462466
      27.7      4.0532318      1.8841126
      27.8      4.1153009      1.9193214
      27.9      4.1703196      1.9514169
      28.0      4.2174572      1.9799762
      28.1      4.2559724      2.0046136
      28.2      4.2852191      2.0249835
      28.3      4.3046510      2.0407843
      28.4      4.3138258      2.0517600
      28.5      4.3124079      2.0577032
      28.6      4.3001703      2.0584565
      28.7      4.2769953      2.0539137
      28.8      4.2428746      2.0440204
      28.9      4.1979075      2.0287747
      29.0      4.1422993      2.0082266
      29.1      4.0763579      1.9824771
      29.2      4.0004895      1.9516774
      29.3      3.9151940      1.9160272
      29.4      3.8210589      1.8757722
      29.5      3.7187532      1.8312017
      29.6      3.6090197      1.7826459
      29.7      3.4926677      1.7304725
      29.8      3.3705641      1.6750826
      29.9      3.2436252      1.6169074
      30.0      3.1128071      1.5564036
      30.1      2.9790965      1.4940489
      30.2      2.8435011      1.4303378
      30.3      2.7070396      1.3657763
      30.4      2.5707325      1.3008775
      30.5      2.4355922      1.2361565
      30.6      2.3026135      1.1721256
      30.7      2.1727645      1.1092895
      30.8      2.0469780      1.0481405
      30.9      1.9261426      0.9891537
      31.0      1.8110953      0.9327831
      31.1      1.7026140      0.8794569
      31.2      1.6014104      0.8295738
      31.3      1.5081245      0.7834995
      31.4      1.4233191      0.7415630
      31.5      1.3474752      0.7040538
      31.6      1.2809880      0.6712197
      31.7      1.2241648      0.6432639
      31.8      1.1772221      0.6203440
      31.9      1.1402849      0.6025703
      32.0      1.1133864      0.5900049
      32.1      1.0964681      0.5826616
      32.2      1.0893817      0.5805057
      32.3      1.0918912      0.5834546
      32.4      1.1036756      0.5913790
      32.5      1.1243331      0.6041038
      32.6      1.1533854      0.6214103
      32.7      1.1902825      0.6430386
      32.8      1.2344094      0.6686897
      32.9      1.2850913      0.6980288
      33.0      1.3416015      0.7306886
      33.1      1.4031678      0.7662727
      33.2      1.4689806      0.8043597
      33.3      1.5382005      0.8445072
      33.4      1.6099668      0.8862557
      33.5      1.6834051      0.9291336
      33.6      1.7576363      0.9726611
      33.7      1.8317842      1.0163552
      33.8      1.9049838      1.0597341
      33.9      1.9763896      1.1023216
      34.0      2.0451830      1.1436518
      34.1      2.1105795      1.1832732
      34.2      2.1718364      1.2207531
      34.3      2.2282584      1.2556817
      34.4      2.2792045      1.2876754
      34.5      2.3240931      1.3163808
      34.6      2.3624068      1.3414779
      34.7      2.3936969      1.3626826
      34.8      2.4175869      1.3797496
      34.9      2.4337752      1.3924745
      35.0      2.4420377      1.4006953
      35.1      2.4422286      1.4042943
      35.2      2.4342815      1.4031986
      35.3      2.4182093      1.3973807
      35.4      2.3941031      1.3868589
      35.5      2.3621310      1.3716965
      35.6      2.3225357      1.3520014
      35.7      2.2756314      1.3279247
      35.8      2.2218006      1.2996593
      35.9      2.1614899      1.2674379
      36.0      2.0952048      1.2315305
      36.1      2.0235050      1.1922418
      36.2      1.9469985      1.1499084
      36.3      1.8663354      1.1048951
      36.4      1.7822014      1.0575920
      36.5      1.6953116      1.0084100
      36.6      1.6064026      0.9577772
      36.7      1.5162264      0.9061350
      36.8      1.4255425      0.8539336
      36.9      1.3351111      0.8016277
      37.0      1.2456856      0.7496723
      37.1      1.1580061      0.6985185
      37.2      1.0727919      0.6486090
      37.3      0.9907355      0.6003742
      37.4      0.9124959      0.5542279
      37.5      0.8386926      0.5105637
      37.6      0.7699006      0.4697512
      37.7      0.7066448      0.4321324
      37.8      0.6493956      0.3980191
      37.9      0.5985647      0.3676895
      38.0      0.5545023      0.3413857
      38.1      0.5174933      0.3193119
      38.2      0.4877559      0.3016323
      38.3      0.4654394      0.2884696
      38.4      0.4506239      0.2799040
      38.5      0.4433192      0.2759727
      38.6      0.4434662      0.2766695
      38.7      0.4509370      0.2819451
      38.8      0.4655371      0.2917073
      38.9      0.4870073      0.3058226
      39.0      0.5150271      0.3241170
      39.1      0.5492174      0.3463781
      39.2      0.5891449      0.3723568
      39.3      0.6343264      0.4017702
      39.4      0.6842335      0.4343039
      39.5      0.7382982      0.4696154
      39.6      0.7959178      0.5073371
      39.7      0.8564614      0.5470800
      39.8      0.9192755      0.5884372
      39.9      0.9836906      0.6309880
      40.0      1.0490272      0.6743017
      40.1      1.1146023      0.7179417
      40.2      1.1797361      0.7614697
      40.3      1.2437576      0.8044497
      40.4      1.3060117      0.8464521
      40.5      1.3658642      0.8870578
      40.6      1.4227083      0.9258619
      40.7      1.4759699      0.9624776
      40.8      1.5251126      0.9965400
      40.9      1.5696423      1.0277089
      41.0      1.6091119      1.0556724
      41.1      1.6431249      1.0801496
      41.2      1.6713387      1.1008932
      41.3      1.6934678      1.1176916
      41.4      1.7092856      1.1303709
      41.5      1.7186264      1.1387963
      41.6      1.7213866      1.1428737
      41.7      1.7175250      1.1425498
      41.8      1.7070631      1.1378130
      41.9      1.6900842      1.1286932
      42.0      1.6667323      1.1152616
      42.1      1.6372107      1.0976297
      42.2      1.6017793      1.0759481
      42.3      1.5607518      1.0504055
      42.4      1.5144928      1.0212261
      42.5      1.4634139      0.9886681
      42.6      1.4079696      0.9530208
      42.7      1.3486526      0.9146018
      42.8      1.2859893      0.8737542
      42.9      1.2205343      0.8308432
      43.0      1.1528656      0.7862525
      43.1      1.0835785      0.7403808
      43.2      1.0132803      0.6936381
      43.3      0.9425845      0.6464418
      43.4      0.8721051      0.5992125
      43.5      0.8024505      0.5523705
      43.6      0.7342186      0.5063315
      43.7      0.6679907      0.4615030
      43.8      0.6043262      0.4182802
      43.9      0.5437580      0.3770428
      44.0      0.4867872      0.3381508
      44.1      0.4338789      0.3019419
      44.2      0.3854580      0.2687278
      44.3      0.3419055      0.2387920
      44.4      0.3035551      0.2123864
      44.5      0.2706908      0.1897297
      44.6      0.2435440      0.1710051
      44.7      0.2222918      0.1563589
      44.8      0.2070561      0.1458988
      44.9      0.1979022      0.1396935
      45.0      0.1948389      0.1377719
      45.1      0.1978187      0.1401228
      45.2      0.2067383      0.1466954
      45.3      0.2214404      0.1573997
      45.4      0.2417149      0.1721073
      45.5      0.2673016      0.1906530
      45.6      0.2978928      0.2128362
      45.7      0.3331362      0.2384231
      45.8      0.3726387      0.2671486
      45.9      0.4159703      0.2987192
      46.0      0.4626683      0.3328157
      46.1      0.5122414      0.3690961
      46.2      0.5641750      0.4071990
      46.3      0.6179358      0.4467473
      46.4      0.6729771      0.4873511
      46.5      0.7287436      0.5286119
      46.6      0.7846768      0.5701263
      46.7      0.8402205      0.6114896
      46.8      0.8948255      0.6522997
      46.9      0.9479549      0.6921609
      47.0      0.9990889      0.7306874
      47.1      1.0477298      0.7675070
      47.2      1.0934063      0.8022649
      47.3      1.1356777      0.8346261
      47.4      1.1741380      0.8642796
      47.5      1.2084193      0.8909402
      47.6      1.2381952      0.9143519
      47.7      1.2631834      0.9342898
      47.8      1.2831483      0.9505622
      47.9      1.2979028      0.9630125
      48.0      1.3073096      0.9715204
      48.1      1.3112828      0.9760029
      48.2      1.3097875      0.9764152
      48.3      1.3028409      0.9727508
      48.4      1.2905109      0.9650416
      48.5      1.2729157      0.9533575
      48.6      1.2502225      0.9378057
      48.7      1.2226452      0.9185295
      48.8      1.1904427      0.8957068
      48.9      1.1539158      0.8695487
      49.0      1.1134045      0.8402970
      49.1      1.0692843      0.8082222
      49.2      1.0219629      0.7736208
      49.3      0.9718757      0.7368124
      49.4      0.9194823      0.6981365
      49.5      0.8652613      0.6579499
      49.6      0.8097063      0.6166223
      49.7      0.7533208      0.5745339
      49.8      0.6966141      0.5320711
      49.9      0.6400956      0.4896228
      50.0      0.5842708      0.4475774
      50.1      0.5296362      0.4063184
      50.2      0.4766749      0.3662215
      50.3      0.4258522      0.3276505
      50.4      0.3776108      0.2909542
      50.5      0.3323678      0.2564632
      50.6      0.2905098      0.2244867
      50.7      0.2523904      0.1953098
      50.8      0.2183263      0.1691907
      50.9      0.1885950      0.1463584
      51.0      0.1634323      0.1270107
      51.1      0.1430301      0.1113122
      51.2      0.1275352      0.0993931
      51.3      0.1170478      0.0913476
      51.4      0.1116207      0.0872339
      51.5      0.1112595      0.0870726
      51.6      0.1159225      0.0908477
      51.7      0.1255210      0.0985059
      51.8      0.1399210      0.1099579
      51.9      0.1589441      0.1250787
      52.0      0.1823696      0.1437092
      52.1      0.2099369      0.1656579
      52.2      0.2413478      0.1907022
      52.3      0.2762696      0.2185910
      52.4      0.3143383      0.2490470
      52.5      0.3551623      0.2817692
      52.6      0.3983262      0.3164361
      52.7      0.4433943      0.3527084
      52.8      0.4899155      0.3902324
      52.9      0.5374269      0.4286430
      53.0      0.5854585      0.4675679
      53.1      0.6335377      0.5066304
      53.2      0.6811934      0.5454530
      53.3      0.7279608      0.5836613
      53.4      0.7733853      0.6208872
      53.5      0.8170268      0.6567726
      53.6      0.8584641      0.6909724
      53.7      0.8972981      0.7231579
      53.8      0.9331560      0.7530199
      53.9      0.9656944      0.7802713
      54.0      0.9946024      0.8046502
      54.1      1.0196042      0.8259219
      54.2      1.0404621      0.8438811
      54.3      1.0569776      0.8583541
      54.4      1.0689941      0.8691999
      54.5      1.0763974      0.8763118
      54.6      1.0791169      0.8796182
      54.7      1.0771262      0.8790832
      54.8      1.0704429      0.8747069
      54.9      1.0591284      0.8665256
      55.0      1.0432870      0.8546107
      55.1      1.0230650      0.8390687
      55.2      0.9986490      0.8200398
      55.3      0.9702638      0.7976966
      55.4      0.9381705      0.7722423
      55.5      0.9026638      0.7439089
      55.6      0.8640689      0.7129549
      55.7      0.8227385      0.6796629
      55.8      0.7790497      0.6443369
      55.9      0.7333997      0.6072992
      56.0      0.6862026      0.5688877
      56.1      0.6378853      0.5294526
      56.2      0.5888832      0.4893528
      56.3      0.5396367      0.4489530
      56.4      0.4905863      0.4086198
      56.5      0.4421693      0.3687187
      56.6      0.3948149      0.3296104
      56.7      0.3489411      0.2916475
      56.8      0.3049500      0.2551713
      56.9      0.2632248      0.2205083
      57.0      0.2241259      0.1879678
      57.1      0.1879877      0.1578382
      57.2      0.1551158      0.1303852
      57.3      0.1257838      0.1058485
      57.4      0.1002315      0.0844403
      57.5      0.0786622      0.0663430
      57.6      0.0612412      0.0517077
      57.7      0.0480946      0.0406525
      57.8      0.0393079      0.0332620
      57.9      0.0349255      0.0295862
      58.0      0.0349507      0.0296399
      58.1      0.0393454      0.0334032
      58.2      0.0480309      0.0408211
      58.3      0.0608887      0.0518048
      58.4      0.0777618      0.0662318
      58.5      0.0984560      0.0839476
      58.6      0.1227426      0.1047671
      58.7      0.1503598      0.1284763
      58.8      0.1810159      0.1548345
      58.9      0.2143916      0.1835765
      59.0      0.2501437      0.2144150
      59.1      0.2879079      0.2470437
      59.2      0.3273024      0.2811397
      59.3      0.3679318      0.3163670
      59.4      0.4093903      0.3523794
      59.5      0.4512661      0.3888240
      59.6      0.4931449      0.4253442
      59.7      0.5346140      0.4615833
      59.8      0.5752659      0.4971878
      59.9      0.6147024      0.5318106
      60.0      0.6525380      0.5651145
      60.1      0.6884036      0.5967749
      60.2      0.7219501      0.6264833
      60.3      0.7528510      0.6539501
      60.4      0.7808061      0.6789070
      60.5      0.8055437      0.7011096
      60.6      0.8268232      0.7203398
      60.7      0.8444374      0.7364079
      60.8      0.8582140      0.7491539
      60.9      0.8680174      0.7584495
      61.0      0.8737498      0.7641988
      61.1      0.8753519      0.7663395
      61.2      0.8728032      0.7648433
      61.3      0.8661225      0.7597160
      61.4      0.8553671      0.7509978
      61.5      0.8406326      0.7387623
      61.6      0.8220515      0.7231165
      61.7      0.7997922      0.7041989
      61.8      0.7740568      0.6821790
      61.9      0.7450799      0.6572550
      62.0      0.7131256      0.6296525
      62.1      0.6784852      0.5996219
      62.2      0.6414745      0.5674361
      62.3      0.6024307      0.5333883
      62.4      0.5617092      0.4977887
      62.5      0.5196800      0.4609618
      62.6      0.4767247      0.4232435
      62.7      0.4332325      0.3849779
      62.8      0.3895967      0.3465137
      62.9      0.3462109      0.3082014
      63.0      0.3034655      0.2703897
      63.1      0.2617439      0.2334226
      63.2      0.2214193      0.1976357
      63.3      0.1828505      0.1633534
      63.4      0.1463795      0.1308858
      63.5      0.1123276      0.1005259
      63.6      0.0809932      0.0725465
      63.7      0.0526482      0.0471984
      63.8      0.0275362      0.0247071
      63.9      0.0058703      0.0052717
      64.0     -0.0121693     -0.0109377
      64.1     -0.0264363     -0.0237810
      64.2     -0.0368203     -0.0331500
      64.3     -0.0432467     -0.0389686
      64.4     -0.0456783     -0.0411942
      64.5     -0.0441151     -0.0398177
      64.6     -0.0385941     -0.0348634
      64.7     -0.0291891     -0.0263894
      64.8     -0.0160097     -0.0144861
      64.9      0.0007994      0.0007240
      65.0      0.0210606      0.0190874
      65.1      0.0445643      0.0404218
      65.2      0.0710714      0.0645170
      65.3      0.1003156      0.0911375
      65.4      0.1320057      0.1200243
      65.5      0.1658287      0.1508977
      65.6      0.2014525      0.1834595
      65.7      0.2385292      0.2173963
      65.8      0.2766982      0.2523820
      65.9      0.3155898      0.2880812
      66.0      0.3548286      0.3241521
      66.1      0.3940369      0.3602498
      66.2      0.4328382      0.3960295
      66.3      0.4708610      0.4311498
      66.4      0.5077418      0.4652757
      66.5      0.5431289      0.4980818
      66.6      0.5766853      0.5292556
      66.7      0.6080921      0.5584999
      66.8      0.6370508      0.5855359
      66.9      0.6632871      0.6101057
      67.0      0.6865523      0.6319747
      67.1      0.7066261      0.6509336
      67.2      0.7233186      0.6668007
      67.3      0.7364717      0.6794232
      67.4      0.7459609      0.6886787
      67.5      0.7516959      0.6944765
      67.6      0.7536217      0.6967580
      67.7      0.7517189      0.6954977
      67.8      0.7460038      0.6907030
      67.9      0.7365281      0.6824144
      68.0      0.7233784      0.6707048
      68.1      0.7066753      0.6556790
      68.2      0.6865723      0.6374726
      68.3      0.6632540      0.6162509
      68.4      0.6369345      0.5922067
      68.5      0.6078554      0.5655593
      68.6      0.5762833      0.5365519
      68.7      0.5425074      0.5054494
      68.8      0.5068367      0.4725359
      68.9      0.4695970      0.4381122
      69.0      0.4311280      0.4024926
      69.1      0.3917798      0.3660025
      69.2      0.3519101      0.3289746
      69.3      0.3118803      0.2917466
      69.4      0.2720525      0.2546573
      69.5      0.2327860      0.2180442
      69.6      0.1944338      0.1822393
      69.7      0.1573398      0.1475673
      69.8      0.1218351      0.1143414
      69.9      0.0882350      0.0828610
      70.0      0.0568365      0.0534088
      70.1      0.0279152      0.0262483
      70.2      0.0017229      0.0016210
      70.3     -0.0215148     -0.0202555
      70.4     -0.0416003     -0.0391899
      70.5     -0.0583661     -0.0550183
      70.6     -0.0716760     -0.0676064
      70.7     -0.0814265     -0.0768504
      70.8     -0.0875477     -0.0826780
      70.9     -0.0900037     -0.0850489
      71.0     -0.0887932     -0.0839556
      71.1     -0.0839489     -0.0794228
      71.2     -0.0755378     -0.0715078
      71.3     -0.0636599     -0.0602993
      71.4     -0.0484477     -0.0459172
      71.5     -0.0300645     -0.0285109
      71.6     -0.0087031     -0.0082581
      71.7      0.0154163      0.0146367
      71.8      0.0420480      0.0399444
      71.9      0.0709230      0.0674134
      72.0      0.1017521      0.0967720
      72.1      0.1342280      0.1277306
      72.2      0.1680287      0.1599851
      72.3      0.2028201      0.1932189
      72.4      0.2382596      0.2271068
      72.5      0.2739988      0.2613173
      72.6      0.3096870      0.2955158
      72.7      0.3449747      0.3293684
      72.8      0.3795166      0.3625439
      72.9      0.4129745      0.3947181
      73.0      0.4450211      0.4255758
      73.1      0.4753427      0.4548144
      73.2      0.5036420      0.4821463
      73.3      0.5296409      0.5073019
      73.4      0.5530832      0.5300321
      73.5      0.5737368      0.5501102
      73.6      0.5913960      0.5673344
      73.7      0.6058830      0.5815297
      73.8      0.6170500      0.5925493
      73.9      0.6247803      0.6002759
      74.0      0.6289891      0.6046231
      74.1      0.6296246      0.6055360
      74.2      0.6266684      0.6029916
      74.3      0.6201354      0.5969993
      74.4      0.6100739      0.5876003
      74.5      0.5965646      0.5748678
      74.6      0.5797206      0.5589060
      74.7      0.5596856      0.5398489
      74.8      0.5366327      0.5178594
      74.9      0.5107631      0.4931278
      75.0      0.4823037      0.4658696
      75.1      0.4515052      0.4363238
      75.2      0.4186399      0.4047508
      75.3      0.3839987      0.3714296
      75.4      0.3478890      0.3366553
      75.5      0.3106310      0.3007367
      75.6      0.2725556      0.2639928
      75.7      0.2340007      0.2267504
      75.8      0.1953083      0.1893407
      75.9      0.1568212      0.1520965
      76.0      0.1188801      0.1153488
      76.1      0.0818200      0.0794241
      76.2      0.0459676      0.0446407
      76.3      0.0116379      0.0113068
      76.4     -0.0208686     -0.0202834
      76.5     -0.0512684     -0.0498519
      76.6     -0.0792981     -0.0771393
      76.7     -0.1047164     -0.1019078
      76.8     -0.1273065     -0.1239429
      76.9     -0.1468777     -0.1430554
      77.0     -0.1632679     -0.1590833
      77.1     -0.1763442     -0.1718935
      77.2     -0.1860048     -0.1813825
      77.3     -0.1921793     -0.1874776
      77.4     -0.1948297     -0.1901376
      77.5     -0.1939505     -0.1893531
      77.6     -0.1895689     -0.1851467
      77.7     -0.1817443     -0.1775725
      77.8     -0.1705678     -0.1667157
      77.9     -0.1561612     -0.1526918
      78.0     -0.1386759     -0.1356455
      78.1     -0.1182917     -0.1157494
      78.2     -0.0952145     -0.0932023
      78.3     -0.0696749     -0.0682272
      78.4     -0.0419258     -0.0410694
      78.5     -0.0122400     -0.0119943
      78.6      0.0190923      0.0187156
      78.7      0.0517662      0.0507627
      78.8      0.0854651      0.0838374
      78.9      0.1198634      0.1176211
      79.0      0.1546298      0.1517888
      79.1      0.1894301      0.1860125
      79.2      0.2239305      0.2199641
      79.3      0.2578009      0.2533185
      79.4      0.2907174      0.2857564
      79.5      0.3223657      0.3169677
      79.6      0.3524440      0.3466539
      79.7      0.3806656      0.3745312
      79.8      0.4067616      0.4003330
      79.9      0.4304835      0.4238124
      80.0      0.4516053      0.4447444
      80.1      0.4699258      0.4629282
      80.2      0.4852700      0.4781888
      80.3      0.4974911      0.4903787
      80.4      0.5064719      0.4993793
      80.5      0.5121253      0.5051018
      80.6      0.5143956      0.5074884
      80.7      0.5132587      0.5065123
      80.8      0.5087224      0.5021783
      80.9      0.5008262      0.4945227
      81.0      0.4896411      0.4836128
      81.1      0.4752685      0.4695462
      81.2      0.4578396      0.4524501
      81.3      0.4375141      0.4324800
      81.4      0.4144782      0.4098180
      81.5      0.3889438      0.3846716
      81.6      0.3611454      0.3572712
      81.7      0.3313388      0.3278683
      81.8      0.2997980      0.2967329
      81.9      0.2668132      0.2641514
      82.0      0.2326877      0.2304232
      82.1      0.1977353      0.1958587
      82.2      0.1622773      0.1607759
      82.3      0.1266394      0.1254975
      82.4      0.0911487      0.0903480
      82.5      0.0561309      0.0556507
      82.6      0.0219070      0.0217246
      82.7     -0.0112095     -0.0111186
      82.8     -0.0429157     -0.0425773
      82.9     -0.0729219     -0.0723627
      83.0     -0.1009544     -0.1002019
      83.1     -0.1267579     -0.1258398
      83.2     -0.1500981     -0.1490422
      83.3     -0.1707634     -0.1695972
      83.4     -0.1885675     -0.1873178
      83.5     -0.2033504     -0.2020433
      83.6     -0.2149805     -0.2136407
      83.7     -0.2233553     -0.2220064
      83.8     -0.2284025     -0.2270666
      83.9     -0.2300809     -0.2287781
      84.0     -0.2283802     -0.2271291
      84.1     -0.2233216     -0.2221386
      84.2     -0.2149574     -0.2138570
      84.3     -0.2033703     -0.2023648
      84.4     -0.1886730     -0.1877725
      84.5     -0.1710066     -0.1702194
      84.6     -0.1505399     -0.1498718
      84.7     -0.1274672     -0.1269223
      84.8     -0.1020070     -0.1015872
      84.9     -0.0743996     -0.0741050
      85.0     -0.0449049     -0.0447341
      85.1     -0.0138003     -0.0137499
      85.2      0.0186222      0.0185569
      85.3      0.0520588      0.0518838
      85.4      0.0861964      0.0859188
      85.5      0.1207157      0.1203436
      85.6      0.1552940      0.1548363
      85.7      0.1896085      0.1890748
      85.8      0.2233389      0.2227391
      85.9      0.2561707      0.2555151
      86.0      0.2877979      0.2870968
      86.1      0.3179258      0.3171896
      86.2      0.3462740      0.3455127
      86.3      0.3725784      0.3718018
      86.4      0.3965944      0.3958118
      86.5      0.4180986      0.4173188
      86.6      0.4368909      0.4361219
      86.7      0.4527966      0.4520458
      86.8      0.4656676      0.4649416
      86.9      0.4753843      0.4746886
      87.0      0.4818559      0.4811955
      87.1      0.4850221      0.4844009
      87.2      0.4848529      0.4842741
      87.3      0.4813494      0.4808150
      87.4      0.4745433      0.4740548
      87.5      0.4644968      0.4640547
      87.6      0.4513023      0.4509064
      87.7      0.4350808      0.4347303
      87.8      0.4159814      0.4156748
      87.9      0.3941797      0.3939149
      88.0      0.3698760      0.3696507
      88.1      0.3432937      0.3431050
      88.2      0.3146770      0.3145217
      88.3      0.2842886      0.2841635
      88.4      0.2524076      0.2523092
      88.5      0.2193264      0.2192513
      88.6      0.1853484      0.1852931
      88.7      0.1507850      0.1507462
      88.8      0.1159527      0.1159273
      88.9      0.0811704      0.0811554
      89.0      0.0467560      0.0467488
      89.1      0.0130238      0.0130222
      89.2     -0.0197182     -0.0197163
      89.3     -0.0511717     -0.0511679
      89.4     -0.0810505     -0.0810461
      89.5     -0.1090832     -0.1090790
      89.6     -0.1350155     -0.1350122
      89.7     -0.1586131     -0.1586109
      89.8     -0.1796631     -0.1796620
      89.9     -0.1979766     -0.1979763
      90.0     -0.2133899     -0.2133899
      90.1     -0.2257666     -0.2257662
      90.2     -0.2349981     -0.2349966
      90.3     -0.2410051     -0.2410018
      90.4     -0.2437384     -0.2437325
      90.5     -0.2431788     -0.2431695
      90.6     -0.2393376     -0.2393245
      90.7     -0.2322566     -0.2322393
      90.8     -0.2220074     -0.2219857
      90.9     -0.2086908     -0.2086650
      91.0     -0.1924358     -0.1924065
      91.1     -0.1733988     -0.1733668
      91.2     -0.1517613     -0.1517281
      91.3     -0.1277291     -0.1276963
      91.4     -0.1015298     -0.1014995
      91.5     -0.0734107     -0.0733855
      91.6     -0.0436369     -0.0436199
      91.7     -0.0124884     -0.0124829
      91.8      0.0197422      0.0197325
      91.9      0.0527527      0.0527237
      92.0      0.0862338      0.0861813
      92.1      0.1198722      0.1197917
      92.2      0.1533534      0.1532404
      92.3      0.1863646      0.1862145
      92.4      0.2185976      0.2184058
      92.5      0.2497517      0.2495140
      92.6      0.2795364      0.2792486
      92.7      0.3076742      0.3073326
      92.8      0.3339030      0.3335043
      92.9      0.3579785      0.3575201
      93.0      0.3796767      0.3791564
      93.1      0.3987958      0.3982122
      93.2      0.4151578      0.4145105
      93.3      0.4286106      0.4278999
      93.4      0.4390291      0.4382564
      93.5      0.4463163      0.4454839
      93.6      0.4504044      0.4495156
      93.7      0.4512551      0.4503145
      93.8      0.4488603      0.4478734
      93.9      0.4432417      0.4422153
      94.0      0.4344511      0.4333928
      94.1      0.4225695      0.4214880
      94.2      0.4077064      0.4066115
      94.3      0.3899989      0.3889011
      94.4      0.3696104      0.3685210
      94.5      0.3467287      0.3456599
      94.6      0.3215650      0.3205292
      94.7      0.2943510      0.2933612
      94.8      0.2653375      0.2644069
      94.9      0.2347917      0.2339336
      95.0      0.2029947      0.2022222
      95.1      0.1702391      0.1695651
      95.2      0.1368261      0.1362630
      95.3      0.1030627      0.1026221
      95.4      0.0692591      0.0689517
      95.5      0.0357252      0.0355608
      95.6      0.0027687      0.0027555
      95.7     -0.0293086     -0.0291636
      95.8     -0.0602132     -0.0599049
      95.9     -0.0896627     -0.0891877
      96.0     -0.1173885     -0.1167454
      96.1     -0.1431379     -0.1423275
      96.2     -0.1666771     -0.1657022
      96.3     -0.1877926     -0.1866585
      96.4     -0.2062937     -0.2050080
      96.5     -0.2220141     -0.2205869
      96.6     -0.2348133     -0.2332571
      96.7     -0.2445780     -0.2429077
      96.8     -0.2512233     -0.2494561
      96.9     -0.2546931     -0.2528485
      97.0     -0.2549608     -0.2530604
      97.1     -0.2520296     -0.2500970
      97.2     -0.2459322     -0.2439930
      97.3     -0.2367309     -0.2348121
      97.4     -0.2245165     -0.2226466
      97.5     -0.2094079     -0.2076164
      97.6     -0.1915505     -0.1898679
      97.7     -0.1711154     -0.1695725
      97.8     -0.1482972     -0.1469251
      97.9     -0.1233127     -0.1221424
      98.0     -0.0963986     -0.0954604
      98.1     -0.0678091     -0.0671327
      98.2     -0.0378142     -0.0374276
      98.3     -0.0066965     -0.0066263
      98.4      0.0252513      0.0249804
      98.5      0.0577287      0.0570946
      98.6      0.0904308      0.0894140
      98.7      0.1230505      0.1216347
      98.8      0.1552819      0.1534540
      98.9      0.1868230      0.1845736
      99.0      0.2173781      0.2147018
      99.1      0.2466612      0.2435567
      99.2      0.2743981      0.2708683
      99.3      0.3003292      0.2963816
      99.4      0.3242119      0.3198584
      99.5      0.3458228      0.3410800
      99.6      0.3649597      0.3598488
      99.7      0.3814437      0.3759904
      99.8      0.3951204      0.3893548
      99.9      0.4058620      0.3998184
     100.0      0.4135676      0.4072846
     100.1      0.4181651      0.4116849
     100.2      0.4196110      0.4129793
     100.3      0.4178914      0.4111571
     100.4      0.4130216      0.4062362
     100.5      0.4050464      0.3982639
     100.6      0.3940396      0.3873154
     100.7      0.3801028      0.3734939
     100.8      0.3633653      0.3569291
     100.9      0.3439819      0.3377761
     101.0      0.3221325      0.3162140
     101.1      0.2980193      0.2924442
     101.2      0.2718660      0.2666884
     101.3      0.2439149      0.2391866
     101.4      0.2144250      0.2101947
     101.5      0.1836695      0.1799823
     101.6      0.1519333      0.1488301
     101.7      0.1195101      0.1170270
     101.8      0.0867003      0.0848681
     101.9      0.0538073      0.0526509
     102.0      0.0211354      0.0206735
     102.1     -0.0110134     -0.0107687
     102.2     -0.0423420     -0.0413857
     102.3     -0.0725612     -0.0708956
     102.4     -0.1013922     -0.0990270
     102.5     -0.1285693     -0.1255217
     102.6     -0.1538424     -0.1501374
     102.7     -0.1769792     -0.1726493
     102.8     -0.1977674     -0.1928527
     102.9     -0.2160167     -0.2105647
     103.0     -0.2315607     -0.2256259
     103.1     -0.2442583     -0.2379018
     103.2     -0.2539950     -0.2472842
     103.3     -0.2606840     -0.2536921
     103.4     -0.2642669     -0.2570725
     103.5     -0.2647147     -0.2574006
     103.6     -0.2620272     -0.2546803
     103.7     -0.2562341     -0.2489440
     103.8     -0.2473937     -0.2402525
     103.9     -0.2355930     -0.2286940
     104.0     -0.2209466     -0.2143836
     104.1     -0.2035958     -0.1974619
     104.2     -0.1837071     -0.1780940
     104.3     -0.1614708     -0.1564677
     104.4     -0.1370991     -0.1327919
     104.5     -0.1108242     -0.1072942
     104.6     -0.0828961     -0.0802193
     104.7     -0.0535804     -0.0518266
     104.8     -0.0231556     -0.0223873
     104.9      0.0080896      0.0078176
     105.0      0.0398584      0.0385003
     105.1      0.0718494      0.0693686
     105.2      0.1037590      0.1001291
     105.3      0.1352842      0.1304894
     105.4      0.1661259      0.1601612
     105.5      0.1959909      0.1888628
     105.6      0.2245955      0.2163220
     105.7      0.2516676      0.2422783
     105.8      0.2769495      0.2664858
     105.9      0.3002000      0.2887148
     106.0      0.3211973      0.3087546
     106.1      0.3397402      0.3264153
     106.2      0.3556509      0.3415293
     106.3      0.3687759      0.3539531
     106.4      0.3789881      0.3635686
     106.5      0.3861875      0.3702842
     106.6      0.3903023      0.3740355
     106.7      0.3912899      0.3747863
     106.8      0.3891367      0.3725282
     106.9      0.3838590      0.3672815
     107.0      0.3755020      0.3590943
     107.1      0.3641403      0.3480427
     107.2      0.3498764      0.3342294
     107.3      0.3328405      0.3177831
     107.4      0.3131888      0.2988574
     107.5      0.2911020      0.2776289
     107.6      0.2667842      0.2542962
     107.7      0.2404604      0.2290774
     107.8      0.2123748      0.2022083
     107.9      0.1827882      0.1739402
     108.0      0.1519759      0.1445377
     108.1      0.1202250      0.1142758
     108.2      0.0878318      0.0834377
     108.3      0.0550987      0.0523121
     108.4      0.0223320      0.0211903
     108.5     -0.0101617     -0.0096365
     108.6     -0.0420776     -0.0398798
     108.7     -0.0731161     -0.0692564
     108.8     -0.1029857     -0.0974913
     108.9     -0.1314051     -0.1243204
     109.0     -0.1581063     -0.1494925
     109.1     -0.1828373     -0.1727719
     109.2     -0.2053638     -0.1939407
     109.3     -0.2254723     -0.2128009
     109.4     -0.2429712     -0.2291760
     109.5     -0.2576934     -0.2429125
     109.6     -0.2694974     -0.2538821
     109.7     -0.2782689     -0.2619820
     109.8     -0.2839217     -0.2671364
     109.9     -0.2863987     -0.2692973
     110.0     -0.2856725     -0.2684443
     110.1     -0.2817455     -0.2645856
     110.2     -0.2746503     -0.2577574
     110.3     -0.2644489     -0.2480237
     110.4     -0.2512326     -0.2354758
     110.5     -0.2351209     -0.2202312
     110.6     -0.2162608     -0.2024330
     110.7     -0.1948251     -0.1822479
     110.8     -0.1710108     -0.1598653
     110.9     -0.1450376     -0.1354948
     111.0     -0.1171459     -0.1093651
     111.1     -0.0875941     -0.0817213
     111.2     -0.0566568     -0.0528225
     111.3     -0.0246219     -0.0229400
     111.4      0.0082120      0.0076458
     111.5      0.0415382      0.0386479
     111.6      0.0750451      0.0697751
     111.7      0.1084185      0.1007352
     111.8      0.1413453      0.1312371
     111.9      0.1735156      0.1609941
     112.0      0.2046265      0.1897263
     112.1      0.2343839      0.2171634
     112.2      0.2625062      0.2430468
     112.3      0.2887264      0.2671325
     112.4      0.3127947      0.2891931
     112.5      0.3344811      0.3090202
     112.6      0.3535771      0.3264260
     112.7      0.3698982      0.3412452
     112.8      0.3832853      0.3533366
     112.9      0.3936065      0.3625845
     113.0      0.4007580      0.3688997
     113.1      0.4046656      0.3722201
     113.2      0.4052849      0.3725117
     113.3      0.4026025      0.3697688
     113.4      0.3966352      0.3640138
     113.5      0.3874309      0.3552974
     113.6      0.3750675      0.3436978
     113.7      0.3596525      0.3293203
     113.8      0.3413222      0.3122961
     113.9      0.3202402      0.2927809
     114.0      0.2965961      0.2709540
     114.1      0.2706037      0.2470163
     114.2      0.2424993      0.2211885
     114.3      0.2125390      0.1937088
     114.4      0.1809972      0.1648312
     114.5      0.1481631      0.1348227
     114.6      0.1143390      0.1039612
     114.7      0.0798368      0.0725324
     114.8      0.0449754      0.0408277
     114.9      0.0100779      0.0091411
     115.0     -0.0245317     -0.0222333
     115.1     -0.0585313     -0.0530041
     115.2     -0.0916037     -0.0828855
     115.3     -0.1234396     -0.1115996
     115.4     -0.1537405     -0.1388793
     115.5     -0.1822216     -0.1644706
     115.6     -0.2086141     -0.1881350
     115.7     -0.2326682     -0.2096520
     115.8     -0.2541551     -0.2288206
     115.9     -0.2728693     -0.2454617
     116.0     -0.2886305     -0.2594194
     116.1     -0.3012856     -0.2705628
     116.2     -0.3107096     -0.2787868
     116.3     -0.3168075     -0.2840136
     116.4     -0.3195147     -0.2861931
     116.5     -0.3187979     -0.2853032
     116.6     -0.3146555     -0.2813506
     116.7     -0.3071177     -0.2743702
     116.8     -0.2962461     -0.2644250
     116.9     -0.2821333     -0.2516057
     117.0     -0.2649022     -0.2360296
     117.1     -0.2447049     -0.2178394
     117.2     -0.2217213     -0.1972026
     117.3     -0.1961575     -0.1743089
     117.4     -0.1682438     -0.1493695
     117.5     -0.1382332     -0.1226143
     117.6     -0.1063982     -0.0942905
     117.7     -0.0730293     -0.0646597
     117.8     -0.0384315     -0.0339957
     117.9     -0.0029220     -0.0025824
     118.0      0.0331725      0.0292896
     118.1      0.0695196      0.0613251
     118.2      0.1057835      0.0932274
     118.3      0.1416283      0.1247005
     118.4      0.1767212      0.1554526
     118.5      0.2107357      0.1851981
     118.6      0.2433543      0.2136609
     118.7      0.2742716      0.2405763
     118.8      0.3031972      0.2656937
     118.9      0.3298585      0.2887794
     119.0      0.3540028      0.3096179
     119.1      0.3754004      0.3280145
     119.2      0.3938461      0.3437969
     119.3      0.4091613      0.3568170
     119.4      0.4211963      0.3669520
     119.5      0.4298307      0.3741056
     119.6      0.4349754      0.3782089
     119.7      0.4365733      0.3792213
     119.8      0.4345996      0.3771305
     119.9      0.4290625      0.3719528
     120.0      0.4200028      0.3637331
     120.1      0.4074941      0.3525441
     120.2      0.3916415      0.3384859
     120.3      0.3725815      0.3216852
     120.4      0.3504801      0.3022939
     120.5      0.3255318      0.2804877
     120.6      0.2979575      0.2564645
     120.7      0.2680029      0.2304429
     120.8      0.2359361      0.2026597
     120.9      0.2020451      0.1733678
     121.0      0.1666354      0.1428344
     121.1      0.1300269      0.1113377
     121.2      0.0925513      0.0791651
     121.3      0.0545491      0.0466100
     121.4      0.0163661      0.0139693
     121.5     -0.0216495     -0.0184592
     121.6     -0.0591502     -0.0503798
     121.7     -0.0957926     -0.0815014
     121.8     -0.1312406     -0.1115404
     121.9     -0.1651683     -0.1402232
     122.0     -0.1972632     -0.1672887
     122.1     -0.2272290     -0.1924907
     122.2     -0.2547885     -0.2156003
     122.3     -0.2796859     -0.2364078
     122.4     -0.3016896     -0.2547249
     122.5     -0.3205940     -0.2703862
     122.6     -0.3362217     -0.2832508
     122.7     -0.3484251     -0.2932035
     122.8     -0.3570879     -0.3001561
     122.9     -0.3621259     -0.3040481
     123.0     -0.3634884     -0.3048470
     123.1     -0.3611583     -0.3025491
     123.2     -0.3551523     -0.2971788
     123.3     -0.3455213     -0.2887893
     123.4     -0.3323494     -0.2774612
     123.5     -0.3157535     -0.2633023
     123.6     -0.2958822     -0.2464466
     123.7     -0.2729148     -0.2270526
     123.8     -0.2470592     -0.2053023
     123.9     -0.2185502     -0.1813994
     124.0     -0.1876479     -0.1555671
     124.1     -0.1546344     -0.1280466
     124.2     -0.1198123     -0.0990944
     124.3     -0.0835010     -0.0689800
     124.4     -0.0460345     -0.0379837
     124.5     -0.0077580     -0.0063936
     124.6      0.0309751      0.0254968
     124.7      0.0698068      0.0573912
     124.8      0.1083771      0.0889938
     124.9      0.1463280      0.1200112
     125.0      0.1833064      0.1501558
     125.1      0.2189675      0.1791482
     125.2      0.2529781      0.2067197
     125.3      0.2850193      0.2326149
     125.4      0.3147899      0.2565940
     125.5      0.3420090      0.2784349
     125.6      0.3664188      0.2979354
     125.7      0.3877867      0.3149152
     125.8      0.4059078      0.3292172
     125.9      0.4206067      0.3407089
     126.0      0.4317391      0.3492843
     126.1      0.4391935      0.3548639
     126.2      0.4428919      0.3573962
     126.3      0.4427909      0.3568577
     126.4      0.4388820      0.3532534
     126.5      0.4311917      0.3466164
     126.6      0.4197816      0.3370080
     126.7      0.4047476      0.3245168
     126.8      0.3862192      0.3092578
     126.9      0.3643584      0.2913718
     127.0      0.3393582      0.2710235
     127.1      0.3114411      0.2484004
     127.2      0.2808568      0.2237109
     127.3      0.2478801      0.1971820
     127.4      0.2128084      0.1690581
     127.5      0.1759591      0.1395978
     127.6      0.1376666      0.1090718
     127.7      0.0982792      0.0777608
     127.8      0.0581560      0.0459523
     127.9      0.0176638      0.0139382
     128.0     -0.0228268     -0.0179877
     128.1     -0.0629441     -0.0495329
     128.2     -0.1023194     -0.0804084
     128.3     -0.1405901     -0.1103318
     128.4     -0.1774027     -0.1390294
     128.5     -0.2124170     -0.1662393
     128.6     -0.2453083     -0.1917135
     128.7     -0.2757711     -0.2152201
     128.8     -0.3035215     -0.2365458
     128.9     -0.3283001     -0.2554973
     129.0     -0.3498747     -0.2719037
     129.1     -0.3680419     -0.2856176
     129.2     -0.3826294     -0.2965166
     129.3     -0.3934979     -0.3045045
     129.4     -0.4005417     -0.3095120
     129.5     -0.4036907     -0.3114976
     129.6     -0.4029102     -0.3104477
     129.7     -0.3982022     -0.3063766
     129.8     -0.3896047     -0.2993268
     129.9     -0.3771917     -0.2893683
     130.0     -0.3610727     -0.2765978
     130.1     -0.3413919     -0.2611380
     130.2     -0.3183263     -0.2431364
     130.3     -0.2920850     -0.2227640
     130.4     -0.2629065     -0.2002134
     130.5     -0.2310573     -0.1756973
     130.6     -0.1968290     -0.1494466
     130.7     -0.1605358     -0.1217077
     130.8     -0.1225117     -0.0927408
     130.9     -0.0831075     -0.0628171
     131.0     -0.0426875     -0.0322167
     131.1     -0.0016260     -0.0012253
     131.2      0.0396957      0.0298677
     131.3      0.0808933      0.0607723
     131.4      0.1215827      0.0912005
     131.5      0.1613837      0.1208692
     131.6      0.1999234      0.1495024
     131.7      0.2368400      0.1768338
     131.8      0.2717857      0.2026097
     131.9      0.3044303      0.2265910
     132.0      0.3344643      0.2485554
     132.1      0.3616014      0.2682995
     132.2      0.3855819      0.2856408
     132.3      0.4061745      0.3004193
     132.4      0.4231788      0.3124986
     132.5      0.4364274      0.3217680
     132.6      0.4457871      0.3281426
     132.7      0.4511607      0.3315646
     132.8      0.4524876      0.3320036
     132.9      0.4497446      0.3294572
     133.0      0.4429464      0.3239505
     133.1      0.4321450      0.3155360
     133.2      0.4174301      0.3042935
     133.3      0.3989277      0.2903287
     133.4      0.3767992      0.2737728
     133.5      0.3512403      0.2547807
     133.6      0.3224788      0.2335301
     133.7      0.2907729      0.2102193
     133.8      0.2564089      0.1850657
     133.9      0.2196982      0.1583038
     134.0      0.1809752      0.1301826
     134.1      0.1405933      0.1009638
     134.2      0.0989228      0.0709188
     134.3      0.0563466      0.0403268
     134.4      0.0132569      0.0094717
     134.5     -0.0299480     -0.0213604
     134.6     -0.0728679     -0.0518838
     134.7     -0.1151041     -0.0818159
     134.8     -0.1562633     -0.1108799
     134.9     -0.1959611     -0.1388071
     135.0     -0.2338256     -0.1653397
     135.1     -0.2695011     -0.1902332
     135.2     -0.3026511     -0.2132583
     135.3     -0.3329618     -0.2342036
     135.4     -0.3601449     -0.2528768
     135.5     -0.3839404     -0.2691074
     135.6     -0.4041191     -0.2827473
     135.7     -0.4204847     -0.2936730
     135.8     -0.4328761     -0.3017861
     135.9     -0.4411683     -0.3070147
     136.0     -0.4452745     -0.3093137
     136.1     -0.4451464     -0.3086654
     136.2     -0.4407750     -0.3050794
     136.3     -0.4321908     -0.2985930
     136.4     -0.4194635     -0.2892702
     136.5     -0.4027017     -0.2772015
     136.6     -0.3820517     -0.2625030
     136.7     -0.3576968     -0.2453150
     136.8     -0.3298549     -0.2258012
     136.9     -0.2987773     -0.2041467
     137.0     -0.2647462     -0.1805564
     137.1     -0.2280719     -0.1552533
     137.2     -0.1890907     -0.1284760
     137.3     -0.1481610     -0.1004768
     137.4     -0.1056606     -0.0715191
     137.5     -0.0619832     -0.0418752
     137.6     -0.0175346     -0.0118236
     137.7      0.0272710      0.0183537
     137.8      0.0720146      0.0483737
     137.9      0.1162767      0.0779550
     138.0      0.1596407      0.1068205
     138.1      0.2016974      0.1347001
     138.2      0.2420482      0.1613330
     138.3      0.2803092      0.1864702
     138.4      0.3161148      0.2098769
     138.5      0.3491211      0.2313347
     138.6      0.3790094      0.2506434
     138.7      0.4054888      0.2676233
     138.8      0.4282994      0.2821163
     138.9      0.4472147      0.2939879
     139.0      0.4620440      0.3031281
     139.1      0.4726338      0.3094526
     139.2      0.4788700      0.3129035
     139.3      0.4806788      0.3134499
     139.4      0.4780275      0.3110879
     139.5      0.4709249      0.3058413
     139.6      0.4594219      0.2977605
     139.7      0.4436103      0.2869226
     139.8      0.4236229      0.2734306
     139.9      0.3996319      0.2574124
     140.0      0.3718479      0.2390192
     140.1      0.3405176      0.2184249
     140.2      0.3059220      0.1958236
     140.3      0.2683737      0.1714285
     140.4      0.2282144      0.1454693
     140.5      0.1858115      0.1181906
     140.6      0.1415548      0.0898491
     140.7      0.0958533      0.0607117
     140.8      0.0491311      0.0310523
     140.9      0.0018238      0.0011502
     141.0     -0.0456259     -0.0287133
     141.1     -0.0927720     -0.0582574
     141.2     -0.1391693     -0.0872040
     141.3     -0.1843778     -0.1152809
     141.4     -0.2279667     -0.1422238
     141.5     -0.2695184     -0.1677791
     141.6     -0.3086325     -0.1917064
     141.7     -0.3449298     -0.2137802
     141.8     -0.3780555     -0.2337927
     141.9     -0.4076832     -0.2515552
     142.0     -0.4335175     -0.2669000
     142.1     -0.4552974     -0.2796824
     142.2     -0.4727984     -0.2897815
     142.3     -0.4858352     -0.2971014
     142.4     -0.4942634     -0.3015724
     142.5     -0.4979812     -0.3031517
     142.6     -0.4969301     -0.3018234
     142.7     -0.4910964     -0.2975987
     142.8     -0.4805109     -0.2905165
     142.9     -0.4652492     -0.2806420
     143.0     -0.4454309     -0.2680670
     143.1     -0.4212191     -0.2529084
     143.2     -0.3928188     -0.2353077
     143.3     -0.3604753     -0.2154291
     143.4     -0.3244723     -0.1934585
     143.5     -0.2851290     -0.1696012
     143.6     -0.2427976     -0.1440807
     143.7     -0.1978605     -0.1171360
     143.8     -0.1507263     -0.0890198
     143.9     -0.1018264     -0.0599957
     144.0     -0.0516112     -0.0303363
     144.1     -0.0005459     -0.0003201
     144.2      0.0508937      0.0297707
     144.3      0.1022256      0.0596529
     144.4      0.1529662      0.0890451
     144.5      0.2026343      0.1176703
     144.6      0.2507564      0.1452584
     144.7      0.2968702      0.1715487
     144.8      0.3405298      0.1962924
     144.9      0.3813094      0.2192549
     145.0      0.4188077      0.2402182
     145.1      0.4526514      0.2589826
     145.2      0.4824992      0.2753689
     145.3      0.5080450      0.2892196
     145.4      0.5290210      0.3004013
     145.5      0.5452002      0.3088048
     145.6      0.5563990      0.3143471
     145.7      0.5624792      0.3169717
     145.8      0.5633492      0.3166492
     145.9      0.5589656      0.3133779
     146.0      0.5493334      0.3071833
     146.1      0.5345066      0.2981184
     146.2      0.5145880      0.2862630
     146.3      0.4897282      0.2717230
     146.4      0.4601250      0.2546293
     146.5      0.4260214      0.2351370
     146.6      0.3877038      0.2134235
     146.7      0.3454997      0.1896872
     146.8      0.2997748      0.1641457
     146.9      0.2509301      0.1370334
     147.0      0.1993979      0.1085999
     147.1      0.1456386      0.0791072
     147.2      0.0901362      0.0488275
     147.3      0.0333941      0.0180408
     147.4     -0.0240693     -0.0129679
     147.5     -0.0817256     -0.0439111
     147.6     -0.1390409     -0.0745018
     147.7     -0.1954808     -0.1044556
     147.8     -0.2505154     -0.1334937
     147.9     -0.3036242     -0.1613455
     148.0     -0.3543010     -0.1877509
     148.1     -0.4020585     -0.2124631
     148.2     -0.4464329     -0.2352504
     148.3     -0.4869889     -0.2558988
     148.4     -0.5233229     -0.2742138
     148.5     -0.5550680     -0.2900222
     148.6     -0.5818967     -0.3031738
     148.7     -0.6035248     -0.3135427
     148.8     -0.6197142     -0.3210287
     148.9     -0.6302750     -0.3255580
     149.0     -0.6350680     -0.3270842
     149.1     -0.6340063     -0.3255884
     149.2     -0.6270563     -0.3210797
     149.3     -0.6142383     -0.3135950
     149.4     -0.5956268     -0.3031987
     149.5     -0.5713503     -0.2899822
     149.6     -0.5415902     -0.2740629
     149.7     -0.5065798     -0.2555835
     149.8     -0.4666022     -0.2347102
     149.9     -0.4219884     -0.2116317
     150.0     -0.3731142     -0.1865571
     150.1     -0.3203974     -0.1597142
     150.2     -0.2642939     -0.1313472
     150.3     -0.2052942     -0.1017148
     150.4     -0.1439188     -0.0710875
     150.5     -0.0807138     -0.0397454
     150.6     -0.0162460     -0.0079752
     150.7      0.0489021      0.0239318
     150.8      0.1141376      0.0556831
     150.9      0.1788625      0.0869872
     151.0      0.2424791      0.1175562
     151.1      0.3043957      0.1471091
     151.2      0.3640317      0.1753736
     151.3      0.4208235      0.2020893
     151.4      0.4742290      0.2270096
     151.5      0.5237337      0.2499041
     151.6      0.5688548      0.2705611
     151.7      0.6091463      0.2887891
     151.8      0.6442030      0.3044186
     151.9      0.6736648      0.3173041
     152.0      0.6972204      0.3273251
     152.1      0.7146099      0.3343873
     152.2      0.7256282      0.3384233
     152.3      0.7301270      0.3393937
     152.4      0.7280165      0.3372872
     152.5      0.7192669      0.3321205
     152.6      0.7039088      0.3239387
     152.7      0.6820334      0.3128143
     152.8      0.6537924      0.2988471
     152.9      0.6193968      0.2821631
     153.0      0.5791155      0.2629129
     153.1      0.5332732      0.2412713
     153.2      0.4822479      0.2174347
     153.3      0.4264678      0.1916201
     153.4      0.3664080      0.1640625
     153.5      0.3025860      0.1350132
     153.6      0.2355580      0.1047374
     153.7      0.1659133      0.0735114
     153.8      0.0942700      0.0416207
     153.9      0.0212689      0.0093570
     154.0     -0.0524318     -0.0229846
     154.1     -0.1261623     -0.0551079
     154.2     -0.1992475     -0.0867187
     154.3     -0.2710131     -0.1175273
     154.4     -0.3407914     -0.1472511
     154.5     -0.4079279     -0.1756175
     154.6     -0.4717868     -0.2023660
     154.7     -0.5317577     -0.2272508
     154.8     -0.5872605     -0.2500434
     154.9     -0.6377515     -0.2705338
     155.0     -0.6827286     -0.2885336
     155.1     -0.7217359     -0.3038767
     155.2     -0.7543683     -0.3164214
     155.3     -0.7802758     -0.3260516
     155.4     -0.7991670     -0.3326779
     155.5     -0.8108119     -0.3362382
     155.6     -0.8150452     -0.3366988
     155.7     -0.8117676     -0.3340540
     155.8     -0.8009475     -0.3283268
     155.9     -0.7826219     -0.3195684
     156.0     -0.7568966     -0.3078576
     156.1     -0.7239457     -0.2933005
     156.2     -0.6840107     -0.2760293
     156.3     -0.6373986     -0.2562010
     156.4     -0.5844801     -0.2339961
     156.5     -0.5256863     -0.2096169
     156.6     -0.4615054     -0.1832859
     156.7     -0.3924790     -0.1552433
     156.8     -0.3191973     -0.1257452
     156.9     -0.2422943     -0.0950611
     157.0     -0.1624426     -0.0634714
     157.1     -0.0803471     -0.0312650
     157.2      0.0032605      0.0012635
     157.3      0.0876285      0.0338164
     157.4      0.1719918      0.0660956
     157.5      0.2555786      0.0978057
     157.6      0.3376172      0.1286559
     157.7      0.4173435      0.1583636
     157.8      0.4940074      0.1866561
     157.9      0.5668800      0.2132740
     158.0      0.6352605      0.2379728
     158.1      0.6984822      0.2605253
     158.2      0.7559197      0.2807243
     158.3      0.8069942      0.2983835
     158.4      0.8511795      0.3133401
     158.5      0.8880069      0.3254556
     158.6      0.9170703      0.3346177
     158.7      0.9380304      0.3407407
     158.8      0.9506178      0.3437668
     158.9      0.9546370      0.3436663
     159.0      0.9499678      0.3404380
     159.1      0.9365679      0.3341094
     159.2      0.9144736      0.3247359
     159.3      0.8838000      0.3124011
     159.4      0.8447411      0.2972151
     159.5      0.7975686      0.2793144
     159.6      0.7426299      0.2588600
     159.7      0.6803461      0.2360363
     159.8      0.6112087      0.2110493
     159.9      0.5357757      0.1841245
     160.0      0.4546674      0.1555054
     160.1      0.3685612      0.1254507
     160.2      0.2781862      0.0942322
     160.3      0.1843172      0.0621325
     160.4      0.0877679      0.0294419
     160.5     -0.0106158     -0.0035436
     160.6     -0.1099631     -0.0365255
     160.7     -0.2093862     -0.0692052
     160.8     -0.3079877     -0.1012869
     160.9     -0.4048685     -0.1324802
     161.0     -0.4991365     -0.1625029
     161.1     -0.5899138     -0.1910833
     161.2     -0.6763453     -0.2179629
     161.3     -0.7576064     -0.2428985
     161.4     -0.8329107     -0.2656646
     161.5     -0.9015171     -0.2860556
     161.6     -0.9627375     -0.3038872
     161.7     -1.0159430     -0.3189984
     161.8     -1.0605700     -0.3312530
     161.9     -1.0961263     -0.3405406
     162.0     -1.1221959     -0.3467776
     162.1     -1.1384438     -0.3499082
     162.2     -1.1446190     -0.3499047
     162.3     -1.1405588     -0.3467676
     162.4     -1.1261898     -0.3405259
     162.5     -1.1015306     -0.3312366
     162.6     -1.0666918     -0.3189844
     162.7     -1.0218762     -0.3038803
     162.8     -0.9673780     -0.2860615
     162.9     -0.9035810     -0.2656892
     163.0     -0.8309560     -0.2429480
     163.1     -0.7500578     -0.2180435
     163.2     -0.6615209     -0.1912006
     163.3     -0.5660544     -0.1626617
     163.4     -0.4644371     -0.1326843
     163.5     -0.3575108     -0.1015386
     163.6     -0.2461738     -0.0695051
     163.7     -0.1313731     -0.0368720
     163.8     -0.0140968     -0.0039329
     163.9      0.1046341      0.0290166
     164.0      0.2237749      0.0616807
     164.1      0.3422658      0.0937669
     164.2      0.4590414      0.1249879
     164.3      0.5730396      0.1550648
     164.4      0.6832120      0.1837292
     164.5      0.7885322      0.2107261
     164.6      0.8880060      0.2358154
     164.7      0.9806801      0.2587750
     164.8      1.0656511      0.2794022
     164.9      1.1420742      0.2975155
     165.0      1.2091710      0.3129565
     165.1      1.2662372      0.3255911
     165.2      1.3126499      0.3353108
     165.3      1.3478736      0.3420336
     165.4      1.3714664      0.3457046
     165.5      1.3830843      0.3462966
     165.6      1.3824859      0.3438103
     165.7      1.3695355      0.3382739
     165.8      1.3442053      0.3297435
     165.9      1.3065773      0.3183019
     166.0      1.2568434      0.3040579
     166.1      1.1953051      0.2871458
     166.2      1.1223723      0.2677233
     166.3      1.0385607      0.2459708
     166.4      0.9444887      0.2220891
     166.5      0.8408730      0.1962979
     166.6      0.7285236      0.1688338
     166.7      0.6083377      0.1399479
     166.8      0.4812929      0.1099036
     166.9      0.3484395      0.0789743
     167.0      0.2108924      0.0474405
     167.1      0.0698218      0.0155877
     167.2     -0.0735562     -0.0162963
     167.3     -0.2179896     -0.0479242
     167.4     -0.3622012     -0.0790118
     167.5     -0.5048996     -0.1092803
     167.6     -0.6447898     -0.1384591
     167.7     -0.7805848     -0.1662883
     167.8     -0.9110172     -0.1925205
     167.9     -1.0348499     -0.2169237
     168.0     -1.1508877     -0.2392830
     168.1     -1.2579882     -0.2594024
     168.2     -1.3550722     -0.2771069
     168.3     -1.4411344     -0.2922437
     168.4     -1.5152524     -0.3046838
     168.5     -1.5765965     -0.3143228
     168.6     -1.6244377     -0.3210820
     168.7     -1.6581555     -0.3249092
     168.8     -1.6772448     -0.3257786
     168.9     -1.6813216     -0.3236913
     169.0     -1.6701283     -0.3186755
     169.1     -1.6435374     -0.3107854
     169.2     -1.6015544     -0.3001014
     169.3     -1.5443197     -0.2867286
     169.4     -1.4721094     -0.2707965
     169.5     -1.3853345     -0.2524572
     169.6     -1.2845394     -0.2318839
     169.7     -1.1703991     -0.2092700
     169.8     -1.0437155     -0.1848261
     169.9     -0.9054121     -0.1587791
     170.0     -0.7565277     -0.1313697
     170.1     -0.5982096     -0.1028496
     170.2     -0.4317053     -0.0734803
     170.3     -0.2583530     -0.0435297
     170.4     -0.0795718     -0.0132701
     170.5      0.1031490      0.0170245
     170.6      0.2882620      0.0470807
     170.7      0.4741734      0.0766282
     170.8      0.6592562      0.1054027
     170.9      0.8418632      0.1331475
     171.0      1.0203408      0.1596165
     171.1      1.1930428      0.1845761
     171.2      1.3583441      0.2078074
     171.3      1.5146553      0.2291080
     171.4      1.6604359      0.2482939
     171.5      1.7942086      0.2652009
     171.6      1.9145721      0.2796865
     171.7      2.0202145      0.2916305
     171.8      2.1099254      0.3009364
     171.9      2.1826078      0.3075321
     172.0      2.2372887      0.3113704
     172.1      2.2731297      0.3124293
     172.2      2.2894357      0.3107121
     172.3      2.2856633      0.3062473
     172.4      2.2614277      0.2990883
     172.5      2.2165086      0.2893124
     172.6      2.1508546      0.2770206
     172.7      2.0645867      0.2623359
     172.8      1.9580001      0.2454025
     172.9      1.8315651      0.2263842
     173.0      1.6859258      0.2054627
     173.1      1.5218984      0.1828361
     173.2      1.3404674      0.1587167
     173.3      1.1427806      0.1333291
     173.4      0.9301432      0.1069080
     173.5      0.7040095      0.0796961
     173.6      0.4659745      0.0519417
     173.7      0.2177639      0.0238962
     173.8     -0.0387777     -0.0041880
     173.9     -0.3016988     -0.0320597
     174.0     -0.5689541     -0.0594719
     174.1     -0.8384193     -0.0861832
     174.2     -1.1079056     -0.1119608
     174.3     -1.3751759     -0.1365821
     174.4     -1.6379604     -0.1598369
     174.5     -1.8939742     -0.1815294
     174.6     -2.1409335     -0.2014796
     174.7     -2.3765735     -0.2195255
     174.8     -2.5986654     -0.2355238
     174.9     -2.8050337     -0.2493515
     175.0     -2.9935732     -0.2609071
     175.1     -3.1622661     -0.2701110
     175.2     -3.3091978     -0.2769065
     175.3     -3.4325727     -0.2812599
     175.4     -3.5307293     -0.2831607
     175.5     -3.6021544     -0.2826218
     175.6     -3.6454958     -0.2796789
     175.7     -3.6595749     -0.2743903
     175.8     -3.6433977     -0.2668359
     175.9     -3.5961638     -0.2571165
     176.0     -3.5172758     -0.2453528
     176.1     -3.4063454     -0.2316836
     176.2     -3.2631994     -0.2162649
     176.3     -3.0878833     -0.1992682
     176.4     -2.8806641     -0.1808784
     176.5     -2.6420309     -0.1612921
     176.6     -2.3726940     -0.1407159
     176.7     -2.0735826     -0.1193638
     176.8     -1.7458408     -0.0974555
     176.9     -1.3908218     -0.0752140
     177.0     -1.0100811     -0.0528636
     177.1     -0.6053673     -0.0306273
     177.2     -0.1786124     -0.0087252
     177.3      0.2680803      0.0126283
     177.4      0.7324483      0.0332260
     177.5      1.2120849      0.0528704
     177.6      1.7044536      0.0713751
     177.7      2.2069049      0.0885670
     177.8      2.7166934      0.1042879
     177.9      3.2309955      0.1183957
     178.0      3.7469283      0.1307659
     178.1      4.2615686      0.1412931
     178.2      4.7719725      0.1498913
     178.3      5.2751951      0.1564952
     178.4      5.7683107      0.1610607
     178.5      6.2484321      0.1635649
     178.6      6.7127308      0.1640066
     178.7      7.1584559      0.1624063
     178.8      7.5829534      0.1588054
     178.9      7.9836840      0.1532663
     179.0      8.3582410      0.1458714
     179.1      8.7043667      0.1367222
     179.2      9.0199680      0.1259384
     179.3      9.3031310      0.1136564
     179.4      9.5521344      0.1000279
     179.5      9.7654612      0.0852186
     179.6      9.9418095      0.0694064
     179.7     10.0801016      0.0527790
     179.8     10.1794912      0.0355331
     179.9     10.2393696      0.0178711
     180.0     10.2593700      0.0000000
