 # List of d(q) for j, j' =            7           9
 #    0  1.00000000
 #    1  0.83956306
 #    2  0.75288134
 #    3  0.63951449
 #    4  0.56785917
 #    5  0.48486687
 #    6  0.43187916
 #    7  0.36819454
 #    8  0.32879391
 #    9  0.27667961
 #   10  0.24736243
 #   11  0.20092913
 #   12  0.18151876
 #   13  0.13279775
 #   14  0.13478585
       0.0   1817.8228780      0.0000000
       0.1   1817.7154006      3.1725102
       0.2   1817.3929995      6.3438854
       0.3   1816.8557677      9.5129911
       0.4   1816.1038604     12.6786938
       0.5   1815.1374946     15.8398618
       0.6   1813.9569492     18.9953656
       0.7   1812.5625649     22.1440784
       0.8   1810.9547440     25.2848767
       0.9   1809.1339503     28.4166410
       1.0   1807.1007089     31.5382560
       1.1   1804.8556060     34.6486115
       1.2   1802.3992885     37.7466027
       1.3   1799.7324643     40.8311308
       1.4   1796.8559012     43.9011035
       1.5   1793.7704273     46.9554358
       1.6   1790.4769304     49.9930500
       1.7   1786.9763577     53.0128768
       1.8   1783.2697153     56.0138554
       1.9   1779.3580680     58.9949342
       2.0   1775.2425388     61.9550711
       2.1   1770.9243086     64.8932345
       2.2   1766.4046155     67.8084031
       2.3   1761.6847544     70.6995671
       2.4   1756.7660767     73.5657279
       2.5   1751.6499896     76.4058994
       2.6   1746.3379556     79.2191079
       2.7   1740.8314918     82.0043929
       2.8   1735.1321696     84.7608070
       2.9   1729.2416138     87.4874173
       3.0   1723.1615024     90.1833050
       3.1   1716.8935652     92.8475660
       3.2   1710.4395841     95.4793118
       3.3   1703.8013917     98.0776692
       3.4   1696.9808707    100.6417815
       3.5   1689.9799536    103.1708080
       3.6   1682.8006214    105.6639253
       3.7   1675.4449032    108.1203270
       3.8   1667.9148755    110.5392243
       3.9   1660.2126610    112.9198467
       4.0   1652.3404281    115.2614417
       4.1   1644.3003902    117.5632756
       4.2   1636.0948042    119.8246338
       4.3   1627.7259707    122.0448209
       4.4   1619.1962320    124.2231613
       4.5   1610.5079721    126.3589992
       4.6   1601.6636152    128.4516991
       4.7   1592.6656253    130.5006461
       4.8   1583.5165046    132.5052460
       4.9   1574.2187933    134.4649257
       5.0   1564.7750681    136.3791333
       5.1   1555.1879414    138.2473385
       5.2   1545.4600603    140.0690329
       5.3   1535.5941058    141.8437296
       5.4   1525.5927914    143.5709644
       5.5   1515.4588625    145.2502951
       5.6   1505.1950951    146.8813021
       5.7   1494.8042946    148.4635885
       5.8   1484.2892954    149.9967801
       5.9   1473.6529591    151.4805260
       6.0   1462.8981740    152.9144980
       6.1   1452.0278534    154.2983914
       6.2   1441.0449354    155.6319246
       6.3   1429.9523808    156.9148394
       6.4   1418.7531730    158.1469013
       6.5   1407.4503160    159.3278990
       6.6   1396.0468340    160.4576451
       6.7   1384.5457697    161.5359755
       6.8   1372.9501836    162.5627500
       6.9   1361.2631529    163.5378520
       7.0   1349.4877698    164.4611884
       7.1   1337.6271412    165.3326900
       7.2   1325.6843869    166.1523109
       7.3   1313.6626387    166.9200290
       7.4   1301.5650394    167.6358457
       7.5   1289.3947414    168.2997859
       7.6   1277.1549056    168.9118976
       7.7   1264.8487006    169.4722525
       7.8   1252.4793012    169.9809453
       7.9   1240.0498870    170.4380938
       8.0   1227.5636422    170.8438387
       8.1   1215.0237534    171.1983437
       8.2   1202.4334091    171.5017950
       8.3   1189.7957985    171.7544014
       8.4   1177.1141100    171.9563942
       8.5   1164.3915306    172.1080265
       8.6   1151.6312442    172.2095736
       8.7   1138.8364311    172.2613327
       8.8   1126.0102665    172.2636223
       8.9   1113.1559191    172.2167823
       9.0   1100.2765509    172.1211736
       9.1   1087.3753152    171.9771782
       9.2   1074.4553558    171.7851984
       9.3   1061.5198062    171.5456569
       9.4   1048.5717881    171.2589963
       9.5   1035.6144106    170.9256791
       9.6   1022.6507691    170.5461871
       9.7   1009.6839441    170.1210213
       9.8    996.7170003    169.6507014
       9.9    983.7529854    169.1357657
      10.0    970.7949295    168.5767704
      10.1    957.8458433    167.9742896
      10.2    944.9087181    167.3289150
      10.3    931.9865240    166.6412549
      10.4    919.0822091    165.9119348
      10.5    906.1986989    165.1415961
      10.6    893.3388948    164.3308963
      10.7    880.5056737    163.4805083
      10.8    867.7018867    162.5911202
      10.9    854.9303581    161.6634348
      11.0    842.1938850    160.6981691
      11.1    829.4952359    159.6960540
      11.2    816.8371500    158.6578339
      11.3    804.2223365    157.5842660
      11.4    791.6534736    156.4761201
      11.5    779.1332075    155.3341782
      11.6    766.6641519    154.1592339
      11.7    754.2488873    152.9520919
      11.8    741.8899597    151.7135677
      11.9    729.5898802    150.4444869
      12.0    717.3511243    149.1456852
      12.1    705.1761310    147.8180072
      12.2    693.0673023    146.4623066
      12.3    681.0270020    145.0794453
      12.4    669.0575559    143.6702932
      12.5    657.1612503    142.2357273
      12.6    645.3403317    140.7766318
      12.7    633.5970064    139.2938970
      12.8    621.9334395    137.7884191
      12.9    610.3517546    136.2611000
      13.0    598.8540330    134.7128461
      13.1    587.4423135    133.1445684
      13.2    576.1185915    131.5571817
      13.3    564.8848189    129.9516041
      13.4    553.7429033    128.3287569
      13.5    542.6947074    126.6895634
      13.6    531.7420493    125.0349491
      13.7    520.8867010    123.3658406
      13.8    510.1303891    121.6831655
      13.9    499.4747936    119.9878519
      14.0    488.9215479    118.2808277
      14.1    478.4722384    116.5630200
      14.2    468.1284043    114.8353551
      14.3    457.8915370    113.0987576
      14.4    447.7630802    111.3541499
      14.5    437.7444295    109.6024520
      14.6    427.8369318    107.8445808
      14.7    418.0418859    106.0814497
      14.8    408.3605415    104.3139680
      14.9    398.7940995    102.5430407
      15.0    389.3437116    100.7695676
      15.1    380.0104805     98.9944435
      15.2    370.7954594     97.2185569
      15.3    361.6996523     95.4427904
      15.4    352.7240135     93.6680196
      15.5    343.8694481     91.8951129
      15.6    335.1368114     90.1249312
      15.7    326.5269094     88.3583273
      15.8    318.0404984     86.5961455
      15.9    309.6782855     84.8392211
      16.0    301.4409281     83.0883804
      16.1    293.3290346     81.3444395
      16.2    285.3431641     79.6082049
      16.3    277.4838264     77.8804723
      16.4    269.7514827     76.1620266
      16.5    262.1465453     74.4536414
      16.6    254.6693777     72.7560787
      16.7    247.3202953     71.0700886
      16.8    240.0995652     69.3964088
      16.9    233.0074067     67.7357643
      17.0    226.0439912     66.0888671
      17.1    219.2094430     64.4564159
      17.2    212.5038390     62.8390959
      17.3    205.9272097     61.2375780
      17.4    199.4795388     59.6525193
      17.5    193.1607642     58.0845620
      17.6    186.9707780     56.5343337
      17.7    180.9094268     55.0024468
      17.8    174.9765127     53.4894984
      17.9    169.1717928     51.9960701
      18.0    163.4949806     50.5227275
      18.1    157.9457457     49.0700204
      18.2    152.5237147     47.6384820
      18.3    147.2284715     46.2286294
      18.4    142.0595579     44.8409626
      18.5    137.0164742     43.4759653
      18.6    132.0986793     42.1341035
      18.7    127.3055919     40.8158265
      18.8    122.6365905     39.5215661
      18.9    118.0910144     38.2517365
      19.0    113.6681639     37.0067343
      19.1    109.3673012     35.7869385
      19.2    105.1876509     34.5927100
      19.3    101.1284007     33.4243919
      19.4     97.1887017     32.2823092
      19.5     93.3676698     31.1667686
      19.6     89.6643856     30.0780589
      19.7     86.0778954     29.0164504
      19.8     82.6072118     27.9821951
      19.9     79.2513148     26.9755269
      20.0     76.0091518     25.9966610
      20.1     72.8796388     25.0457944
      20.2     69.8616610     24.1231057
      20.3     66.9540738     23.2287552
      20.4     64.1557029     22.3628847
      20.5     61.4653458     21.5256178
      20.6     58.8817719     20.7170597
      20.7     56.4037237     19.9372974
      20.8     54.0299176     19.1863999
      20.9     51.7590444     18.4644179
      21.0     49.5897701     17.7713842
      21.1     47.5207370     17.1073137
      21.2     45.5505643     16.4722032
      21.3     43.6778489     15.8660324
      21.4     41.9011661     15.2887627
      21.5     40.2190706     14.7403387
      21.6     38.6300974     14.2206873
      21.7     37.1327623     13.7297185
      21.8     35.7255630     13.2673250
      21.9     34.4069797     12.8333831
      22.0     33.1754762     12.4277521
      22.1     32.0295005     12.0502752
      22.2     30.9674856     11.7007791
      22.3     29.9878508     11.3790747
      22.4     29.0890017     11.0849568
      22.5     28.2693318     10.8182049
      22.6     27.5272231     10.5785831
      22.7     26.8610466     10.3658402
      22.8     26.2691637     10.1797104
      22.9     25.7499264     10.0199131
      23.0     25.3016787      9.8861535
      23.1     24.9227573      9.7781227
      23.2     24.6114919      9.6954981
      23.3     24.3662067      9.6379435
      23.4     24.1852210      9.6051095
      23.5     24.0668497      9.5966339
      23.6     24.0094046      9.6121419
      23.7     24.0111949      9.6512464
      23.8     24.0705280      9.7135484
      23.9     24.1857104      9.7986371
      24.0     24.3550485      9.9060907
      24.1     24.5768493     10.0354762
      24.2     24.8494212     10.1863501
      24.3     25.1710747     10.3582587
      24.4     25.5401234     10.5507381
      24.5     25.9548845     10.7633152
      24.6     26.4136796     10.9955075
      24.7     26.9148357     11.2468236
      24.8     27.4566855     11.5167639
      24.9     28.0375685     11.8048205
      25.0     28.6558314     12.1104777
      25.1     29.3098291     12.4332126
      25.2     29.9979252     12.7724953
      25.3     30.7184928     13.1277895
      25.4     31.4699151     13.4985522
      25.5     32.2505861     13.8842352
      25.6     33.0589112     14.2842844
      25.7     33.8933080     14.6981409
      25.8     34.7522068     15.1252412
      25.9     35.6340512     15.5650173
      26.0     36.5372988     16.0168976
      26.1     37.4604218     16.4803069
      26.2     38.4019076     16.9546670
      26.3     39.3602592     17.4393969
      26.4     40.3339960     17.9339135
      26.5     41.3216542     18.4376317
      26.6     42.3217874     18.9499649
      26.7     43.3329672     19.4703254
      26.8     44.3537836     19.9981249
      26.9     45.3828453     20.5327744
      27.0     46.4187807     21.0736855
      27.1     47.4602381     21.6202697
      27.2     48.5058858     22.1719399
      27.3     49.5544133     22.7281096
      27.4     50.6045311     23.2881943
      27.5     51.6549713     23.8516114
      27.6     52.7044883     24.4177804
      27.7     53.7518585     24.9861239
      27.8     54.7958814     25.5560670
      27.9     55.8353797     26.1270389
      28.0     56.8691994     26.6984719
      28.1     57.8962105     27.2698030
      28.2     58.9153070     27.8404734
      28.3     59.9254074     28.4099291
      28.4     60.9254550     28.9776214
      28.5     61.9144180     29.5430070
      28.6     62.8912899     30.1055484
      28.7     63.8550897     30.6647145
      28.8     64.8048620     31.2199804
      28.9     65.7396775     31.7708280
      29.0     66.6586328     32.3167465
      29.1     67.5608511     32.8572322
      29.2     68.4454818     33.3917894
      29.3     69.3117009     33.9199301
      29.4     70.1587113     34.4411747
      29.5     70.9857427     34.9550521
      29.6     71.7920517     35.4611000
      29.7     72.5769220     35.9588651
      29.8     73.3396645     36.4479035
      29.9     74.0796170     36.9277808
      30.0     74.7961448     37.3980724
      30.1     75.4886405     37.8583637
      30.2     76.1565236     38.3082504
      30.3     76.7992412     38.7473387
      30.4     77.4162676     39.1752453
      30.5     78.0071043     39.5915980
      30.6     78.5712797     39.9960355
      30.7     79.1083499     40.3882078
      30.8     79.6178974     40.7677763
      30.9     80.0995322     41.1344141
      31.0     80.5528909     41.4878058
      31.1     80.9776368     41.8276483
      31.2     81.3734600     42.1536501
      31.3     81.7400770     42.4655322
      31.4     82.0772307     42.7630277
      31.5     82.3846900     43.0458823
      31.6     82.6622499     43.3138539
      31.7     82.9097313     43.5667134
      31.8     83.1269805     43.8042441
      31.9     83.3138693     44.0262424
      32.0     83.4702947     44.2325172
      32.1     83.5961785     44.4228905
      32.2     83.6914673     44.5971974
      32.3     83.7561319     44.7552858
      32.4     83.7901673     44.8970168
      32.5     83.7935926     45.0222645
      32.6     83.7664501     45.1309161
      32.7     83.7088055     45.2228719
      32.8     83.6207475     45.2980455
      32.9     83.5023873     45.3563633
      33.0     83.3538583     45.3977650
      33.1     83.1753162     45.4222033
      33.2     82.9669377     45.4296439
      33.3     82.7289212     45.4200655
      33.4     82.4614858     45.3934597
      33.5     82.1648709     45.3498311
      33.6     81.8393361     45.2891970
      33.7     81.4851607     45.2115873
      33.8     81.1026433     45.1170448
      33.9     80.6921012     45.0056248
      34.0     80.2538703     44.8773948
      34.1     79.7883045     44.7324348
      34.2     79.2957753     44.5708372
      34.3     78.7766712     44.3927063
      34.4     78.2313976     44.1981583
      34.5     77.6603761     43.9873214
      34.6     77.0640440     43.7603353
      34.7     76.4428541     43.5173515
      34.8     75.7972740     43.2585327
      34.9     75.1277858     42.9840526
      35.0     74.4348854     42.6940963
      35.1     73.7190823     42.3888595
      35.2     72.9808989     42.0685486
      35.3     72.2208700     41.7333804
      35.4     71.4395427     41.3835821
      35.5     70.6374755     41.0193908
      35.6     69.8152377     40.6410535
      35.7     68.9734095     40.2488269
      35.8     68.1125809     39.8429769
      35.9     67.2333515     39.4237788
      36.0     66.3363300     38.9915165
      36.1     65.4221337     38.5464828
      36.2     64.4913877     38.0889791
      36.3     63.5447249     37.6193146
      36.4     62.5827852     37.1378067
      36.5     61.6062149     36.6447804
      36.6     60.6156664     36.1405681
      36.7     59.6117979     35.6255095
      36.8     58.5952723     35.0999508
      36.9     57.5667571     34.5642453
      37.0     56.5269241     34.0187521
      37.1     55.4764484     33.4638368
      37.2     54.4160083     32.8998705
      37.3     53.3462847     32.3272297
      37.4     52.2679604     31.7462964
      37.5     51.1817201     31.1574571
      37.6     50.0882495     30.5611032
      37.7     48.9882348     29.9576302
      37.8     47.8823625     29.3474377
      37.9     46.7713190     28.7309290
      38.0     45.6557896     28.1085108
      38.1     44.5364587     27.4805927
      38.2     43.4140087     26.8475875
      38.3     42.2891202     26.2099100
      38.4     41.1624711     25.5679776
      38.5     40.0347362     24.9222093
      38.6     38.9065870     24.2730258
      38.7     37.7786910     23.6208491
      38.8     36.6517115     22.9661021
      38.9     35.5263070     22.3092083
      39.0     34.4031309     21.6505918
      39.1     33.2828312     20.9906765
      39.2     32.1660498     20.3298860
      39.3     31.0534224     19.6686438
      39.4     29.9455778     19.0073720
      39.5     28.8431380     18.3464919
      39.6     27.7467173     17.6864233
      39.7     26.6569224     17.0275842
      39.8     25.5743518     16.3703906
      39.9     24.4995953     15.7152564
      40.0     23.4332340     15.0625925
      40.1     22.3758400     14.4128073
      40.2     21.3279756     13.7663058
      40.3     20.2901935     13.1234898
      40.4     19.2630362     12.4847571
      40.5     18.2470359     11.8505018
      40.6     17.2427139     11.2211136
      40.7     16.2505808     10.5969778
      40.8     15.2711358      9.9784748
      40.9     14.3048667      9.3659801
      41.0     13.3522496      8.7598639
      41.1     12.4137484      8.1604909
      41.2     11.4898151      7.5682201
      41.3     10.5808890      6.9834044
      41.4      9.6873971      6.4063906
      41.5      8.8097531      5.8375191
      41.6      7.9483582      5.2771233
      41.7      7.1035999      4.7255303
      41.8      6.2758527      4.1830596
      41.9      5.4654774      3.6500237
      42.0      4.6728210      3.1267276
      42.1      3.8982169      2.6134684
      42.2      3.1419844      2.1105356
      42.3      2.4044286      1.6182106
      42.4      1.6858407      1.1367664
      42.5      0.9864974      0.6664680
      42.6      0.3066609      0.2075714
      42.7     -0.3534207     -0.2396757
      42.8     -0.9935143     -0.6750347
      42.9     -1.6134012     -1.0982758
      43.0     -2.2128771     -1.5091786
      43.1     -2.7917529     -1.9075316
      43.2     -3.3498540     -2.2931328
      43.3     -3.8870203     -2.6657899
      43.4     -4.4031070     -3.0253198
      43.5     -4.8979836     -3.3715494
      43.6     -5.3715347     -3.7043153
      43.7     -5.8236594     -4.0234638
      43.8     -6.2542716     -4.3288514
      43.9     -6.6633001     -4.6203445
      44.0     -7.0506880     -4.8978195
      44.1     -7.4163933     -5.1611630
      44.2     -7.7603882     -5.4102718
      44.3     -8.0826597     -5.6450531
      44.4     -8.3832090     -5.8654240
      44.5     -8.6620516     -6.0713122
      44.6     -8.9192172     -6.2626556
      44.7     -9.1547496     -6.4394024
      44.8     -9.3687065     -6.6015111
      44.9     -9.5611595     -6.7489507
      45.0     -9.7321940     -6.8817004
      45.1     -9.8819087     -6.9997496
      45.2    -10.0104161     -7.1030983
      45.3    -10.1178416     -7.1917565
      45.4    -10.2043239     -7.2657444
      45.5    -10.2700147     -7.3250926
      45.6    -10.3150782     -7.3698416
      45.7    -10.3396914     -7.4000420
      45.8    -10.3440436     -7.4157546
      45.9    -10.3283362     -7.4170498
      46.0    -10.2927826     -7.4040082
      46.1    -10.2376082     -7.3767199
      46.2    -10.1630495     -7.3352849
      46.3    -10.0693546     -7.2798125
      46.4     -9.9567826     -7.2104218
      46.5     -9.8256035     -7.1272409
      46.6     -9.6760978     -7.0304076
      46.7     -9.5085564     -6.9200683
      46.8     -9.3232803     -6.7963788
      46.9     -9.1205803     -6.6595037
      47.0     -8.9007769     -6.5096161
      47.1     -8.6641996     -6.3468979
      47.2     -8.4111873     -6.1715393
      47.3     -8.1420874     -5.9837389
      47.4     -7.8572559     -5.7837032
      47.5     -7.5570568     -5.5716467
      47.6     -7.2418623     -5.3477919
      47.7     -6.9120519     -5.1123685
      47.8     -6.5680126     -4.8656139
      47.9     -6.2101382     -4.6077725
      48.0     -5.8388296     -4.3390960
      48.1     -5.4544936     -4.0598426
      48.2     -5.0575435     -3.7702773
      48.3     -4.6483982     -3.4706716
      48.4     -4.2274820     -3.1613029
      48.5     -3.7952245     -2.8424551
      48.6     -3.3520600     -2.5144173
      48.7     -2.8984276     -2.1774847
      48.8     -2.4347703     -1.8319575
      48.9     -1.9615352     -1.4781411
      49.0     -1.4791728     -1.1163459
      49.1     -0.9881370     -0.7468867
      49.2     -0.4888845     -0.3700831
      49.3      0.0181253      0.0137414
      49.4      0.5324306      0.4042593
      49.5      1.0535680      0.8011394
      49.6      1.5810720      1.2040469
      49.7      2.1144760      1.6126439
      49.8      2.6533125      2.0265895
      49.9      3.1971131      2.4455402
      50.0      3.7454090      2.8691498
      50.1      4.2977316      3.2970700
      50.2      4.8536124      3.7289504
      50.3      5.4125832      4.1644391
      50.4      5.9741771      4.6031826
      50.5      6.5379282      5.0448261
      50.6      7.1033719      5.4890139
      50.7      7.6700457      5.9353898
      50.8      8.2374889      6.3835966
      50.9      8.8052435      6.8332776
      51.0      9.3728537      7.2840754
      51.1      9.9398672      7.7356335
      51.2     10.5058345      8.1875957
      51.3     11.0703099      8.6396065
      51.4     11.6328514      9.0913115
      51.5     12.1930211      9.5423577
      51.6     12.7503854      9.9923936
      51.7     13.3045154     10.4410693
      51.8     13.8549871     10.8880371
      51.9     14.4013816     11.3329515
      52.0     14.9432853     11.7754695
      52.1     15.4802905     12.2152508
      52.2     16.0119950     12.6519581
      52.3     16.5380031     13.0852573
      52.4     17.0579253     13.5148175
      52.5     17.5713786     13.9403119
      52.6     18.0779869     14.3614171
      52.7     18.5773811     14.7778140
      52.8     19.0691994     15.1891879
      52.9     19.5530874     15.5952282
      53.0     20.0286981     15.9956296
      53.1     20.4956928     16.3900911
      53.2     20.9537404     16.7783173
      53.3     21.4025182     17.1600179
      53.4     21.8417119     17.5349080
      53.5     22.2710155     17.9027086
      53.6     22.6901320     18.2631465
      53.7     23.0987730     18.6159545
      53.8     23.4966593     18.9608716
      53.9     23.8835208     19.2976432
      54.0     24.2590966     19.6260214
      54.1     24.6231352     19.9457649
      54.2     24.9753948     20.2566391
      54.3     25.3156431     20.5584167
      54.4     25.6436575     20.8508774
      54.5     25.9592254     21.1338083
      54.6     26.2621441     21.4070037
      54.7     26.5522209     21.6702656
      54.8     26.8292732     21.9234038
      54.9     27.0931287     22.1662356
      55.0     27.3436251     22.3985864
      55.1     27.5806107     22.6202896
      55.2     27.8039440     22.8311866
      55.3     28.0134940     23.0311271
      55.4     28.2091399     23.2199690
      55.5     28.3907717     23.3975785
      55.6     28.5582897     23.5638303
      55.7     28.7116048     23.7186078
      55.8     28.8506383     23.8618025
      55.9     28.9753221     23.9933149
      56.0     29.0855987     24.1130541
      56.1     29.1814209     24.2209378
      56.2     29.2627521     24.3168925
      56.3     29.3295663     24.4008536
      56.4     29.3818476     24.4727649
      56.5     29.4195907     24.5325796
      56.6     29.4428008     24.5802593
      56.7     29.4514929     24.6157746
      56.8     29.4456928     24.6391049
      56.9     29.4254360     24.6502385
      57.0     29.3907684     24.6491724
      57.1     29.3417456     24.6359125
      57.2     29.2784336     24.6104735
      57.3     29.2009077     24.5728787
      57.4     29.1092533     24.5231603
      57.5     29.0035654     24.4613589
      57.6     28.8839483     24.3875241
      57.7     28.7505159     24.3017138
      57.8     28.6033914     24.2039943
      57.9     28.4427070     24.0944406
      58.0     28.2686042     23.9731360
      58.1     28.0812331     23.8401719
      58.2     27.8807528     23.6956481
      58.3     27.6673308     23.5396724
      58.4     27.4411431     23.3723607
      58.5     27.2023742     23.1938368
      58.6     26.9512164     23.0042322
      58.7     26.6878701     22.8036863
      58.8     26.4125437     22.5923459
      58.9     26.1254528     22.3703653
      59.0     25.8268207     22.1379062
      59.1     25.5168780     21.8951375
      59.2     25.1958622     21.6422352
      59.3     24.8640176     21.3793820
      59.4     24.5215954     21.1067678
      59.5     24.1688532     20.8245887
      59.6     23.8060547     20.5330476
      59.7     23.4334697     20.2323535
      59.8     23.0513741     19.9227218
      59.9     22.6600492     19.6043737
      60.0     22.2597816     19.2775364
      60.1     21.8508635     18.9424425
      60.2     21.4335916     18.5993303
      60.3     21.0082677     18.2484434
      60.4     20.5751979     17.8900303
      60.5     20.1346929     17.5243446
      60.6     19.6870670     17.1516447
      60.7     19.2326389     16.7721934
      60.8     18.7717304     16.3862579
      60.9     18.3046668     15.9941094
      61.0     17.8317768     15.5960234
      61.1     17.3533917     15.1922789
      61.2     16.8698455     14.7831583
      61.3     16.3814747     14.3689477
      61.4     15.8886179     13.9499360
      61.5     15.3916157     13.5264153
      61.6     14.8908103     13.0986800
      61.7     14.3865454     12.6670274
      61.8     13.8791659     12.2317568
      61.9     13.3690178     11.7931698
      62.0     12.8564476     11.3515694
      62.1     12.3418024     10.9072607
      62.2     11.8254295     10.4605500
      62.3     11.3076764     10.0117446
      62.4     10.7888902      9.5611531
      62.5     10.2694175      9.1090845
      62.6      9.7496042      8.6558486
      62.7      9.2297955      8.2017553
      62.8      8.7103352      7.7471147
      62.9      8.1915657      7.2922367
      63.0      7.6738279      6.8374307
      63.1      7.1574608      6.3830058
      63.2      6.6428012      5.9292702
      63.3      6.1301839      5.4765309
      63.4      5.6199408      5.0250939
      63.5      5.1124013      4.5752636
      63.6      4.6078918      4.1273428
      63.7      4.1067355      3.6816326
      63.8      3.6092522      3.2384317
      63.9      3.1157582      2.7980368
      64.0      2.6265660      2.3607419
      64.1      2.1419840      1.9268384
      64.2      1.6623165      1.4966148
      64.3      1.1878635      1.0703565
      64.4      0.7189202      0.6483456
      64.5      0.2557773      0.2308608
      64.6     -0.2012796     -0.1818230
      64.7     -0.6519699     -0.5894346
      64.8     -1.0960185     -0.9917071
      64.9     -1.5331554     -1.3883777
      65.0     -1.9631165     -1.7791877
      65.1     -2.3856434     -2.1638836
      65.2     -2.8004837     -2.5422161
      65.3     -3.2073911     -2.9139410
      65.4     -3.6061253     -3.2788194
      65.5     -3.9964527     -3.6366172
      65.6     -4.3781461     -3.9871061
      65.7     -4.7509849     -4.3300632
      65.8     -5.1147553     -4.6652712
      65.9     -5.4692504     -4.9925187
      66.0     -5.8142704     -5.3116004
      66.1     -6.1496227     -5.6223168
      66.2     -6.4751216     -5.9244751
      66.3     -6.7905891     -6.2178884
      66.4     -7.0958545     -6.5023766
      66.5     -7.3907547     -6.7777661
      66.6     -7.6751342     -7.0438899
      66.7     -7.9488450     -7.3005880
      66.8     -8.2117473     -7.5477072
      66.9     -8.4637088     -7.7851013
      67.0     -8.7046052     -8.0126313
      67.1     -8.9343202     -8.2301654
      67.2     -9.1527456     -8.4375789
      67.3     -9.3597811     -8.6347545
      67.4     -9.5553346     -8.8215826
      67.5     -9.7393223     -8.9979606
      67.6     -9.9116684     -9.1637937
      67.7    -10.0723053     -9.3189948
      67.8    -10.2211738     -9.4634842
      67.9    -10.3582228     -9.5971900
      68.0    -10.4834094     -9.7200479
      68.1    -10.5966991     -9.8320016
      68.2    -10.6980657     -9.9330024
      68.3    -10.7874911    -10.0230094
      68.4    -10.8649654    -10.1019894
      68.5    -10.9304872    -10.1699173
      68.6    -10.9840628    -10.2267756
      68.7    -11.0257072    -10.2725547
      68.8    -11.0554431    -10.3072528
      68.9    -11.0733016    -10.3308759
      69.0    -11.0793216    -10.3434378
      69.1    -11.0735501    -10.3449601
      69.2    -11.0560421    -10.3354720
      69.3    -11.0268602    -10.3150106
      69.4    -10.9860752    -10.2836204
      69.5    -10.9337652    -10.2413538
      69.6    -10.8700163    -10.1882705
      69.7    -10.7949221    -10.1244380
      69.8    -10.7085835    -10.0499309
      69.9    -10.6111089     -9.9648314
      70.0    -10.5026141     -9.8692290
      70.1    -10.3832220     -9.7632204
      70.2    -10.2530626     -9.6469094
      70.3    -10.1122729     -9.5204071
      70.4     -9.9609968     -9.3838313
      70.5     -9.7993848     -9.2373067
      70.6     -9.6275943     -9.0809651
      70.7     -9.4457889     -8.9149445
      70.8     -9.2541387     -8.7393900
      70.9     -9.0528202     -8.5544526
      71.0     -8.8420158     -8.3602901
      71.1     -8.6219138     -8.1570664
      71.2     -8.3927085     -7.9449512
      71.3     -8.1545997     -7.7241206
      71.4     -7.9077929     -7.4947563
      71.5     -7.6524988     -7.2570456
      71.6     -7.3889332     -7.0111815
      71.7     -7.1173173     -6.7573624
      71.8     -6.8378768     -6.4957918
      71.9     -6.5508422     -6.2266786
      72.0     -6.2564487     -5.9502363
      72.1     -5.9549355     -5.6666833
      72.2     -5.6465464     -5.3762428
      72.3     -5.3315290     -5.0791423
      72.4     -5.0101346     -4.7756135
      72.5     -4.6826183     -4.4658925
      72.6     -4.3492387     -4.1502190
      72.7     -4.0102575     -3.8288367
      72.8     -3.6659397     -3.5019929
      72.9     -3.3165530     -3.1699382
      73.0     -2.9623679     -2.8329265
      73.1     -2.6036574     -2.4912147
      73.2     -2.2406968     -2.1450627
      73.3     -1.8737635     -1.7947328
      73.4     -1.5031369     -1.4404901
      73.5     -1.1290982     -1.0826016
      73.6     -0.7519300     -0.7213369
      73.7     -0.3719162     -0.3569671
      73.8      0.0106580      0.0102349
      73.9      0.3955066      0.3799945
      74.0      0.7823426      0.7520360
      74.1      1.1708787      1.1260824
      74.2      1.5608272      1.5018560
      74.3      1.9519002      1.8790782
      74.4      2.3438098      2.2574699
      74.5      2.7362684      2.6367515
      74.6      3.1289888      3.0166437
      74.7      3.5216844      3.3968668
      74.8      3.9140695      3.7771416
      74.9      4.3058593      4.1571893
      75.0      4.6967704      4.5367318
      75.1      5.0865205      4.9154917
      75.2      5.4748291      5.2931929
      75.3      5.8614175      5.6695601
      75.4      6.2460087      6.0443199
      75.5      6.6283281      6.4172003
      75.6      7.0081034      6.7879309
      75.7      7.3850646      7.1562438
      75.8      7.7589445      7.5218727
      75.9      8.1294789      7.8845540
      76.0      8.4964063      8.2440267
      76.1      8.8594687      8.6000323
      76.2      9.2184113      8.9523152
      76.3      9.5729829      9.3006231
      76.4      9.9229360      9.6447068
      76.5     10.2680269      9.9843205
      76.6     10.6080160     10.3192221
      76.7     10.9426677     10.6491730
      76.8     11.2717508     10.9739388
      76.9     11.5950387     11.2932890
      77.0     11.9123092     11.6069975
      77.1     12.2233450     11.9148423
      77.2     12.5279335     12.2166062
      77.3     12.8258673     12.5120766
      77.4     13.1169440     12.8010456
      77.5     13.4009667     13.0833103
      77.6     13.6777436     13.3586730
      77.7     13.9470887     13.6269412
      77.8     14.2088212     13.8879277
      77.9     14.4627666     14.1414507
      78.0     14.7087558     14.3873342
      78.1     14.9466258     14.6254076
      78.2     15.1762196     14.8555065
      78.3     15.3973865     15.0774721
      78.4     15.6099818     15.2911518
      78.5     15.8138671     15.4963991
      78.6     16.0089106     15.6930736
      78.7     16.1949869     15.8810415
      78.8     16.3719769     16.0601751
      78.9     16.5397683     16.2303533
      79.0     16.6982555     16.3914616
      79.1     16.8473396     16.5433919
      79.2     16.9869282     16.6860430
      79.3     17.1169361     16.8193205
      79.4     17.2372848     16.9431366
      79.5     17.3479026     17.0574104
      79.6     17.4487249     17.1620680
      79.7     17.5396939     17.2570424
      79.8     17.6207589     17.3422735
      79.9     17.6918762     17.4177084
      80.0     17.7530090     17.4833009
      80.1     17.8041277     17.5390122
      80.2     17.8452096     17.5848105
      80.3     17.8762391     17.6206709
      80.4     17.8972077     17.6465758
      80.5     17.9081136     17.6625146
      80.6     17.9089624     17.6684838
      80.7     17.8997665     17.6644869
      80.8     17.8805452     17.6505346
      80.9     17.8513250     17.6266447
      81.0     17.8121389     17.5928419
      81.1     17.7630270     17.5491578
      81.2     17.7040364     17.4956312
      81.3     17.6352206     17.4323077
      81.4     17.5566400     17.3592399
      81.5     17.4683618     17.2764870
      81.6     17.3704597     17.1841151
      81.7     17.2630137     17.0821973
      81.8     17.1461108     16.9708129
      81.9     17.0198439     16.8500481
      82.0     16.8843126     16.7199956
      82.1     16.7396225     16.5807545
      82.2     16.5858855     16.4324302
      82.3     16.4232195     16.2751346
      82.4     16.2517484     16.1089856
      82.5     16.0716021     15.9341073
      82.6     15.8829161     15.7506299
      82.7     15.6858317     15.5586893
      82.8     15.4804957     15.3584273
      82.9     15.2670604     15.1499916
      83.0     15.0456834     14.9335352
      83.1     14.8165277     14.7092167
      83.2     14.5797613     14.4772001
      83.3     14.3355570     14.2376544
      83.4     14.0840926     13.9907540
      83.5     13.8255508     13.7366782
      83.6     13.5601187     13.4756109
      83.7     13.2879877     13.2077410
      83.8     13.0093539     12.9332618
      83.9     12.7244173     12.6523710
      84.0     12.4333820     12.3652706
      84.1     12.1364559     12.0721668
      84.2     11.8338507     11.7732697
      84.3     11.5257817     11.4687933
      84.4     11.2124677     11.1589550
      84.5     10.8941305     10.8439761
      84.6     10.5709953     10.5240808
      84.7     10.2432901     10.1994969
      84.8      9.9112456      9.8704549
      84.9      9.5750955      9.5371883
      85.0      9.2350755      9.1999332
      85.1      8.8914238      8.8589283
      85.2      8.5443809      8.5144145
      85.3      8.1941889      8.1666350
      85.4      7.8410920      7.8158349
      85.5      7.4853359      7.4622611
      85.6      7.1271677      7.1061622
      85.7      6.7668359      6.7477882
      85.8      6.4045901      6.3873904
      85.9      6.0406806      6.0252212
      86.0      5.6753588      5.6615339
      86.1      5.3088765      5.2965826
      86.2      4.9414859      4.9306219
      86.3      4.5734395      4.5639067
      86.4      4.2049899      4.1966923
      86.5      3.8363895      3.8292338
      86.6      3.4678904      3.4617864
      86.7      3.0997445      3.0946046
      86.8      2.7322029      2.7279427
      86.9      2.3655157      2.3620542
      87.0      1.9999325      1.9971917
      87.1      1.6357014      1.6336066
      87.2      1.2730693      1.2715494
      87.3      0.9122817      0.9112690
      87.4      0.5535825      0.5530126
      87.5      0.1972137      0.1970260
      87.6     -0.1565847     -0.1564474
      87.7     -0.5075747     -0.5071658
      87.8     -0.8555206     -0.8548900
      87.9     -1.2001892     -1.1993831
      88.0     -1.5413497     -1.5404108
      88.1     -1.8787743     -1.8777414
      88.2     -2.2122380     -2.2111464
      88.3     -2.5415189     -2.5404002
      88.4     -2.8663980     -2.8652804
      88.5     -3.1866600     -3.1855681
      88.6     -3.5020930     -3.5010476
      88.7     -3.8124886     -3.8115073
      88.8     -4.1176422     -4.1167392
      88.9     -4.4173532     -4.4165391
      89.0     -4.7114249     -4.7107073
      89.1     -4.9996647     -4.9990479
      89.2     -5.2818844     -5.2813696
      89.3     -5.5579003     -5.5574855
      89.4     -5.8275330     -5.8272135
      89.5     -6.0906078     -6.0903759
      89.6     -6.3469548     -6.3468001
      89.7     -6.5964089     -6.5963185
      89.8     -6.8388101     -6.8387684
      89.9     -7.0740033     -7.0739925
      90.0     -7.3018385     -7.3018385
      90.1     -7.5221713     -7.5221598
      90.2     -7.7348623     -7.7348152
      90.3     -7.9397777     -7.9396689
      90.4     -8.1367893     -8.1365910
      90.5     -8.3257743     -8.3254573
      90.6     -8.5066158     -8.5061494
      90.7     -8.6792025     -8.6785547
      90.8     -8.8434289     -8.8425669
      90.9     -8.9991955     -8.9980853
      91.0     -9.1464088     -9.1450157
      91.1     -9.2849811     -9.2832700
      91.2     -9.4148308     -9.4127660
      91.3     -9.5358826     -9.5334282
      91.4     -9.6480672     -9.6451872
      91.5     -9.7513214     -9.7479799
      91.6     -9.8455884     -9.8417498
      91.7     -9.9308175     -9.9264466
      91.8    -10.0069645    -10.0020266
      91.9    -10.0739911    -10.0684526
      92.0    -10.1318658    -10.1256938
      92.1    -10.1805631    -10.1737258
      92.2    -10.2200640    -10.2125309
      92.3    -10.2503557    -10.2420980
      92.4    -10.2714320    -10.2624222
      92.5    -10.2832927    -10.2735053
      92.6    -10.2859443    -10.2753556
      92.7    -10.2793993    -10.2679879
      92.8    -10.2636769    -10.2514234
      92.9    -10.2388021    -10.2256899
      93.0    -10.2048066    -10.1908213
      93.1    -10.1617281    -10.1468582
      93.2    -10.1096106    -10.0938473
      93.3    -10.0485042    -10.0318419
      93.4     -9.9784651     -9.9609013
      93.5     -9.8995558     -9.8810911
      93.6     -9.8118445     -9.7924831
      93.7     -9.7154056     -9.6951550
      93.8     -9.6103194     -9.5891909
      93.9     -9.4966721     -9.4746804
      94.0     -9.3745554     -9.3517195
      94.1     -9.2440671     -9.2204096
      94.2     -9.1053105     -9.0808580
      94.3     -8.9583944     -8.9331777
      94.4     -8.8034332     -8.7774873
      94.5     -8.6405467     -8.6139107
      94.6     -8.4698599     -8.4425774
      94.7     -8.2915031     -8.2636220
      94.8     -8.1056120     -8.0771844
      94.9     -7.9123268     -7.8834096
      95.0     -7.7117932     -7.6824475
      95.1     -7.5041613     -7.4744529
      95.2     -7.2895862     -7.2595852
      95.3     -7.0682275     -7.0380087
      95.4     -6.8402493     -6.8098921
      95.5     -6.6058201     -6.5754082
      95.6     -6.3651127     -6.3347346
      95.7     -6.1183040     -6.0880525
      95.8     -5.8655750     -5.8355474
      95.9     -5.6071104     -5.5774085
      96.0     -5.3430989     -5.3138288
      96.1     -5.0737327     -5.0450049
      96.2     -4.7992074     -4.7711367
      96.3     -4.5197223     -4.4924275
      96.4     -4.2354795     -4.2090837
      96.5     -3.9466845     -3.9213146
      96.6     -3.6535455     -3.6293326
      96.7     -3.3562737     -3.3333526
      96.8     -3.0550828     -3.0335919
      96.9     -2.7501891     -2.7302704
      97.0     -2.4418110     -2.4236101
      97.1     -2.1301695     -2.1138352
      97.2     -1.8154873     -1.8011717
      97.3     -1.4979892     -1.4858471
      97.4     -1.1779015     -1.1680910
      97.5     -0.8554524     -0.8481338
      97.6     -0.5308712     -0.5262077
      97.7     -0.2043886     -0.2025457
      97.8      0.1237635      0.1226184
      97.9      0.4533523      0.4490498
      98.0      0.7841444      0.7765132
      98.1      1.1159056      1.1047729
      98.2      1.4484012      1.4335930
      98.3      1.7813962      1.7627375
      98.4      2.1146558      2.0919704
      98.5      2.4479446      2.4210561
      98.6      2.7810279      2.7497591
      98.7      3.1136712      3.0778449
      98.8      3.4456402      3.4050795
      98.9      3.7767018      3.7312298
      99.0      4.1066232      4.0560638
      99.1      4.4351728      4.3793508
      99.2      4.7621201      4.7008615
      99.3      5.0872361      5.0203680
      99.4      5.4102928      5.3376442
      99.5      5.7310641      5.6524660
      99.6      6.0493256      5.9646111
      99.7      6.3648548      6.2738595
      99.8      6.6774313      6.5799935
      99.9      6.9868366      6.8827979
     100.0      7.2928550      7.1820602
     100.1      7.5952730      7.4775704
     100.2      7.8938798      7.7691218
     100.3      8.1884673      8.0565105
     100.4      8.4788305      8.3395358
     100.5      8.7647674      8.6180005
     100.6      9.0460790      8.8917108
     100.7      9.3225699      9.1604765
     100.8      9.5940480      9.4241110
     100.9      9.8603247      9.6824318
     101.0     10.1212154      9.9352602
     101.1     10.3765391     10.1824217
     101.2     10.6261187     10.4237459
     101.3     10.8697814     10.6590670
     101.4     11.1073585     10.8882233
     101.5     11.3386855     11.1110580
     101.6     11.5636024     11.3274187
     101.7     11.7819537     11.5371578
     101.8     11.9935886     11.7401327
     101.9     12.1983609     11.9362057
     102.0     12.3961292     12.1252441
     102.1     12.5867572     12.3071202
     102.2     12.7701135     12.4817119
     102.3     12.9460716     12.6489020
     102.4     13.1145105     12.8085788
     102.5     13.2753142     12.9606362
     102.6     13.4283722     13.1049735
     102.7     13.5735792     13.2414954
     102.8     13.7108356     13.3701125
     102.9     13.8400472     13.4907410
     103.0     13.9611255     13.6033027
     103.1     14.0739874     13.7077255
     103.2     14.1785558     13.8039428
     103.3     14.2747593     13.8918941
     103.4     14.3625321     13.9715248
     103.5     14.4418145     14.0427860
     103.6     14.5125525     14.1056351
     103.7     14.5746982     14.1600352
     103.8     14.6282094     14.2059556
     103.9     14.6730501     14.2433715
     104.0     14.7091902     14.2722644
     104.1     14.7366056     14.2926214
     104.2     14.7552783     14.3044359
     104.3     14.7651962     14.3077074
     104.4     14.7663534     14.3024412
     104.5     14.7587500     14.2886489
     104.6     14.7423920     14.2663479
     104.7     14.7172917     14.2355616
     104.8     14.6834671     14.1963194
     104.9     14.6409426     14.1486567
     105.0     14.5897482     14.0926146
     105.1     14.5299201     14.0282402
     105.2     14.4615005     13.9555865
     105.3     14.3845373     13.8747121
     105.4     14.2990844     13.7856815
     105.5     14.2052014     13.6885647
     105.6     14.1029540     13.5834374
     105.7     13.9924134     13.4703809
     105.8     13.8736566     13.3494820
     105.9     13.7467661     13.2208328
     106.0     13.6118302     13.0845310
     106.1     13.4689425     12.9406792
     106.2     13.3182023     12.7893856
     106.3     13.1597141     12.6307632
     106.4     12.9935878     12.4649304
     106.5     12.8199385     12.2920101
     106.6     12.6388866     12.1121304
     106.7     12.4505574     11.9254239
     106.8     12.2550812     11.7320282
     106.9     12.0525933     11.5320850
     107.0     11.8432339     11.3257409
     107.1     11.6271476     11.1131465
     107.2     11.4044839     10.8944567
     107.3     11.1753967     10.6698307
     107.4     10.9400443     10.4394315
     107.5     10.6985893     10.2034260
     107.6     10.4511985      9.9619849
     107.7     10.1980428      9.7152826
     107.8      9.9392970      9.4634969
     107.9      9.6751398      9.2068089
     108.0      9.4057534      8.9454031
     108.1      9.1313240      8.6794671
     108.2      8.8520408      8.4091913
     108.3      8.5680966      8.1347692
     108.4      8.2796873      7.8563967
     108.5      7.9870120      7.5742724
     108.6      7.6902726      7.2885975
     108.7      7.3896738      6.9995750
     108.8      7.0854230      6.7074105
     108.9      6.7777301      6.4123112
     109.0      6.4668073      6.1144865
     109.1      6.1528692      5.8141470
     109.2      5.8361322      5.5115053
     109.3      5.5168148      5.2067751
     109.4      5.1951374      4.9001713
     109.5      4.8713217      4.5919100
     109.6      4.5455913      4.2822081
     109.7      4.2181707      3.9712834
     109.8      3.8892859      3.6593543
     109.9      3.5591637      3.3466394
     110.0      3.2280320      3.0333578
     110.1      2.8961191      2.7197288
     110.2      2.5636542      2.4059716
     110.3      2.2308666      2.0923051
     110.4      1.8979861      1.7789482
     110.5      1.5652424      1.4661190
     110.6      1.2328652      1.1540352
     110.7      0.9010840      0.8429136
     110.8      0.5701278      0.5329701
     110.9      0.2402252      0.2244195
     111.0     -0.0883958     -0.0825246
     111.1     -0.4155083     -0.3876500
     111.2     -0.7408863     -0.6907459
     111.3     -1.0643049     -0.9916035
     111.4     -1.3855405     -1.2900156
     111.5     -1.7043711     -1.5857768
     111.6     -2.0205761     -1.8786842
     111.7     -2.3339368     -2.1685367
     111.8     -2.6442365     -2.4551361
     111.9     -2.9512603     -2.7382863
     112.0     -3.2547956     -3.0177939
     112.1     -3.5546323     -3.2934686
     112.2     -3.8505627     -3.5651227
     112.3     -4.1423816     -3.8325717
     112.4     -4.4298867     -4.0956342
     112.5     -4.7128787     -4.3541322
     112.6     -4.9911612     -4.6078910
     112.7     -5.2645409     -4.8567395
     112.8     -5.5328281     -5.1005103
     112.9     -5.7958362     -5.3390397
     113.0     -6.0533824     -5.5721679
     113.1     -6.3052877     -5.7997391
     113.2     -6.5513765     -6.0216016
     113.3     -6.7914775     -6.2376079
     113.4     -7.0254233     -6.4476147
     113.5     -7.2530508     -6.6514833
     113.6     -7.4742009     -6.8490792
     113.7     -7.6887193     -7.0402726
     113.8     -7.8964558     -7.2249385
     113.9     -8.0972650     -7.4029565
     114.0     -8.2910061     -7.5742110
     114.1     -8.4775433     -7.7385913
     114.2     -8.6567454     -7.8959916
     114.3     -8.8284864     -8.0463115
     114.4     -8.9926453     -8.1894551
     114.5     -9.1491062     -8.3253323
     114.6     -9.2977584     -8.4538576
     114.7     -9.4384966     -8.5749513
     114.8     -9.5712208     -8.6885387
     114.9     -9.6958366     -8.7945506
     115.0     -9.8122550     -8.8929231
     115.1     -9.9203925     -8.9835979
     115.2    -10.0201713     -9.0665220
     115.3    -10.1115193     -9.1416482
     115.4    -10.1943703     -9.2089345
     115.5    -10.2686635     -9.2683446
     115.6    -10.3343444     -9.3198479
     115.7    -10.3913639     -9.3634193
     115.8    -10.4396792     -9.3990392
     115.9    -10.4792533     -9.4266938
     116.0    -10.5100549     -9.4463748
     116.1    -10.5320592     -9.4580796
     116.2    -10.5452470     -9.4618111
     116.3    -10.5496052     -9.4575779
     116.4    -10.5451269     -9.4453942
     116.5    -10.5318111     -9.4252797
     116.6    -10.5096629     -9.3972596
     116.7    -10.4786933     -9.3613648
     116.8    -10.4389196     -9.3176316
     116.9    -10.3903649     -9.2661017
     117.0    -10.3330584     -9.2068225
     117.1    -10.2670354     -9.1398464
     117.2    -10.1923370     -9.0652314
     117.3    -10.1090103     -8.9830408
     117.4    -10.0171085     -8.8933430
     117.5     -9.9166904     -8.7962118
     117.6     -9.8078210     -8.6917260
     117.7     -9.6905707     -8.5799696
     117.8     -9.5650161     -8.4610313
     117.9     -9.4312393     -8.3350051
     118.0     -9.2893279     -8.2019897
     118.1     -9.1393755     -8.0620887
     118.2     -8.9814810     -7.9154102
     118.3     -8.8157488     -7.7620671
     118.4     -8.6422887     -7.6021770
     118.5     -8.4612161     -7.4358615
     118.6     -8.2726514     -7.2632471
     118.7     -8.0767202     -7.0844641
     118.8     -7.8735533     -6.8996474
     118.9     -7.6632867     -6.7089356
     119.0     -7.4460610     -6.5124717
     119.1     -7.2220218     -6.3104020
     119.2     -6.9913196     -6.1028772
     119.3     -6.7541093     -5.8900511
     119.4     -6.5105505     -5.6720815
     119.5     -6.2608072     -5.4491292
     119.6     -6.0050478     -5.2213586
     119.7     -5.7434448     -4.9889371
     119.8     -5.4761750     -4.7520355
     119.9     -5.2034190     -4.5108270
     120.0     -4.9253614     -4.2654881
     120.1     -4.6421905     -4.0161977
     120.2     -4.3540983     -3.7631374
     120.3     -4.0612802     -3.5064912
     120.4     -3.7639350     -3.2464454
     120.5     -3.4622649     -2.9831884
     120.6     -3.1564750     -2.7169106
     120.7     -2.8467733     -2.4478045
     120.8     -2.5333710     -2.1760641
     120.9     -2.2164817     -1.9018852
     121.0     -1.8963216     -1.6254649
     121.1     -1.5731093     -1.3470017
     121.2     -1.2470656     -1.0666954
     121.3     -0.9184137     -0.7847467
     121.4     -0.5873784     -0.5013573
     121.5     -0.2541865     -0.2167296
     121.6      0.0809336      0.0689334
     121.7      0.4177520      0.3554280
     121.8      0.7560373      0.6425506
     121.9      1.0955571      0.9300969
     122.0      1.4360778      1.2178630
     122.1      1.7773651      1.5056449
     122.2      2.1191838      1.7932389
     122.3      2.4612983      2.0804415
     122.4      2.8034723      2.3670500
     122.5      3.1454696      2.6528621
     122.6      3.4870537      2.9376767
     122.7      3.8279881      3.2212933
     122.8      4.1680368      3.5035126
     122.9      4.5069640      3.7841365
     123.0      4.8445344      4.0629684
     123.1      5.1805136      4.3398132
     123.2      5.5146678      4.6144772
     123.3      5.8467644      4.8867687
     123.4      6.1765720      5.1564979
     123.5      6.5038605      5.4234770
     123.6      6.8284012      5.6875204
     123.7      7.1499672      5.9484447
     123.8      7.4683334      6.2060691
     123.9      7.7832765      6.4602151
     124.0      8.0945754      6.7107071
     124.1      8.4020113      6.9573723
     124.2      8.7053678      7.2000406
     124.3      9.0044311      7.4385452
     124.4      9.2989899      7.6727221
     124.5      9.5888361      7.9024110
     124.6      9.8737643      8.1274545
     124.7     10.1535723      8.3476990
     124.8     10.4280613      8.5629943
     124.9     10.6970358      8.7731940
     125.0     10.9603039      8.9781553
     125.1     11.2176773      9.1777395
     125.2     11.4689717      9.3718117
     125.3     11.7140065      9.5602411
     125.4     11.9526054      9.7429009
     125.5     12.1845961      9.9196688
     125.6     12.4098107     10.0904266
     125.7     12.6280858     10.2550605
     125.8     12.8392624     10.4134612
     125.9     13.0431862     10.5655240
     126.0     13.2397078     10.7111486
     126.1     13.4286825     10.8502396
     126.2     13.6099706     10.9827061
     126.3     13.7834375     11.1084621
     126.4     13.9489539     11.2274265
     126.5     14.1063956     11.3395229
     126.6     14.2556438     11.4446799
     126.7     14.3965851     11.5428313
     126.8     14.5291117     11.6339155
     126.9     14.6531214     11.7178764
     127.0     14.7685176     11.7946626
     127.1     14.8752095     11.8642281
     127.2     14.9731122     11.9265319
     127.3     15.0621466     11.9815382
     127.4     15.1422394     12.0292164
     127.5     15.2133235     12.0695410
     127.6     15.2753379     12.1024920
     127.7     15.3282275     12.1280543
     127.8     15.3719434     12.1462181
     127.9     15.4064430     12.1569790
     128.0     15.4316898     12.1603375
     128.1     15.4476537     12.1562997
     128.2     15.4543107     12.1448766
     128.3     15.4516432     12.1260845
     128.4     15.4396400     12.0999448
     128.5     15.4182961     12.0664843
     128.6     15.3876129     12.0257345
     128.7     15.3475982     11.9777323
     128.8     15.2982662     11.9225197
     128.9     15.2396375     11.8601434
     129.0     15.1717388     11.7906555
     129.1     15.0946034     11.7141127
     129.2     15.0082709     11.6305769
     129.3     14.9127873     11.5401144
     129.4     14.8082046     11.4427968
     129.5     14.6945813     11.3387002
     129.6     14.5719822     11.2279053
     129.7     14.4404782     11.1104975
     129.8     14.3001463     10.9865668
     129.9     14.1510697     10.8562076
     130.0     13.9933378     10.7195187
     130.1     13.8270459     10.5766033
     130.2     13.6522952     10.4275689
     130.3     13.4691930     10.2725269
     130.4     13.2778523     10.1115931
     130.5     13.0783919      9.9448872
     130.6     12.8709364      9.7725327
     130.7     12.6556160      9.5946570
     130.8     12.4325664      9.4113913
     130.9     12.2019288      9.2228702
     131.0     11.9638499      9.0292322
     131.1     11.7184816      8.8306188
     131.2     11.4659810      8.6271751
     131.3     11.2065104      8.4190493
     131.4     10.9402369      8.2063928
     131.5     10.6673327      7.9893599
     131.6     10.3879748      7.7681077
     131.7     10.1023448      7.5427963
     131.8      9.8106288      7.3135883
     131.9      9.5130177      7.0806489
     132.0      9.2097063      6.8441456
     132.1      8.9008938      6.6042482
     132.2      8.5867836      6.3611288
     132.3      8.2675830      6.1149614
     132.4      7.9435028      5.8659221
     132.5      7.6147581      5.6141886
     132.6      7.2815670      5.3599402
     132.7      6.9441512      5.1033581
     132.8      6.6027359      4.8446245
     132.9      6.2575490      4.5839231
     133.0      5.9088218      4.3214387
     133.1      5.5567880      4.0573570
     133.2      5.2016845      3.7918648
     133.3      4.8437501      3.5251494
     133.4      4.4832266      3.2573989
     133.5      4.1203575      2.9888017
     133.6      3.7553886      2.7195468
     133.7      3.3885677      2.4498231
     133.8      3.0201440      2.1798198
     133.9      2.6503685      1.9097260
     134.0      2.2794936      1.6397305
     134.1      1.9077729      1.3700219
     134.2      1.5354610      1.1007883
     134.3      1.1628135      0.8322172
     134.4      0.7900866      0.5644953
     134.5      0.4175374      0.2978087
     134.6      0.0454229      0.0323423
     134.7     -0.3259994     -0.2317202
     134.8     -0.6964718     -0.4941960
     134.9     -1.0657371     -0.7549040
     135.0     -1.4335380     -1.0136644
     135.1     -1.7996180     -1.2702992
     135.2     -2.1637210     -1.5246318
     135.3     -2.5255918     -1.7764879
     135.4     -2.8849762     -2.0256948
     135.5     -3.2416211     -2.2720822
     135.6     -3.5952747     -2.5154819
     135.7     -3.9456868     -2.7557280
     135.8     -4.2926088     -2.9926571
     135.9     -4.6357938     -3.2261083
     136.0     -4.9749972     -3.4559234
     136.1     -5.3099762     -3.6819472
     136.2     -5.6404906     -3.9040271
     136.3     -5.9663025     -4.1220135
     136.4     -6.2871769     -4.3357601
     136.5     -6.6028813     -4.5451236
     136.6     -6.9131865     -4.7499641
     136.7     -7.2178661     -4.9501451
     136.8     -7.5166974     -5.1455334
     136.9     -7.8094607     -5.3359997
     137.0     -8.0959403     -5.5214180
     137.1     -8.3759239     -5.7016662
     137.2     -8.6492034     -5.8766260
     137.3     -8.9155745     -6.0461830
     137.4     -9.1748372     -6.2102269
     137.5     -9.4267960     -6.3686511
     137.6     -9.6712595     -6.5213534
     137.7     -9.9080412     -6.6682357
     137.8    -10.1369593     -6.8092043
     137.9    -10.3578367     -6.9441694
     138.0    -10.5705014     -7.0730460
     138.1    -10.7747866     -7.1957533
     138.2    -10.9705306     -7.3122149
     138.3    -11.1575773     -7.4223591
     138.4    -11.3357757     -7.5261186
     138.5    -11.5049807     -7.6234309
     138.6    -11.6650529     -7.7142379
     138.7    -11.8158584     -7.7984862
     138.8    -11.9572695     -7.8761274
     138.9    -12.0891644     -7.9471174
     139.0    -12.2114274     -8.0114172
     139.1    -12.3239490     -8.0689924
     139.2    -12.4266260     -8.1198134
     139.3    -12.5193613     -8.1638555
     139.4    -12.6020647     -8.2010988
     139.5    -12.6746521     -8.2315281
     139.6    -12.7370461     -8.2551331
     139.7    -12.7891761     -8.2719084
     139.8    -12.8309779     -8.2818533
     139.9    -12.8623944     -8.2849721
     140.0    -12.8833750     -8.2812738
     140.1    -12.8938762     -8.2707721
     140.2    -12.8938613     -8.2534857
     140.3    -12.8833006     -8.2294378
     140.4    -12.8621714     -8.1986566
     140.5    -12.8304579     -8.1611748
     140.6    -12.7881514     -8.1170299
     140.7    -12.7352504     -8.0662640
     140.8    -12.6717604     -8.0089239
     140.9    -12.5976938     -7.9450607
     141.0    -12.5130705     -7.8747304
     141.1    -12.4179172     -7.7979932
     141.2    -12.3122678     -7.7149139
     141.3    -12.1961633     -7.6255615
     141.4    -12.0696519     -7.5300095
     141.5    -11.9327887     -7.4283356
     141.6    -11.7856361     -7.3206217
     141.7    -11.6282633     -7.2069537
     141.8    -11.4607466     -7.0874219
     141.9    -11.2831694     -6.9621203
     142.0    -11.0956220     -6.8311470
     142.1    -10.8982013     -6.6946038
     142.2    -10.6910116     -6.5525964
     142.3    -10.4741635     -6.4052342
     142.4    -10.2477746     -6.2526301
     142.5    -10.0119692     -6.0949007
     142.6     -9.7668782     -5.9321658
     142.7     -9.5126389     -5.7645488
     142.8     -9.2493953     -5.5921762
     142.9     -8.9772978     -5.4151777
     143.0     -8.6965028     -5.2336861
     143.1     -8.4071735     -5.0478370
     143.2     -8.1094786     -4.8577691
     143.3     -7.8035934     -4.6636237
     143.4     -7.4896989     -4.4655448
     143.5     -7.1679820     -4.2636790
     143.6     -6.8386352     -4.0581753
     143.7     -6.5018569     -3.8491850
     143.8     -6.1578509     -3.6368616
     143.9     -5.8068263     -3.4213609
     144.0     -5.4489976     -3.2028404
     144.1     -5.0845844     -2.9814598
     144.2     -4.7138114     -2.7573802
     144.3     -4.3369081     -2.5307646
     144.4     -3.9541088     -2.3017776
     144.5     -3.5656525     -2.0705849
     144.6     -3.1717823     -1.8373538
     144.7     -2.7727462     -1.6022525
     144.8     -2.3687959     -1.3654505
     144.9     -1.9601874     -1.1271181
     145.0     -1.5471804     -0.8874262
     145.1     -1.1300384     -0.6465468
     145.2     -0.7090285     -0.4046522
     145.3     -0.2844209     -0.1619150
     145.4      0.1435106      0.0814916
     145.5      0.5744893      0.3253943
     145.6      1.0082358      0.5696200
     145.7      1.4444678      0.8139952
     145.8      1.8829004      1.0583470
     145.9      2.3232466      1.3025026
     146.0      2.7652171      1.5462898
     146.1      3.2085205      1.7895366
     146.2      3.6528639      2.0320722
     146.3      4.0979524      2.2737261
     146.4      4.5434900      2.5143290
     146.5      4.9891793      2.7537126
     146.6      5.4347217      2.9917096
     146.7      5.8798181      3.2281543
     146.8      6.3241684      3.4628821
     146.9      6.7674723      3.6957299
     147.0      7.2094288      3.9265364
     147.1      7.6497373      4.1551419
     147.2      8.0880970      4.3813885
     147.3      8.5242074      4.6051205
     147.4      8.9577686      4.8261840
     147.5      9.3884814      5.0444274
     147.6      9.8160474      5.2597012
     147.7     10.2401692      5.4718585
     147.8     10.6605510      5.6807547
     147.9     11.0768982      5.8862480
     148.0     11.4889178      6.0881989
     148.1     11.8963190      6.2864710
     148.2     12.2988126      6.4809306
     148.3     12.6961121      6.6714470
     148.4     13.0879332      6.8578925
     148.5     13.4739942      7.0401426
     148.6     13.8540164      7.2180760
     148.7     14.2277239      7.3915745
     148.8     14.5948442      7.5605235
     148.9     14.9551080      7.7248117
     149.0     15.3082497      7.8843315
     149.1     15.6540075      8.0389786
     149.2     15.9921233      8.1886527
     149.3     16.3223435      8.3332569
     149.4     16.6444183      8.4726982
     149.5     16.9581028      8.6068877
     149.6     17.2631564      8.7357400
     149.7     17.5593437      8.8591739
     149.8     17.8464338      8.9771122
     149.9     18.1242014      9.0894816
     150.0     18.3924262      9.1962131
     150.1     18.6508935      9.2972417
     150.2     18.8993941      9.3925068
     150.3     19.1377248      9.4819516
     150.4     19.3656880      9.5655241
     150.5     19.5830925      9.6431761
     150.6     19.7897531      9.7148641
     150.7     19.9854910      9.7805486
     150.8     20.1701340      9.8401947
     150.9     20.3435164      9.8937718
     151.0     20.5054793      9.9412536
     151.1     20.6558706      9.9826184
     151.2     20.7945455     10.0178487
     151.3     20.9213659     10.0469315
     151.4     21.0362013     10.0698583
     151.5     21.1389283     10.0866248
     151.6     21.2294311     10.0972314
     151.7     21.3076013     10.1016826
     151.8     21.3733384     10.0999874
     151.9     21.4265494     10.0921593
     152.0     21.4671492     10.0782161
     152.1     21.4950606     10.0581797
     152.2     21.5102146     10.0320767
     152.3     21.5125499      9.9999377
     152.4     21.5020137      9.9617977
     152.5     21.4785611      9.9176958
     152.6     21.4421557      9.8676754
     152.7     21.3927692      9.8117840
     152.8     21.3303818      9.7500733
     152.9     21.2549822      9.6825989
     153.0     21.1665673      9.6094204
     153.1     21.0651426      9.5306017
     153.2     20.9507223      9.4462102
     153.3     20.8233290      9.3563173
     153.4     20.6829936      9.2609983
     153.5     20.5297560      9.1603322
     153.6     20.3636645      9.0544016
     153.7     20.1847759      8.9432927
     153.8     19.9931558      8.8270953
     153.9     19.7888782      8.7059027
     154.0     19.5720257      8.5798114
     154.1     19.3426896      8.4489214
     154.2     19.1009694      8.3133359
     154.3     18.8469736      8.1731613
     154.4     18.5808187      8.0285069
     154.5     18.3026298      7.8794852
     154.6     18.0125406      7.7262115
     154.7     17.7106928      7.5688038
     154.8     17.3972366      7.4073831
     154.9     17.0723304      7.2420727
     155.0     16.7361407      7.0729987
     155.1     16.3888422      6.9002895
     155.2     16.0306176      6.7240759
     155.3     15.6616574      6.5444910
     155.4     15.2821603      6.3616698
     155.5     14.8923323      6.1757496
     155.6     14.4923875      5.9868695
     155.7     14.0825473      5.7951704
     155.8     13.6630408      5.6007951
     155.9     13.2341043      5.4038879
     156.0     12.7959814      5.2045945
     156.1     12.3489229      5.0030622
     156.2     11.8931866      4.7994395
     156.3     11.4290371      4.5938760
     156.4     10.9567458      4.3865226
     156.5     10.4765908      4.1775308
     156.6      9.9888565      3.9670533
     156.7      9.4938339      3.7552433
     156.8      8.9918200      3.5422547
     156.9      8.4831178      3.3282420
     157.0      7.9680362      3.1133598
     157.1      7.4468901      2.8977633
     157.2      6.9199995      2.6816077
     157.3      6.3876900      2.4650482
     157.4      5.8502926      2.2482401
     157.5      5.3081429      2.0313384
     157.6      4.7615818      1.8144978
     157.7      4.2109546      1.5978727
     157.8      3.6566111      1.3816168
     157.9      3.0989055      1.1658834
     158.0      2.5381960      0.9508250
     158.1      1.9748448      0.7365930
     158.2      1.4092178      0.5233382
     158.3      0.8416843      0.3112100
     158.4      0.2726171      0.1003570
     158.5     -0.2976082     -0.1090738
     158.6     -0.8686128     -0.3169366
     158.7     -1.4400153     -0.5230873
     158.8     -2.0114321     -0.7273833
     158.9     -2.5824770     -0.9296835
     159.0     -3.1527619     -1.1298488
     159.1     -3.7218969     -1.3277421
     159.2     -4.2894906     -1.5232280
     159.3     -4.8551501     -1.7161734
     159.4     -5.4184814     -1.9064474
     159.5     -5.9790895     -2.0939213
     159.6     -6.5365789     -2.2784687
     159.7     -7.0905535     -2.4599658
     159.8     -7.6406170     -2.6382913
     159.9     -8.1863730     -2.8133265
     160.0     -8.7274255     -2.9849553
     160.1     -9.2633789     -3.1530647
     160.2     -9.7938381     -3.3175443
     160.3    -10.3184091     -3.4782868
     160.4    -10.8366991     -3.6351877
     160.5    -11.3483166     -3.7881459
     160.6    -11.8528716     -3.9370633
     160.7    -12.3499761     -4.0818449
     160.8    -12.8392442     -4.2223992
     160.9    -13.3202921     -4.3586380
     161.0    -13.7927387     -4.4904765
     161.1    -14.2562056     -4.6178333
     161.2    -14.7103175     -4.7406307
     161.3    -15.1547021     -4.8587944
     161.4    -15.5889908     -4.9722537
     161.5    -16.0128184     -5.0809418
     161.6    -16.4258238     -5.1847954
     161.7    -16.8276498     -5.2837551
     161.8    -17.2179439     -5.3777651
     161.9    -17.5963577     -5.4667736
     162.0    -17.9625478     -5.5507325
     162.1    -18.3161758     -5.6295978
     162.2    -18.6569083     -5.7033293
     162.3    -18.9844176     -5.7718906
     162.4    -19.2983813     -5.8352494
     162.5    -19.5984829     -5.8933775
     162.6    -19.8844120     -5.9462503
     162.7    -20.1558643     -5.9938476
     162.8    -20.4125419     -6.0361530
     162.9    -20.6541536     -6.0731540
     163.0    -20.8804148     -6.1048425
     163.1    -21.0910479     -6.1312139
     163.2    -21.2857827     -6.1522680
     163.3    -21.4643559     -6.1680085
     163.4    -21.6265121     -6.1784429
     163.5    -21.7720033     -6.1835830
     163.6    -21.9005895     -6.1834443
     163.7    -22.0120385     -6.1780464
     163.8    -22.1061264     -6.1674127
     163.9    -22.1826377     -6.1515705
     164.0    -22.2413651     -6.1305511
     164.1    -22.2821101     -6.1043895
     164.2    -22.3046830     -6.0731246
     164.3    -22.3089028     -6.0367990
     164.4    -22.2945976     -5.9954592
     164.5    -22.2616046     -5.9491551
     164.6    -22.2097704     -5.8979404
     164.7    -22.1389509     -5.8418725
     164.8    -22.0490114     -5.7810122
     164.9    -21.9398270     -5.7154239
     165.0    -21.8112824     -5.6451753
     165.1    -21.6632721     -5.5703377
     165.2    -21.4957004     -5.4909855
     165.3    -21.3084818     -5.4071966
     165.4    -21.1015408     -5.3190518
     165.5    -20.8748118     -5.2266355
     165.6    -20.6282398     -5.1300346
     165.7    -20.3617798     -5.0293395
     165.8    -20.0753972     -4.9246432
     165.9    -19.7690678     -4.8160417
     166.0    -19.4427779     -4.7036337
     166.1    -19.0965242     -4.5875206
     166.2    -18.7303139     -4.4678065
     166.3    -18.3441647     -4.3445980
     166.4    -17.9381052     -4.2180040
     166.5    -17.5121740     -4.0881358
     166.6    -17.0664209     -3.9551073
     166.7    -16.6009060     -3.8190341
     166.8    -16.1157000     -3.6800341
     166.9    -15.6108843     -3.5382273
     167.0    -15.0865509     -3.3937355
     167.1    -14.5428024     -3.2466823
     167.2    -13.9797517     -3.0971930
     167.3    -13.3975227     -2.9453945
     167.4    -12.7962494     -2.7914153
     167.5    -12.1760765     -2.6353853
     167.6    -11.5371589     -2.4774356
     167.7    -10.8796621     -2.3176986
     167.8    -10.2037616     -2.1563079
     167.9     -9.5096435     -1.9933978
     168.0     -8.7975039     -1.8291039
     168.1     -8.0675488     -1.6635623
     168.2     -7.3199947     -1.4969100
     168.3     -6.5550674     -1.3292844
     168.4     -5.7730032     -1.1608235
     168.5     -4.9740477     -0.9916656
     168.6     -4.1584562     -0.8219494
     168.7     -3.3264937     -0.6518136
     168.8     -2.4784345     -0.4813971
     168.9     -1.6145622     -0.3108387
     169.0     -0.7351697     -0.1402770
     169.1      0.1594413      0.0301496
     169.2      1.0689600      0.2003031
     169.3      1.9930669      0.3700460
     169.4      2.9314337      0.5392412
     169.5      3.8837240      0.7077525
     169.6      4.8495926      0.8754443
     169.7      5.8286866      1.0421821
     169.8      6.8206448      1.2078321
     169.9      7.8250982      1.3722619
     170.0      8.8416703      1.5353399
     170.1      9.8699770      1.6969363
     170.2     10.9096270      1.8569221
     170.3     11.9602217      2.0151703
     170.4     13.0213558      2.1715552
     170.5     14.0926172      2.3259527
     170.6     15.1735873      2.4782407
     170.7     16.2638411      2.6282989
     170.8     17.3629476      2.7760087
     170.9     18.4704697      2.9212538
     171.0     19.5859650      3.0639199
     171.1     20.7089851      3.2038951
     171.2     21.8390769      3.3410694
     171.3     22.9757819      3.4753356
     171.4     24.1186370      3.6065887
     171.5     25.2671743      3.7347262
     171.6     26.4209219      3.8596483
     171.7     27.5794035      3.9812579
     171.8     28.7421391      4.0994606
     171.9     29.9086450      4.2141649
     172.0     31.0784342      4.3252821
     172.1     32.2510166      4.4327263
     172.2     33.4258990      4.5364150
     172.3     34.6025858      4.6362685
     172.4     35.7805790      4.7322102
     172.5     36.9593783      4.8241669
     172.6     38.1384816      4.9120685
     172.7     39.3173852      4.9958482
     172.8     40.4955841      5.0754425
     172.9     41.6725721      5.1507915
     173.0     42.8478422      5.2218384
     173.1     44.0208867      5.2885302
     173.2     45.1911977      5.3508171
     173.3     46.3582672      5.4086532
     173.4     47.5215873      5.4619958
     173.5     48.6806507      5.5108061
     173.6     49.8349507      5.5550487
     173.7     50.9839816      5.5946921
     173.8     52.1272391      5.6297082
     173.9     53.2642200      5.6600729
     174.0     54.3944233      5.6857655
     174.1     55.5173497      5.7067692
     174.2     56.6325024      5.7230710
     174.3     57.7393869      5.7346615
     174.4     58.8375117      5.7415350
     174.5     59.9263883      5.7436898
     174.6     61.0055314      5.7411277
     174.7     62.0744592      5.7338543
     174.8     63.1326940      5.7218790
     174.9     64.1797619      5.7052148
     175.0     65.2151934      5.6838786
     175.1     66.2385233      5.6578909
     175.2     67.2492917      5.6272757
     175.3     68.2470431      5.5920609
     175.4     69.2313279      5.5522780
     175.5     70.2017014      5.5079620
     175.6     71.1577251      5.4591515
     175.7     72.0989662      5.4058887
     175.8     73.0249983      5.3482192
     175.9     73.9354011      5.2861922
     176.0     74.8297612      5.2198603
     176.1     75.7076720      5.1492793
     176.2     76.5687339      5.0745086
     176.3     77.4125546      4.9956108
     176.4     78.2387494      4.9126517
     176.5     79.0469411      4.8257003
     176.6     79.8367605      4.7348287
     176.7     80.6078465      4.6401122
     176.8     81.3598461      4.5416291
     176.9     82.0924149      4.4394604
     177.0     82.8052171      4.3336902
     177.1     83.4979258      4.2244056
     177.2     84.1702229      4.1116960
     177.3     84.8217997      3.9956539
     177.4     85.4523565      3.8763742
     177.5     86.0616034      3.7539544
     177.6     86.6492600      3.6284944
     177.7     87.2150555      3.5000965
     177.8     87.7587294      3.3688653
     177.9     88.2800308      3.2349077
     178.0     88.7787194      3.0983326
     178.1     89.2545650      2.9592510
     178.2     89.7073479      2.8177759
     178.3     90.1368590      2.6740221
     178.4     90.5428997      2.5281061
     178.5     90.9252823      2.3801464
     178.6     91.2838301      2.2302628
     178.7     91.6183772      2.0785767
     178.8     91.9287686      1.9252109
     178.9     92.2148608      1.7702895
     179.0     92.4765213      1.6139378
     179.1     92.7136288      1.4562824
     179.2     92.9260736      1.2974506
     179.3     93.1137572      1.1375708
     179.4     93.2765927      0.9767723
     179.5     93.4145045      0.8151850
     179.6     93.5274287      0.6529393
     179.7     93.6153130      0.4901664
     179.8     93.6781166      0.3269977
     179.9     93.7158104      0.1635649
     180.0     93.7283770      0.0000000
