 # List of d(q) for j, j' =           40          43
 #    0  1.00000000
 #    1  0.94500127
 #    2  0.85212639
 #    3  0.74600556
 #    4  0.64682948
 #    5  0.56397756
 #    6  0.49739876
 #    7  0.44299429
 #    8  0.39704714
 #    9  0.35760991
 #   10  0.32382051
 #   11  0.29494922
 #   12  0.27010340
 #   13  0.24848878
 #   14  0.22971595
 #   15  0.21376099
 #   16  0.20056727
 #   17  0.18964322
 #   18  0.18006255
 #   19  0.17090859
 #   20  0.16176778
 #   21  0.15283975
 #   22  0.14462057
 #   23  0.13747829
 #   24  0.13142641
 #   25  0.12615367
 #   26  0.12121600
 #   27  0.11628694
 #   28  0.11134506
 #   29  0.10665715
 #   30  0.10254027
 #   31  0.09909863
 #   32  0.09616936
 #   33  0.09349242
 #   34  0.09090206
 #   35  0.08837004
 #   36  0.08592894
 #   37  0.08360639
 #   38  0.08142488
 #   39  0.07941872
 #   40  0.07761910
 #   41  0.07602295
 #   42  0.07458659
 #   43  0.07325146
 #   44  0.07197488
 #   45  0.07074148
 #   46  0.06955511
 #   47  0.06842501
 #   48  0.06735653
 #   49  0.06634819
 #   50  0.06539344
 #   51  0.06448471
 #   52  0.06361817
 #   53  0.06279619
 #   54  0.06202756
 #   55  0.06132661
 #   56  0.06070181
 #   57  0.06015982
 #   58  0.05972490
 #   59  0.05934965
 #   60  0.05902323
 #   61  0.05880356
 #   62  0.05860951
 #   63  0.05826272
 #   64  0.05821776
 #   65  0.05806112
 #   66  0.05808088
 #   67  0.05764258
 #   68  0.05768361
 #   69  0.05667280
 #   70  0.05654118
 #   71  0.05495150
 #   72  0.05717171
 #   73  0.05233015
 #   74  0.05598374
 #   75  0.05135632
 #   76  0.05660202
 #   77  0.04898367
 #   78  0.05965991
 #   79  0.04680644
 #   80  0.07477359
       0.0    905.4761303      0.0000000
       0.1    903.8025177      1.5774322
       0.2    898.7974905      3.1373887
       0.3    890.5082859      4.6626692
       0.4    879.0129886      6.1366185
       0.5    864.4195744      7.5433881
       0.6    846.8645889      8.8681832
       0.7    826.5114818     10.0974915
       0.8    803.5486175     11.2192907
       0.9    778.1869908     12.2232300
       1.0    750.6576795     13.1007829
       1.1    721.2090679     13.8453695
       1.2    690.1038793     14.4524452
       1.3    657.6160594     14.9195549
       1.4    624.0275513     15.2463523
       1.5    589.6250066     15.4345833
       1.6    554.6964763     15.4880346
       1.7    519.5281263     15.4124482
       1.8    484.4010202     15.2154037
       1.9    449.5880123     14.9061707
       2.0    415.3507897     14.4955335
       2.1    381.9371031     13.9955919
       2.2    349.5782193     13.4195419
       2.3    318.4866274     12.7814393
       2.4    288.8540261     12.0959512
       2.5    260.8496141     11.3781004
       2.6    234.6187037     10.6430055
       2.7    210.2816687      9.9056231
       2.8    187.9332388      9.1804955
       2.9    167.6421395      8.4815087
       3.0    149.4510809      7.8216652
       3.1    133.3770853      7.2128745
       3.2    119.4121448      6.6657656
       3.3    107.5241917      6.1895255
       3.4     97.6583632      5.7917634
       3.5     89.7385355      5.4784065
       3.6     83.6691005      5.2536263
       3.7     79.3369542      5.1197968
       3.8     76.6136650      5.0774864
       3.9     75.3577855      5.1254817
       4.0     75.4172734      5.2608431
       4.1     76.6319818      5.4789909
       4.2     78.8361841      5.7738200
       4.3     81.8610943      6.1378406
       4.4     85.5373468      6.5623421
       4.5     89.6974015      7.0375770
       4.6     94.1778401      7.5529615
       4.7     98.8215228      8.0972882
       4.8    103.4795784      8.6589479
       4.9    108.0132018      9.2261554
       5.0    112.2952389      9.7871750
       5.1    116.2115391     10.3305431
       5.2    119.6620650     10.8452817
       5.3    122.5617461     11.3211005
       5.4    124.8410743     11.7485829
       5.5    126.4464376     12.1193540
       5.6    127.3401965     12.4262256
       5.7    127.5005078     12.6633185
       5.8    126.9209096     12.8261572
       5.9    125.6096771     12.9117374
       6.0    123.5889710     12.9185652
       6.1    120.8937950     12.8466669
       6.2    117.5707872     12.6975693
       6.3    113.6768685     12.4742529
       6.4    109.2777764     12.1810770
       6.5    104.4465082     11.8236804
       6.6     99.2617057     11.4088576
       6.7     93.8060065     10.9444159
       6.8     88.1643920     10.4390139
       6.9     82.4225578      9.9019855
       7.0     76.6653347      9.3431540
       7.1     70.9751831      8.7726374
       7.2     65.4307845      8.2006518
       7.3     60.1057514      7.6373138
       7.4     55.0674712      7.0924478
       7.5     50.3761022      6.5754008
       7.6     46.0837321      6.0948681
       7.7     42.2337091      5.6587336
       7.8     38.8601505      5.2739276
       7.9     35.9876335      4.9463039
       8.0     33.6310656      4.6805397
       8.1     31.7957340      4.4800581
       8.2     30.4775240      4.3469768
       8.3     29.6633010      4.2820814
       8.4     29.3314415      4.2848258
       8.5     29.4525016      4.3533569
       8.6     29.9900044      4.4845656
       8.7     30.9013313      4.6741607
       8.8     32.1386968      4.9167654
       8.9     33.6501867      5.2060334
       9.0     35.3808410      5.5347829
       9.1     37.2737581      5.8951455
       9.2     39.2712031      6.2787266
       9.3     41.3156966      6.6767744
       9.4     43.3510681      7.0803549
       9.5     45.3234539      7.4805276
       9.6     47.1822233      7.8685203
       9.7     48.8808194      8.2358989
       9.8     50.3774997      8.5747290
       9.9     51.6359678      8.8777255
      10.0     52.6258854      9.1383891
      10.1     53.3232611      9.3511257
      10.2     53.7107091      9.5113470
      10.3     53.7775794      9.6155503
      10.4     53.5199585      9.6613772
      10.5     52.9405453      9.6476481
      10.6     52.0484063      9.5743746
      10.7     50.8586192      9.4427477
      10.8     49.3918139      9.2551030
      10.9     47.6736211      9.0148645
      11.0     45.7340424      8.7264667
      11.1     43.6067548      8.3952582
      11.2     41.3283642      8.0273880
      11.3     38.9376237      7.6296772
      11.4     36.4746306      7.2094785
      11.5     33.9800200      6.7745264
      11.6     31.4941675      6.3327817
      11.7     29.0564180      5.8922724
      11.8     26.7043525      5.4609347
      11.9     24.4731077      5.0464572
      12.0     22.3947574      4.6561319
      12.1     20.4977688      4.2967128
      12.2     18.8065396      3.9742882
      12.3     17.3410247      3.6941652
      12.4     16.1164554      3.4607723
      12.5     15.1431568      3.2775790
      12.6     14.4264624      3.1470353
      12.7     13.9667261      3.0705317
      12.8     13.7594302      3.0483811
      12.9     13.7953828      3.0798208
      13.0     14.0610018      3.1630372
      13.1     14.5386751      3.2952097
      13.2     15.2071921      3.4725755
      13.3     16.0422323      3.6905113
      13.4     17.0169052      3.9436321
      13.5     18.1023258      4.2259040
      13.6     19.2682175      4.5307694
      13.7     20.4835274      4.8512806
      13.8     21.7170443      5.1802417
      13.9     22.9380064      5.5103524
      14.0     24.1166863      5.8343545
      14.1     25.2249456      6.1451754
      14.2     26.2367453      6.4360674
      14.3     27.1286064      6.7007390
      14.4     27.8800102      6.9334766
      14.5     28.4737345      7.1292538
      14.6     28.8961177      7.2838258
      14.7     29.1372495      7.3938085
      14.8     29.1910845      7.4567387
      14.9     29.0554790      7.4711165
      15.0     28.7321511      7.4364279
      15.1     28.2265663      7.3531478
      15.2     27.5477531      7.2227228
      15.3     26.7080531      7.0475354
      15.4     25.7228104      6.8308497
      15.5     24.6100098      6.5767391
      15.6     23.3898702      6.2899997
      15.7     22.0844019      5.9760490
      15.8     20.7169376      5.6408129
      15.9     19.3116467      5.2906036
      16.0     17.8930421      4.9319908
      16.1     16.4854899      4.5716679
      16.2     15.1127302      4.2163173
      16.3     13.7974202      3.8724765
      16.4     12.5607060      3.5464080
      16.5     11.4218319      3.2439755
      16.6     10.3977943      2.9705289
      16.7      9.5030457      2.7308002
      16.8      8.7492541      2.5288126
      16.9      8.1451206      2.3678044
      17.0      7.6962596      2.2501685
      17.1      7.4051405      2.1774099
      17.2      7.2710933      2.1501208
      17.3      7.2903750      2.1679744
      17.4      7.4562959      2.2297366
      17.5      7.7594015      2.3332970
      17.6      8.1877056      2.4757157
      17.7      8.7269701      2.6532874
      17.8      9.3610236      2.8616210
      17.9     10.0721136      3.0957308
      18.0     10.8412838      3.3501410
      18.1     11.6487695      3.6189981
      18.2     12.4744018      3.8961913
      18.3     13.2980144      4.1754762
      18.4     14.0998431      4.4506019
      18.5     14.8609115      4.7154364
      18.6     15.5633955      4.9640899
      18.7     16.1909584      5.1910316
      18.8     16.7290528      5.3911998
      18.9     17.1651817      5.5601013
      19.0     17.4891154      5.6938990
      19.1     17.6930605      5.7894861
      19.2     17.7717777      5.8445450
      19.3     17.7226486      5.8575904
      19.4     17.5456878      5.8279955
      19.5     17.2435048      5.7560002
      19.6     16.8212135      5.6427025
      19.7     16.2862944      5.4900326
      19.8     15.6484117      5.3007104
      19.9     14.9191895      5.0781870
      20.0     14.1119525      4.8265720
      20.1     13.2414369      4.5505482
      20.2     12.3234772      4.2552745
      20.3     11.3746752      3.9462804
      20.4     10.4120590      3.6293527
      20.5      9.4527373      3.3104184
      20.6      8.5135578      2.9954242
      20.7      7.6107742      2.6902172
      20.8      6.7597305      2.4004274
      20.9      5.9745666      2.1313549
      21.0      5.2679519      1.8878651
      21.1      4.6508518      1.6742918
      21.2      4.1323305      1.4943522
      21.3      3.7193943      1.3510746
      21.4      3.4168778      1.2467394
      21.5      3.2273740      1.1828365
      21.6      3.1512105      1.1600379
      21.7      3.1864702      1.1781870
      21.8      3.3290570      1.2363047
      21.9      3.5728032      1.3326119
      22.0      3.9096167      1.4645682
      22.1      4.3296656      1.6289252
      22.2      4.8215932      1.8217946
      22.3      5.3727630      2.0387280
      22.4      5.9695237      2.2748086
      22.5      6.5974934      2.5247514
      22.6      7.2418535      2.7830104
      22.7      7.8876484      3.0438912
      22.8      8.5200844      3.3016655
      22.9      9.1248221      3.5506868
      23.0      9.6882560      3.7855032
      23.1     10.1977768      4.0009663
      23.2     10.6420108      4.1923341
      23.3     11.0110326      4.3553644
      23.4     11.2965454      4.4863992
      23.5     11.4920290      4.5824359
      23.6     11.5928491      4.6411859
      23.7     11.5963290      4.6611187
      23.8     11.5017819      4.6414900
      23.9     11.3105025      4.5823549
      24.0     11.0257205      4.4845645
      24.1     10.6525152      4.3497464
      24.2     10.1976955      4.1802703
      24.3      9.6696459      3.9791981
      24.4      9.0781434      3.7502213
      24.5      8.4341489      3.4975846
      24.6      7.7495768      3.2260000
      24.7      7.0370488      2.9405510
      24.8      6.3096354      2.6465897
      24.9      5.5805920      2.3496291
      25.0      4.8630939      2.0552323
      25.1      4.1699747      1.7689009
      25.2      3.5134756      1.4959652
      25.3      2.9050079      1.2414779
      25.4      2.3549344      1.0101141
      25.5      1.8723747      0.8060781
      25.6      1.4650357      0.6330210
      25.7      1.1390729      0.4939693
      25.8      0.8989832      0.3912654
      25.9      0.7475318      0.3265232
      26.0      0.6857141      0.3005973
      26.1      0.7127529      0.3135679
      26.2      0.8261311      0.3647417
      26.3      1.0216579      0.4526672
      26.4      1.2935681      0.5751659
      26.5      1.6346513      0.7293778
      26.6      2.0364085      0.9118204
      26.7      2.4892329      1.1184596
      26.8      2.9826106      1.3447922
      26.9      3.5053378      1.5859365
      27.0      4.0457487      1.8367315
      27.1      4.5919519      2.0918403
      27.2      5.1320674      2.3458574
      27.3      5.6544622      2.5934165
      27.4      6.1479785      2.8292984
      27.5      6.6021506      3.0485339
      27.6      7.0074054      3.2465031
      27.7      7.3552440      3.4190267
      27.8      7.6384005      3.5624480
      27.9      7.8509742      3.6737049
      28.0      7.9885342      3.7503896
      28.1      8.0481934      3.7907947
      28.2      8.0286522      3.7939457
      28.3      7.9302088      3.7596185
      28.4      7.7547395      3.6883419
      28.5      7.5056467      3.5813851
      28.6      7.1877776      3.4407306
      28.7      6.8073147      3.2690325
      28.8      6.3716416      3.0695618
      28.9      5.8891852      2.8461395
      29.0      5.3692391      2.6030588
      29.1      4.8217717      2.3449982
      29.2      4.2572217      2.0769267
      29.3      3.6862871      1.8040042
      29.4      3.1197104      1.5314775
      29.5      2.5680643      1.2645754
      29.6      2.0415437      1.0084039
      29.7      1.5497661      0.7678451
      29.8      1.1015853      0.5474592
      29.9      0.7049221      0.3513950
      30.0      0.3666149      0.1833074
      30.1      0.0922924      0.0462857
      30.2     -0.1137274     -0.0572072
      30.3     -0.2485132     -0.1253818
      30.4     -0.3105661     -0.1571570
      30.5     -0.2998387     -0.1521797
      30.6     -0.2177235     -0.1108303
      30.7     -0.0670139     -0.0342135
      30.8      0.1481625      0.0758655
      30.9      0.4224365      0.2169386
      31.0      0.7493142      0.3859253
      31.1      1.1213142      0.5791961
      31.2      1.5301245      0.7926458
      31.3      1.9667737      1.0217765
      31.4      2.4218141      1.2617884
      31.5      2.8855131      1.5076764
      31.6      3.3480485      1.7543302
      31.7      3.7997037      1.9966366
      31.8      4.2310601      2.2295816
      31.9      4.6331809      2.4483504
      32.0      4.9977852      2.6484227
      32.1      5.3174067      2.8256624
      32.2      5.5855357      2.9763994
      32.3      5.7967403      3.0975018
      32.4      5.9467663      3.1864367
      32.5      6.0326122      3.2413202
      32.6      6.0525790      3.2609528
      32.7      6.0062940      3.2448422
      32.8      5.8947079      3.1932117
      32.9      5.7200657      3.1069936
      33.0      5.4858526      2.9878094
      33.1      5.1967149      2.8379362
      33.2      4.8583595      2.6602590
      33.3      4.4774323      2.4582125
      33.4      4.0613797      2.2357113
      33.5      3.6182941      1.9970703
      33.6      3.1567492      1.7469183
      33.7      2.6856261      1.4901047
      33.8      2.2139345      1.2316021
      33.9      1.7506336      0.9764073
      34.0      1.3044541      0.7294415
      34.1      0.8837270      0.4954518
      34.2      0.4962216      0.2789179
      34.3      0.1489947      0.0839624
      34.4     -0.1517433     -0.0857300
      34.5     -0.4007460     -0.2269850
      34.6     -0.5938278     -0.3372014
      34.7     -0.7279390     -0.4144007
      34.8     -0.8012183     -0.4572662
      34.9     -0.8130212     -0.4651667
      35.0     -0.7639235     -0.4381685
      35.1     -0.6557012     -0.3770316
      35.2     -0.4912869     -0.2831936
      35.3     -0.2747027     -0.1587391
      35.4     -0.0109732     -0.0063566
      35.5      0.2939820      0.1707162
      35.6      0.6334718      0.3687585
      35.7      1.0001724      0.5836418
      35.8      1.3862763      0.8109129
      35.9      1.7836515      1.0458840
      36.0      2.1840051      1.2837260
      36.1      2.5790485      1.5195660
      36.2      2.9606625      1.7485841
      36.3      3.3210570      1.9661095
      36.4      3.6529233      2.1677137
      36.5      3.9495757      2.3492976
      36.6      4.2050803      2.5071735
      36.7      4.4143670      2.6381367
      36.8      4.5733244      2.7395293
      36.9      4.6788747      2.8092910
      37.0      4.7290274      2.8459998
      37.1      4.7229116      2.8488980
      37.2      4.6607852      2.8179066
      37.3      4.5440220      2.7536246
      37.4      4.3750767      2.6573159
      37.5      4.1574286      2.5308822
      37.6      3.8955053      2.3768237
      37.7      3.5945883      2.1981879
      37.8      3.2607019      1.9985072
      37.9      2.9004885      1.7817271
      38.0      2.5210722      1.5521270
      38.1      2.1299138      1.3142332
      38.2      1.7346599      1.0727283
      38.3      1.3429899      0.8323570
      38.4      0.9624625      0.5978314
      38.5      0.6003662      0.3737367
      38.6      0.2635759      0.1644396
      38.7     -0.0415812     -0.0259983
      38.8     -0.3094479     -0.1939012
      38.9     -0.5351458     -0.3360518
      39.0     -0.7146668     -0.4497544
      39.1     -0.8449482     -0.5328884
      39.2     -0.9239268     -0.5839488
      39.3     -0.9505746     -0.6020758
      39.4     -0.9249121     -0.5870700
      39.5     -0.8480020     -0.5393956
      39.6     -0.7219210     -0.4601698
      39.7     -0.5497130     -0.3511390
      39.8     -0.3353221     -0.2146429
      39.9     -0.0835086     -0.0535666
      40.0      0.2002500      0.1287182
      40.1      0.5098730      0.3284212
      40.2      0.8388006      0.5414103
      40.3      1.1801273      0.7632943
      40.4      1.5267416      0.9895116
      40.5      1.8714681      1.2154213
      40.6      2.2072107      1.4363958
      40.7      2.5270934      1.6479136
      40.8      2.8245954      1.8456489
      40.9      3.0936787      2.0255577
      41.0      3.3289050      2.1839582
      41.1      3.5255404      2.3176030
      41.2      3.6796454      2.4237436
      41.3      3.7881480      2.5001840
      41.4      3.8489000      2.5453233
      41.5      3.8607142      2.5581866
      41.6      3.8233816      2.5384433
      41.7      3.7376709      2.4864122
      41.8      3.6053063      2.4030537
      41.9      3.4289283      2.2899499
      42.0      3.2120352      2.1492711
      42.1      2.9589092      1.9837315
      42.2      2.6745259      1.7965341
      42.3      2.3644519      1.5913057
      42.4      2.0347303      1.3720235
      42.5      1.6917579      1.1429350
      42.6      1.3421557      0.9084730
      42.7      0.9926366      0.6731661
      42.8      0.6498705      0.4415488
      42.9      0.3203527      0.2180708
      43.0      0.0102753      0.0070077
      43.1     -0.2745938     -0.1876228
      43.2     -0.5290236     -0.3621416
      43.3     -0.7484202     -0.5132803
      43.4     -0.9289151     -0.6382460
      43.5     -1.0674375     -0.7347755
      43.6     -1.1617709     -0.8011799
      43.7     -1.2105921     -0.8363768
      43.8     -1.2134922     -0.8399103
      43.9     -1.1709797     -0.8119595
      44.0     -1.0844647     -0.7533325
      44.1     -0.9562257     -0.6654497
      44.2     -0.7893591     -0.5503136
      44.3     -0.5877129     -0.4104676
      44.4     -0.3558053     -0.2489439
      44.5     -0.0987312     -0.0692016
      44.6      0.1779429      0.1249432
      44.7      0.4682928      0.3293947
      44.8      0.7661563      0.5398600
      44.9      1.0652582      0.7519355
      45.0      1.3593354      0.9611953
      45.1      1.6422627      1.1632801
      45.2      1.9081734      1.3539840
      45.3      2.1515758      1.5293390
      45.4      2.3674606      1.6856936
      45.5      2.5513982      1.8197859
      45.6      2.6996241      1.9288077
      45.7      2.8091111      2.0104604
      45.8      2.8776251      2.0629999
      45.9      2.9037664      2.0852710
      46.0      2.8869929      2.0767289
      46.1      2.8276270      2.0374498
      46.2      2.7268443      1.9681277
      46.3      2.5866463      1.8700603
      46.4      2.4098162      1.7451211
      46.5      2.1998597      1.5957218
      46.6      1.9609309      1.4247628
      46.7      1.6977472      1.2355742
      46.8      1.4154916      1.0318489
      46.9      1.1197073      0.8175680
      47.0      0.8161858      0.5969205
      47.1      0.5108496      0.3742192
      47.2      0.2096337      0.1538145
      47.3     -0.0816325     -0.0599929
      47.4     -0.3573415     -0.2630380
      47.5     -0.6122181     -0.4513745
      47.6     -0.8414232     -0.6213535
      47.7     -1.0406481     -0.7696957
      47.8     -1.2061978     -0.8935569
      47.9     -1.3350621     -0.9905839
      48.0     -1.4249724     -1.0589608
      48.1     -1.4744429     -1.0974449
      48.2     -1.4827975     -1.1053900
      48.3     -1.4501789     -1.0827589
      48.4     -1.3775420     -1.0301233
      48.5     -1.2666317     -0.9486511
      48.6     -1.1199439     -0.8400823
      48.7     -0.9406725     -0.7066935
      48.8     -0.7326430     -0.5512515
      48.9     -0.5002329     -0.3769572
      49.0     -0.2482824     -0.1873811
      49.1      0.0180046      0.0136089
      49.2      0.2931651      0.2219246
      49.3      0.5715876      0.4333402
      49.4      0.8476240      0.6435766
      49.5      1.1157026      0.8483870
      49.6      1.3704388      1.0436416
      49.7      1.6067408      1.2254103
      49.8      1.8199106      1.3900405
      49.9      2.0057349      1.5342295
      50.0      2.1605674      1.6550906
      50.1      2.2813986      1.7502095
      50.2      2.3659128      1.8176918
      50.3      2.4125313      1.8562005
      50.4      2.4204403      1.8649813
      50.5      2.3896035      1.8438768
      50.6      2.3207599      1.7933291
      50.7      2.2154050      1.7143695
      50.8      2.0757577      1.6085970
      50.9      1.9047131      1.4781458
      51.0      1.7057815      1.3256412
      51.1      1.4830159      1.1541469
      51.2      1.2409283      0.9671026
      51.3      0.9843986      0.7682546
      51.4      0.7185747      0.5615808
      51.5      0.4487692      0.3512105
      51.6      0.1803528      0.1413413
      51.7     -0.0813535     -0.0638443
      51.8     -0.3311839     -0.2602632
      51.9     -0.5642307     -0.4440129
      52.0     -0.7759405     -0.6114494
      52.1     -0.9622040     -0.7592599
      52.2     -1.1194361     -0.8845281
      52.3     -1.2446451     -0.9847925
      52.4     -1.3354902     -1.0580950
      52.5     -1.3903251     -1.1030191
      52.6     -1.4082287     -1.1187175
      52.7     -1.3890201     -1.1049287
      52.8     -1.3332593     -1.0619809
      52.9     -1.2422334     -0.9907854
      53.0     -1.1179277     -0.8928168
      53.1     -0.9629838     -0.7700834
      53.2     -0.7806442     -0.6250863
      53.3     -0.5746852     -0.4607686
      53.4     -0.3493400     -0.2804562
      53.5     -0.1092122     -0.0877909
      53.6      0.1408172      0.1133429
      53.7      0.3956877      0.3188959
      53.8      0.6502615      0.5247352
      53.9      0.8994253      0.7267266
      54.0      1.1381928      0.9208173
      54.1      1.3618027      1.1031169
      54.2      1.5658132      1.2699744
      54.3      1.7461888      1.4180512
      54.4      1.8993795      1.5443869
      54.5      2.0223891      1.6464583
      54.6      2.1128328      1.7222288
      54.7      2.1689827      1.7701883
      54.8      2.1897991      1.7893832
      54.9      2.1749489      1.7794338
      55.0      2.1248094      1.7405420
      55.1      2.0404579      1.6734854
      55.2      1.9236479      1.5796019
      55.3      1.7767710      1.4607617
      55.4      1.6028077      1.3193293
      55.5      1.4052650      1.1581157
      55.6      1.1881048      0.9803213
      55.7      0.9556637      0.7894722
      55.8      0.7125647      0.5893484
      55.9      0.4636243      0.3839089
      56.0      0.2137559      0.1772117
      56.1     -0.0321282     -0.0266668
      56.2     -0.2692150     -0.2237135
      56.3     -0.4928859     -0.4100584
      56.4     -0.6988079     -0.5820519
      56.5     -0.8830188     -0.7363369
      56.6     -1.0420049     -0.8699155
      56.7     -1.1727688     -0.9802088
      56.8     -1.2728875     -1.0651068
      56.9     -1.3405580     -1.1230106
      57.0     -1.3746315     -1.1528630
      57.1     -1.3746331     -1.1541693
      57.2     -1.3407690     -1.1270056
      57.3     -1.2739198     -1.0720173
      57.4     -1.1756205     -0.9904043
      57.5     -1.0480273     -0.8838972
      57.6     -0.8938721     -0.7547212
      57.7     -0.7164065     -0.6055511
      57.8     -0.5193346     -0.4394574
      57.9     -0.3067375     -0.2598441
      58.0     -0.0829910     -0.0703803
      58.1      0.1473232      0.1250733
      58.2      0.3795092      0.3225421
      58.3      0.6088511      0.5180173
      58.4      0.8307067      0.7075353
      58.5      1.0406004      0.8872577
      58.6      1.2343111      1.0535472
      58.7      1.4079557      1.2030402
      58.8      1.5580653      1.3327134
      58.9      1.6816530      1.4399441
      59.0      1.7762711      1.5225615
      59.1      1.8400587      1.5788898
      59.2      1.8717762      1.6077807
      59.3      1.8708280      1.6086357
      59.4      1.8372721      1.5814173
      59.5      1.7718164      1.5266487
      59.6      1.6758028      1.4454028
      59.7      1.5511779      1.3392801
      59.8      1.4004521      1.2103755
      59.9      1.2266478      1.0612361
      60.0      1.0332372      0.8948097
      60.1      0.8240718      0.7143852
      60.2      0.6033042      0.5235265
      60.3      0.3753042      0.3260010
      60.4      0.1445714      0.1257041
      60.5     -0.0843552     -0.0734191
      60.6     -0.3069877     -0.2674520
      60.7     -0.5189785     -0.4525852
      60.8     -0.7162063     -0.6251923
      60.9     -0.8948576     -0.7819017
      61.0     -1.0515014     -0.9196638
      61.1     -1.1831565     -1.0358116
      61.2     -1.2873492     -1.1281127
      61.3     -1.3621605     -1.1948139
      61.4     -1.4062631     -1.2346750
      61.5     -1.4189450     -1.2469931
      61.6     -1.4001222     -1.2316155
      61.7     -1.3503380     -1.1889420
      61.8     -1.2707499     -1.1199162
      61.9     -1.1631044     -1.0260056
      62.0     -1.0297004     -0.9091715
      62.1     -0.8733413     -0.7718290
      62.2     -0.6972774     -0.6167983
      62.3     -0.5051397     -0.4472474
      62.4     -0.3008659     -0.2666284
      62.5     -0.0886214     -0.0786081
      62.6      0.1272851      0.1130057
      62.7      0.3424875      0.3043403
      62.8      0.5526500      0.4915360
      62.9      0.7535530      0.6708225
      63.0      0.9411772      0.8385951
      63.1      1.1117830      0.9914853
      63.2      1.2619838      1.1264288
      63.3      1.3888130      1.2407258
      63.4      1.4897811      1.3320941
      63.5      1.5629242      1.3987146
      63.6      1.6068413      1.4392667
      63.7      1.6207202      1.4529537
      63.8      1.6043520      1.4395183
      63.9      1.5581331      1.3992465
      64.0      1.4830553      1.3329613
      64.1      1.3806841      1.2420051
      64.2      1.2531256      1.1282125
      64.3      1.1029824      0.9938721
      64.4      0.9333006      0.8416808
      64.5      0.7475069      0.6746887
      64.6      0.5493393      0.4962376
      64.7      0.3427715      0.3098937
      64.8      0.1319325      0.1193761
      64.9     -0.0789759     -0.0715181
      65.0     -0.2857638     -0.2589899
      65.1     -0.4843363     -0.4393144
      65.2     -0.6707755     -0.6089149
      65.3     -0.8414179     -0.7644350
      65.4     -0.9929266     -0.9028047
      65.5     -1.1223576     -1.0213020
      65.6     -1.2272168     -1.1176063
      65.7     -1.3055086     -1.1898448
      65.8     -1.3557745     -1.2366292
      65.9     -1.3771204     -1.2570825
      66.0     -1.3692326     -1.2508562
      66.1     -1.3323828     -1.2181363
      66.2     -1.2674206     -1.1596387
      66.3     -1.1757547     -1.0765946
      66.4     -1.0593234     -0.9707245
      66.5     -0.9205542     -0.8442035
      66.6     -0.7623137     -0.6996170
      66.7     -0.5878495     -0.5399083
      66.8     -0.4007236     -0.3683192
      66.9     -0.2047406     -0.1883248
      67.0     -0.0038711     -0.0035634
      67.1      0.1978282      0.1822365
      67.2      0.3962961      0.3653308
      67.3      0.5875477      0.5420351
      67.4      0.7677538      0.7087982
      67.5      0.9333175      0.8622729
      67.6      1.0809448      0.9993832
      67.7      1.2077101      1.1173851
      67.8      1.3111133      1.2139212
      67.9      1.3891287      1.2870675
      68.0      1.4402444      1.3353714
      68.1      1.4634908      1.3578799
      68.2      1.4584587      1.3541582
      68.3      1.4253058      1.3242981
      68.4      1.3647523      1.2689146
      68.5      1.2780645      1.1891337
      68.6      1.1670288      1.0865689
      68.7      1.0339137      0.9632883
      68.8      0.8814239      0.8217724
      68.9      0.7126446      0.6648643
      69.0      0.5309792      0.4957118
      69.1      0.3400802      0.3177044
      69.2      0.1437754      0.1344050
      69.3     -0.0540086     -0.0505220
      69.4     -0.2493258     -0.2333838
      69.5     -0.4382892     -0.4105333
      69.6     -0.6171487     -0.5784424
      69.7     -0.7823657     -0.7337721
      69.8     -0.9306830     -0.8734395
      69.9     -1.0591897     -0.9946790
      70.0     -1.1653785     -1.0950975
      70.1     -1.2471943     -1.1727220
      70.2     -1.3030748     -1.2260380
      70.3     -1.3319803     -1.2540202
      70.4     -1.3334132     -1.2561518
      70.5     -1.3074267     -1.2324346
      70.6     -1.2546222     -1.1833881
      70.7     -1.1761365     -1.1100388
      70.8     -1.0736172     -1.0138987
      70.9     -0.9491888     -0.8969349
      71.0     -0.8054091     -0.7615292
      71.1     -0.6452170     -0.6104303
      71.2     -0.4718729     -0.4466981
      71.3     -0.2888927     -0.2736421
      71.4     -0.0999768     -0.0947548
      71.5      0.0910643      0.0863584
      71.6      0.2803861      0.2660516
      71.7      0.4641876      0.4407116
      71.8      0.6387872      0.6068300
      71.9      0.8006955      0.7610737
      72.0      0.9466854      0.9003513
      72.1      1.0738555      1.0218749
      72.2      1.1796879      1.1232155
      72.3      1.2620972      1.2023514
      72.4      1.3194720      1.2577084
      72.5      1.3507055      1.2881907
      72.6      1.3552168      1.2932025
      72.7      1.3329615      1.2726594
      72.8      1.2844314      1.2269895
      72.9      1.2106436      1.1571247
      73.0      1.1131190      1.0644810
      73.1      0.9938510      0.9509301
      73.2      0.8552644      0.8187613
      73.3      0.7001666      0.6706353
      73.4      0.5316900      0.5095305
      73.5      0.3532291      0.3386830
      73.6      0.1683721      0.1615217
      73.7     -0.0191713     -0.0184007
      73.8     -0.2056443     -0.1974789
      73.9     -0.3873184     -0.3721274
      74.0     -0.5605676     -0.5388522
      74.1     -0.7219410     -0.6943205
      74.2     -0.8682313     -0.8354278
      74.3     -0.9965386     -0.9593595
      74.4     -1.1043279     -1.0636473
      74.5     -1.1894787     -1.1462179
      74.6     -1.2503274     -1.2054349
      74.7     -1.2856990     -1.2401305
      74.8     -1.2949302     -1.2496290
      74.9     -1.2778816     -1.2337597
      75.0     -1.2349397     -1.1928601
      75.1     -1.1670079     -1.1277685
      75.2     -1.0754882     -1.0398071
      75.3     -0.9622516     -0.9307549
      75.4     -0.8296005     -0.8028120
      75.5     -0.6802216     -0.6585550
      75.6     -0.5171319     -0.5008852
      75.7     -0.3436174     -0.3329706
      75.8     -0.1631674     -0.1581818
      75.9      0.0205958      0.0199753
      76.0      0.2039892      0.1979298
      76.1      0.3833431      0.3721175
      76.2      0.5550744      0.5390518
      76.3      0.7157577      0.6953937
      76.4      0.8621937      0.8380187
      76.5      0.9914730      0.9640785
      76.6      1.1010332      1.0710586
      76.7      1.1887100      1.1568275
      76.8      1.2527796      1.2196798
      76.9      1.2919926      1.2583697
      77.0      1.3055979      1.2721355
      77.1      1.2933573      1.2607145
      77.2      1.2555493      1.2243481
      77.3      1.1929628      1.1637765
      77.4      1.1068806      1.0802233
      77.5      0.9990528      0.9753713
      77.6      0.8716616      0.8513277
      77.7      0.7272766      0.7105824
      77.8      0.5688033      0.5559574
      77.9      0.3994245      0.3905506
      78.0      0.2225361      0.2176732
      78.1      0.0416794      0.0407837
      78.2     -0.1395301     -0.1365814
      78.3     -0.3174749     -0.3108786
      78.4     -0.4886077     -0.4786280
      78.5     -0.6495221     -0.6364828
      78.6     -0.7970205     -0.7812962
      78.7     -0.9281774     -0.9101844
      78.8     -1.0403977     -1.0205835
      78.9     -1.1314678     -1.1103010
      79.0     -1.1995993     -1.1775593
      79.1     -1.2434644     -1.2210307
      79.2     -1.2622211     -1.2398637
      79.3     -1.2555301     -1.2337000
      79.4     -1.2235605     -1.2026809
      79.5     -1.1669857     -1.1474444
      79.6     -1.0869693     -1.0691120
      79.7     -0.9851415     -0.9692660
      79.8     -0.8635657     -0.8499176
      79.9     -0.7246968     -0.7134663
      80.0     -0.5713316     -0.5626518
      80.1     -0.4065531     -0.4004992
      80.2     -0.2336677     -0.2302580
      80.3     -0.0561400     -0.0553374
      80.4      0.1224774      0.1207623
      80.5      0.2986144      0.2945191
      80.6      0.4687547      0.4624603
      80.7      0.6295058      0.6212314
      80.8      0.7776667      0.7676630
      80.9      0.9102915      0.8988344
      81.0      1.0247475      1.0121312
      81.1      1.1187677      1.1052976
      81.2      1.1904954      1.1764813
      81.3      1.2385204      1.2242699
      81.4      1.2619074      1.2477190
      81.5      1.2602131      1.2463707
      81.6      1.2334950      1.2202625
      81.7      1.1823098      1.1699260
      81.8      1.1077011      1.0963762
      81.9      1.0111786      1.0010907
      82.0      0.8946870      0.8859799
      82.1      0.7605671      0.7533489
      82.2      0.6115086      0.6058508
      82.3      0.4504956      0.4464336
      82.4      0.2807477      0.2782815
      82.5      0.1056547      0.1047508
      82.6     -0.0712907     -0.0706969
      82.7     -0.2465628     -0.2445643
      82.8     -0.4166731     -0.4133875
      82.9     -0.5782396     -0.5738056
      83.0     -0.7280545     -0.7226277
      83.1     -0.8631475     -0.8568960
      83.2     -0.9808450     -0.9739452
      83.3     -1.0788226     -1.0714550
      83.4     -1.1551517     -1.1474962
      83.5     -1.2083366     -1.2005692
      83.6     -1.2373447     -1.2296334
      83.7     -1.2416258     -1.2341275
      83.8     -1.2211228     -1.2139804
      83.9     -1.1762727     -1.1696125
      84.0     -1.1079963     -1.1019266
      84.1     -1.0176806     -1.0122897
      84.2     -0.9071495     -0.9025055
      84.3     -0.7786277     -0.7747778
      84.4     -0.6346958     -0.6316667
      84.5     -0.4782384     -0.4760367
      84.6     -0.3123864     -0.3110000
      84.7     -0.1404541     -0.1398536
      84.8      0.0341263      0.0339858
      84.9      0.2078740      0.2070510
      85.0      0.3773283      0.3758925
      85.1      0.5391180      0.5371477
      85.2      0.6900281      0.6876080
      85.3      0.8270635      0.8242825
      85.4      0.9475091      0.9444570
      85.5      1.0489825      1.0457488
      85.6      1.1294819      1.1261531
      85.7      1.1874254      1.1840830
      85.8      1.2216817      1.2184008
      85.9      1.2315922      1.2284403
      86.0      1.2169840      1.2140195
      86.1      1.1781723      1.1754440
      86.2      1.1159540      1.1135006
      86.3      1.0315911      1.0294409
      86.4      0.9267851      0.9249563
      86.5      0.8036426      0.8021436
      86.6      0.6646331      0.6634632
      86.7      0.5125395      0.5116896
      86.8      0.3504020      0.3498557
      86.9      0.1814578      0.1811923
      87.0      0.0090762      0.0090637
      87.1     -0.1633088     -0.1630996
      87.2     -0.3322663     -0.3318696
      87.3     -0.4944374     -0.4938885
      87.4     -0.6466016     -0.6459360
      87.5     -0.7857410     -0.7849932
      87.6     -0.9090998     -0.9083024
      87.7     -1.0142392     -1.0134221
      87.8     -1.0990853     -1.0982752
      87.9     -1.1619703     -1.1611900
      88.0     -1.2016650     -1.2009330
      88.1     -1.2174029     -1.2167336
      88.2     -1.2088950     -1.2082984
      88.3     -1.1763348     -1.1758170
      88.4     -1.1203944     -1.1199576
      88.5     -1.0422103     -1.0418532
      88.6     -0.9433604     -0.9430788
      88.7     -0.8258319     -0.8256194
      88.8     -0.6919819     -0.6918302
      88.9     -0.5444896     -0.5443893
      89.0     -0.3863028     -0.3862440
      89.1     -0.2205791     -0.2205519
      89.2     -0.0506229     -0.0506179
      89.3      0.1201809      0.1201719
      89.4      0.2884337      0.2884179
      89.5      0.4507914      0.4507742
      89.6      0.6040302      0.6040155
      89.7      0.7451116      0.7451013
      89.8      0.8712414      0.8712361
      89.9      0.9799261      0.9799246
      90.0      1.0690217      1.0690217
      90.1      1.1367758      1.1367741
      90.2      1.1818626      1.1818554
      90.3      1.2034082      1.2033917
      90.4      1.2010080      1.2009787
      90.5      1.1747340      1.1746893
      90.6      1.1251330      1.1250713
      90.7      1.0532151      1.0531365
      90.8      0.9604333      0.9603397
      90.9      0.8486538      0.8485491
      91.0      0.7201190      0.7200093
      91.1      0.5774018      0.5772954
      91.2      0.4233549      0.4232620
      91.3      0.2610529      0.2609857
      91.4      0.0937318      0.0937038
      91.5     -0.0752764     -0.0752506
      91.6     -0.2426092     -0.2425147
      91.7     -0.4049414     -0.4047632
      91.8     -0.5590504     -0.5587746
      91.9     -0.7018807     -0.7014948
      92.0     -0.8306041     -0.8300981
      92.1     -0.9426762     -0.9420431
      92.2     -1.0358861     -1.0351226
      92.3     -1.1084007     -1.1075078
      92.4     -1.1588000     -1.1577835
      92.5     -1.1861055     -1.1849766
      92.6     -1.1897991     -1.1885742
      92.7     -1.1698324     -1.1685337
      92.8     -1.1266279     -1.1252828
      92.9     -1.0610695     -1.0597107
      93.0     -0.9744850     -0.9731495
      93.1     -0.8686185     -0.8673474
      93.2     -0.7455959     -0.7444333
      93.3     -0.6078818     -0.6068739
      93.4     -0.4582305     -0.4574239
      93.5     -0.2996304     -0.2990716
      93.6     -0.1352449     -0.1349780
      93.7      0.0316514      0.0315854
      93.8      0.1977371      0.1973024
      93.9      0.3597110      0.3588780
      94.0      0.5143569      0.5131040
      94.1      0.6586083      0.6569228
      94.2      0.7896085      0.7874880
      94.3      0.9047677      0.9022209
      94.4      1.0018138      0.9988612
      94.5      1.0788378      1.0755121
      94.6      1.1343307      1.1306769
      94.7      1.1672138      1.1632889
      94.8      1.1768589      1.1727314
      94.9      1.1631009      1.1588501
      95.0      1.1262404      1.1219547
      95.1      1.0670372      1.0628129
      95.2      0.9866944      0.9826336
      95.3      0.8868346      0.8830431
      95.4      0.7694663      0.7660514
      95.5      0.6369444      0.6340120
      95.6      0.4919222      0.4895744
      95.7      0.3372987      0.3356310
      95.8      0.1761608      0.1752589
      95.9      0.0117209      0.0116588
      96.0     -0.1527462     -0.1519095
      96.1     -0.3139693     -0.3121916
      96.2     -0.4687455     -0.4660038
      96.3     -0.6140038     -0.6102958
      96.4     -0.7468665     -0.7422119
      96.5     -0.8647057     -0.8591472
      96.6     -0.9651957     -0.9587991
      96.7     -1.0463589     -1.0392130
      96.8     -1.1066047     -1.0988203
      96.9     -1.1447604     -1.1364693
      97.0     -1.1600948     -1.1514477
      97.1     -1.1523316     -1.1434954
      97.2     -1.1216545     -1.1128099
      97.3     -1.0687032     -1.0600408
      97.4     -0.9945602     -0.9862766
      97.5     -0.9007282     -0.8930223
      97.6     -0.7891003     -0.7821684
      97.7     -0.6619215     -0.6559531
      97.8     -0.5217439     -0.5169166
      97.9     -0.3713749     -0.3678504
      98.0     -0.2138218     -0.2117409
      98.1     -0.0522310     -0.0517099
      98.2      0.1101745      0.1090481
      98.3      0.2701596      0.2673299
      98.4      0.4245413      0.4199869
      98.5      0.5702521      0.5639883
      98.6      0.7044012      0.6964812
      98.7      0.8243319      0.8148470
      98.8      0.9276738      0.9167536
      98.9      1.0123903      1.0002009
      99.0      1.0768183      1.0635609
      99.1      1.1197013      1.1056085
      99.2      1.1402137      1.1255463
      99.3      1.1379770      1.1230191
      99.4      1.1130663      1.0981202
      99.5      1.0660090      1.0513894
      99.6      0.9977733      0.9838005
      99.7      0.9097483      0.8967420
      99.8      0.8037161      0.7919882
      99.9      0.6818157      0.6716631
     100.0      0.5464999      0.5381974
     100.1      0.4004859      0.3942796
     100.2      0.2467009      0.2428020
     100.3      0.0882236      0.0868019
     100.4     -0.0717777     -0.0705985
     100.5     -0.2301082     -0.2262550
     100.6     -0.3836105     -0.3770643
     100.7     -0.5292273     -0.5200255
     100.8     -0.6640629     -0.6523005
     100.9     -0.7854400     -0.7712697
     101.0     -0.8909537     -0.8745844
     101.1     -0.9785186     -0.9602131
     101.2     -1.0464103     -1.0264816
     101.3     -1.0932995     -1.0721055
     101.4     -1.1182780     -1.0962157
     101.5     -1.1208763     -1.0983744
     101.6     -1.1010727     -1.0785836
     101.7     -1.0592930     -1.0372838
     101.8     -0.9964016     -0.9753450
     101.9     -0.9136838     -0.8940478
     102.0     -0.8128196     -0.7950575
     102.1     -0.6958497     -0.6803901
     102.2     -0.5651342     -0.5523711
     102.3     -0.4233054     -0.4135887
     102.4     -0.2732146     -0.2668411
     102.5     -0.1178750     -0.1150809
     102.6      0.0395987      0.0386450
     102.7      0.1960528      0.1912563
     102.8      0.3483578      0.3397008
     102.9      0.4934703      0.4810157
     103.0      0.6284948      0.6123865
     103.1      0.7507407      0.7312034
     103.2      0.8577761      0.8351128
     103.3      0.9474765      0.9220641
     103.4      1.0180666      0.9903506
     103.5      1.0681556      1.0386424
     103.6      1.0967649      1.0660127
     103.7      1.1033469      1.0719557
     103.8      1.0877959      1.0563959
     103.9      1.0504497      1.0196888
     104.0      0.9920822      0.9626131
     104.1      0.9138879      0.8863543
     104.2      0.8174571      0.7924800
     104.3      0.7047444      0.6829084
     104.4      0.5780283      0.5598685
     104.5      0.4398663      0.4258555
     104.6      0.2930425      0.2835799
     104.7      0.1405122      0.1359130
     104.8     -0.0146575     -0.0141712
     104.9     -0.1693496     -0.1636554
     105.0     -0.3204594     -0.3095400
     105.1     -0.4649569     -0.4489031
     105.2     -0.5999472     -0.5789589
     105.3     -0.7227287     -0.6971133
     105.4     -0.8308473     -0.8010160
     105.5     -0.9221448     -0.8886068
     105.6     -0.9948027     -0.9581567
     105.7     -1.0473779     -1.0083020
     105.8     -1.0788315     -1.0380711
     105.9     -1.0885497     -1.0469033
     106.0     -1.0763554     -1.0346593
     106.1     -1.0425118     -1.0016236
     106.2     -0.9877164     -0.9484979
     106.3     -0.9130875     -0.8763862
     106.4     -0.8201408     -0.7867725
     106.5     -0.7107590     -0.6814898
     106.6     -0.5871540     -0.5626829
     106.7     -0.4518220     -0.4327653
     106.8     -0.3074935     -0.2943695
     106.9     -0.1570782     -0.1502946
     107.0     -0.0036067     -0.0034491
     107.1      0.1498307      0.1432072
     107.2      0.3001459      0.2867229
     107.3      0.4443150      0.4242145
     107.4      0.5794390      0.5529241
     107.5      0.7028022      0.6702743
     107.6      0.8119264      0.7739206
     107.7      0.9046207      0.8617973
     107.8      0.9790256      0.9321591
     107.9      1.0336500      0.9836156
     108.0      1.0674012      1.0151589
     108.1      1.0796067      1.0261831
     108.2      1.0700277      1.0164964
     108.3      1.0388636      0.9863236
     108.4      0.9867484      0.9363019
     108.5      0.9147372      0.8674669
     108.6      0.8242855      0.7812317
     108.7      0.7172194      0.6793576
     108.8      0.5956995      0.5639185
     108.9      0.4621769      0.4372588
     109.0      0.3193439      0.3019456
     109.1      0.1700803      0.1607172
     109.2      0.0173951      0.0164276
     109.3     -0.1356337     -0.1280112
     109.4     -0.2859213     -0.2696875
     109.5     -0.4304380     -0.4057488
     109.6     -0.5662700     -0.5334588
     109.7     -0.6906779     -0.6502529
     109.8     -0.8011524     -0.7537889
     109.9     -0.8954640     -0.8419942
     110.0     -0.9717086     -0.9131074
     110.1     -1.0283452     -0.9657131
     110.2     -1.0642276     -0.9987702
     110.3     -1.0786270     -1.0116324
     110.4     -1.0712471     -1.0040606
     110.5     -1.0422300     -0.9762279
     110.6     -0.9921536     -0.9287148
     110.7     -0.9220200     -0.8624981
     110.8     -0.8332357     -0.7789301
     110.9     -0.7275831     -0.6797114
     111.0     -0.6071851     -0.5668562
     111.1     -0.4744627     -0.4426516
     111.2     -0.3320857     -0.3096114
     111.3     -0.1829200     -0.1704250
     111.4     -0.0299696     -0.0279034
     111.5      0.1236838      0.1150775
     111.6      0.2749424      0.2556350
     111.7      0.4207550      0.3909372
     111.8      0.5581782      0.5182606
     111.9      0.6844355      0.6350441
     112.0      0.7969735      0.7389410
     112.1      0.8935132      0.8278656
     112.2      0.9720962      0.9000353
     112.3      1.0311241      0.9540060
     112.4      1.0693909      0.9887011
     112.5      1.0861078      1.0034327
     112.6      1.0809190      0.9979155
     112.7      1.0539095      0.9722717
     112.8      1.0056036      0.9270289
     112.9      0.9369547      0.8631090
     113.0      0.8493263      0.7818089
     113.1      0.7444653      0.6847752
     113.2      0.6244671      0.5739698
     113.3      0.4917337      0.4516311
     113.4      0.3489256      0.3202281
     113.5      0.1989089      0.1824114
     113.6      0.0446973      0.0409590
     113.7     -0.1106075     -0.1012791
     113.8     -0.2638788     -0.2414384
     113.9     -0.4120273     -0.3766976
     114.0     -0.5520635     -0.5043351
     114.1     -0.6811576     -0.6217839
     114.2     -0.7966965     -0.7266829
     114.3     -0.8963371     -0.8169245
     114.4     -0.9780528     -0.8906967
     114.5     -1.0401753     -0.9465192
     114.6     -1.0814282     -0.9832736
     114.7     -1.1009532     -1.0002250
     114.8     -1.0983276     -0.9970370
     114.9     -1.0735736     -0.9737785
     115.0     -1.0271582     -0.9309215
     115.1     -0.9599846     -0.8693321
     115.2     -0.8733741     -0.7902525
     115.3     -0.7690408     -0.6952764
     115.4     -0.6490571     -0.5863162
     115.5     -0.5158126     -0.4655649
     115.6     -0.3719671     -0.3354520
     115.7     -0.2203968     -0.1985945
     115.8     -0.0641374     -0.0577441
     115.9      0.0936770      0.0842678
     116.0      0.2498762      0.2245872
     116.1      0.4013179      0.3603946
     116.2      0.5449508      0.4889617
     116.3      0.6778756      0.6077063
     116.4      0.7974037      0.7142439
     116.5      0.9011112      0.8064354
     116.6      0.9868882      0.8824302
     116.7      1.0529814      0.9407034
     116.8      1.0980298      0.9800858
     116.9      1.1210927      0.9997877
     117.0      1.1216690      0.9994144
     117.1      1.0997081      0.9789742
     117.2      1.0556115      0.9388782
     117.3      0.9902256      0.8799315
     117.4      0.9048252      0.8033177
     117.5      0.8010887      0.7105743
     117.6      0.6810651      0.6035624
     117.7      0.5471338      0.4844287
     117.8      0.4019567      0.3555633
     117.9      0.2484263      0.2195506
     118.0      0.0896072      0.0791184
     118.1     -0.0713245     -0.0629172
     118.2     -0.2311447     -0.2037086
     118.3     -0.3866459     -0.3404330
     118.4     -0.5347018     -0.4703496
     118.5     -0.6723292     -0.5908544
     118.6     -0.7967491     -0.6995321
     118.7     -0.9054418     -0.7942048
     118.8     -0.9961981     -0.8729751
     118.9     -1.0671645     -0.9342647
     119.0     -1.1168802     -0.9768455
     119.1     -1.1443076     -0.9998642
     119.2     -1.1488534     -1.0028595
     119.3     -1.1303816     -0.9857710
     119.4     -1.0892169     -0.9489408
     119.5     -1.0261389     -0.8931058
     119.6     -0.9423676     -0.8193839
     119.7     -0.8395394     -0.7292504
     119.8     -0.7196755     -0.6245095
     119.9     -0.5851417     -0.5072575
     120.0     -0.4386022     -0.3798407
     120.1     -0.2829665     -0.2448088
     120.2     -0.1213316     -0.1048638
     120.3      0.0430792      0.0371944
     120.4      0.2069809      0.1785239
     120.5      0.3670925      0.3162976
     120.6      0.5202019      0.4477596
     120.7      0.6632313      0.5702809
     120.8      0.7932980      0.6814112
     120.9      0.9077732      0.7789283
     121.0      1.0043345      0.8608827
     121.1      1.0810131      0.9256360
     121.2      1.1362339      0.9718939
     121.3      1.1688475      0.9987321
     121.4      1.1781544      1.0056146
     121.5      1.1639193      0.9924043
     121.6      1.1263771      0.9593657
     121.7      1.0662292      0.9071596
     121.8      0.9846298      0.8368297
     121.9      0.8831644      0.7497816
     122.0      0.7638187      0.6477550
     122.1      0.6289396      0.5327885
     122.2      0.4811891      0.4071789
     122.3      0.3234920      0.2734354
     122.4      0.1589776      0.1342292
     122.5     -0.0090821     -0.0076598
     122.6     -0.1773375     -0.1493984
     122.7     -0.3424280     -0.2881569
     122.8     -0.5010496     -0.4211656
     122.9     -0.6500203     -0.5457700
     123.0     -0.7863442     -0.6594838
     123.1     -0.9072717     -0.7600385
     123.2     -1.0103547     -0.8454287
     123.3     -1.0934962     -0.9139522
     123.4     -1.1549930     -0.9642435
     123.5     -1.1935701     -0.9953012
     123.6     -1.2084073     -1.0065081
     123.7     -1.1991563     -0.9976431
     123.8     -1.1659491     -0.9688856
     123.9     -1.1093955     -0.9208119
     124.0     -1.0305727     -0.8543835
     124.1     -0.9310044     -0.7709278
     124.2     -0.8126312     -0.6721115
     124.3     -0.6777733     -0.5599074
     124.4     -0.5290844     -0.4365547
     124.5     -0.3694997     -0.3045143
     124.6     -0.2021780     -0.1664201
     124.7     -0.0304394     -0.0250256
     124.8      0.1423010      0.1168504
     124.9      0.3126010      0.2563803
     125.0      0.4770592      0.3907840
     125.1      0.6323837      0.5173845
     125.2      0.7754574      0.6336611
     125.3      0.9034008      0.7372993
     125.4      1.0136296      0.8262377
     125.5      1.1039071      0.8987079
     125.6      1.1723895      0.9532708
     125.7      1.2176630      0.9888441
     125.8      1.2387736      1.0047244
     125.9      1.2352464      1.0006010
     126.0      1.2070966      0.9765617
     126.1      1.1548299      0.9330908
     126.2      1.0794334      0.8710599
     126.3      0.9823574      0.7917096
     126.4      0.8654870      0.6966252
     126.5      0.7311059      0.5877045
     126.6      0.5818511      0.4671202
     126.7      0.4206621      0.3372766
     126.8      0.2507221      0.2007611
     126.9      0.0753958      0.0602929
     127.0     -0.1018378     -0.0813313
     127.1     -0.2774539     -0.2212928
     127.2     -0.4479524     -0.3568075
     127.3     -0.6099271     -0.4851808
     127.4     -0.7601345     -0.6038619
     127.5     -0.8955578     -0.7104938
     127.6     -1.0134683     -0.8029604
     127.7     -1.1114796     -0.8794288
     127.8     -1.1875964     -0.9383853
     127.9     -1.2402546     -0.9786651
     128.0     -1.2683535     -0.9994762
     128.1     -1.2712791     -1.0004140
     128.2     -1.2489164     -0.9814696
     128.3     -1.2016539     -0.9430296
     128.4     -1.1303760     -0.8858683
     128.5     -1.0364472     -0.8111320
     128.6     -0.9216852     -0.7203158
     128.7     -0.7883265     -0.6152340
     128.8     -0.6389823     -0.4979831
     128.9     -0.4765874     -0.3709009
     129.0     -0.3043428     -0.2365188
     129.1     -0.1256524     -0.0975121
     129.2      0.0559445      0.0433539
     129.3      0.2368430      0.1832786
     129.4      0.4134439      0.3194820
     129.5      0.5822261      0.4492600
     129.6      0.7398160      0.5700381
     129.7      0.8830554      0.6794225
     129.8      1.0090645      0.7752476
     129.9      1.1152998      0.8556191
     130.0      1.1996055      0.9189511
     130.1      1.2602572      0.9639977
     130.2      1.2959969      0.9898773
     130.3      1.3060593      0.9960901
     130.4      1.2901878      0.9825274
     130.5      1.2486409      0.9494740
     130.6      1.1821879      0.8976014
     130.7      1.0920951      0.8279548
     130.8      0.9801012      0.7419318
     130.9      0.8483842      0.6412541
     131.0      0.6995186      0.5279334
     131.1      0.5364256      0.4042307
     131.2      0.3623152      0.2726113
     131.3      0.1806233      0.1356958
     131.4     -0.0050561     -0.0037926
     131.5     -0.1910419     -0.1430819
     131.6     -0.3736392     -0.2794067
     131.7     -0.5492125     -0.4100630
     131.8     -0.7142580     -0.5324622
     131.9     -0.8654739     -0.6441822
     132.0     -0.9998259     -0.7430154
     132.1     -1.1146084     -0.8270125
     132.2     -1.2074990     -0.8945208
     132.3     -1.2766055     -0.9442171
     132.4     -1.3205040     -0.9751332
     132.5     -1.3382687     -0.9866752
     132.6     -1.3294911     -0.9786345
     132.7     -1.2942892     -0.9511920
     132.8     -1.2333064     -0.9049138
     132.9     -1.1476997     -0.8407393
     133.0     -1.0391179     -0.7599627
     133.1     -0.9096695     -0.6642064
     133.2     -0.7618826     -0.5553885
     133.3     -0.5986545     -0.4356844
     133.4     -0.4231956     -0.3074832
     133.5     -0.2389663     -0.1733400
     133.6     -0.0496082     -0.0359248
     133.7      0.1411275      0.1020305
     133.8      0.3294542      0.2377869
     133.9      0.5116254      0.3686522
     134.0      0.6840090      0.4920349
     134.1      0.8431599      0.6054953
     134.2      0.9858887      0.7067941
     134.3      1.1093258      0.7939364
     134.4      1.2109789      0.8652114
     134.5      1.2887835      0.9192254
     134.6      1.3411445      0.9549298
     134.7      1.3669696      0.9716413
     134.8      1.3656911      0.9690545
     134.9      1.3372792      0.9472482
     135.0      1.2822431      0.9066828
     135.1      1.2016222      0.8481909
     135.2      1.0969666      0.7729602
     135.3      0.9703074      0.6825091
     135.4      0.8241172      0.5786564
     135.5      0.6612620      0.4634846
     135.6      0.4849448      0.3392981
     135.7      0.2986430      0.2085769
     135.8      0.1060398      0.0739272
     135.9     -0.0890492     -0.0619705
     136.0     -0.2827505     -0.1964150
     136.1     -0.4712107     -0.3267384
     136.2     -0.6506724     -0.4503584
     136.3     -0.8175493     -0.5648305
     136.4     -0.9684983     -0.6678953
     136.5     -1.1004857     -0.7575244
     136.6     -1.2108489     -0.8319592
     136.7     -1.2973498     -0.8897463
     136.8     -1.3582201     -0.9297657
     136.9     -1.3921978     -0.9512523
     137.0     -1.3985532     -0.9538110
     137.1     -1.3771044     -0.9374237
     137.2     -1.3282223     -0.9024491
     137.3     -1.2528242     -0.8496149
     137.4     -1.1523572     -0.7800029
     137.5     -1.0287697     -0.6950267
     137.6     -0.8844744     -0.5964032
     137.7     -0.7223013     -0.4861178
     137.8     -0.5454417     -0.3663844
     137.9     -0.3573859     -0.2396010
     138.0     -0.1618546     -0.1083019
     138.1      0.0372753      0.0248936
     138.2      0.2360468      0.1573328
     138.3      0.4305019      0.2863829
     138.4      0.6167602      0.4094833
     138.5      0.7910963      0.5241963
     138.6      0.9500142      0.6282557
     138.7      1.0903178      0.7196115
     138.8      1.2091744      0.7964704
     138.9      1.3041728      0.8573309
     139.0      1.3733718      0.9010129
     139.1      1.4153396      0.9266806
     139.2      1.4291842      0.9338584
     139.3      1.4145717      0.9224400
     139.4      1.3717344      0.8926894
     139.5      1.3014675      0.8452355
     139.6      1.2051146      0.7810587
     139.7      1.0845419      0.7014706
     139.8      0.9421025      0.6080873
     139.9      0.7805904      0.5027968
     140.0      0.6031861      0.3877205
     140.1      0.4133936      0.2651712
     140.2      0.2149719      0.1376056
     140.3      0.0118604      0.0075760
     140.4     -0.1918992     -0.1223212
     140.5     -0.3922434     -0.2494975
     140.6     -0.5851672     -0.3714235
     140.7     -0.7668051     -0.4856797
     140.8     -0.9335074     -0.5900040
     140.9     -1.0819144     -0.6823373
     141.0     -1.2090235     -0.7608632
     141.1     -1.3122502     -0.8240446
     141.2     -1.3894804     -0.8706537
     141.3     -1.4391141     -0.8997955
     141.4     -1.4600982     -0.9109255
     141.5     -1.4519489     -0.9038595
     141.6     -1.4147630     -0.8787769
     141.7     -1.3492170     -0.8362164
     141.8     -1.2565553     -0.7770643
     141.9     -1.1385668     -0.7025365
     142.0     -0.9975504     -0.6141534
     142.1     -0.8362706     -0.5137086
     142.2     -0.6579032     -0.4032335
     142.3     -0.4659734     -0.2849553
     142.4     -0.2642859     -0.1612527
     142.5     -0.0568498     -0.0346079
     142.6      0.1522008      0.0924431
     142.7      0.3586891      0.2173614
     142.8      0.5584789      0.3376558
     142.9      0.7475572      0.4509325
     143.0      0.9221150      0.5549426
     143.1      1.0786234      0.6476273
     143.2      1.2139054      0.7271580
     143.3      1.3251998      0.7919727
     143.4      1.4102180      0.8408070
     143.5      1.4671904      0.8727183
     143.6      1.4949040      0.8871042
     143.7      1.4927272      0.8837142
     143.8      1.4606251      0.8626535
     143.9      1.3991609      0.8243805
     144.0      1.3094872      0.7696972
     144.1      1.1933238      0.6997321
     144.2      1.0529256      0.6159169
     144.3      0.8910390      0.5199580
     144.4      0.7108481      0.4138010
     144.5      0.5159123      0.2995918
     144.6      0.3100969      0.1796333
     144.7      0.0974958      0.0563387
     144.8     -0.1176490     -0.0678167
     144.9     -0.3310321     -0.1903452
     145.0     -0.5383704     -0.3087966
     145.1     -0.7354893     -0.4208072
     145.2     -0.9184060     -0.5241467
     145.3     -1.0834099     -0.6167631
     145.4     -1.2271381     -0.6968227
     145.5     -1.3466432     -0.7627471
     145.6     -1.4394540     -0.8132440
     145.7     -1.5036262     -0.8473325
     145.8     -1.5377833     -0.8643624
     145.9     -1.5411457     -0.8640264
     146.0     -1.5135484     -0.8463655
     146.1     -1.4554463     -0.8117681
     146.2     -1.3679073     -0.7609609
     146.3     -1.2525927     -0.6949941
     146.4     -1.1117262     -0.6152199
     146.5     -0.9480509     -0.5232644
     146.6     -0.7647769     -0.4209949
     146.7     -0.5655178     -0.3104822
     146.8     -0.3542203     -0.1939580
     146.9     -0.1350863     -0.0737709
     147.0      0.0875107      0.0476618
     147.1      0.3091121      0.1679018
     147.2      0.5252636      0.2845396
     147.3      0.7316040      0.3952420
     147.4      0.9239533      0.4977990
     147.5      1.0983967      0.5901681
     147.6      1.2513642      0.6705145
     147.7      1.3797036      0.7372479
     147.8      1.4807447      0.7890537
     147.9      1.5523549      0.8249192
     148.0      1.5929840      0.8441529
     148.1      1.6016975      0.8463984
     148.2      1.5781976      0.8316404
     148.3      1.5228316      0.8002048
     148.4      1.4365876      0.7527517
     148.5      1.3210773      0.6902610
     148.6      1.1785061      0.6140130
     148.7      1.0116312      0.5255617
     148.8      0.8237087      0.4267034
     148.9      0.6184306      0.3194400
     149.0      0.3998521      0.2059391
     149.1      0.1723126      0.0884896
     149.2     -0.0596508     -0.0305438
     149.3     -0.2913931     -0.1487687
     149.4     -0.5182537     -0.2638126
     149.5     -0.7356501     -0.3733707
     149.6     -0.9391702     -0.4752518
     149.7     -1.1246607     -0.5674224
     149.8     -1.2883124     -0.6480468
     149.9     -1.4267374     -0.7155241
     150.0     -1.5370389     -0.7685195
     150.1     -1.6168719     -0.8059908
     150.2     -1.6644919     -0.8272091
     150.3     -1.6787934     -0.8317728
     150.4     -1.6593344     -0.8196148
     150.5     -1.6063486     -0.7910039
     150.6     -1.5207435     -0.7465387
     150.7     -1.4040858     -0.6871349
     150.8     -1.2585728     -0.6140069
     150.9     -1.0869915     -0.5286424
     151.0     -0.8926655     -0.4327728
     151.1     -0.6793911     -0.3283378
     151.2     -0.4513633     -0.2174460
     151.3     -0.2130941     -0.1023328
     151.4      0.0306770      0.0146848
     151.5      0.2750760      0.1312549
     151.6      0.5151918      0.2450377
     151.7      0.7461747      0.3537526
     151.8      0.9633331      0.4552238
     151.9      1.1622289      0.5474236
     152.0      1.3387673      0.6285132
     152.1      1.4892808      0.6968789
     152.2      1.6106048      0.7511646
     152.3      1.7001436      0.7902982
     152.4      1.7559253      0.8135132
     152.5      1.7766445      0.8203631
     152.6      1.7616924      0.8107304
     152.7      1.7111720      0.7848283
     152.8      1.6259008      0.7431959
     152.9      1.5073973      0.6866872
     153.0      1.3578553      0.6164534
     153.1      1.1801032      0.5339196
     153.2      0.9775510      0.4407558
     153.3      0.7541255      0.3388429
     153.4      0.5141941      0.2302351
     153.5      0.2624807      0.1171183
     153.6      0.0039722      0.0017662
     153.7     -0.2561788     -0.1135054
     153.8     -0.5127568     -0.2263851
     153.9     -0.7605872     -0.3346121
     154.0     -0.9946397     -0.4360214
     154.1     -1.2101305     -0.5285872
     154.2     -1.4026187     -0.6104633
     154.3     -1.5680974     -0.6800197
     154.4     -1.7030765     -0.7358751
     154.5     -1.8046556     -0.7769243
     154.6     -1.8705853     -0.8023598
     154.7     -1.8993165     -0.8116879
     154.8     -1.8900353     -0.8047379
     154.9     -1.8426837     -0.7816654
     155.0     -1.7579660     -0.7429485
     155.1     -1.6373389     -0.6893783
     155.2     -1.4829874     -0.6220422
     155.3     -1.2977856     -0.5423019
     155.4     -1.0852435     -0.4517660
     155.5     -0.8494414     -0.3522576
     155.6     -0.5949516     -0.2457771
     155.7     -0.3267505     -0.1344625
     155.8     -0.0501217     -0.0205461
     155.9      0.2294472      0.0936903
     156.0      0.5063733      0.2059606
     156.1      0.7750886      0.3140206
     156.2      1.0301519      0.4157129
     156.3      1.2663574      0.5090095
     156.4      1.4788409      0.5920525
     156.5      1.6631787      0.6631910
     156.6      1.8154791      0.7210137
     156.7      1.9324632      0.7643771
     156.8      2.0115350      0.7924279
     156.9      2.0508374      0.8046196
     157.0      2.0492945      0.8007232
     157.1      2.0066388      0.7808312
     157.2      1.9234214      0.7453558
     157.3      1.8010075      0.6950197
     157.4      1.6415547      0.6308418
     157.5      1.4479754      0.5541162
     157.6      1.2238845      0.4663861
     157.7      0.9735323      0.3694128
     157.8      0.7017243      0.2651401
     157.9      0.4137299      0.1556552
     158.0      0.1151805      0.0431474
     158.1     -0.1880396     -0.0701365
     158.2     -0.4899086     -0.1819363
     158.3     -0.7843862     -0.2900243
     158.4     -1.0655332     -0.3922489
     158.5     -1.3276305     -0.4865782
     158.6     -1.5652946     -0.5711397
     158.7     -1.7735872     -0.6442577
     158.8     -1.9481165     -0.7044868
     158.9     -2.0851288     -0.7506397
     159.0     -2.1815878     -0.7818111
     159.1     -2.2352407     -0.7973953
     159.2     -2.2446688     -0.7970975
     159.3     -2.2093219     -0.7809397
     159.4     -2.1295365     -0.7492596
     159.5     -2.0065357     -0.7027036
     159.6     -1.8424117     -0.6422132
     159.7     -1.6400917     -0.5690063
     159.8     -1.4032858     -0.4845521
     159.9     -1.1364202     -0.3905418
     160.0     -0.8445545     -0.2888547
     160.1     -0.5332872     -0.1815201
     160.2     -0.2086484     -0.0706771
     160.3      0.1230159      0.0414681
     160.4      0.4551672      0.1526865
     160.5      0.7812021      0.2607706
     160.6      1.0945829      0.3635779
     160.7      1.3889677      0.4590738
     160.8      1.6583373      0.5453718
     160.9      1.8971171      0.6207707
     161.0      2.1002914      0.6837880
     161.1      2.2635069      0.7331893
     161.2      2.3831650      0.7680123
     161.3      2.4564986      0.7875854
     161.4      2.4816347      0.7915405
     161.5      2.4576382      0.7798201
     161.6      2.3845393      0.7526775
     161.7      2.2633403      0.7106718
     161.8      2.0960050      0.6546555
     161.9      1.8854276      0.5857579
     162.0      1.6353841      0.5053615
     162.1      1.3504651      0.4150744
     162.2      1.0359928      0.3166981
     162.3      0.6979219      0.2121913
     162.4      0.3427278      0.1036306
     162.5     -0.0227159     -0.0068308
     162.6     -0.3912704     -0.1170058
     162.7     -0.7556692     -0.2247170
     162.8     -1.1086604     -0.3278398
     162.9     -1.4431501     -0.4243443
     163.0     -1.7523433     -0.5123356
     163.1     -2.0298803     -0.5900907
     163.2     -2.2699662     -0.6560924
     163.3     -2.4674900     -0.7090592
     163.4     -2.6181314     -0.7479697
     163.5     -2.7184536     -0.7720825
     163.6     -2.7659784     -0.7809504
     163.7     -2.7592444     -0.7744280
     163.8     -2.6978450     -0.7526748
     163.9     -2.5824465     -0.7161502
     164.0     -2.4147848     -0.6656049
     164.1     -2.1976418     -0.6020642
     164.2     -1.9348006     -0.5268080
     164.3     -1.6309805     -0.4413441
     164.4     -1.2917539     -0.3473782
     164.5     -0.9234446     -0.2467798
     164.6     -0.5330114     -0.1415444
     164.7     -0.1279174     -0.0337539
     164.8      0.2840111      0.0744646
     164.9      0.6947344      0.1809815
     165.0      1.0961553      0.2837059
     165.1      1.4802767      0.3806277
     165.2      1.8393593      0.4698565
     165.3      2.1660762      0.5496590
     165.4      2.4536595      0.6184924
     165.5      2.6960393      0.6750343
     165.6      2.8879687      0.7182086
     165.7      3.0251354      0.7472055
     165.8      3.1042548      0.7614966
     165.9      3.1231452      0.7608451
     166.0      3.0807815      0.7453085
     166.1      2.9773272      0.7152375
     166.2      2.8141430      0.6712673
     166.3      2.5937736      0.6143045
     166.4      2.3199092      0.5455084
     166.5      1.9973264      0.4662666
     166.6      1.6318059      0.3781676
     166.7      1.2300305      0.2829682
     166.8      0.7994644      0.1825584
     166.9      0.3482162      0.0789236
     167.0     -0.1151126     -0.0258947
     167.1     -0.5815891     -0.1298398
     167.2     -1.0421202     -0.2308802
     167.3     -1.4876271     -0.3270492
     167.4     -1.9092224     -0.4164840
     167.5     -2.2983850     -0.4974616
     167.6     -2.6471294     -0.5684322
     167.7     -2.9481676     -0.6280493
     167.8     -3.1950574     -0.6751949
     167.9     -3.3823376     -0.7090007
     168.0     -3.5056446     -0.7288645
     168.1     -3.5618097     -0.7344601
     168.2     -3.5489334     -0.7257429
     168.3     -3.4664375     -0.7029495
     168.4     -3.3150904     -0.6665915
     168.5     -3.0970082     -0.6174441
     168.6     -2.8156289     -0.5565297
     168.7     -2.4756613     -0.4850963
     168.8     -2.0830082     -0.4045918
     168.9     -1.6446665     -0.3166344
     169.0     -1.1686043     -0.2229802
     169.1     -0.6636186     -0.1254873
     169.2     -0.1391749     -0.0260788
     169.3      0.3947676      0.0732952
     169.4      0.9279427      0.1706963
     169.5      1.4499710      0.2642362
     169.6      1.9505597      0.3521134
     169.7      2.4197014      0.4326480
     169.8      2.8478708      0.5043145
     169.9      3.2262143      0.5657706
     170.0      3.5467287      0.6158830
     170.1      3.8024254      0.6537476
     170.2      3.9874785      0.6787067
     170.3      4.0973505      0.6903600
     170.4      4.1288965      0.6885709
     170.5      4.0804418      0.6734672
     170.6      3.9518334      0.6454370
     170.7      3.7444621      0.6051194
     170.8      3.4612561      0.5533897
     170.9      3.1066445      0.4913409
     171.0      2.6864927      0.4202601
     171.1      2.2080086      0.3416019
     171.2      1.6796222      0.2569584
     171.3      1.1108415      0.1680268
     171.4      0.5120843      0.0765747
     171.5     -0.1055080     -0.0155951
     171.6     -0.7302735     -0.1066806
     171.7     -1.3502454     -0.1949163
     171.8     -1.9533756     -0.2786079
     171.9     -2.5277637     -0.3561650
     172.0     -3.0618856     -0.4261321
     172.1     -3.5448182     -0.4872159
     172.2     -3.9664558     -0.5383098
     172.3     -4.3177141     -0.5785140
     172.4     -4.5907173     -0.6071517
     172.5     -4.7789656     -0.6237802
     172.6     -4.8774785     -0.6281978
     172.7     -4.8829118     -0.6204453
     172.8     -4.7936456     -0.6008031
     172.9     -4.6098408     -0.5697831
     173.0     -4.3334634     -0.5281163
     173.1     -3.9682749     -0.4767360
     173.2     -3.5197896     -0.4167571
     173.3     -2.9951976     -0.3494519
     173.4     -2.4032564     -0.2762234
     173.5     -1.7541509     -0.1985755
     173.6     -1.0593251     -0.1180818
     173.7     -0.3312883     -0.0363537
     173.8      0.4166025      0.0449928
     173.9      1.1703779      0.1243691
     174.0      1.9157074      0.2002459
     174.1      2.6381601      0.2711832
     174.2      3.3234727      0.3358578
     174.3      3.9578170      0.3930894
     174.4      4.5280647      0.4418617
     174.5      5.0220432      0.4813415
     174.6      5.4287777      0.5108931
     174.7      5.7387158      0.5300885
     174.8      5.9439290      0.5387136
     174.9      6.0382892      0.5367695
     175.0      6.0176138      0.5244696
     175.1      5.8797795      0.5022327
     175.2      5.6247998      0.4706711
     175.3      5.2548662      0.4305759
     175.4      4.7743502      0.3828977
     175.5      4.1897674      0.3287254
     175.6      3.5097020      0.2692609
     175.7      2.7446943      0.2057937
     175.8      1.9070908      0.1396719
     175.9      1.0108615      0.0722740
     176.0      0.0713843      0.0049795
     176.1     -0.8947969     -0.0608599
     176.2     -1.8702398     -0.1239481
     176.3     -2.8368891     -0.1830710
     176.4     -3.7763786     -0.2371208
     176.5     -4.6703414     -0.2851175
     176.6     -5.5007260     -0.3262281
     176.7     -6.2501102     -0.3597815
     176.8     -6.9020091     -0.3852805
     176.9     -7.4411718     -0.4024097
     177.0     -7.8538597     -0.4110393
     177.1     -8.1281040     -0.4112247
     177.2     -8.2539359     -0.4032029
     177.3     -8.2235857     -0.3873839
     177.4     -8.0316478     -0.3643395
     177.5     -7.6752076     -0.3347879
     177.6     -7.1539278     -0.2995754
     177.7     -6.4700935     -0.2596564
     177.8     -5.6286126     -0.2160701
     177.9     -4.6369742     -0.1699159
     178.0     -3.5051625     -0.1223284
     178.1     -2.2455291     -0.0744509
     178.2     -0.8726250     -0.0274098
     178.3      0.5970058      0.0177109
     178.4      2.1450662      0.0598938
     178.5      3.7517773      0.0982101
     178.6      5.3961766      0.1318403
     178.7      7.0564363      0.1600917
     178.8      8.7101998      0.1824127
     178.9     10.3349272      0.1984042
     179.0     11.9082475      0.2078276
     179.1     13.4083087      0.2106086
     179.2     14.8141225      0.2068374
     179.3     16.1058958      0.1967657
     179.4     17.2653451      0.1807990
     179.5     18.2759867      0.1594860
     179.6     19.1234000      0.1335054
     179.7     19.7954578      0.1036483
     179.8     20.2825201      0.0707992
     179.9     20.5775885      0.0359146
     180.0     20.6764188      0.0000000
