 # List of d(q) for j, j' =           17          45
 #    0  1.00000000
 #    1  0.76143839
 #    2  0.49799587
 #    3  0.33414653
 #    4  0.24414450
 #    5  0.18589752
 #    6  0.15058639
 #    7  0.13045906
 #    8  0.11649148
 #    9  0.10761541
 #   10  0.10262154
 #   11  0.09396064
 #   12  0.08187440
 #   13  0.07253653
 #   14  0.06818386
 #   15  0.06426470
 #   16  0.06002805
 #   17  0.05578328
 #   18  0.05335348
 #   19  0.05065405
 #   20  0.04897435
 #   21  0.04633016
 #   22  0.04530150
 #   23  0.04300603
 #   24  0.04270231
 #   25  0.04026238
 #   26  0.04063930
 #   27  0.03681419
 #   28  0.03891420
 #   29  0.03123250
 #   30  0.03716119
 #   31  0.02530166
 #   32  0.03108829
 #   33  0.01780152
 #   34  0.03910217
       0.0     18.4670615      0.0000000
       0.1     18.4613632      0.0322211
       0.2     18.4442778      0.0643825
       0.3     18.4158338      0.0964246
       0.4     18.3760789      0.1282882
       0.5     18.3250793      0.1599145
       0.6     18.2629201      0.1912454
       0.7     18.1897051      0.2222236
       0.8     18.1055561      0.2527930
       0.9     18.0106131      0.2828984
       1.0     17.9050337      0.3124859
       1.1     17.7889930      0.3415032
       1.2     17.6626831      0.3698993
       1.3     17.5263126      0.3976253
       1.4     17.3801060      0.4246338
       1.5     17.2243039      0.4508797
       1.6     17.0591614      0.4763197
       1.7     16.8849487      0.5009130
       1.8     16.7019495      0.5246209
       1.9     16.5104611      0.5474073
       2.0     16.3107932      0.5692385
       2.1     16.1032677      0.5900834
       2.2     15.8882177      0.6099139
       2.3     15.6659871      0.6287041
       2.4     15.4369293      0.6464315
       2.5     15.2014070      0.6630761
       2.6     14.9597912      0.6786208
       2.7     14.7124603      0.6930518
       2.8     14.4597994      0.7063579
       2.9     14.2021996      0.7185310
       3.0     13.9400571      0.7295662
       3.1     13.6737722      0.7394614
       3.2     13.4037485      0.7482174
       3.3     13.1303924      0.7558383
       3.4     12.8541119      0.7623308
       3.5     12.5753159      0.7677047
       3.6     12.2944131      0.7719726
       3.7     12.0118117      0.7751499
       3.8     11.7279181      0.7772549
       3.9     11.4431364      0.7783082
       4.0     11.1578671      0.7783335
       4.1     10.8725070      0.7773565
       4.2     10.5874479      0.7754056
       4.3     10.3030761      0.7725115
       4.4     10.0197714      0.7687071
       4.5      9.7379068      0.7640274
       4.6      9.4578472      0.7585092
       4.7      9.1799493      0.7521914
       4.8      8.9045607      0.7451144
       4.9      8.6320190      0.7373205
       5.0      8.3626518      0.7288531
       5.1      8.0967756      0.7197572
       5.2      7.8346955      0.7100787
       5.3      7.5767046      0.6998647
       5.4      7.3230837      0.6891631
       5.5      7.0741006      0.6780225
       5.6      6.8300098      0.6664922
       5.7      6.5910522      0.6546217
       5.8      6.3574546      0.6424608
       5.9      6.1294295      0.6300596
       6.0      5.9071749      0.6174679
       6.1      5.6908738      0.6047354
       6.2      5.4806945      0.5919115
       6.3      5.2767898      0.5790449
       6.4      5.0792974      0.5661839
       6.5      4.8883394      0.5533757
       6.6      4.7040229      0.5406670
       6.7      4.5264392      0.5281030
       6.8      4.3556642      0.5157279
       6.9      4.1917588      0.5035847
       7.0      4.0347684      0.4917146
       7.1      3.8847233      0.4801575
       7.2      3.7416389      0.4689517
       7.3      3.6055161      0.4581335
       7.4      3.4763409      0.4477374
       7.5      3.3540856      0.4377960
       7.6      3.2387080      0.4283398
       7.7      3.1301529      0.4193972
       7.8      3.0283515      0.4109945
       7.9      2.9332223      0.4031554
       8.0      2.8446713      0.3959017
       8.1      2.7625927      0.3892527
       8.2      2.6868691      0.3832253
       8.3      2.6173719      0.3778339
       8.4      2.5539622      0.3730905
       8.5      2.4964911      0.3690049
       8.6      2.4448000      0.3655840
       8.7      2.3987217      0.3628326
       8.8      2.3580804      0.3607529
       8.9      2.3226929      0.3593447
       9.0      2.2923684      0.3586054
       9.1      2.2669100      0.3585301
       9.2      2.2461146      0.3591115
       9.3      2.2297739      0.3603400
       9.4      2.2176749      0.3622039
       9.5      2.2096005      0.3646893
       9.6      2.2053302      0.3677801
       9.7      2.2046407      0.3714585
       9.8      2.2073065      0.3757045
       9.9      2.2131006      0.3804964
      10.0      2.2217949      0.3858106
      10.1      2.2331612      0.3916222
      10.2      2.2469712      0.3979043
      10.3      2.2629978      0.4046290
      10.4      2.2810150      0.4117669
      10.5      2.3007991      0.4192873
      10.6      2.3221286      0.4271587
      10.7      2.3447852      0.4353483
      10.8      2.3685542      0.4438228
      10.9      2.3932249      0.4525479
      11.0      2.4185911      0.4614889
      11.1      2.4444516      0.4706106
      11.2      2.4706108      0.4798775
      11.3      2.4968787      0.4892538
      11.4      2.5230717      0.4987036
      11.5      2.5490125      0.5081914
      11.6      2.5745312      0.5176814
      11.7      2.5994646      0.5271384
      11.8      2.6236576      0.5365276
      11.9      2.6469623      0.5458147
      12.0      2.6692394      0.5549661
      12.1      2.6903574      0.5639489
      12.2      2.7101934      0.5727311
      12.3      2.7286332      0.5812818
      12.4      2.7455710      0.5895711
      12.5      2.7609100      0.5975703
      12.6      2.7745623      0.6052520
      12.7      2.7864489      0.6125902
      12.8      2.7964997      0.6195603
      12.9      2.8046535      0.6261392
      13.0      2.8108581      0.6323055
      13.1      2.8150701      0.6380393
      13.2      2.8172549      0.6433226
      13.3      2.8173865      0.6481390
      13.4      2.8154475      0.6524741
      13.5      2.8114288      0.6563150
      13.6      2.8053296      0.6596511
      13.7      2.7971570      0.6624735
      13.8      2.7869260      0.6647751
      13.9      2.7746590      0.6665509
      14.0      2.7603858      0.6677978
      14.1      2.7441432      0.6685145
      14.2      2.7259749      0.6687018
      14.3      2.7059308      0.6683622
      14.4      2.6840669      0.6675003
      14.5      2.6604454      0.6661223
      14.6      2.6351334      0.6642364
      14.7      2.6082035      0.6618524
      14.8      2.5797329      0.6589818
      14.9      2.5498032      0.6556380
      15.0      2.5184999      0.6518357
      15.1      2.4859123      0.6475914
      15.2      2.4521329      0.6429227
      15.3      2.4172568      0.6378489
      15.4      2.3813819      0.6323905
      15.5      2.3446081      0.6265692
      15.6      2.3070367      0.6204079
      15.7      2.2687706      0.6139303
      15.8      2.2299136      0.6071614
      15.9      2.1905699      0.6001268
      16.0      2.1508439      0.5928529
      16.1      2.1108398      0.5853668
      16.2      2.0706614      0.5776961
      16.3      2.0304113      0.5698689
      16.4      1.9901910      0.5619134
      16.5      1.9501005      0.5538585
      16.6      1.9102377      0.5457327
      16.7      1.8706983      0.5375648
      16.8      1.8315758      0.5293837
      16.9      1.7929606      0.5212176
      17.0      1.7549401      0.5130948
      17.1      1.7175984      0.5050432
      17.2      1.6810162      0.4970900
      17.3      1.6452702      0.4892620
      17.4      1.6104334      0.4815853
      17.5      1.5765745      0.4740851
      17.6      1.5437578      0.4667859
      17.7      1.5120434      0.4597112
      17.8      1.4814865      0.4528835
      17.9      1.4521378      0.4463242
      18.0      1.4240430      0.4400535
      18.1      1.3972432      0.4340905
      18.2      1.3717742      0.4284530
      18.3      1.3476669      0.4231573
      18.4      1.3249475      0.4182184
      18.5      1.3036366      0.4136500
      18.6      1.2837503      0.4094641
      18.7      1.2652994      0.4056714
      18.8      1.2482897      0.4022810
      18.9      1.2327225      0.3993003
      19.0      1.2185938      0.3967353
      19.1      1.2058952      0.3945905
      19.2      1.1946136      0.3928686
      19.3      1.1847312      0.3915707
      19.4      1.1762262      0.3906966
      19.5      1.1690723      0.3902443
      19.6      1.1632392      0.3902104
      19.7      1.1586927      0.3905898
      19.8      1.1553951      0.3913761
      19.9      1.1533048      0.3925614
      20.0      1.1523772      0.3941362
      20.1      1.1525644      0.3960899
      20.2      1.1538157      0.3984105
      20.3      1.1560778      0.4010846
      20.4      1.1592949      0.4040978
      20.5      1.1634088      0.4074343
      20.6      1.1683596      0.4110776
      20.7      1.1740857      0.4150098
      20.8      1.1805238      0.4192122
      20.9      1.1876095      0.4236654
      21.0      1.1952773      0.4283491
      21.1      1.2034612      0.4332422
      21.2      1.2120945      0.4383232
      21.3      1.2211103      0.4435698
      21.4      1.2304417      0.4489596
      21.5      1.2400219      0.4544696
      21.6      1.2497848      0.4600765
      21.7      1.2596649      0.4657570
      21.8      1.2695974      0.4714876
      21.9      1.2795189      0.4772449
      22.0      1.2893673      0.4830055
      22.1      1.2990817      0.4887461
      22.2      1.3086035      0.4944438
      22.3      1.3178754      0.5000759
      22.4      1.3268427      0.5056204
      22.5      1.3354525      0.5110556
      22.6      1.3436547      0.5163602
      22.7      1.3514015      0.5215140
      22.8      1.3586479      0.5264972
      22.9      1.3653515      0.5312910
      23.0      1.3714730      0.5358772
      23.1      1.3769761      0.5402388
      23.2      1.3818274      0.5443597
      23.3      1.3859970      0.5482249
      23.4      1.3894579      0.5518203
      23.5      1.3921864      0.5551330
      23.6      1.3941623      0.5581515
      23.7      1.3953686      0.5608653
      23.8      1.3957917      0.5632652
      23.9      1.3954212      0.5653432
      24.0      1.3942502      0.5670926
      24.1      1.3922749      0.5685083
      24.2      1.3894951      0.5695860
      24.3      1.3859134      0.5703233
      24.4      1.3815358      0.5707186
      24.5      1.3763714      0.5707719
      24.6      1.3704323      0.5704847
      24.7      1.3637334      0.5698593
      24.8      1.3562925      0.5688997
      24.9      1.3481301      0.5676111
      25.0      1.3392694      0.5659997
      25.1      1.3297358      0.5640732
      25.2      1.3195574      0.5618402
      25.3      1.3087642      0.5593107
      25.4      1.2973884      0.5564955
      25.5      1.2854642      0.5534066
      25.6      1.2730272      0.5500569
      25.7      1.2601151      0.5464604
      25.8      1.2467666      0.5426316
      25.9      1.2330219      0.5385862
      26.0      1.2189222      0.5343403
      26.1      1.2045096      0.5299110
      26.2      1.1898271      0.5253156
      26.3      1.1749181      0.5205724
      26.4      1.1598266      0.5156997
      26.5      1.1445965      0.5107165
      26.6      1.1292722      0.5056419
      26.7      1.1138977      0.5004954
      26.8      1.0985167      0.4952965
      26.9      1.0831728      0.4900650
      27.0      1.0679087      0.4848204
      27.1      1.0527663      0.4795823
      27.2      1.0377869      0.4743702
      27.3      1.0230105      0.4692033
      27.4      1.0084760      0.4641004
      27.5      0.9942210      0.4590802
      27.6      0.9802817      0.4541606
      27.7      0.9666926      0.4493593
      27.8      0.9534865      0.4446934
      27.9      0.9406946      0.4401791
      28.0      0.9283462      0.4358321
      28.1      0.9164683      0.4316675
      28.2      0.9050863      0.4276992
      28.3      0.8942231      0.4239406
      28.4      0.8838996      0.4204041
      28.5      0.8741345      0.4171009
      28.6      0.8649440      0.4140416
      28.7      0.8563421      0.4112356
      28.8      0.8483404      0.4086911
      28.9      0.8409482      0.4064154
      29.0      0.8341723      0.4044148
      29.1      0.8280172      0.4026941
      29.2      0.8224850      0.4012573
      29.3      0.8175754      0.4001071
      29.4      0.8132858      0.3992451
      29.5      0.8096113      0.3986717
      29.6      0.8065446      0.3983861
      29.7      0.8040764      0.3983866
      29.8      0.8021952      0.3986701
      29.9      0.8008873      0.3992325
      30.0      0.8001370      0.4000685
      30.1      0.7999269      0.4011719
      30.2      0.8002374      0.4025354
      30.3      0.8010475      0.4041506
      30.4      0.8023342      0.4060082
      30.5      0.8040733      0.4080980
      30.6      0.8062387      0.4104089
      30.7      0.8088035      0.4129289
      30.8      0.8117392      0.4156453
      30.9      0.8150163      0.4185445
      31.0      0.8186043      0.4216124
      31.1      0.8224721      0.4248342
      31.2      0.8265875      0.4281946
      31.3      0.8309179      0.4316777
      31.4      0.8354302      0.4352672
      31.5      0.8400910      0.4389464
      31.6      0.8448668      0.4426983
      31.7      0.8497237      0.4465057
      31.8      0.8546281      0.4503513
      31.9      0.8595467      0.4542174
      32.0      0.8644461      0.4580867
      32.1      0.8692938      0.4619415
      32.2      0.8740574      0.4657645
      32.3      0.8787056      0.4695384
      32.4      0.8832075      0.4732463
      32.5      0.8875334      0.4768714
      32.6      0.8916544      0.4803973
      32.7      0.8955426      0.4838082
      32.8      0.8991717      0.4870887
      32.9      0.9025163      0.4902238
      33.0      0.9055524      0.4931992
      33.1      0.9082577      0.4960013
      33.2      0.9106112      0.4986172
      33.3      0.9125934      0.5010346
      33.4      0.9141868      0.5032422
      33.5      0.9153752      0.5052294
      33.6      0.9161444      0.5069866
      33.7      0.9164819      0.5085049
      33.8      0.9163769      0.5097764
      33.9      0.9158206      0.5107945
      34.0      0.9148061      0.5115531
      34.1      0.9133281      0.5120474
      34.2      0.9113834      0.5122735
      34.3      0.9089706      0.5122286
      34.4      0.9060902      0.5119111
      34.5      0.9027444      0.5113201
      34.6      0.8989373      0.5104559
      34.7      0.8946748      0.5093200
      34.8      0.8899645      0.5079148
      34.9      0.8848158      0.5062437
      35.0      0.8792395      0.5043111
      35.1      0.8732483      0.5021223
      35.2      0.8668562      0.4996839
      35.3      0.8600788      0.4970031
      35.4      0.8529330      0.4940880
      35.5      0.8454371      0.4909478
      35.6      0.8376106      0.4875924
      35.7      0.8294742      0.4840324
      35.8      0.8210495      0.4802792
      35.9      0.8123592      0.4763450
      36.0      0.8034269      0.4722425
      36.1      0.7942769      0.4679850
      36.2      0.7849342      0.4635866
      36.3      0.7754244      0.4590615
      36.4      0.7657736      0.4544245
      36.5      0.7560081      0.4496909
      36.6      0.7461548      0.4448760
      36.7      0.7362403      0.4399957
      36.8      0.7262917      0.4350659
      36.9      0.7163359      0.4301025
      37.0      0.7063994      0.4251218
      37.1      0.6965088      0.4201397
      37.2      0.6866902      0.4151723
      37.3      0.6769693      0.4102355
      37.4      0.6673710      0.4053450
      37.5      0.6579200      0.4005163
      37.6      0.6486400      0.3957645
      37.7      0.6395538      0.3911044
      37.8      0.6306835      0.3865504
      37.9      0.6220503      0.3821163
      38.0      0.6136739      0.3778154
      38.1      0.6055735      0.3736606
      38.2      0.5977666      0.3696639
      38.3      0.5902697      0.3658368
      38.4      0.5830980      0.3621900
      38.5      0.5762653      0.3587336
      38.6      0.5697840      0.3554766
      38.7      0.5636650      0.3524274
      38.8      0.5579180      0.3495936
      38.9      0.5525510      0.3469816
      39.0      0.5475704      0.3445972
      39.1      0.5429813      0.3424451
      39.2      0.5387871      0.3405292
      39.3      0.5349897      0.3388523
      39.4      0.5315896      0.3374161
      39.5      0.5285856      0.3362218
      39.6      0.5259750      0.3352691
      39.7      0.5237537      0.3345570
      39.8      0.5219161      0.3340836
      39.9      0.5204551      0.3338457
      40.0      0.5193623      0.3338396
      40.1      0.5186278      0.3340604
      40.2      0.5182406      0.3345024
      40.3      0.5181882      0.3351588
      40.4      0.5184570      0.3360223
      40.5      0.5190323      0.3370845
      40.6      0.5198984      0.3383364
      40.7      0.5210382      0.3397682
      40.8      0.5224342      0.3413692
      40.9      0.5240675      0.3431284
      41.0      0.5259188      0.3450338
      41.1      0.5279679      0.3470730
      41.2      0.5301940      0.3492332
      41.3      0.5325758      0.3515009
      41.4      0.5350914      0.3538623
      41.5      0.5377188      0.3563032
      41.6      0.5404354      0.3588092
      41.7      0.5432186      0.3613655
      41.8      0.5460456      0.3639571
      41.9      0.5488936      0.3665690
      42.0      0.5517399      0.3691860
      42.1      0.5545619      0.3717931
      42.2      0.5573373      0.3743749
      42.3      0.5600441      0.3769167
      42.4      0.5626607      0.3794034
      42.5      0.5651659      0.3818205
      42.6      0.5675392      0.3841537
      42.7      0.5697608      0.3863888
      42.8      0.5718114      0.3885123
      42.9      0.5736727      0.3905110
      43.0      0.5753271      0.3923721
      43.1      0.5767579      0.3940836
      43.2      0.5779497      0.3956338
      43.3      0.5788876      0.3970117
      43.4      0.5795583      0.3982073
      43.5      0.5799493      0.3992108
      43.6      0.5800494      0.4000134
      43.7      0.5798486      0.4006072
      43.8      0.5793382      0.4009850
      43.9      0.5785106      0.4011403
      44.0      0.5773597      0.4010678
      44.1      0.5758806      0.4007627
      44.2      0.5740697      0.4002214
      44.3      0.5719248      0.3994410
      44.4      0.5694450      0.3984198
      44.5      0.5666309      0.3971568
      44.6      0.5634840      0.3956520
      44.7      0.5600077      0.3939064
      44.8      0.5562061      0.3919219
      44.9      0.5520851      0.3897012
      45.0      0.5476515      0.3872481
      45.1      0.5429134      0.3845672
      45.2      0.5378802      0.3816640
      45.3      0.5325622      0.3785449
      45.4      0.5269711      0.3752171
      45.5      0.5211193      0.3716886
      45.6      0.5150206      0.3679681
      45.7      0.5086893      0.3640653
      45.8      0.5021409      0.3599902
      45.9      0.4953916      0.3557538
      46.0      0.4884584      0.3513676
      46.1      0.4813588      0.3468436
      46.2      0.4741112      0.3421946
      46.3      0.4667342      0.3374335
      46.4      0.4592473      0.3325740
      46.5      0.4516700      0.3276299
      46.6      0.4440223      0.3226154
      46.7      0.4363244      0.3175450
      46.8      0.4285967      0.3124336
      46.9      0.4208596      0.3072958
      47.0      0.4131336      0.3021468
      47.1      0.4054391      0.2970015
      47.2      0.3977962      0.2918749
      47.3      0.3902250      0.2867820
      47.4      0.3827452      0.2817376
      47.5      0.3753761      0.2767563
      47.6      0.3681366      0.2718524
      47.7      0.3610450      0.2670401
      47.8      0.3541191      0.2623331
      47.9      0.3473761      0.2577447
      48.0      0.3408323      0.2532878
      48.1      0.3345034      0.2489748
      48.2      0.3284042      0.2448175
      48.3      0.3225486      0.2408271
      48.4      0.3169497      0.2370144
      48.5      0.3116194      0.2333891
      48.6      0.3065687      0.2299606
      48.7      0.3018076      0.2267372
      48.8      0.2973450      0.2237268
      48.9      0.2931885      0.2209361
      49.0      0.2893448      0.2183713
      49.1      0.2858192      0.2160375
      49.2      0.2826161      0.2139390
      49.3      0.2797385      0.2120794
      49.4      0.2771882      0.2104611
      49.5      0.2749659      0.2090857
      49.6      0.2730710      0.2079541
      49.7      0.2715018      0.2070658
      49.8      0.2702554      0.2064200
      49.9      0.2693276      0.2060144
      50.0      0.2687132      0.2058462
      50.1      0.2684058      0.2059116
      50.2      0.2683981      0.2062058
      50.3      0.2686813      0.2067233
      50.4      0.2692461      0.2074577
      50.5      0.2700819      0.2084018
      50.6      0.2711771      0.2095477
      50.7      0.2725195      0.2108865
      50.8      0.2740957      0.2124090
      50.9      0.2758918      0.2141049
      51.0      0.2778931      0.2159635
      51.1      0.2800840      0.2179735
      51.2      0.2824487      0.2201230
      51.3      0.2849703      0.2223995
      51.4      0.2876320      0.2247903
      51.5      0.2904161      0.2272820
      51.6      0.2933048      0.2298611
      51.7      0.2962800      0.2325136
      51.8      0.2993233      0.2352253
      51.9      0.3024162      0.2379819
      52.0      0.3055401      0.2407689
      52.1      0.3086764      0.2435717
      52.2      0.3118067      0.2463756
      52.3      0.3149124      0.2491661
      52.4      0.3179756      0.2519288
      52.5      0.3209782      0.2546491
      52.6      0.3239027      0.2573130
      52.7      0.3267320      0.2599066
      52.8      0.3294494      0.2624163
      52.9      0.3320387      0.2648287
      53.0      0.3344844      0.2671311
      53.1      0.3367716      0.2693111
      53.2      0.3388861      0.2713567
      53.3      0.3408144      0.2732567
      53.4      0.3425440      0.2750003
      53.5      0.3440630      0.2765774
      53.6      0.3453605      0.2779785
      53.7      0.3464265      0.2791950
      53.8      0.3472522      0.2802187
      53.9      0.3478294      0.2810426
      54.0      0.3481511      0.2816602
      54.1      0.3482115      0.2820659
      54.2      0.3480057      0.2822548
      54.3      0.3475298      0.2822233
      54.4      0.3467813      0.2819681
      54.5      0.3457584      0.2814872
      54.6      0.3444606      0.2807794
      54.7      0.3428887      0.2798443
      54.8      0.3410442      0.2786825
      54.9      0.3389300      0.2772955
      55.0      0.3365499      0.2756855
      55.1      0.3339088      0.2738559
      55.2      0.3310127      0.2718108
      55.3      0.3278684      0.2695551
      55.4      0.3244840      0.2670945
      55.5      0.3208682      0.2644359
      55.6      0.3170308      0.2615864
      55.7      0.3129825      0.2585543
      55.8      0.3087347      0.2553485
      55.9      0.3042997      0.2519785
      56.0      0.2996903      0.2484545
      56.1      0.2949204      0.2447875
      56.2      0.2900040      0.2409888
      56.3      0.2849561      0.2370704
      56.4      0.2797920      0.2330447
      56.5      0.2745274      0.2289245
      56.6      0.2691787      0.2247232
      56.7      0.2637622      0.2204544
      56.8      0.2582947      0.2161318
      56.9      0.2527933      0.2117697
      57.0      0.2472749      0.2073822
      57.1      0.2417569      0.2029839
      57.2      0.2362563      0.1985891
      57.3      0.2307902      0.1942125
      57.4      0.2253757      0.1898683
      57.5      0.2200295      0.1855710
      57.6      0.2147681      0.1813347
      57.7      0.2096078      0.1771735
      57.8      0.2045644      0.1731010
      57.9      0.1996532      0.1691306
      58.0      0.1948892      0.1652755
      58.1      0.1902868      0.1615481
      58.2      0.1858595      0.1579607
      58.3      0.1816206      0.1545249
      58.4      0.1775824      0.1512517
      58.5      0.1737565      0.1481518
      58.6      0.1701538      0.1452349
      58.7      0.1667843      0.1425103
      58.8      0.1636570      0.1399863
      58.9      0.1607802      0.1376708
      59.0      0.1581612      0.1355706
      59.1      0.1558064      0.1336920
      59.2      0.1537211      0.1320402
      59.3      0.1519096      0.1306198
      59.4      0.1503754      0.1294344
      59.5      0.1491207      0.1284867
      59.6      0.1481468      0.1277786
      59.7      0.1474540      0.1273111
      59.8      0.1470415      0.1270843
      59.9      0.1469075      0.1270972
      60.0      0.1470492      0.1273483
      60.1      0.1474627      0.1278350
      60.2      0.1481433      0.1285536
      60.3      0.1490851      0.1295000
      60.4      0.1502814      0.1306689
      60.5      0.1517245      0.1320542
      60.6      0.1534058      0.1336493
      60.7      0.1553160      0.1354463
      60.8      0.1574449      0.1374371
      60.9      0.1597813      0.1396125
      61.0      0.1623136      0.1419627
      61.1      0.1650293      0.1444773
      61.2      0.1679153      0.1471453
      61.3      0.1709579      0.1499551
      61.4      0.1741430      0.1528946
      61.5      0.1774557      0.1559511
      61.6      0.1808809      0.1591116
      61.7      0.1844032      0.1623628
      61.8      0.1880066      0.1656909
      61.9      0.1916751      0.1690817
      62.0      0.1953923      0.1725212
      62.1      0.1991419      0.1759948
      62.2      0.2029074      0.1794880
      62.3      0.2066722      0.1829862
      62.4      0.2104199      0.1864748
      62.5      0.2141341      0.1899392
      62.6      0.2177986      0.1933650
      62.7      0.2213976      0.1967377
      62.8      0.2249154      0.2000434
      62.9      0.2283366      0.2032681
      63.0      0.2316463      0.2063984
      63.1      0.2348303      0.2094211
      63.2      0.2378744      0.2123233
      63.3      0.2407654      0.2150930
      63.4      0.2434906      0.2177182
      63.5      0.2460378      0.2201877
      63.6      0.2483957      0.2224910
      63.7      0.2505537      0.2246180
      63.8      0.2525019      0.2265595
      63.9      0.2542313      0.2283067
      64.0      0.2557337      0.2298520
      64.1      0.2570019      0.2311881
      64.2      0.2580294      0.2323087
      64.3      0.2588108      0.2332085
      64.4      0.2593415      0.2338826
      64.5      0.2596181      0.2343275
      64.6      0.2596379      0.2345401
      64.7      0.2593993      0.2345184
      64.8      0.2589017      0.2342613
      64.9      0.2581455      0.2337685
      65.0      0.2571320      0.2330407
      65.1      0.2558635      0.2320795
      65.2      0.2543433      0.2308872
      65.3      0.2525757      0.2294671
      65.4      0.2505657      0.2278234
      65.5      0.2483195      0.2259611
      65.6      0.2458439      0.2238860
      65.7      0.2431468      0.2216048
      65.8      0.2402369      0.2191249
      65.9      0.2371235      0.2164544
      66.0      0.2338167      0.2136022
      66.1      0.2303276      0.2105779
      66.2      0.2266676      0.2073917
      66.3      0.2228489      0.2040544
      66.4      0.2188843      0.2005774
      66.5      0.2147870      0.1969726
      66.6      0.2105709      0.1932524
      66.7      0.2062500      0.1894296
      66.8      0.2018391      0.1855174
      66.9      0.1973529      0.1815294
      67.0      0.1928066      0.1774794
      67.1      0.1882155      0.1733814
      67.2      0.1835951      0.1692495
      67.3      0.1789610      0.1650983
      67.4      0.1743287      0.1609420
      67.5      0.1697138      0.1567951
      67.6      0.1651317      0.1526719
      67.7      0.1605979      0.1485867
      67.8      0.1561272      0.1445536
      67.9      0.1517347      0.1405866
      68.0      0.1474348      0.1366991
      68.1      0.1432416      0.1329047
      68.2      0.1391688      0.1292162
      68.3      0.1352297      0.1256463
      68.4      0.1314369      0.1222069
      68.5      0.1278026      0.1189098
      68.6      0.1243382      0.1157658
      68.7      0.1210546      0.1127855
      68.8      0.1179620      0.1099788
      68.9      0.1150696      0.1073546
      69.0      0.1123861      0.1049215
      69.1      0.1099193      0.1026871
      69.2      0.1076762      0.1006585
      69.3      0.1056628      0.0988416
      69.4      0.1038844      0.0972420
      69.5      0.1023452      0.0958639
      69.6      0.1010487      0.0947111
      69.7      0.0999973      0.0937864
      69.8      0.0991926      0.0930915
      69.9      0.0986350      0.0926276
      70.0      0.0983244      0.0923947
      70.1      0.0982592      0.0923920
      70.2      0.0984374      0.0926178
      70.3      0.0988557      0.0930697
      70.4      0.0995100      0.0937441
      70.5      0.1003954      0.0946369
      70.6      0.1015060      0.0957427
      70.7      0.1028350      0.0970558
      70.8      0.1043750      0.0985693
      70.9      0.1061175      0.1002756
      71.0      0.1080535      0.1021666
      71.1      0.1101731      0.1042332
      71.2      0.1124658      0.1064657
      71.3      0.1149203      0.1088537
      71.4      0.1175249      0.1113864
      71.5      0.1202672      0.1140522
      71.6      0.1231342      0.1168391
      71.7      0.1261126      0.1197345
      71.8      0.1291886      0.1227256
      71.9      0.1323481      0.1257989
      72.0      0.1355765      0.1289409
      72.1      0.1388591      0.1321376
      72.2      0.1421810      0.1353748
      72.3      0.1455271      0.1386381
      72.4      0.1488822      0.1419132
      72.5      0.1522311      0.1451854
      72.6      0.1555586      0.1484403
      72.7      0.1588495      0.1516633
      72.8      0.1620889      0.1548401
      72.9      0.1652621      0.1579563
      73.0      0.1683544      0.1609981
      73.1      0.1713516      0.1639515
      73.2      0.1742398      0.1668032
      73.3      0.1770057      0.1695400
      73.4      0.1796361      0.1721493
      73.5      0.1821185      0.1746188
      73.6      0.1844410      0.1769369
      73.7      0.1865923      0.1790923
      73.8      0.1885616      0.1810745
      73.9      0.1903389      0.1828737
      74.0      0.1919149      0.1844804
      74.1      0.1932810      0.1858863
      74.2      0.1944294      0.1870834
      74.3      0.1953531      0.1880648
      74.4      0.1960461      0.1888243
      74.5      0.1965031      0.1893563
      74.6      0.1967196      0.1896565
      74.7      0.1966922      0.1897209
      74.8      0.1964184      0.1895470
      74.9      0.1958964      0.1891326
      75.0      0.1951255      0.1884767
      75.1      0.1941059      0.1875793
      75.2      0.1928388      0.1864410
      75.3      0.1913261      0.1850636
      75.4      0.1895709      0.1834495
      75.5      0.1875771      0.1816023
      75.6      0.1853493      0.1795262
      75.7      0.1828931      0.1772263
      75.8      0.1802152      0.1747088
      75.9      0.1773227      0.1719804
      76.0      0.1742238      0.1690486
      76.1      0.1709274      0.1659220
      76.2      0.1674430      0.1626096
      76.3      0.1637810      0.1591212
      76.4      0.1599522      0.1554673
      76.5      0.1559684      0.1516590
      76.6      0.1518417      0.1477080
      76.7      0.1475848      0.1436264
      76.8      0.1432108      0.1394270
      76.9      0.1387334      0.1351230
      77.0      0.1341666      0.1307279
      77.1      0.1295247      0.1262557
      77.2      0.1248224      0.1217205
      77.3      0.1200744      0.1171368
      77.4      0.1152959      0.1125192
      77.5      0.1105019      0.1078825
      77.6      0.1057076      0.1032417
      77.7      0.1009283      0.0986115
      77.8      0.0961790      0.0940069
      77.9      0.0914749      0.0894426
      78.0      0.0868307      0.0849332
      78.1      0.0822612      0.0804933
      78.2      0.0777807      0.0761370
      78.3      0.0734032      0.0718781
      78.4      0.0691426      0.0677303
      78.5      0.0650119      0.0637067
      78.6      0.0610240      0.0598200
      78.7      0.0571911      0.0560824
      78.8      0.0535250      0.0525056
      78.9      0.0500366      0.0491005
      79.0      0.0467364      0.0458777
      79.1      0.0436342      0.0428470
      79.2      0.0407389      0.0400173
      79.3      0.0380588      0.0373970
      79.4      0.0356013      0.0349938
      79.5      0.0333731      0.0328143
      79.6      0.0313801      0.0308645
      79.7      0.0296270      0.0291496
      79.8      0.0281181      0.0276737
      79.9      0.0268565      0.0264403
      80.0      0.0258444      0.0254518
      80.1      0.0250833      0.0247098
      80.2      0.0245736      0.0242150
      80.3      0.0243147      0.0239671
      80.4      0.0243054      0.0239650
      80.5      0.0245433      0.0242067
      80.6      0.0250253      0.0246892
      80.7      0.0257472      0.0254088
      80.8      0.0267042      0.0263606
      80.9      0.0278904      0.0275393
      81.0      0.0292992      0.0289384
      81.1      0.0309231      0.0305508
      81.2      0.0327541      0.0323685
      81.3      0.0347831      0.0343828
      81.4      0.0370004      0.0365844
      81.5      0.0393957      0.0389630
      81.6      0.0419581      0.0415080
      81.7      0.0446760      0.0442080
      81.8      0.0475372      0.0470512
      81.9      0.0505291      0.0500250
      82.0      0.0536387      0.0531167
      82.1      0.0568524      0.0563129
      82.2      0.0601564      0.0595998
      82.3      0.0635365      0.0629636
      82.4      0.0669784      0.0663900
      82.5      0.0704672      0.0698644
      82.6      0.0739885      0.0733722
      82.7      0.0775271      0.0768987
      82.8      0.0810683      0.0804290
      82.9      0.0845972      0.0839485
      83.0      0.0880989      0.0874422
      83.1      0.0915588      0.0908957
      83.2      0.0949624      0.0942944
      83.3      0.0982954      0.0976241
      83.4      0.1015439      0.1008709
      83.5      0.1046942      0.1040212
      83.6      0.1077331      0.1070617
      83.7      0.1106478      0.1099796
      83.8      0.1134260      0.1127625
      83.9      0.1160559      0.1153987
      84.0      0.1185263      0.1178770
      84.1      0.1208267      0.1201867
      84.2      0.1229471      0.1223177
      84.3      0.1248783      0.1242609
      84.4      0.1266119      0.1260076
      84.5      0.1281399      0.1275500
      84.6      0.1294556      0.1288811
      84.7      0.1305528      0.1299947
      84.8      0.1314262      0.1308853
      84.9      0.1320713      0.1315484
      85.0      0.1324845      0.1319804
      85.1      0.1326633      0.1321784
      85.2      0.1326056      0.1321406
      85.3      0.1323108      0.1318659
      85.4      0.1317787      0.1313542
      85.5      0.1310103      0.1306064
      85.6      0.1300074      0.1296242
      85.7      0.1287727      0.1284102
      85.8      0.1273097      0.1269678
      85.9      0.1256230      0.1253015
      86.0      0.1237178      0.1234164
      86.1      0.1216002      0.1213187
      86.2      0.1192773      0.1190150
      86.3      0.1167566      0.1165132
      86.4      0.1140467      0.1138217
      86.5      0.1111568      0.1109495
      86.6      0.1080968      0.1079065
      86.7      0.1048771      0.1047032
      86.8      0.1015090      0.1013508
      86.9      0.0980042      0.0978608
      87.0      0.0943748      0.0942454
      87.1      0.0906336      0.0905175
      87.2      0.0867938      0.0866901
      87.3      0.0828688      0.0827768
      87.4      0.0788726      0.0787914
      87.5      0.0748192      0.0747480
      87.6      0.0707231      0.0706611
      87.7      0.0665989      0.0665452
      87.8      0.0624610      0.0624150
      87.9      0.0583244      0.0582853
      88.0      0.0542038      0.0541708
      88.1      0.0501138      0.0500862
      88.2      0.0460690      0.0460463
      88.3      0.0420839      0.0420654
      88.4      0.0381728      0.0381579
      88.5      0.0343496      0.0343378
      88.6      0.0306279      0.0306188
      88.7      0.0270212      0.0270142
      88.8      0.0235422      0.0235371
      88.9      0.0202035      0.0201998
      89.0      0.0170169      0.0170143
      89.1      0.0139938      0.0139921
      89.2      0.0111450      0.0111439
      89.3      0.0084807      0.0084800
      89.4      0.0060102      0.0060099
      89.5      0.0037425      0.0037423
      89.6      0.0016854      0.0016854
      89.7     -0.0001537     -0.0001537
      89.8     -0.0017684     -0.0017683
      89.9     -0.0031530     -0.0031530
      90.0     -0.0043028     -0.0043028
      90.1     -0.0052138     -0.0052138
      90.2     -0.0058829     -0.0058829
      90.3     -0.0063081     -0.0063080
      90.4     -0.0064880     -0.0064879
      90.5     -0.0064223     -0.0064220
      90.6     -0.0061114     -0.0061111
      90.7     -0.0055569     -0.0055565
      90.8     -0.0047610     -0.0047606
      90.9     -0.0037271     -0.0037266
      91.0     -0.0024591     -0.0024587
      91.1     -0.0009620     -0.0009618
      91.2      0.0007583      0.0007582
      91.3      0.0026953      0.0026946
      91.4      0.0048415      0.0048400
      91.5      0.0071887      0.0071862
      91.6      0.0097279      0.0097241
      91.7      0.0124496      0.0124441
      91.8      0.0153433      0.0153357
      91.9      0.0183982      0.0183881
      92.0      0.0216026      0.0215894
      92.1      0.0249445      0.0249277
      92.2      0.0284112      0.0283903
      92.3      0.0319896      0.0319639
      92.4      0.0356663      0.0356350
      92.5      0.0394274      0.0393898
      92.6      0.0432586      0.0432141
      92.7      0.0471455      0.0470932
      92.8      0.0510735      0.0510125
      92.9      0.0550277      0.0549573
      93.0      0.0589933      0.0589125
      93.1      0.0629552      0.0628631
      93.2      0.0668985      0.0667942
      93.3      0.0708083      0.0706909
      93.4      0.0746698      0.0745383
      93.5      0.0784683      0.0783220
      93.6      0.0821896      0.0820274
      93.7      0.0858194      0.0856406
      93.8      0.0893441      0.0891477
      93.9      0.0927501      0.0925354
      94.0      0.0960246      0.0957907
      94.1      0.0991550      0.0989013
      94.2      0.1021294      0.1018551
      94.3      0.1049363      0.1046409
      94.4      0.1075650      0.1072480
      94.5      0.1100052      0.1096661
      94.6      0.1122476      0.1118861
      94.7      0.1142834      0.1138991
      94.8      0.1161045      0.1156973
      94.9      0.1177039      0.1172737
      95.0      0.1190750      0.1186218
      95.1      0.1202123      0.1197364
      95.2      0.1211110      0.1206126
      95.3      0.1217675      0.1212469
      95.4      0.1221785      0.1216363
      95.5      0.1223422      0.1217790
      95.6      0.1222573      0.1216738
      95.7      0.1219235      0.1213207
      95.8      0.1213416      0.1207204
      95.9      0.1205130      0.1198746
      96.0      0.1194402      0.1187859
      96.1      0.1181266      0.1174578
      96.2      0.1165763      0.1158945
      96.3      0.1147945      0.1141013
      96.4      0.1127871      0.1120842
      96.5      0.1105608      0.1098501
      96.6      0.1081232      0.1074066
      96.7      0.1054826      0.1047622
      96.8      0.1026480      0.1019259
      96.9      0.0996292      0.0989077
      97.0      0.0964367      0.0957179
      97.1      0.0930816      0.0923678
      97.2      0.0895754      0.0888690
      97.3      0.0859304      0.0852339
      97.4      0.0821593      0.0814750
      97.5      0.0782752      0.0776056
      97.6      0.0742918      0.0736392
      97.7      0.0702230      0.0695899
      97.8      0.0660831      0.0654717
      97.9      0.0618864      0.0612991
      98.0      0.0576478      0.0570868
      98.1      0.0533821      0.0528496
      98.2      0.0491043      0.0486022
      98.3      0.0448292      0.0443597
      98.4      0.0405719      0.0401367
      98.5      0.0363473      0.0359481
      98.6      0.0321702      0.0318085
      98.7      0.0280551      0.0277323
      98.8      0.0240165      0.0237337
      98.9      0.0200682      0.0198266
      99.0      0.0162242      0.0160245
      99.1      0.0124978      0.0123405
      99.2      0.0089018      0.0087873
      99.3      0.0054487      0.0053771
      99.4      0.0021503      0.0021215
      99.5     -0.0009819     -0.0009685
      99.6     -0.0039374     -0.0038823
      99.7     -0.0067061     -0.0066102
      99.8     -0.0092785     -0.0091431
      99.9     -0.0116462     -0.0114728
     100.0     -0.0138012     -0.0135915
     100.1     -0.0157365     -0.0154926
     100.2     -0.0174457     -0.0171700
     100.3     -0.0189235     -0.0186186
     100.4     -0.0201653     -0.0198340
     100.5     -0.0211674     -0.0208130
     100.6     -0.0219270     -0.0215528
     100.7     -0.0224421     -0.0220519
     100.8     -0.0227118     -0.0223095
     100.9     -0.0227359     -0.0223257
     101.0     -0.0225152     -0.0221016
     101.1     -0.0220516     -0.0216391
     101.2     -0.0213475     -0.0209409
     101.3     -0.0204065     -0.0200109
     101.4     -0.0192329     -0.0188535
     101.5     -0.0178320     -0.0174741
     101.6     -0.0162099     -0.0158789
     101.7     -0.0143735     -0.0140749
     101.8     -0.0123304     -0.0120698
     101.9     -0.0100892     -0.0098723
     102.0     -0.0076589     -0.0074915
     102.1     -0.0050495     -0.0049373
     102.2     -0.0022716     -0.0022203
     102.3      0.0006637      0.0006484
     102.4      0.0037446      0.0036572
     102.5      0.0069587      0.0067938
     102.6      0.0102934      0.0100455
     102.7      0.0137354      0.0133993
     102.8      0.0172709      0.0168417
     102.9      0.0208860      0.0203589
     103.0      0.0245665      0.0239368
     103.1      0.0282977      0.0275613
     103.2      0.0320649      0.0312177
     103.3      0.0358533      0.0348917
     103.4      0.0396480      0.0385686
     103.5      0.0434338      0.0422338
     103.6      0.0471960      0.0458727
     103.7      0.0509196      0.0494709
     103.8      0.0545899      0.0530141
     103.9      0.0581923      0.0564882
     104.0      0.0617126      0.0598795
     104.1      0.0651368      0.0631743
     104.2      0.0684512      0.0663597
     104.3      0.0716426      0.0694228
     104.4      0.0746982      0.0723514
     104.5      0.0776057      0.0751338
     104.6      0.0803534      0.0777587
     104.7      0.0829301      0.0802156
     104.8      0.0853252      0.0824944
     104.9      0.0875289      0.0845859
     105.0      0.0895321      0.0864813
     105.1      0.0913262      0.0881729
     105.2      0.0929036      0.0896535
     105.3      0.0942575      0.0909168
     105.4      0.0953818      0.0919571
     105.5      0.0962713      0.0927699
     105.6      0.0969217      0.0933513
     105.7      0.0973295      0.0936983
     105.8      0.0974921      0.0938087
     105.9      0.0974080      0.0936813
     106.0      0.0970763      0.0933158
     106.1      0.0964973      0.0927126
     106.2      0.0956719      0.0918731
     106.3      0.0946022      0.0907997
     106.4      0.0932912      0.0894955
     106.5      0.0917424      0.0879645
     106.6      0.0899607      0.0862114
     106.7      0.0879515      0.0842420
     106.8      0.0857213      0.0820627
     106.9      0.0832771      0.0796807
     107.0      0.0806270      0.0771040
     107.1      0.0777796      0.0743412
     107.2      0.0747446      0.0714019
     107.3      0.0715319      0.0682959
     107.4      0.0681526      0.0650339
     107.5      0.0646179      0.0616272
     107.6      0.0609399      0.0580874
     107.7      0.0571313      0.0544268
     107.8      0.0532049      0.0506580
     107.9      0.0491744      0.0467941
     108.0      0.0450536      0.0428485
     108.1      0.0408567      0.0388350
     108.2      0.0365983      0.0347674
     108.3      0.0322930      0.0306598
     108.4      0.0279559      0.0265266
     108.5      0.0236019      0.0223822
     108.6      0.0192461      0.0182409
     108.7      0.0149038      0.0141171
     108.8      0.0105900      0.0100251
     108.9      0.0063198      0.0059791
     109.0      0.0021079      0.0019931
     109.1     -0.0020309     -0.0019191
     109.2     -0.0060823     -0.0057440
     109.3     -0.0100323     -0.0094685
     109.4     -0.0138670     -0.0130796
     109.5     -0.0175732     -0.0165652
     109.6     -0.0211380     -0.0199132
     109.7     -0.0245492     -0.0231123
     109.8     -0.0277949     -0.0261516
     109.9     -0.0308639     -0.0290210
     110.0     -0.0337459     -0.0317107
     110.1     -0.0364308     -0.0342120
     110.2     -0.0389096     -0.0365164
     110.3     -0.0411738     -0.0386165
     110.4     -0.0432159     -0.0405055
     110.5     -0.0450291     -0.0421775
     110.6     -0.0466074     -0.0436273
     110.7     -0.0479456     -0.0448505
     110.8     -0.0490397     -0.0458435
     110.9     -0.0498861     -0.0466038
     111.0     -0.0504825     -0.0471295
     111.1     -0.0508274     -0.0474196
     111.2     -0.0509201     -0.0474740
     111.3     -0.0507609     -0.0472935
     111.4     -0.0503512     -0.0468798
     111.5     -0.0496930     -0.0462352
     111.6     -0.0487893     -0.0453632
     111.7     -0.0476442     -0.0442678
     111.8     -0.0462625     -0.0429541
     111.9     -0.0446499     -0.0414278
     112.0     -0.0428129     -0.0396954
     112.1     -0.0407589     -0.0377643
     112.2     -0.0384961     -0.0356424
     112.3     -0.0360333     -0.0333384
     112.4     -0.0333802     -0.0308616
     112.5     -0.0305473     -0.0282220
     112.6     -0.0275454     -0.0254302
     112.7     -0.0243863     -0.0224973
     112.8     -0.0210820     -0.0194347
     112.9     -0.0176454     -0.0162547
     113.0     -0.0140897     -0.0129697
     113.1     -0.0104285     -0.0095924
     113.2     -0.0066759     -0.0061360
     113.3     -0.0028461     -0.0026140
     113.4      0.0010461      0.0009600
     113.5      0.0049858      0.0045723
     113.6      0.0089580      0.0082088
     113.7      0.0129476      0.0118557
     113.8      0.0169393      0.0154988
     113.9      0.0209179      0.0191243
     114.0      0.0248682      0.0227183
     114.1      0.0287752      0.0262670
     114.2      0.0326239      0.0297569
     114.3      0.0363996      0.0331747
     114.4      0.0400880      0.0365075
     114.5      0.0436749      0.0397424
     114.6      0.0471466      0.0428674
     114.7      0.0504898      0.0458704
     114.8      0.0536918      0.0487402
     114.9      0.0567401      0.0514658
     115.0      0.0596232      0.0540370
     115.1      0.0623299      0.0564440
     115.2      0.0648498      0.0586778
     115.3      0.0671730      0.0607300
     115.4      0.0692907      0.0625927
     115.5      0.0711944      0.0642590
     115.6      0.0728768      0.0657227
     115.7      0.0743312      0.0669781
     115.8      0.0755517      0.0680206
     115.9      0.0765335      0.0688463
     116.0      0.0772725      0.0694520
     116.1      0.0777655      0.0698355
     116.2      0.0780103      0.0699954
     116.3      0.0780056      0.0699309
     116.4      0.0777510      0.0696425
     116.5      0.0772470      0.0691310
     116.6      0.0764951      0.0683984
     116.7      0.0754977      0.0674475
     116.8      0.0742581      0.0662818
     116.9      0.0727805      0.0649055
     117.0      0.0710700      0.0633238
     117.1      0.0691325      0.0615426
     117.2      0.0669748      0.0595685
     117.3      0.0646045      0.0574087
     117.4      0.0620301      0.0550713
     117.5      0.0592608      0.0525650
     117.6      0.0563064      0.0498989
     117.7      0.0531775      0.0470830
     117.8      0.0498854      0.0441277
     117.9      0.0464419      0.0410438
     118.0      0.0428595      0.0378427
     118.1      0.0391511      0.0345362
     118.2      0.0353301      0.0311366
     118.3      0.0314104      0.0276562
     118.4      0.0274062      0.0241079
     118.5      0.0233321      0.0205046
     118.6      0.0192028      0.0168597
     118.7      0.0150333      0.0131864
     118.8      0.0108389      0.0094982
     118.9      0.0066349      0.0058086
     119.0      0.0024365      0.0021310
     119.1     -0.0017410     -0.0015212
     119.2     -0.0058822     -0.0051347
     119.3     -0.0099722     -0.0086964
     119.4     -0.0139959     -0.0121934
     119.5     -0.0179386     -0.0156130
     119.6     -0.0217860     -0.0189429
     119.7     -0.0255240     -0.0221710
     119.8     -0.0291390     -0.0252858
     119.9     -0.0326176     -0.0282761
     120.0     -0.0359473     -0.0311313
     120.1     -0.0391158     -0.0338411
     120.2     -0.0421116     -0.0363960
     120.3     -0.0449237     -0.0387869
     120.4     -0.0475419     -0.0410055
     120.5     -0.0499565     -0.0430440
     120.6     -0.0521589     -0.0448954
     120.7     -0.0541409     -0.0465532
     120.8     -0.0558954     -0.0480119
     120.9     -0.0574160     -0.0492667
     121.0     -0.0586972     -0.0503133
     121.1     -0.0597344     -0.0511486
     121.2     -0.0605238     -0.0517699
     121.3     -0.0610627     -0.0521755
     121.4     -0.0613491     -0.0523646
     121.5     -0.0613822     -0.0523369
     121.6     -0.0611619     -0.0520932
     121.7     -0.0606892     -0.0516351
     121.8     -0.0599660     -0.0509646
     121.9     -0.0589950     -0.0500851
     122.0     -0.0577800     -0.0490003
     122.1     -0.0563257     -0.0477148
     122.2     -0.0546376     -0.0462339
     122.3     -0.0527220     -0.0445639
     122.4     -0.0505862     -0.0427114
     122.5     -0.0482383     -0.0406838
     122.6     -0.0456872     -0.0384893
     122.7     -0.0429424     -0.0361365
     122.8     -0.0400144     -0.0336347
     122.9     -0.0369140     -0.0309937
     123.0     -0.0336531     -0.0282239
     123.1     -0.0302439     -0.0253359
     123.2     -0.0266992     -0.0223409
     123.3     -0.0230324     -0.0192506
     123.4     -0.0192573     -0.0160769
     123.5     -0.0153880     -0.0128318
     123.6     -0.0114392     -0.0095280
     123.7     -0.0074258     -0.0061780
     123.8     -0.0033629     -0.0027945
     123.9      0.0007343      0.0006095
     124.0      0.0048502      0.0040210
     124.1      0.0089694      0.0074272
     124.2      0.0130762      0.0108151
     124.3      0.0171553      0.0141719
     124.4      0.0211911      0.0174850
     124.5      0.0251684      0.0207419
     124.6      0.0290721      0.0239303
     124.7      0.0328876      0.0270383
     124.8      0.0366003      0.0300543
     124.9      0.0401961      0.0329669
     125.0      0.0436614      0.0357653
     125.1      0.0469830      0.0384391
     125.2      0.0501483      0.0409784
     125.3      0.0531452      0.0433738
     125.4      0.0559623      0.0456164
     125.5      0.0585887      0.0476980
     125.6      0.0610145      0.0496109
     125.7      0.0632303      0.0513483
     125.8      0.0652275      0.0529037
     125.9      0.0669985      0.0542716
     126.0      0.0685363      0.0554470
     126.1      0.0698350      0.0564260
     126.2      0.0708894      0.0572049
     126.3      0.0716952      0.0577812
     126.4      0.0722494      0.0581531
     126.5      0.0725494      0.0583193
     126.6      0.0725939      0.0582796
     126.7      0.0723825      0.0580345
     126.8      0.0719157      0.0575851
     126.9      0.0711950      0.0569335
     127.0      0.0702229      0.0560825
     127.1      0.0690027      0.0550355
     127.2      0.0675389      0.0537967
     127.3      0.0658365      0.0523712
     127.4      0.0639019      0.0507646
     127.5      0.0617420      0.0489832
     127.6      0.0593647      0.0470341
     127.7      0.0567788      0.0449247
     127.8      0.0539937      0.0426634
     127.9      0.0510197      0.0402588
     128.0      0.0478678      0.0377203
     128.1      0.0445496      0.0350576
     128.2      0.0410775      0.0322810
     128.3      0.0374643      0.0294011
     128.4      0.0337236      0.0264289
     128.5      0.0298691      0.0233758
     128.6      0.0259154      0.0202534
     128.7      0.0218772      0.0170736
     128.8      0.0177696      0.0138485
     128.9      0.0136079      0.0105902
     129.0      0.0094078      0.0073112
     129.1      0.0051850      0.0040238
     129.2      0.0009555      0.0007404
     129.3     -0.0032650     -0.0025266
     129.4     -0.0074604     -0.0057649
     129.5     -0.0116149     -0.0089623
     129.6     -0.0157129     -0.0121070
     129.7     -0.0197388     -0.0151871
     129.8     -0.0236775     -0.0181910
     129.9     -0.0275140     -0.0211078
     130.0     -0.0312336     -0.0239263
     130.1     -0.0348223     -0.0266364
     130.2     -0.0382665     -0.0292278
     130.3     -0.0415528     -0.0316910
     130.4     -0.0446689     -0.0340171
     130.5     -0.0476027     -0.0361974
     130.6     -0.0503430     -0.0382240
     130.7     -0.0528792     -0.0400895
     130.8     -0.0552015     -0.0417873
     130.9     -0.0573010     -0.0433112
     131.0     -0.0591695     -0.0446558
     131.1     -0.0607996     -0.0458163
     131.2     -0.0621849     -0.0467889
     131.3     -0.0633200     -0.0475701
     131.4     -0.0642003     -0.0481574
     131.5     -0.0648221     -0.0485489
     131.6     -0.0651829     -0.0487437
     131.7     -0.0652810     -0.0487413
     131.8     -0.0651157     -0.0485422
     131.9     -0.0646873     -0.0481475
     132.0     -0.0639973     -0.0475592
     132.1     -0.0630479     -0.0467800
     132.2     -0.0618424     -0.0458132
     132.3     -0.0603853     -0.0446628
     132.4     -0.0586816     -0.0433337
     132.5     -0.0567376     -0.0418313
     132.6     -0.0545604     -0.0401618
     132.7     -0.0521581     -0.0383318
     132.8     -0.0495395     -0.0363486
     132.9     -0.0467144     -0.0342203
     133.0     -0.0436932     -0.0319552
     133.1     -0.0404873     -0.0295623
     133.2     -0.0371087     -0.0270511
     133.3     -0.0335700     -0.0244314
     133.4     -0.0298847     -0.0217134
     133.5     -0.0260665     -0.0189080
     133.6     -0.0221299     -0.0160259
     133.7     -0.0180899     -0.0130784
     133.8     -0.0139618     -0.0100770
     133.9     -0.0097612     -0.0070335
     134.0     -0.0055043     -0.0039594
     134.1     -0.0012072     -0.0008669
     134.2      0.0031136      0.0022322
     134.3      0.0074415      0.0053258
     134.4      0.0117599      0.0084021
     134.5      0.0160521      0.0114492
     134.6      0.0203016      0.0144553
     134.7      0.0244919      0.0174088
     134.8      0.0286068      0.0202985
     134.9      0.0326302      0.0231133
     135.0      0.0365465      0.0258423
     135.1      0.0403403      0.0284751
     135.2      0.0439967      0.0310016
     135.3      0.0475013      0.0334122
     135.4      0.0508403      0.0356977
     135.5      0.0540003      0.0378493
     135.6      0.0569688      0.0398590
     135.7      0.0597338      0.0417190
     135.8      0.0622841      0.0434223
     135.9      0.0646093      0.0449625
     136.0      0.0667000      0.0463337
     136.1      0.0685473      0.0475308
     136.2      0.0701435      0.0485493
     136.3      0.0714818      0.0493855
     136.4      0.0725562      0.0500362
     136.5      0.0733618      0.0504990
     136.6      0.0738949      0.0507723
     136.7      0.0741524      0.0508551
     136.8      0.0741327      0.0507473
     136.9      0.0738348      0.0504494
     137.0      0.0732592      0.0499627
     137.1      0.0724072      0.0492891
     137.2      0.0712811      0.0484313
     137.3      0.0698845      0.0473929
     137.4      0.0682218      0.0461777
     137.5      0.0662987      0.0447907
     137.6      0.0641215      0.0432373
     137.7      0.0616980      0.0415235
     137.8      0.0590364      0.0396560
     137.9      0.0561464      0.0376421
     138.0      0.0530382      0.0354895
     138.1      0.0497231      0.0332067
     138.2      0.0462129      0.0308024
     138.3      0.0425207      0.0282861
     138.4      0.0386598      0.0256673
     138.5      0.0346446      0.0229562
     138.6      0.0304899      0.0201633
     138.7      0.0262112      0.0172994
     138.8      0.0218244      0.0143755
     138.9      0.0173460      0.0114028
     139.0      0.0127928      0.0083928
     139.1      0.0081821      0.0053571
     139.2      0.0035313      0.0023074
     139.3     -0.0011419     -0.0007446
     139.4     -0.0058196     -0.0037873
     139.5     -0.0104839     -0.0068088
     139.6     -0.0151169     -0.0097976
     139.7     -0.0197006     -0.0127422
     139.8     -0.0242174     -0.0156313
     139.9     -0.0286495     -0.0184538
     140.0     -0.0329797     -0.0211990
     140.1     -0.0371910     -0.0238562
     140.2     -0.0412668     -0.0264153
     140.3     -0.0451909     -0.0288665
     140.4     -0.0489475     -0.0312003
     140.5     -0.0525218     -0.0334080
     140.6     -0.0558991     -0.0354809
     140.7     -0.0590658     -0.0374112
     140.8     -0.0620089     -0.0391914
     140.9     -0.0647161     -0.0408149
     141.0     -0.0671761     -0.0422753
     141.1     -0.0693783     -0.0435670
     141.2     -0.0713134     -0.0446853
     141.3     -0.0729727     -0.0456256
     141.4     -0.0743487     -0.0463846
     141.5     -0.0754348     -0.0469593
     141.6     -0.0762258     -0.0473475
     141.7     -0.0767172     -0.0475477
     141.8     -0.0769058     -0.0475592
     141.9     -0.0767896     -0.0473820
     142.0     -0.0763677     -0.0470167
     142.1     -0.0756403     -0.0464647
     142.2     -0.0746089     -0.0457283
     142.3     -0.0732759     -0.0448102
     142.4     -0.0716451     -0.0437139
     142.5     -0.0697215     -0.0424438
     142.6     -0.0675109     -0.0410045
     142.7     -0.0650206     -0.0394017
     142.8     -0.0622588     -0.0376416
     142.9     -0.0592347     -0.0357308
     143.0     -0.0559587     -0.0336768
     143.1     -0.0524421     -0.0314873
     143.2     -0.0486973     -0.0291708
     143.3     -0.0447374     -0.0267362
     143.4     -0.0405767     -0.0241928
     143.5     -0.0362299     -0.0215504
     143.6     -0.0317129     -0.0188191
     143.7     -0.0270422     -0.0160093
     143.8     -0.0222347     -0.0131319
     143.9     -0.0173083     -0.0101980
     144.0     -0.0122811     -0.0072187
     144.1     -0.0071720     -0.0042055
     144.2     -0.0020001     -0.0011700
     144.3      0.0032152      0.0018762
     144.4      0.0084542      0.0049214
     144.5      0.0136968      0.0079538
     144.6      0.0189231      0.0109618
     144.7      0.0241129      0.0139338
     144.8      0.0292462      0.0168584
     144.9      0.0343030      0.0197244
     145.0      0.0392636      0.0225207
     145.1      0.0441084      0.0252364
     145.2      0.0488183      0.0278613
     145.3      0.0533744      0.0303850
     145.4      0.0577585      0.0327978
     145.5      0.0619529      0.0350905
     145.6      0.0659403      0.0372541
     145.7      0.0697043      0.0392802
     145.8      0.0732293      0.0411610
     145.9      0.0765003      0.0428891
     146.0      0.0795034      0.0444577
     146.1      0.0822254      0.0458608
     146.2      0.0846542      0.0470928
     146.3      0.0867789      0.0481488
     146.4      0.0885893      0.0490246
     146.5      0.0900768      0.0497167
     146.6      0.0912335      0.0502223
     146.7      0.0920529      0.0505392
     146.8      0.0925299      0.0506660
     146.9      0.0926604      0.0506020
     147.0      0.0924417      0.0503473
     147.1      0.0918723      0.0499027
     147.2      0.0909522      0.0492695
     147.3      0.0896825      0.0484501
     147.4      0.0880658      0.0474473
     147.5      0.0861058      0.0462646
     147.6      0.0838078      0.0449065
     147.7      0.0811781      0.0433777
     147.8      0.0782246      0.0416840
     147.9      0.0749562      0.0398316
     148.0      0.0713830      0.0378272
     148.1      0.0675167      0.0356784
     148.2      0.0633697      0.0333930
     148.3      0.0589558      0.0309796
     148.4      0.0542898      0.0284471
     148.5      0.0493876      0.0258050
     148.6      0.0442660      0.0230630
     148.7      0.0389428      0.0202315
     148.8      0.0334366      0.0173211
     148.9      0.0277668      0.0143425
     149.0      0.0219537      0.0113070
     149.1      0.0160181      0.0082259
     149.2      0.0099813      0.0051109
     149.3      0.0038655      0.0019735
     149.4     -0.0023071     -0.0011744
     149.5     -0.0085137     -0.0043210
     149.6     -0.0147312     -0.0074545
     149.7     -0.0209365     -0.0105630
     149.8     -0.0271061     -0.0136349
     149.9     -0.0332167     -0.0166586
     150.0     -0.0392451     -0.0196226
     150.1     -0.0451681     -0.0225157
     150.2     -0.0509626     -0.0253271
     150.3     -0.0566063     -0.0280461
     150.4     -0.0620768     -0.0306623
     150.5     -0.0673525     -0.0331659
     150.6     -0.0724122     -0.0355474
     150.7     -0.0772354     -0.0377977
     150.8     -0.0818025     -0.0399082
     150.9     -0.0860945     -0.0418708
     151.0     -0.0900934     -0.0436781
     151.1     -0.0937820     -0.0453232
     151.2     -0.0971443     -0.0467996
     151.3     -0.1001654     -0.0481018
     151.4     -0.1028315     -0.0492246
     151.5     -0.1051299     -0.0501637
     151.6     -0.1070494     -0.0509153
     151.7     -0.1085799     -0.0514765
     151.8     -0.1097129     -0.0518449
     151.9     -0.1104410     -0.0520190
     152.0     -0.1107585     -0.0519980
     152.1     -0.1106610     -0.0517816
     152.2     -0.1101458     -0.0513705
     152.3     -0.1092115     -0.0507661
     152.4     -0.1078584     -0.0499704
     152.5     -0.1060882     -0.0489861
     152.6     -0.1039042     -0.0478167
     152.7     -0.1013114     -0.0464664
     152.8     -0.0983160     -0.0449401
     152.9     -0.0949261     -0.0432431
     153.0     -0.0911511     -0.0413817
     153.1     -0.0870018     -0.0393626
     153.2     -0.0824907     -0.0371932
     153.3     -0.0776315     -0.0348813
     153.4     -0.0724395     -0.0324354
     153.5     -0.0669310     -0.0298645
     153.6     -0.0611240     -0.0271779
     153.7     -0.0550374     -0.0243855
     153.8     -0.0486914     -0.0214975
     153.9     -0.0421073     -0.0185246
     154.0     -0.0353073     -0.0154777
     154.1     -0.0283149     -0.0123680
     154.2     -0.0211540     -0.0092069
     154.3     -0.0138497     -0.0060061
     154.4     -0.0064277     -0.0027773
     154.5      0.0010858      0.0004675
     154.6      0.0086640      0.0037163
     154.7      0.0162795      0.0069572
     154.8      0.0239047      0.0101781
     154.9      0.0315118      0.0133673
     155.0      0.0390727      0.0165129
     155.1      0.0465594      0.0196032
     155.2      0.0539438      0.0226269
     155.3      0.0611981      0.0255727
     155.4      0.0682946      0.0284297
     155.5      0.0752061      0.0311874
     155.6      0.0819057      0.0338356
     155.7      0.0883672      0.0363644
     155.8      0.0945650      0.0387644
     155.9      0.1004742      0.0410267
     156.0      0.1060708      0.0431429
     156.1      0.1113319      0.0451052
     156.2      0.1162352      0.0469062
     156.3      0.1207600      0.0485392
     156.4      0.1248864      0.0499981
     156.5      0.1285961      0.0512776
     156.6      0.1318719      0.0523727
     156.7      0.1346982      0.0532793
     156.8      0.1370609      0.0539940
     156.9      0.1389473      0.0545142
     157.0      0.1403464      0.0548377
     157.1      0.1412490      0.0549634
     157.2      0.1416473      0.0548905
     157.3      0.1415355      0.0546194
     157.4      0.1409096      0.0541509
     157.5      0.1397672      0.0534866
     157.6      0.1381081      0.0526289
     157.7      0.1359335      0.0515808
     157.8      0.1332468      0.0503461
     157.9      0.1300531      0.0489291
     158.0      0.1263594      0.0473351
     158.1      0.1221747      0.0455697
     158.2      0.1175097      0.0436393
     158.3      0.1123768      0.0415509
     158.4      0.1067903      0.0393121
     158.5      0.1007664      0.0369310
     158.6      0.0943227      0.0344161
     158.7      0.0874786      0.0317767
     158.8      0.0802552      0.0290222
     158.9      0.0726749      0.0261627
     159.0      0.0647618      0.0232086
     159.1      0.0565413      0.0201704
     159.2      0.0480400      0.0170593
     159.3      0.0392860      0.0138866
     159.4      0.0303082      0.0106637
     159.5      0.0211369      0.0074023
     159.6      0.0118031      0.0041142
     159.7      0.0023388      0.0008114
     159.8     -0.0072234     -0.0024942
     159.9     -0.0168501     -0.0057907
     160.0     -0.0265076     -0.0090661
     160.1     -0.0361615     -0.0123086
     160.2     -0.0457773     -0.0155065
     160.3     -0.0553204     -0.0186482
     160.4     -0.0647559     -0.0217225
     160.5     -0.0740491     -0.0247181
     160.6     -0.0831656     -0.0276244
     160.7     -0.0920712     -0.0304309
     160.8     -0.1007321     -0.0331274
     160.9     -0.1091152     -0.0357045
     161.0     -0.1171879     -0.0381527
     161.1     -0.1249186     -0.0404633
     161.2     -0.1322764     -0.0426281
     161.3     -0.1392316     -0.0446395
     161.4     -0.1457557     -0.0464901
     161.5     -0.1518212     -0.0481736
     161.6     -0.1574022     -0.0496838
     161.7     -0.1624741     -0.0510156
     161.8     -0.1670141     -0.0521643
     161.9     -0.1710008     -0.0531259
     162.0     -0.1744146     -0.0538971
     162.1     -0.1772379     -0.0544752
     162.2     -0.1794548     -0.0548585
     162.3     -0.1810516     -0.0550457
     162.4     -0.1820163     -0.0550362
     162.5     -0.1823393     -0.0548305
     162.6     -0.1820130     -0.0544293
     162.7     -0.1810322     -0.0538344
     162.8     -0.1793938     -0.0530482
     162.9     -0.1770968     -0.0520736
     163.0     -0.1741427     -0.0509144
     163.1     -0.1705354     -0.0495750
     163.2     -0.1662808     -0.0480604
     163.3     -0.1613874     -0.0463764
     163.4     -0.1558659     -0.0445291
     163.5     -0.1497292     -0.0425254
     163.6     -0.1429926     -0.0403727
     163.7     -0.1356736     -0.0380791
     163.8     -0.1277919     -0.0356528
     163.9     -0.1193692     -0.0331028
     164.0     -0.1104295     -0.0304385
     164.1     -0.1009988     -0.0276695
     164.2     -0.0911049     -0.0248061
     164.3     -0.0807775     -0.0218584
     164.4     -0.0700484     -0.0188374
     164.5     -0.0589506     -0.0157539
     164.6     -0.0475192     -0.0126190
     164.7     -0.0357905     -0.0094442
     164.8     -0.0238023     -0.0062407
     164.9     -0.0115936     -0.0030202
     165.0      0.0007954      0.0002059
     165.1      0.0133234      0.0034259
     165.2      0.0259483      0.0066284
     165.3      0.0386273      0.0098020
     165.4      0.0513168      0.0129354
     165.5      0.0639727      0.0160175
     165.6      0.0765508      0.0190374
     165.7      0.0890066      0.0219845
     165.8      0.1012954      0.0248485
     165.9      0.1133727      0.0276193
     166.0      0.1251944      0.0302873
     166.1      0.1367166      0.0328432
     166.2      0.1478961      0.0352782
     166.3      0.1586903      0.0375839
     166.4      0.1690576      0.0397526
     166.5      0.1789573      0.0417767
     166.6      0.1883498      0.0436497
     166.7      0.1971970      0.0453651
     166.8      0.2054620      0.0469174
     166.9      0.2131097      0.0483016
     167.0      0.2201065      0.0495132
     167.1      0.2264208      0.0505485
     167.2      0.2320229      0.0514043
     167.3      0.2368851      0.0520783
     167.4      0.2409821      0.0525686
     167.5      0.2442906      0.0528742
     167.6      0.2467900      0.0529945
     167.7      0.2484620      0.0529299
     167.8      0.2492908      0.0526813
     167.9      0.2492635      0.0522503
     168.0      0.2483698      0.0516390
     168.1      0.2466022      0.0508504
     168.2      0.2439559      0.0498880
     168.3      0.2404292      0.0487560
     168.4      0.2360232      0.0474591
     168.5      0.2307419      0.0460025
     168.6      0.2245924      0.0443923
     168.7      0.2175846      0.0426349
     168.8      0.2097314      0.0407371
     168.9      0.2010489      0.0387063
     169.0      0.1915558      0.0365506
     169.1      0.1812739      0.0342781
     169.2      0.1702277      0.0318975
     169.3      0.1584447      0.0294179
     169.4      0.1459551      0.0268486
     169.5      0.1327917      0.0241994
     169.6      0.1189900      0.0214800
     169.7      0.1045881      0.0187006
     169.8      0.0896262      0.0158714
     169.9      0.0741472      0.0130030
     170.0      0.0581961      0.0101056
     170.1      0.0418199      0.0071901
     170.2      0.0250676      0.0042667
     170.3      0.0079902      0.0013463
     170.4     -0.0093598     -0.0015609
     170.5     -0.0269282     -0.0044444
     170.6     -0.0446597     -0.0072941
     170.7     -0.0624973     -0.0100998
     170.8     -0.0803832     -0.0128518
     170.9     -0.0982588     -0.0155404
     171.0     -0.1160645     -0.0181565
     171.1     -0.1337404     -0.0206910
     171.2     -0.1512260     -0.0231354
     171.3     -0.1684606     -0.0254815
     171.4     -0.1853838     -0.0277214
     171.5     -0.2019350     -0.0298479
     171.6     -0.2180541     -0.0318540
     171.7     -0.2336816     -0.0337334
     171.8     -0.2487586     -0.0354802
     171.9     -0.2632273     -0.0370891
     172.0     -0.2770308     -0.0385552
     172.1     -0.2901136     -0.0398745
     172.2     -0.3024216     -0.0410433
     172.3     -0.3139023     -0.0420586
     172.4     -0.3245051     -0.0429179
     172.5     -0.3341813     -0.0436194
     172.6     -0.3428843     -0.0441620
     172.7     -0.3505699     -0.0445450
     172.8     -0.3571963     -0.0447686
     172.9     -0.3627242     -0.0448332
     173.0     -0.3671171     -0.0447403
     173.1     -0.3703413     -0.0444916
     173.2     -0.3723662     -0.0440896
     173.3     -0.3731642     -0.0435373
     173.4     -0.3727109     -0.0428383
     173.5     -0.3709851     -0.0419967
     173.6     -0.3679692     -0.0410171
     173.7     -0.3636489     -0.0399048
     173.8     -0.3580135     -0.0386652
     173.9     -0.3510559     -0.0373046
     174.0     -0.3427725     -0.0358295
     174.1     -0.3331636     -0.0342467
     174.2     -0.3222331     -0.0325637
     174.3     -0.3099885     -0.0307880
     174.4     -0.2964411     -0.0289276
     174.5     -0.2816060     -0.0269907
     174.6     -0.2655021     -0.0249860
     174.7     -0.2481515     -0.0229219
     174.8     -0.2295806     -0.0208075
     174.9     -0.2098187     -0.0186517
     175.0     -0.1888993     -0.0164637
     175.1     -0.1668587     -0.0142526
     175.2     -0.1437371     -0.0120276
     175.3     -0.1195777     -0.0097980
     175.4     -0.0944270     -0.0075729
     175.5     -0.0683344     -0.0053615
     175.6     -0.0413524     -0.0031725
     175.7     -0.0135364     -0.0010149
     175.8      0.0150559      0.0011027
     175.9      0.0443638      0.0031719
     176.0      0.0743245      0.0051846
     176.1      0.1048730      0.0071330
     176.2      0.1359422      0.0090094
     176.3      0.1674631      0.0108068
     176.4      0.1993651      0.0125182
     176.5      0.2315760      0.0141374
     176.6      0.2640223      0.0156582
     176.7      0.2966297      0.0170752
     176.8      0.3293225      0.0183833
     176.9      0.3620248      0.0195779
     177.0      0.3946598      0.0206549
     177.1      0.4271507      0.0216108
     177.2      0.4594205      0.0224426
     177.3      0.4913923      0.0231477
     177.4      0.5229898      0.0237244
     177.5      0.5541371      0.0241711
     177.6      0.5847589      0.0244872
     177.7      0.6147813      0.0246723
     177.8      0.6441312      0.0247268
     177.9      0.6727371      0.0246516
     178.0      0.7005292      0.0244481
     178.1      0.7274392      0.0241184
     178.2      0.7534010      0.0236649
     178.3      0.7783507      0.0230907
     178.4      0.8022265      0.0223995
     178.5      0.8249694      0.0215952
     178.6      0.8465230      0.0206824
     178.7      0.8668338      0.0196661
     178.8      0.8858510      0.0185519
     178.9      0.9035275      0.0173454
     179.0      0.9198189      0.0160531
     179.1      0.9346847      0.0146814
     179.2      0.9480875      0.0132374
     179.3      0.9599939      0.0117282
     179.4      0.9703738      0.0101615
     179.5      0.9792015      0.0085450
     179.6      0.9864545      0.0068867
     179.7      0.9921147      0.0051947
     179.8      0.9961680      0.0034773
     179.9      0.9986040      0.0017429
     180.0      0.9994167      0.0000000
