 # List of d(q) for j, j' =            4          41
 #    0  1.00000000
 #    1  0.25182169
 #    2  0.23644733
 #    3  0.09252815
 #    4  0.15065527
 #    5  0.05234735
 #    6  0.11735027
 #    7  0.02984685
 #    8  0.13444994
       0.0      4.4124139      0.0000000
       0.1      4.4123058      0.0077009
       0.2      4.4119816      0.0154007
       0.3      4.4114412      0.0230981
       0.4      4.4106847      0.0307921
       0.5      4.4097123      0.0384815
       0.6      4.4085240      0.0461651
       0.7      4.4071200      0.0538418
       0.8      4.4055004      0.0615104
       0.9      4.4036656      0.0691698
       1.0      4.4016156      0.0768188
       1.1      4.3993507      0.0844563
       1.2      4.3968713      0.0920811
       1.3      4.3941776      0.0996922
       1.4      4.3912700      0.1072883
       1.5      4.3881488      0.1148683
       1.6      4.3848143      0.1224312
       1.7      4.3812671      0.1299757
       1.8      4.3775075      0.1375008
       1.9      4.3735360      0.1450054
       2.0      4.3693532      0.1524882
       2.1      4.3649594      0.1599483
       2.2      4.3603552      0.1673845
       2.3      4.3555413      0.1747957
       2.4      4.3505182      0.1821808
       2.5      4.3452865      0.1895387
       2.6      4.3398468      0.1968684
       2.7      4.3341999      0.2041688
       2.8      4.3283464      0.2114387
       2.9      4.3222870      0.2186772
       3.0      4.3160225      0.2258832
       3.1      4.3095536      0.2330555
       3.2      4.3028812      0.2401933
       3.3      4.2960060      0.2472954
       3.4      4.2889290      0.2543608
       3.5      4.2816508      0.2613885
       3.6      4.2741725      0.2683775
       3.7      4.2664950      0.2753268
       3.8      4.2586192      0.2822353
       3.9      4.2505460      0.2891021
       4.0      4.2422765      0.2959262
       4.1      4.2338116      0.3027067
       4.2      4.2251524      0.3094425
       4.3      4.2163000      0.3161328
       4.4      4.2072553      0.3227765
       4.5      4.1980196      0.3293728
       4.6      4.1885940      0.3359207
       4.7      4.1789795      0.3424193
       4.8      4.1691773      0.3488678
       4.9      4.1591888      0.3552651
       5.0      4.1490149      0.3616105
       5.1      4.1386571      0.3679030
       5.2      4.1281165      0.3741419
       5.3      4.1173945      0.3803261
       5.4      4.1064923      0.3864551
       5.5      4.0954112      0.3925278
       5.6      4.0841526      0.3985435
       5.7      4.0727179      0.4045013
       5.8      4.0611083      0.4104006
       5.9      4.0493255      0.4162404
       6.0      4.0373706      0.4220201
       6.1      4.0252453      0.4277390
       6.2      4.0129509      0.4333961
       6.3      4.0004890      0.4389909
       6.4      3.9878610      0.4445226
       6.5      3.9750684      0.4499905
       6.6      3.9621128      0.4553940
       6.7      3.9489958      0.4607323
       6.8      3.9357189      0.4660047
       6.9      3.9222837      0.4712108
       7.0      3.9086918      0.4763497
       7.1      3.8949449      0.4814209
       7.2      3.8810445      0.4864239
       7.3      3.8669924      0.4913579
       7.4      3.8527903      0.4962224
       7.5      3.8384397      0.5010169
       7.6      3.8239425      0.5057408
       7.7      3.8093003      0.5103936
       7.8      3.7945149      0.5149748
       7.9      3.7795880      0.5194838
       8.0      3.7645215      0.5239201
       8.1      3.7493171      0.5282834
       8.2      3.7339765      0.5325731
       8.3      3.7185017      0.5367888
       8.4      3.7028945      0.5409300
       8.5      3.6871566      0.5449964
       8.6      3.6712900      0.5489876
       8.7      3.6552965      0.5529031
       8.8      3.6391780      0.5567427
       8.9      3.6229364      0.5605059
       9.0      3.6065735      0.5641924
       9.1      3.5900914      0.5678019
       9.2      3.5734920      0.5713341
       9.3      3.5567771      0.5747888
       9.4      3.5399488      0.5781655
       9.5      3.5230089      0.5814642
       9.6      3.5059596      0.5846845
       9.7      3.4888027      0.5878262
       9.8      3.4715402      0.5908891
       9.9      3.4541743      0.5938731
      10.0      3.4367067      0.5967779
      10.1      3.4191397      0.5996033
      10.2      3.4014752      0.6023494
      10.3      3.3837153      0.6050158
      10.4      3.3658620      0.6076025
      10.5      3.3479173      0.6101095
      10.6      3.3298834      0.6125365
      10.7      3.3117622      0.6148837
      10.8      3.2935560      0.6171508
      10.9      3.2752667      0.6193380
      11.0      3.2568964      0.6214451
      11.1      3.2384473      0.6234722
      11.2      3.2199214      0.6254193
      11.3      3.2013208      0.6272865
      11.4      3.1826477      0.6290737
      11.5      3.1639042      0.6307810
      11.6      3.1450924      0.6324086
      11.7      3.1262144      0.6339566
      11.8      3.1072723      0.6354249
      11.9      3.0882683      0.6368138
      12.0      3.0692045      0.6381235
      12.1      3.0500830      0.6393540
      12.2      3.0309060      0.6405056
      12.3      3.0116757      0.6415784
      12.4      2.9923941      0.6425727
      12.5      2.9730634      0.6434887
      12.6      2.9536857      0.6443266
      12.7      2.9342633      0.6450867
      12.8      2.9147982      0.6457692
      12.9      2.8952926      0.6463744
      13.0      2.8757487      0.6469027
      13.1      2.8561685      0.6473543
      13.2      2.8365543      0.6477296
      13.3      2.8169082      0.6480290
      13.4      2.7972322      0.6482527
      13.5      2.7775287      0.6484012
      13.6      2.7577996      0.6484748
      13.7      2.7380472      0.6484740
      13.8      2.7182736      0.6483992
      13.9      2.6984808      0.6482508
      14.0      2.6786711      0.6480292
      14.1      2.6588466      0.6477349
      14.2      2.6390093      0.6473685
      14.3      2.6191615      0.6469303
      14.4      2.5993052      0.6464209
      14.5      2.5794424      0.6458408
      14.6      2.5595754      0.6451905
      14.7      2.5397063      0.6444706
      14.8      2.5198370      0.6436817
      14.9      2.4999698      0.6428242
      15.0      2.4801066      0.6418988
      15.1      2.4602496      0.6409061
      15.2      2.4404008      0.6398467
      15.3      2.4205622      0.6387211
      15.4      2.4007360      0.6375301
      15.5      2.3809242      0.6362743
      15.6      2.3611288      0.6349543
      15.7      2.3413518      0.6335709
      15.8      2.3215953      0.6321245
      15.9      2.3018613      0.6306161
      16.0      2.2821517      0.6290463
      16.1      2.2624686      0.6274157
      16.2      2.2428139      0.6257251
      16.3      2.2231896      0.6239753
      16.4      2.2035977      0.6221670
      16.5      2.1840402      0.6203009
      16.6      2.1645189      0.6183779
      16.7      2.1450358      0.6163986
      16.8      2.1255928      0.6143639
      16.9      2.1061918      0.6122746
      17.0      2.0868348      0.6101314
      17.1      2.0675236      0.6079353
      17.2      2.0482600      0.6056870
      17.3      2.0290459      0.6033873
      17.4      2.0098832      0.6010371
      17.5      1.9907738      0.5986372
      17.6      1.9717193      0.5961886
      17.7      1.9527217      0.5936919
      17.8      1.9337827      0.5911483
      17.9      1.9149040      0.5885584
      18.0      1.8960876      0.5859233
      18.1      1.8773350      0.5832437
      18.2      1.8586481      0.5805207
      18.3      1.8400285      0.5777551
      18.4      1.8214780      0.5749478
      18.5      1.8029982      0.5720997
      18.6      1.7845908      0.5692119
      18.7      1.7662576      0.5662851
      18.8      1.7480000      0.5633204
      18.9      1.7298197      0.5603187
      19.0      1.7117184      0.5572810
      19.1      1.6936976      0.5542082
      19.2      1.6757590      0.5511012
      19.3      1.6579040      0.5479611
      19.4      1.6401341      0.5447888
      19.5      1.6224510      0.5415853
      19.6      1.6048562      0.5383515
      19.7      1.5873510      0.5350885
      19.8      1.5699370      0.5317972
      19.9      1.5526156      0.5284786
      20.0      1.5353883      0.5251337
      20.1      1.5182565      0.5217636
      20.2      1.5012215      0.5183691
      20.3      1.4842848      0.5149513
      20.4      1.4674476      0.5115112
      20.5      1.4507114      0.5080498
      20.6      1.4340774      0.5045681
      20.7      1.4175469      0.5010672
      20.8      1.4011213      0.4975479
      20.9      1.3848018      0.4940114
      21.0      1.3685895      0.4904586
      21.1      1.3524858      0.4868906
      21.2      1.3364918      0.4833083
      21.3      1.3206088      0.4797128
      21.4      1.3048378      0.4761050
      21.5      1.2891800      0.4724860
      21.6      1.2736365      0.4688569
      21.7      1.2582084      0.4652185
      21.8      1.2428968      0.4615719
      21.9      1.2277027      0.4579181
      22.0      1.2126272      0.4542581
      22.1      1.1976712      0.4505930
      22.2      1.1828358      0.4469236
      22.3      1.1681220      0.4432511
      22.4      1.1535306      0.4395763
      22.5      1.1390626      0.4359004
      22.6      1.1247189      0.4322242
      22.7      1.1105004      0.4285488
      22.8      1.0964079      0.4248752
      22.9      1.0824423      0.4212042
      23.0      1.0686044      0.4175370
      23.1      1.0548950      0.4138745
      23.2      1.0413148      0.4102175
      23.3      1.0278646      0.4065672
      23.4      1.0145451      0.4029244
      23.5      1.0013570      0.3992902
      23.6      0.9883011      0.3956654
      23.7      0.9753779      0.3920510
      23.8      0.9625881      0.3884479
      23.9      0.9499323      0.3848571
      24.0      0.9374111      0.3812795
      24.1      0.9250251      0.3777159
      24.2      0.9127748      0.3741674
      24.3      0.9006607      0.3706348
      24.4      0.8886834      0.3671191
      24.5      0.8768433      0.3636210
      24.6      0.8651409      0.3601415
      24.7      0.8535765      0.3566815
      24.8      0.8421507      0.3532419
      24.9      0.8308638      0.3498234
      25.0      0.8197162      0.3464270
      25.1      0.8087081      0.3430535
      25.2      0.7978400      0.3397038
      25.3      0.7871121      0.3363786
      25.4      0.7765247      0.3330787
      25.5      0.7660781      0.3298051
      25.6      0.7557725      0.3265585
      25.7      0.7456080      0.3233397
      25.8      0.7355849      0.3201494
      25.9      0.7257034      0.3169886
      26.0      0.7159636      0.3138578
      26.1      0.7063655      0.3107579
      26.2      0.6969094      0.3076896
      26.3      0.6875952      0.3046536
      26.4      0.6784230      0.3016507
      26.5      0.6693929      0.2986816
      26.6      0.6605048      0.2957470
      26.7      0.6517588      0.2928476
      26.8      0.6431548      0.2899841
      26.9      0.6346928      0.2871570
      27.0      0.6263726      0.2843672
      27.1      0.6181942      0.2816152
      27.2      0.6101574      0.2789017
      27.3      0.6022622      0.2762273
      27.4      0.5945083      0.2735926
      27.5      0.5868956      0.2709982
      27.6      0.5794238      0.2684447
      27.7      0.5720927      0.2659327
      27.8      0.5649021      0.2634628
      27.9      0.5578518      0.2610355
      28.0      0.5509413      0.2586513
      28.1      0.5441704      0.2563107
      28.2      0.5375389      0.2540144
      28.3      0.5310462      0.2517628
      28.4      0.5246921      0.2495563
      28.5      0.5184762      0.2473955
      28.6      0.5123980      0.2452808
      28.7      0.5064572      0.2432126
      28.8      0.5006532      0.2411915
      28.9      0.4949856      0.2392178
      29.0      0.4894540      0.2372920
      29.1      0.4840577      0.2354144
      29.2      0.4787963      0.2335854
      29.3      0.4736693      0.2318054
      29.4      0.4686760      0.2300748
      29.5      0.4638160      0.2283939
      29.6      0.4590885      0.2267630
      29.7      0.4544929      0.2251825
      29.8      0.4500288      0.2236526
      29.9      0.4456952      0.2221736
      30.0      0.4414917      0.2207459
      30.1      0.4374175      0.2193696
      30.2      0.4334720      0.2180450
      30.3      0.4296543      0.2167724
      30.4      0.4259637      0.2155520
      30.5      0.4223995      0.2143840
      30.6      0.4189609      0.2132685
      30.7      0.4156472      0.2122057
      30.8      0.4124574      0.2111959
      30.9      0.4093909      0.2102391
      31.0      0.4064467      0.2093355
      31.1      0.4036240      0.2084852
      31.2      0.4009219      0.2076884
      31.3      0.3983396      0.2069450
      31.4      0.3958761      0.2062552
      31.5      0.3935305      0.2056191
      31.6      0.3913019      0.2050367
      31.7      0.3891894      0.2045080
      31.8      0.3871920      0.2040331
      31.9      0.3853087      0.2036119
      32.0      0.3835385      0.2032445
      32.1      0.3818805      0.2029308
      32.2      0.3803337      0.2026708
      32.3      0.3788969      0.2024644
      32.4      0.3775692      0.2023117
      32.5      0.3763495      0.2022125
      32.6      0.3752368      0.2021666
      32.7      0.3742300      0.2021741
      32.8      0.3733280      0.2022348
      32.9      0.3725297      0.2023486
      33.0      0.3718340      0.2025153
      33.1      0.3712398      0.2027348
      33.2      0.3707459      0.2030068
      33.3      0.3703512      0.2033313
      33.4      0.3700546      0.2037079
      33.5      0.3698549      0.2041366
      33.6      0.3697509      0.2046170
      33.7      0.3697414      0.2051490
      33.8      0.3698253      0.2057322
      33.9      0.3700013      0.2063664
      34.0      0.3702683      0.2070514
      34.1      0.3706250      0.2077869
      34.2      0.3710703      0.2085724
      34.3      0.3716028      0.2094078
      34.4      0.3722213      0.2102927
      34.5      0.3729246      0.2112268
      34.6      0.3737114      0.2122097
      34.7      0.3745805      0.2132410
      34.8      0.3755305      0.2143204
      34.9      0.3765603      0.2154474
      35.0      0.3776685      0.2166218
      35.1      0.3788539      0.2178430
      35.2      0.3801151      0.2191106
      35.3      0.3814508      0.2204242
      35.4      0.3828598      0.2217834
      35.5      0.3843406      0.2231877
      35.6      0.3858921      0.2246367
      35.7      0.3875129      0.2261298
      35.8      0.3892017      0.2276665
      35.9      0.3909571      0.2292464
      36.0      0.3927778      0.2308690
      36.1      0.3946624      0.2325337
      36.2      0.3966097      0.2342399
      36.3      0.3986183      0.2359873
      36.4      0.4006868      0.2377751
      36.5      0.4028139      0.2396029
      36.6      0.4049982      0.2414700
      36.7      0.4072384      0.2433759
      36.8      0.4095331      0.2453200
      36.9      0.4118811      0.2473017
      37.0      0.4142808      0.2493204
      37.1      0.4167310      0.2513755
      37.2      0.4192303      0.2534663
      37.3      0.4217774      0.2555922
      37.4      0.4243708      0.2577526
      37.5      0.4270093      0.2599468
      37.6      0.4296914      0.2621742
      37.7      0.4324159      0.2644340
      37.8      0.4351813      0.2667257
      37.9      0.4379863      0.2690485
      38.0      0.4408295      0.2714018
      38.1      0.4437097      0.2737848
      38.2      0.4466253      0.2761969
      38.3      0.4495752      0.2786373
      38.4      0.4525579      0.2811053
      38.5      0.4555720      0.2836003
      38.6      0.4586164      0.2861214
      38.7      0.4616895      0.2886680
      38.8      0.4647901      0.2912393
      38.9      0.4679169      0.2938345
      39.0      0.4710685      0.2964530
      39.1      0.4742435      0.2990939
      39.2      0.4774408      0.3017566
      39.3      0.4806589      0.3044401
      39.4      0.4838965      0.3071439
      39.5      0.4871523      0.3098670
      39.6      0.4904251      0.3126087
      39.7      0.4937135      0.3153683
      39.8      0.4970163      0.3181450
      39.9      0.5003321      0.3209379
      40.0      0.5036597      0.3237462
      40.1      0.5069978      0.3265693
      40.2      0.5103452      0.3294062
      40.3      0.5137005      0.3322562
      40.4      0.5170626      0.3351185
      40.5      0.5204301      0.3379923
      40.6      0.5238019      0.3408768
      40.7      0.5271767      0.3437711
      40.8      0.5305532      0.3466744
      40.9      0.5339304      0.3495860
      41.0      0.5373069      0.3525050
      41.1      0.5406815      0.3554306
      41.2      0.5440532      0.3583621
      41.3      0.5474206      0.3612985
      41.4      0.5507826      0.3642391
      41.5      0.5541381      0.3671830
      41.6      0.5574859      0.3701295
      41.7      0.5608248      0.3730777
      41.8      0.5641538      0.3760268
      41.9      0.5674716      0.3789760
      42.0      0.5707772      0.3819245
      42.1      0.5740695      0.3848715
      42.2      0.5773473      0.3878161
      42.3      0.5806097      0.3907576
      42.4      0.5838554      0.3936951
      42.5      0.5870835      0.3966278
      42.6      0.5902928      0.3995550
      42.7      0.5934825      0.4024759
      42.8      0.5966513      0.4053895
      42.9      0.5997984      0.4082953
      43.0      0.6029226      0.4111922
      43.1      0.6060230      0.4140796
      43.2      0.6090987      0.4169567
      43.3      0.6121486      0.4198227
      43.4      0.6151717      0.4226768
      43.5      0.6181672      0.4255182
      43.6      0.6211341      0.4283462
      43.7      0.6240715      0.4311600
      43.8      0.6269785      0.4339589
      43.9      0.6298541      0.4367420
      44.0      0.6326975      0.4395086
      44.1      0.6355078      0.4422580
      44.2      0.6382842      0.4449895
      44.3      0.6410258      0.4477022
      44.4      0.6437318      0.4503956
      44.5      0.6464014      0.4530687
      44.6      0.6490337      0.4557210
      44.7      0.6516281      0.4583517
      44.8      0.6541836      0.4609601
      44.9      0.6566995      0.4635455
      45.0      0.6591752      0.4661072
      45.1      0.6616098      0.4686446
      45.2      0.6640027      0.4711568
      45.3      0.6663530      0.4736434
      45.4      0.6686603      0.4761035
      45.5      0.6709237      0.4785366
      45.6      0.6731426      0.4809420
      45.7      0.6753164      0.4833190
      45.8      0.6774444      0.4856671
      45.9      0.6795260      0.4879855
      46.0      0.6815607      0.4902737
      46.1      0.6835477      0.4925311
      46.2      0.6854867      0.4947570
      46.3      0.6873769      0.4969509
      46.4      0.6892178      0.4991122
      46.5      0.6910090      0.5012403
      46.6      0.6927500      0.5033346
      46.7      0.6944401      0.5053946
      46.8      0.6960790      0.5074197
      46.9      0.6976661      0.5094095
      47.0      0.6992011      0.5113633
      47.1      0.7006834      0.5132807
      47.2      0.7021127      0.5151611
      47.3      0.7034886      0.5170041
      47.4      0.7048107      0.5188091
      47.5      0.7060785      0.5205757
      47.6      0.7072918      0.5223034
      47.7      0.7084502      0.5239918
      47.8      0.7095534      0.5256404
      47.9      0.7106010      0.5272488
      48.0      0.7115928      0.5288165
      48.1      0.7125285      0.5303432
      48.2      0.7134078      0.5318284
      48.3      0.7142304      0.5332717
      48.4      0.7149962      0.5346728
      48.5      0.7157049      0.5360313
      48.6      0.7163564      0.5373468
      48.7      0.7169503      0.5386190
      48.8      0.7174866      0.5398476
      48.9      0.7179651      0.5410322
      49.0      0.7183856      0.5421725
      49.1      0.7187481      0.5432682
      49.2      0.7190524      0.5443191
      49.3      0.7192984      0.5453248
      49.4      0.7194860      0.5462851
      49.5      0.7196152      0.5471997
      49.6      0.7196859      0.5480684
      49.7      0.7196981      0.5488910
      49.8      0.7196518      0.5496672
      49.9      0.7195470      0.5503969
      50.0      0.7193836      0.5510798
      50.1      0.7191617      0.5517158
      50.2      0.7188813      0.5523046
      50.3      0.7185425      0.5528463
      50.4      0.7181454      0.5533405
      50.5      0.7176900      0.5537872
      50.6      0.7171764      0.5541863
      50.7      0.7166048      0.5545376
      50.8      0.7159752      0.5548410
      50.9      0.7152879      0.5550966
      51.0      0.7145429      0.5553041
      51.1      0.7137404      0.5554636
      51.2      0.7128807      0.5555750
      51.3      0.7119638      0.5556382
      51.4      0.7109901      0.5556533
      51.5      0.7099598      0.5556203
      51.6      0.7088730      0.5555391
      51.7      0.7077300      0.5554098
      51.8      0.7065312      0.5552324
      51.9      0.7052767      0.5550069
      52.0      0.7039668      0.5547334
      52.1      0.7026020      0.5544120
      52.2      0.7011824      0.5540428
      52.3      0.6997084      0.5536257
      52.4      0.6981804      0.5531611
      52.5      0.6965986      0.5526489
      52.6      0.6949636      0.5520892
      52.7      0.6932756      0.5514824
      52.8      0.6915350      0.5508284
      52.9      0.6897423      0.5501274
      53.0      0.6878979      0.5493797
      53.1      0.6860021      0.5485854
      53.2      0.6840555      0.5477447
      53.3      0.6820584      0.5468578
      53.4      0.6800114      0.5459250
      53.5      0.6779149      0.5449465
      53.6      0.6757693      0.5439225
      53.7      0.6735753      0.5428534
      53.8      0.6713332      0.5417393
      53.9      0.6690437      0.5405805
      54.0      0.6667072      0.5393774
      54.1      0.6643242      0.5381303
      54.2      0.6618954      0.5368394
      54.3      0.6594212      0.5355051
      54.4      0.6569023      0.5341277
      54.5      0.6543392      0.5327077
      54.6      0.6517324      0.5312452
      54.7      0.6490827      0.5297408
      54.8      0.6463906      0.5281948
      54.9      0.6436567      0.5266075
      55.0      0.6408816      0.5249795
      55.1      0.6380660      0.5233110
      55.2      0.6352104      0.5216025
      55.3      0.6323156      0.5198545
      55.4      0.6293823      0.5180674
      55.5      0.6264110      0.5162417
      55.6      0.6234024      0.5143777
      55.7      0.6203572      0.5124760
      55.8      0.6172762      0.5105371
      55.9      0.6141599      0.5085614
      56.0      0.6110091      0.5065495
      56.1      0.6078245      0.5045018
      56.2      0.6046069      0.5024189
      56.3      0.6013568      0.5003013
      56.4      0.5980752      0.4981495
      56.5      0.5947626      0.4959641
      56.6      0.5914198      0.4937456
      56.7      0.5880477      0.4914946
      56.8      0.5846468      0.4892116
      56.9      0.5812181      0.4868972
      57.0      0.5777621      0.4845521
      57.1      0.5742798      0.4821767
      57.2      0.5707719      0.4797718
      57.3      0.5672391      0.4773378
      57.4      0.5636822      0.4748754
      57.5      0.5601021      0.4723853
      57.6      0.5564994      0.4698680
      57.7      0.5528751      0.4673242
      57.8      0.5492298      0.4647545
      57.9      0.5455644      0.4621596
      58.0      0.5418797      0.4595400
      58.1      0.5381765      0.4568966
      58.2      0.5344556      0.4542299
      58.3      0.5307178      0.4515406
      58.4      0.5269639      0.4488293
      58.5      0.5231947      0.4460969
      58.6      0.5194112      0.4433438
      58.7      0.5156139      0.4405709
      58.8      0.5118039      0.4377788
      58.9      0.5079819      0.4349682
      59.0      0.5041487      0.4321398
      59.1      0.5003052      0.4292943
      59.2      0.4964521      0.4264325
      59.3      0.4925904      0.4235550
      59.4      0.4887208      0.4206626
      59.5      0.4848442      0.4177559
      59.6      0.4809614      0.4148358
      59.7      0.4770732      0.4119029
      59.8      0.4731805      0.4089579
      59.9      0.4692840      0.4060017
      60.0      0.4653846      0.4030349
      60.1      0.4614831      0.4000582
      60.2      0.4575804      0.3970725
      60.3      0.4536773      0.3940784
      60.4      0.4497745      0.3910767
      60.5      0.4458730      0.3880681
      60.6      0.4419735      0.3850534
      60.7      0.4380768      0.3820333
      60.8      0.4341838      0.3790087
      60.9      0.4302953      0.3759801
      61.0      0.4264120      0.3729484
      61.1      0.4225349      0.3699143
      61.2      0.4186646      0.3668786
      61.3      0.4148020      0.3638420
      61.4      0.4109479      0.3608053
      61.5      0.4071031      0.3577692
      61.6      0.4032683      0.3547344
      61.7      0.3994444      0.3517018
      61.8      0.3956322      0.3486720
      61.9      0.3918324      0.3456458
      62.0      0.3880457      0.3426240
      62.1      0.3842730      0.3396073
      62.2      0.3805151      0.3365964
      62.3      0.3767726      0.3335921
      62.4      0.3730464      0.3305951
      62.5      0.3693372      0.3276061
      62.6      0.3656457      0.3246259
      62.7      0.3619727      0.3216552
      62.8      0.3583189      0.3186947
      62.9      0.3546850      0.3157452
      63.0      0.3510718      0.3128073
      63.1      0.3474800      0.3098818
      63.2      0.3439103      0.3069695
      63.3      0.3403634      0.3040709
      63.4      0.3368399      0.3011869
      63.5      0.3333407      0.2983180
      63.6      0.3298663      0.2954651
      63.7      0.3264175      0.2926288
      63.8      0.3229948      0.2898098
      63.9      0.3195991      0.2870088
      64.0      0.3162308      0.2842264
      64.1      0.3128908      0.2814633
      64.2      0.3095795      0.2787203
      64.3      0.3062977      0.2759979
      64.4      0.3030460      0.2732968
      64.5      0.2998250      0.2706176
      64.6      0.2966353      0.2679611
      64.7      0.2934774      0.2653278
      64.8      0.2903521      0.2627184
      64.9      0.2872598      0.2601335
      65.0      0.2842012      0.2575737
      65.1      0.2811768      0.2550397
      65.2      0.2781871      0.2525320
      65.3      0.2752328      0.2500512
      65.4      0.2723143      0.2475980
      65.5      0.2694322      0.2451728
      65.6      0.2665870      0.2427764
      65.7      0.2637792      0.2404092
      65.8      0.2610093      0.2380718
      65.9      0.2582778      0.2357648
      66.0      0.2555852      0.2334887
      66.1      0.2529319      0.2312440
      66.2      0.2503185      0.2290313
      66.3      0.2477453      0.2268511
      66.4      0.2452129      0.2247039
      66.5      0.2427216      0.2225902
      66.6      0.2402718      0.2205106
      66.7      0.2378640      0.2184653
      66.8      0.2354986      0.2164551
      66.9      0.2331759      0.2144803
      67.0      0.2308964      0.2125413
      67.1      0.2286604      0.2106387
      67.2      0.2264683      0.2087728
      67.3      0.2243204      0.2069441
      67.4      0.2222170      0.2051530
      67.5      0.2201585      0.2033999
      67.6      0.2181452      0.2016853
      67.7      0.2161774      0.2000094
      67.8      0.2142554      0.1983727
      67.9      0.2123794      0.1967756
      68.0      0.2105498      0.1952184
      68.1      0.2087667      0.1937014
      68.2      0.2070306      0.1922249
      68.3      0.2053414      0.1907894
      68.4      0.2036996      0.1893951
      68.5      0.2021053      0.1880424
      68.6      0.2005588      0.1867314
      68.7      0.1990601      0.1854626
      68.8      0.1976095      0.1842361
      68.9      0.1962072      0.1830522
      69.0      0.1948533      0.1819113
      69.1      0.1935480      0.1808134
      69.2      0.1922913      0.1797589
      69.3      0.1910835      0.1787479
      69.4      0.1899246      0.1777807
      69.5      0.1888147      0.1768575
      69.6      0.1877539      0.1759784
      69.7      0.1867424      0.1751436
      69.8      0.1857800      0.1743532
      69.9      0.1848670      0.1736075
      70.0      0.1840033      0.1729065
      70.1      0.1831890      0.1722504
      70.2      0.1824240      0.1716393
      70.3      0.1817085      0.1710732
      70.4      0.1810424      0.1705523
      70.5      0.1804256      0.1700767
      70.6      0.1798582      0.1696463
      70.7      0.1793401      0.1692613
      70.8      0.1788712      0.1689217
      70.9      0.1784516      0.1686276
      71.0      0.1780810      0.1683789
      71.1      0.1777595      0.1681757
      71.2      0.1774870      0.1680179
      71.3      0.1772632      0.1679056
      71.4      0.1770882      0.1678386
      71.5      0.1769618      0.1678170
      71.6      0.1768838      0.1678408
      71.7      0.1768541      0.1679098
      71.8      0.1768725      0.1680240
      71.9      0.1769389      0.1681832
      72.0      0.1770531      0.1683875
      72.1      0.1772148      0.1686366
      72.2      0.1774239      0.1689305
      72.3      0.1776801      0.1692690
      72.4      0.1779832      0.1696520
      72.5      0.1783331      0.1700793
      72.6      0.1787293      0.1705507
      72.7      0.1791718      0.1710662
      72.8      0.1796601      0.1716254
      72.9      0.1801941      0.1722282
      73.0      0.1807733      0.1728744
      73.1      0.1813977      0.1735637
      73.2      0.1820667      0.1742960
      73.3      0.1827801      0.1750709
      73.4      0.1835376      0.1758882
      73.5      0.1843388      0.1767477
      73.6      0.1851834      0.1776490
      73.7      0.1860710      0.1785920
      73.8      0.1870013      0.1795761
      73.9      0.1879738      0.1806013
      74.0      0.1889882      0.1816671
      74.1      0.1900441      0.1827732
      74.2      0.1911410      0.1839193
      74.3      0.1922786      0.1851050
      74.4      0.1934564      0.1863300
      74.5      0.1946741      0.1875939
      74.6      0.1959311      0.1888962
      74.7      0.1972270      0.1902367
      74.8      0.1985613      0.1916149
      74.9      0.1999336      0.1930304
      75.0      0.2013434      0.1944828
      75.1      0.2027903      0.1959717
      75.2      0.2042736      0.1974965
      75.3      0.2057930      0.1990570
      75.4      0.2073479      0.2006525
      75.5      0.2089378      0.2022827
      75.6      0.2105622      0.2039470
      75.7      0.2122205      0.2056451
      75.8      0.2139123      0.2073763
      75.9      0.2156369      0.2091402
      76.0      0.2173938      0.2109363
      76.1      0.2191825      0.2127641
      76.2      0.2210024      0.2146230
      76.3      0.2228529      0.2165125
      76.4      0.2247334      0.2184321
      76.5      0.2266434      0.2203812
      76.6      0.2285822      0.2223593
      76.7      0.2305493      0.2243657
      76.8      0.2325441      0.2264000
      76.9      0.2345659      0.2284616
      77.0      0.2366142      0.2305498
      77.1      0.2386883      0.2326641
      77.2      0.2407876      0.2348039
      77.3      0.2429115      0.2369686
      77.4      0.2450593      0.2391575
      77.5      0.2472304      0.2413701
      77.6      0.2494242      0.2436057
      77.7      0.2516399      0.2458637
      77.8      0.2538770      0.2481434
      77.9      0.2561348      0.2504443
      78.0      0.2584126      0.2527657
      78.1      0.2607098      0.2551069
      78.2      0.2630257      0.2574673
      78.3      0.2653596      0.2598462
      78.4      0.2677108      0.2622429
      78.5      0.2700787      0.2646568
      78.6      0.2724626      0.2670873
      78.7      0.2748618      0.2695336
      78.8      0.2772757      0.2719950
      78.9      0.2797034      0.2744709
      79.0      0.2821443      0.2769606
      79.1      0.2845978      0.2794633
      79.2      0.2870632      0.2819785
      79.3      0.2895396      0.2845053
      79.4      0.2920265      0.2870432
      79.5      0.2945231      0.2895913
      79.6      0.2970288      0.2921490
      79.7      0.2995427      0.2947156
      79.8      0.3020643      0.2972904
      79.9      0.3045928      0.2998726
      80.0      0.3071275      0.3024615
      80.1      0.3096677      0.3050565
      80.2      0.3122126      0.3076568
      80.3      0.3147616      0.3102616
      80.4      0.3173140      0.3128703
      80.5      0.3198690      0.3154821
      80.6      0.3224259      0.3180964
      80.7      0.3249841      0.3207124
      80.8      0.3275427      0.3233293
      80.9      0.3301012      0.3259465
      81.0      0.3326588      0.3285632
      81.1      0.3352148      0.3311787
      81.2      0.3377684      0.3337924
      81.3      0.3403191      0.3364033
      81.4      0.3428660      0.3390109
      81.5      0.3454085      0.3416145
      81.6      0.3479458      0.3442132
      81.7      0.3504774      0.3468064
      81.8      0.3530024      0.3493934
      81.9      0.3555202      0.3519734
      82.0      0.3580301      0.3545458
      82.1      0.3605315      0.3571098
      82.2      0.3630235      0.3596648
      82.3      0.3655056      0.3622099
      82.4      0.3679771      0.3647446
      82.5      0.3704372      0.3672681
      82.6      0.3728854      0.3697797
      82.7      0.3753209      0.3722787
      82.8      0.3777430      0.3747644
      82.9      0.3801512      0.3772362
      83.0      0.3825448      0.3796933
      83.1      0.3849230      0.3821351
      83.2      0.3872853      0.3845610
      83.3      0.3896310      0.3869701
      83.4      0.3919595      0.3893619
      83.5      0.3942701      0.3917357
      83.6      0.3965622      0.3940908
      83.7      0.3988352      0.3964266
      83.8      0.4010884      0.3987425
      83.9      0.4033213      0.4010377
      84.0      0.4055332      0.4033117
      84.1      0.4077236      0.4055638
      84.2      0.4098917      0.4077934
      84.3      0.4120371      0.4099998
      84.4      0.4141591      0.4121825
      84.5      0.4162572      0.4143409
      84.6      0.4183308      0.4164742
      84.7      0.4203793      0.4185821
      84.8      0.4224022      0.4206637
      84.9      0.4243988      0.4227187
      85.0      0.4263687      0.4247463
      85.1      0.4283114      0.4267460
      85.2      0.4302262      0.4287173
      85.3      0.4321126      0.4306596
      85.4      0.4339702      0.4325723
      85.5      0.4357984      0.4344550
      85.6      0.4375967      0.4363070
      85.7      0.4393646      0.4381279
      85.8      0.4411017      0.4399171
      85.9      0.4428073      0.4416741
      86.0      0.4444812      0.4433984
      86.1      0.4461227      0.4450896
      86.2      0.4477315      0.4467471
      86.3      0.4493071      0.4483705
      86.4      0.4508490      0.4499593
      86.5      0.4523568      0.4515131
      86.6      0.4538301      0.4530313
      86.7      0.4552685      0.4545136
      86.8      0.4566715      0.4559595
      86.9      0.4580389      0.4573686
      87.0      0.4593700      0.4587405
      87.1      0.4606647      0.4600748
      87.2      0.4619225      0.4613710
      87.3      0.4631431      0.4626289
      87.4      0.4643260      0.4638480
      87.5      0.4654710      0.4650280
      87.6      0.4665777      0.4661685
      87.7      0.4676459      0.4672691
      87.8      0.4686751      0.4683296
      87.9      0.4696651      0.4693496
      88.0      0.4706155      0.4703288
      88.1      0.4715262      0.4712669
      88.2      0.4723967      0.4721636
      88.3      0.4732269      0.4730186
      88.4      0.4740165      0.4738317
      88.5      0.4747652      0.4746025
      88.6      0.4754728      0.4753309
      88.7      0.4761391      0.4760166
      88.8      0.4767639      0.4766593
      88.9      0.4773468      0.4772589
      89.0      0.4778879      0.4778151
      89.1      0.4783868      0.4783277
      89.2      0.4788433      0.4787967
      89.3      0.4792574      0.4792217
      89.4      0.4796289      0.4796026
      89.5      0.4799575      0.4799393
      89.6      0.4802433      0.4802316
      89.7      0.4804860      0.4804794
      89.8      0.4806855      0.4806826
      89.9      0.4808418      0.4808410
      90.0      0.4809547      0.4809547
      90.1      0.4810241      0.4810234
      90.2      0.4810501      0.4810471
      90.3      0.4810324      0.4810258
      90.4      0.4809712      0.4809595
      90.5      0.4808662      0.4808479
      90.6      0.4807176      0.4806912
      90.7      0.4805253      0.4804894
      90.8      0.4802892      0.4802423
      90.9      0.4800093      0.4799501
      91.0      0.4796858      0.4796128
      91.1      0.4793186      0.4792303
      91.2      0.4789077      0.4788027
      91.3      0.4784532      0.4783301
      91.4      0.4779551      0.4778125
      91.5      0.4774136      0.4772500
      91.6      0.4768286      0.4766427
      91.7      0.4762003      0.4759907
      91.8      0.4755287      0.4752940
      91.9      0.4748140      0.4745529
      92.0      0.4740563      0.4737675
      92.1      0.4732557      0.4729378
      92.2      0.4724123      0.4720641
      92.3      0.4715264      0.4711465
      92.4      0.4705980      0.4701852
      92.5      0.4696273      0.4691803
      92.6      0.4686145      0.4681321
      92.7      0.4675598      0.4670408
      92.8      0.4664634      0.4659065
      92.9      0.4653256      0.4647296
      93.0      0.4641464      0.4635103
      93.1      0.4629262      0.4622488
      93.2      0.4616652      0.4609453
      93.3      0.4603636      0.4596002
      93.4      0.4590217      0.4582138
      93.5      0.4576398      0.4567862
      93.6      0.4562181      0.4553179
      93.7      0.4547570      0.4538091
      93.8      0.4532567      0.4522602
      93.9      0.4517176      0.4506715
      94.0      0.4501399      0.4490434
      94.1      0.4485240      0.4473761
      94.2      0.4468702      0.4456701
      94.3      0.4451789      0.4439258
      94.4      0.4434504      0.4421434
      94.5      0.4416851      0.4403235
      94.6      0.4398833      0.4384664
      94.7      0.4380455      0.4365725
      94.8      0.4361720      0.4346423
      94.9      0.4342632      0.4326761
      95.0      0.4323195      0.4306744
      95.1      0.4303414      0.4286377
      95.2      0.4283293      0.4265665
      95.3      0.4262835      0.4244611
      95.4      0.4242046      0.4223220
      95.5      0.4220930      0.4201498
      95.6      0.4199491      0.4179449
      95.7      0.4177735      0.4157078
      95.8      0.4155665      0.4134391
      95.9      0.4133287      0.4111392
      96.0      0.4110605      0.4088087
      96.1      0.4087625      0.4064480
      96.2      0.4064351      0.4040578
      96.3      0.4040788      0.4016386
      96.4      0.4016943      0.3991909
      96.5      0.3992819      0.3967152
      96.6      0.3968422      0.3942123
      96.7      0.3943758      0.3916825
      96.8      0.3918833      0.3891266
      96.9      0.3893650      0.3865450
      97.0      0.3868217      0.3839384
      97.1      0.3842539      0.3813074
      97.2      0.3816621      0.3786525
      97.3      0.3790469      0.3759745
      97.4      0.3764089      0.3732738
      97.5      0.3737487      0.3705512
      97.6      0.3710668      0.3678072
      97.7      0.3683640      0.3650425
      97.8      0.3656407      0.3622577
      97.9      0.3628976      0.3594535
      98.0      0.3601353      0.3566305
      98.1      0.3573545      0.3537894
      98.2      0.3545556      0.3509307
      98.3      0.3517394      0.3480552
      98.4      0.3489066      0.3451636
      98.5      0.3460576      0.3422565
      98.6      0.3431933      0.3393345
      98.7      0.3403141      0.3363984
      98.8      0.3374209      0.3334489
      98.9      0.3345141      0.3304865
      99.0      0.3315945      0.3275120
      99.1      0.3286628      0.3245262
      99.2      0.3257195      0.3215295
      99.3      0.3227654      0.3185229
      99.4      0.3198012      0.3155069
      99.5      0.3168274      0.3124823
      99.6      0.3138448      0.3094498
      99.7      0.3108541      0.3064100
      99.8      0.3078559      0.3033636
      99.9      0.3048509      0.3003115
     100.0      0.3018398      0.2972542
     100.1      0.2988233      0.2941925
     100.2      0.2958020      0.2911271
     100.3      0.2927768      0.2880587
     100.4      0.2897481      0.2849880
     100.5      0.2867168      0.2819157
     100.6      0.2836835      0.2788425
     100.7      0.2806489      0.2757692
     100.8      0.2776138      0.2726965
     100.9      0.2745787      0.2696249
     101.0      0.2715445      0.2665554
     101.1      0.2685117      0.2634886
     101.2      0.2654811      0.2604251
     101.3      0.2624535      0.2573657
     101.4      0.2594294      0.2543111
     101.5      0.2564095      0.2512620
     101.6      0.2533947      0.2482192
     101.7      0.2503855      0.2451832
     101.8      0.2473827      0.2421548
     101.9      0.2443869      0.2391348
     102.0      0.2413989      0.2361237
     102.1      0.2384192      0.2331223
     102.2      0.2354487      0.2301313
     102.3      0.2324880      0.2271514
     102.4      0.2295378      0.2241832
     102.5      0.2265988      0.2212275
     102.6      0.2236716      0.2182848
     102.7      0.2207569      0.2153560
     102.8      0.2178554      0.2124416
     102.9      0.2149678      0.2095423
     103.0      0.2120948      0.2066588
     103.1      0.2092369      0.2037917
     103.2      0.2063949      0.2009417
     103.3      0.2035695      0.1981095
     103.4      0.2007612      0.1952957
     103.5      0.1979708      0.1925009
     103.6      0.1951989      0.1897257
     103.7      0.1924462      0.1869709
     103.8      0.1897132      0.1842370
     103.9      0.1870006      0.1815246
     104.0      0.1843091      0.1788343
     104.1      0.1816393      0.1761669
     104.2      0.1789918      0.1735228
     104.3      0.1763672      0.1709026
     104.4      0.1737662      0.1683070
     104.5      0.1711894      0.1657366
     104.6      0.1686373      0.1631918
     104.7      0.1661105      0.1606734
     104.8      0.1636098      0.1581817
     104.9      0.1611355      0.1557175
     105.0      0.1586884      0.1532813
     105.1      0.1562690      0.1508735
     105.2      0.1538779      0.1484947
     105.3      0.1515157      0.1461456
     105.4      0.1491828      0.1438265
     105.5      0.1468799      0.1415379
     105.6      0.1446075      0.1392805
     105.7      0.1423661      0.1370547
     105.8      0.1401563      0.1348609
     105.9      0.1379786      0.1326998
     106.0      0.1358336      0.1305716
     106.1      0.1337216      0.1284769
     106.2      0.1316433      0.1264162
     106.3      0.1295991      0.1243899
     106.4      0.1275896      0.1223984
     106.5      0.1256151      0.1204422
     106.6      0.1236762      0.1185217
     106.7      0.1217733      0.1166372
     106.8      0.1199070      0.1147893
     106.9      0.1180776      0.1129782
     107.0      0.1162855      0.1112044
     107.1      0.1145313      0.1094682
     107.2      0.1128154      0.1077701
     107.3      0.1111381      0.1061103
     107.4      0.1094998      0.1044892
     107.5      0.1079011      0.1029071
     107.6      0.1063422      0.1013644
     107.7      0.1048235      0.0998613
     107.8      0.1033454      0.0983982
     107.9      0.1019083      0.0969754
     108.0      0.1005126      0.0955931
     108.1      0.0991585      0.0942517
     108.2      0.0978464      0.0929513
     108.3      0.0965766      0.0916923
     108.4      0.0953495      0.0904748
     108.5      0.0941653      0.0892992
     108.6      0.0930244      0.0881655
     108.7      0.0919270      0.0870742
     108.8      0.0908734      0.0860252
     108.9      0.0898638      0.0850189
     109.0      0.0888987      0.0840553
     109.1      0.0879780      0.0831348
     109.2      0.0871022      0.0822573
     109.3      0.0862715      0.0814231
     109.4      0.0854860      0.0806323
     109.5      0.0847459      0.0798850
     109.6      0.0840515      0.0791814
     109.7      0.0834030      0.0785214
     109.8      0.0828004      0.0779053
     109.9      0.0822441      0.0773331
     110.0      0.0817340      0.0768049
     110.1      0.0812704      0.0763206
     110.2      0.0808535      0.0758804
     110.3      0.0804832      0.0754843
     110.4      0.0801598      0.0751323
     110.5      0.0798833      0.0748245
     110.6      0.0796538      0.0745607
     110.7      0.0794714      0.0743411
     110.8      0.0793362      0.0741655
     110.9      0.0792482      0.0740340
     111.0      0.0792075      0.0739465
     111.1      0.0792140      0.0739030
     111.2      0.0792679      0.0739033
     111.3      0.0793690      0.0739474
     111.4      0.0795175      0.0740353
     111.5      0.0797134      0.0741667
     111.6      0.0799565      0.0743417
     111.7      0.0802469      0.0745600
     111.8      0.0805844      0.0748215
     111.9      0.0809692      0.0751261
     112.0      0.0814010      0.0754737
     112.1      0.0818799      0.0758640
     112.2      0.0824056      0.0762970
     112.3      0.0829782      0.0767723
     112.4      0.0835976      0.0772898
     112.5      0.0842635      0.0778493
     112.6      0.0849759      0.0784506
     112.7      0.0857345      0.0790934
     112.8      0.0865394      0.0797775
     112.9      0.0873902      0.0805026
     113.0      0.0882869      0.0812685
     113.1      0.0892292      0.0820749
     113.2      0.0902169      0.0829216
     113.3      0.0912499      0.0838081
     113.4      0.0923278      0.0847343
     113.5      0.0934506      0.0856998
     113.6      0.0946178      0.0867043
     113.7      0.0958294      0.0877474
     113.8      0.0970849      0.0888288
     113.9      0.0983842      0.0899481
     114.0      0.0997269      0.0911051
     114.1      0.1011128      0.0922993
     114.2      0.1025416      0.0935303
     114.3      0.1040129      0.0947977
     114.4      0.1055264      0.0961012
     114.5      0.1070818      0.0974403
     114.6      0.1086787      0.0988146
     114.7      0.1103168      0.1002237
     114.8      0.1119957      0.1016671
     114.9      0.1137150      0.1031445
     115.0      0.1154743      0.1046553
     115.1      0.1172733      0.1061991
     115.2      0.1191116      0.1077754
     115.3      0.1209886      0.1093837
     115.4      0.1229041      0.1110236
     115.5      0.1248575      0.1126945
     115.6      0.1268484      0.1143960
     115.7      0.1288764      0.1161276
     115.8      0.1309410      0.1178886
     115.9      0.1330417      0.1196787
     116.0      0.1351780      0.1214972
     116.1      0.1373495      0.1233437
     116.2      0.1395557      0.1252175
     116.3      0.1417959      0.1271181
     116.4      0.1440699      0.1290451
     116.5      0.1463769      0.1309977
     116.6      0.1487164      0.1329754
     116.7      0.1510880      0.1349777
     116.8      0.1534911      0.1370039
     116.9      0.1559250      0.1390535
     117.0      0.1583893      0.1411259
     117.1      0.1608834      0.1432205
     117.2      0.1634066      0.1453365
     117.3      0.1659585      0.1474736
     117.4      0.1685383      0.1496309
     117.5      0.1711455      0.1518080
     117.6      0.1737795      0.1540041
     117.7      0.1764397      0.1562186
     117.8      0.1791254      0.1584509
     117.9      0.1818360      0.1607004
     118.0      0.1845708      0.1629663
     118.1      0.1873292      0.1652481
     118.2      0.1901106      0.1675451
     118.3      0.1929143      0.1698566
     118.4      0.1957395      0.1721820
     118.5      0.1985858      0.1745206
     118.6      0.2014523      0.1768717
     118.7      0.2043384      0.1792346
     118.8      0.2072434      0.1816088
     118.9      0.2101666      0.1839934
     119.0      0.2131073      0.1863878
     119.1      0.2160648      0.1887914
     119.2      0.2190383      0.1912034
     119.3      0.2220272      0.1936231
     119.4      0.2250308      0.1960500
     119.5      0.2280483      0.1984831
     119.6      0.2310790      0.2009220
     119.7      0.2341221      0.2033659
     119.8      0.2371770      0.2058140
     119.9      0.2402428      0.2082657
     120.0      0.2433188      0.2107203
     120.1      0.2464043      0.2131771
     120.2      0.2494986      0.2156353
     120.3      0.2526008      0.2180944
     120.4      0.2557102      0.2205536
     120.5      0.2588261      0.2230121
     120.6      0.2619476      0.2254693
     120.7      0.2650741      0.2279245
     120.8      0.2682046      0.2303770
     120.9      0.2713386      0.2328261
     121.0      0.2744751      0.2352711
     121.1      0.2776135      0.2377113
     121.2      0.2807529      0.2401460
     121.3      0.2838925      0.2425745
     121.4      0.2870316      0.2449961
     121.5      0.2901694      0.2474101
     121.6      0.2933052      0.2498159
     121.7      0.2964380      0.2522127
     121.8      0.2995672      0.2545999
     121.9      0.3026919      0.2569768
     122.0      0.3058114      0.2593427
     122.1      0.3089248      0.2616970
     122.2      0.3120315      0.2640389
     122.3      0.3151305      0.2663678
     122.4      0.3182211      0.2686830
     122.5      0.3213026      0.2709839
     122.6      0.3243742      0.2732698
     122.7      0.3274349      0.2755400
     122.8      0.3304842      0.2777940
     122.9      0.3335212      0.2800310
     123.0      0.3365450      0.2822504
     123.1      0.3395550      0.2844516
     123.2      0.3425504      0.2866339
     123.3      0.3455303      0.2887968
     123.4      0.3484941      0.2909395
     123.5      0.3514409      0.2930616
     123.6      0.3543699      0.2951622
     123.7      0.3572805      0.2972410
     123.8      0.3601718      0.2992972
     123.9      0.3630430      0.3013302
     124.0      0.3658935      0.3033395
     124.1      0.3687225      0.3053245
     124.2      0.3715292      0.3072846
     124.3      0.3743129      0.3092192
     124.4      0.3770728      0.3111278
     124.5      0.3798081      0.3130098
     124.6      0.3825183      0.3148647
     124.7      0.3852025      0.3166919
     124.8      0.3878599      0.3184909
     124.9      0.3904900      0.3202611
     125.0      0.3930920      0.3220021
     125.1      0.3956651      0.3237133
     125.2      0.3982086      0.3253941
     125.3      0.4007219      0.3270442
     125.4      0.4032043      0.3286630
     125.5      0.4056550      0.3302501
     125.6      0.4080735      0.3318049
     125.7      0.4104589      0.3333269
     125.8      0.4128108      0.3348159
     125.9      0.4151282      0.3362712
     126.0      0.4174108      0.3376924
     126.1      0.4196577      0.3390792
     126.2      0.4218683      0.3404310
     126.3      0.4240421      0.3417475
     126.4      0.4261783      0.3430282
     126.5      0.4282763      0.3442729
     126.6      0.4303356      0.3454810
     126.7      0.4323556      0.3466522
     126.8      0.4343356      0.3477861
     126.9      0.4362750      0.3488824
     127.0      0.4381733      0.3499407
     127.1      0.4400299      0.3509608
     127.2      0.4418442      0.3519421
     127.3      0.4436157      0.3528845
     127.4      0.4453438      0.3537876
     127.5      0.4470280      0.3546511
     127.6      0.4486677      0.3554748
     127.7      0.4502625      0.3562583
     127.8      0.4518119      0.3570014
     127.9      0.4533152      0.3577038
     128.0      0.4547721      0.3583653
     128.1      0.4561820      0.3589856
     128.2      0.4575446      0.3595646
     128.3      0.4588592      0.3601019
     128.4      0.4601255      0.3605974
     128.5      0.4613431      0.3610509
     128.6      0.4625114      0.3614621
     128.7      0.4636301      0.3618310
     128.8      0.4646988      0.3621574
     128.9      0.4657171      0.3624411
     129.0      0.4666845      0.3626820
     129.1      0.4676007      0.3628799
     129.2      0.4684654      0.3630347
     129.3      0.4692781      0.3631463
     129.4      0.4700386      0.3632146
     129.5      0.4707465      0.3632396
     129.6      0.4714015      0.3632211
     129.7      0.4720033      0.3631591
     129.8      0.4725515      0.3630535
     129.9      0.4730459      0.3629043
     130.0      0.4734863      0.3627115
     130.1      0.4738723      0.3624750
     130.2      0.4742037      0.3621949
     130.3      0.4744803      0.3618711
     130.4      0.4747018      0.3615036
     130.5      0.4748681      0.3610925
     130.6      0.4749789      0.3606378
     130.7      0.4750340      0.3601396
     130.8      0.4750333      0.3595979
     130.9      0.4749767      0.3590128
     131.0      0.4748639      0.3583843
     131.1      0.4746948      0.3577126
     131.2      0.4744693      0.3569978
     131.3      0.4741873      0.3562399
     131.4      0.4738487      0.3554391
     131.5      0.4734533      0.3545956
     131.6      0.4730013      0.3537094
     131.7      0.4724924      0.3527808
     131.8      0.4719266      0.3518099
     131.9      0.4713039      0.3507969
     132.0      0.4706243      0.3497420
     132.1      0.4698878      0.3486454
     132.2      0.4690943      0.3475072
     132.3      0.4682440      0.3463278
     132.4      0.4673368      0.3451073
     132.5      0.4663727      0.3438460
     132.6      0.4653519      0.3425442
     132.7      0.4642745      0.3412021
     132.8      0.4631404      0.3398200
     132.9      0.4619499      0.3383981
     133.0      0.4607029      0.3369368
     133.1      0.4593998      0.3354364
     133.2      0.4580405      0.3338972
     133.3      0.4566253      0.3323195
     133.4      0.4551543      0.3307036
     133.5      0.4536278      0.3290500
     133.6      0.4520458      0.3273589
     133.7      0.4504087      0.3256307
     133.8      0.4487166      0.3238658
     133.9      0.4469698      0.3220646
     134.0      0.4451685      0.3202274
     134.1      0.4433131      0.3183548
     134.2      0.4414037      0.3164470
     134.3      0.4394407      0.3145045
     134.4      0.4374244      0.3125278
     134.5      0.4353551      0.3105172
     134.6      0.4332331      0.3084733
     134.7      0.4310588      0.3063964
     134.8      0.4288326      0.3042871
     134.9      0.4265548      0.3021458
     135.0      0.4242258      0.2999729
     135.1      0.4218460      0.2977691
     135.2      0.4194159      0.2955348
     135.3      0.4169358      0.2932704
     135.4      0.4144061      0.2909765
     135.5      0.4118275      0.2886537
     135.6      0.4092002      0.2863024
     135.7      0.4065249      0.2839232
     135.8      0.4038019      0.2815166
     135.9      0.4010319      0.2790832
     136.0      0.3982152      0.2766235
     136.1      0.3953525      0.2741382
     136.2      0.3924443      0.2716277
     136.3      0.3894912      0.2690926
     136.4      0.3864936      0.2665336
     136.5      0.3834523      0.2639511
     136.6      0.3803678      0.2613459
     136.7      0.3772406      0.2587185
     136.8      0.3740715      0.2560696
     136.9      0.3708611      0.2533996
     137.0      0.3676099      0.2507094
     137.1      0.3643187      0.2479994
     137.2      0.3609882      0.2452703
     137.3      0.3576189      0.2425227
     137.4      0.3542116      0.2397573
     137.5      0.3507670      0.2369748
     137.6      0.3472859      0.2341757
     137.7      0.3437688      0.2313607
     137.8      0.3402167      0.2285306
     137.9      0.3366301      0.2256858
     138.0      0.3330100      0.2228272
     138.1      0.3293570      0.2199553
     138.2      0.3256719      0.2170709
     138.3      0.3219556      0.2141746
     138.4      0.3182087      0.2112671
     138.5      0.3144322      0.2083491
     138.6      0.3106269      0.2054213
     138.7      0.3067936      0.2024843
     138.8      0.3029330      0.1995388
     138.9      0.2990462      0.1965856
     139.0      0.2951339      0.1936253
     139.1      0.2911971      0.1906586
     139.2      0.2872365      0.1876863
     139.3      0.2832532      0.1847089
     139.4      0.2792479      0.1817273
     139.5      0.2752216      0.1787421
     139.6      0.2711752      0.1757541
     139.7      0.2671097      0.1727638
     139.8      0.2630260      0.1697721
     139.9      0.2589250      0.1667797
     140.0      0.2548076      0.1637872
     140.1      0.2506749      0.1607953
     140.2      0.2465278      0.1578048
     140.3      0.2423672      0.1548164
     140.4      0.2381943      0.1518307
     140.5      0.2340098      0.1488485
     140.6      0.2298149      0.1458705
     140.7      0.2256105      0.1428974
     140.8      0.2213977      0.1399299
     140.9      0.2171775      0.1369686
     141.0      0.2129509      0.1340143
     141.1      0.2087188      0.1310677
     141.2      0.2044825      0.1281295
     141.3      0.2002428      0.1252004
     141.4      0.1960010      0.1222810
     141.5      0.1917579      0.1193721
     141.6      0.1875146      0.1164743
     141.7      0.1832723      0.1135884
     141.8      0.1790320      0.1107149
     141.9      0.1747948      0.1078547
     142.0      0.1705617      0.1050083
     142.1      0.1663339      0.1021764
     142.2      0.1621123      0.0993598
     142.3      0.1578982      0.0965590
     142.4      0.1536926      0.0937748
     142.5      0.1494965      0.0910077
     142.6      0.1453112      0.0882585
     142.7      0.1411377      0.0855278
     142.8      0.1369771      0.0828162
     142.9      0.1328305      0.0801244
     143.0      0.1286991      0.0774530
     143.1      0.1245839      0.0748027
     143.2      0.1204861      0.0721740
     143.3      0.1164067      0.0695676
     143.4      0.1123470      0.0669841
     143.5      0.1083080      0.0644241
     143.6      0.1042909      0.0618882
     143.7      0.1002968      0.0593770
     143.8      0.0963267      0.0568911
     143.9      0.0923819      0.0544311
     144.0      0.0884635      0.0519975
     144.1      0.0845725      0.0495910
     144.2      0.0807102      0.0472120
     144.3      0.0768776      0.0448612
     144.4      0.0730759      0.0425391
     144.5      0.0693062      0.0402463
     144.6      0.0655696      0.0379832
     144.7      0.0618672      0.0357504
     144.8      0.0582002      0.0335485
     144.9      0.0545697      0.0313779
     145.0      0.0509768      0.0292391
     145.1      0.0474227      0.0271327
     145.2      0.0439084      0.0250591
     145.3      0.0404350      0.0230188
     145.4      0.0370037      0.0210123
     145.5      0.0336156      0.0190401
     145.6      0.0302717      0.0171025
     145.7      0.0269733      0.0152002
     145.8      0.0237213      0.0133334
     145.9      0.0205169      0.0115026
     146.0      0.0173612      0.0097082
     146.1      0.0142552      0.0079508
     146.2      0.0112000      0.0062305
     146.3      0.0081968      0.0045480
     146.4      0.0052465      0.0029034
     146.5      0.0023503      0.0012972
     146.6     -0.0004907     -0.0002701
     146.7     -0.0032757     -0.0017984
     146.8     -0.0060034     -0.0032872
     146.9     -0.0086728     -0.0047362
     147.0     -0.0112829     -0.0061451
     147.1     -0.0138327     -0.0075136
     147.2     -0.0163211     -0.0088413
     147.3     -0.0187471     -0.0101279
     147.4     -0.0211097     -0.0113733
     147.5     -0.0234079     -0.0125771
     147.6     -0.0256407     -0.0137390
     147.7     -0.0278071     -0.0148588
     147.8     -0.0299061     -0.0159363
     147.9     -0.0319368     -0.0169712
     148.0     -0.0338981     -0.0179633
     148.1     -0.0357892     -0.0189124
     148.2     -0.0376090     -0.0198183
     148.3     -0.0393566     -0.0206808
     148.4     -0.0410311     -0.0214997
     148.5     -0.0426316     -0.0222749
     148.6     -0.0441571     -0.0230063
     148.7     -0.0456068     -0.0236936
     148.8     -0.0469797     -0.0243367
     148.9     -0.0482749     -0.0249356
     149.0     -0.0494917     -0.0254901
     149.1     -0.0506291     -0.0260001
     149.2     -0.0516862     -0.0264656
     149.3     -0.0526623     -0.0268864
     149.4     -0.0535565     -0.0272625
     149.5     -0.0543679     -0.0275938
     149.6     -0.0550958     -0.0278803
     149.7     -0.0557393     -0.0281220
     149.8     -0.0562977     -0.0283189
     149.9     -0.0567702     -0.0284709
     150.0     -0.0571560     -0.0285780
     150.1     -0.0574544     -0.0286403
     150.2     -0.0576647     -0.0286578
     150.3     -0.0577860     -0.0286306
     150.4     -0.0578178     -0.0285586
     150.5     -0.0577592     -0.0284420
     150.6     -0.0576097     -0.0282808
     150.7     -0.0573684     -0.0280751
     150.8     -0.0570349     -0.0278250
     150.9     -0.0566083     -0.0275306
     151.0     -0.0560881     -0.0271921
     151.1     -0.0554737     -0.0268095
     151.2     -0.0547644     -0.0263830
     151.3     -0.0539597     -0.0259127
     151.4     -0.0530590     -0.0253989
     151.5     -0.0520617     -0.0248417
     151.6     -0.0509672     -0.0242412
     151.7     -0.0497750     -0.0235978
     151.8     -0.0484847     -0.0229115
     151.9     -0.0470956     -0.0221826
     152.0     -0.0456074     -0.0214114
     152.1     -0.0440194     -0.0205980
     152.2     -0.0423313     -0.0197428
     152.3     -0.0405427     -0.0188459
     152.4     -0.0386530     -0.0179078
     152.5     -0.0366619     -0.0169286
     152.6     -0.0345690     -0.0159086
     152.7     -0.0323738     -0.0148482
     152.8     -0.0300761     -0.0137477
     152.9     -0.0276754     -0.0126074
     153.0     -0.0251715     -0.0114276
     153.1     -0.0225640     -0.0102087
     153.2     -0.0198525     -0.0089511
     153.3     -0.0170369     -0.0076550
     153.4     -0.0141169     -0.0063210
     153.5     -0.0110922     -0.0049493
     153.6     -0.0079625     -0.0035404
     153.7     -0.0047277     -0.0020947
     153.8     -0.0013875     -0.0006126
     153.9      0.0020583      0.0009055
     154.0      0.0056097      0.0024591
     154.1      0.0092670      0.0040478
     154.2      0.0130303      0.0056712
     154.3      0.0168998      0.0073287
     154.4      0.0208754      0.0090200
     154.5      0.0249573      0.0107444
     154.6      0.0291456      0.0125016
     154.7      0.0334403      0.0142910
     154.8      0.0378415      0.0161121
     154.9      0.0423491      0.0179645
     155.0      0.0469632      0.0198475
     155.1      0.0516836      0.0217607
     155.2      0.0565105      0.0237034
     155.3      0.0614437      0.0256753
     155.4      0.0664831      0.0276756
     155.5      0.0716287      0.0297039
     155.6      0.0768803      0.0317596
     155.7      0.0822378      0.0338420
     155.8      0.0877011      0.0359507
     155.9      0.0932699      0.0380850
     156.0      0.0989442      0.0402442
     156.1      0.1047237      0.0424279
     156.2      0.1106082      0.0446354
     156.3      0.1165974      0.0468661
     156.4      0.1226912      0.0491193
     156.5      0.1288891      0.0513944
     156.6      0.1351910      0.0536908
     156.7      0.1415965      0.0560078
     156.8      0.1481052      0.0583449
     156.9      0.1547170      0.0607012
     157.0      0.1614312      0.0630762
     157.1      0.1682477      0.0654692
     157.2      0.1751660      0.0678796
     157.3      0.1821857      0.0703066
     157.4      0.1893063      0.0727495
     157.5      0.1965274      0.0752078
     157.6      0.2038485      0.0776806
     157.7      0.2112691      0.0801674
     157.8      0.2187888      0.0826673
     157.9      0.2264070      0.0851798
     158.0      0.2341231      0.0877041
     158.1      0.2419366      0.0902394
     158.2      0.2498469      0.0927851
     158.3      0.2578535      0.0953405
     158.4      0.2659557      0.0979048
     158.5      0.2741528      0.1004773
     158.6      0.2824443      0.1030574
     158.7      0.2908295      0.1056442
     158.8      0.2993076      0.1082370
     158.9      0.3078781      0.1108351
     159.0      0.3165401      0.1134378
     159.1      0.3252930      0.1160444
     159.2      0.3341360      0.1186540
     159.3      0.3430683      0.1212660
     159.4      0.3520892      0.1238796
     159.5      0.3611978      0.1264941
     159.6      0.3703934      0.1291088
     159.7      0.3796750      0.1317228
     159.8      0.3890420      0.1343355
     159.9      0.3984933      0.1369461
     160.0      0.4080282      0.1395539
     160.1      0.4176457      0.1421580
     160.2      0.4273449      0.1447579
     160.3      0.4371249      0.1473527
     160.4      0.4469847      0.1499417
     160.5      0.4569234      0.1525242
     160.6      0.4669401      0.1550993
     160.7      0.4770336      0.1576665
     160.8      0.4872031      0.1602249
     160.9      0.4974475      0.1627737
     161.0      0.5077658      0.1653124
     161.1      0.5181569      0.1678401
     161.2      0.5286198      0.1703560
     161.3      0.5391534      0.1728596
     161.4      0.5497565      0.1753500
     161.5      0.5604282      0.1778265
     161.6      0.5711673      0.1802884
     161.7      0.5819726      0.1827350
     161.8      0.5928430      0.1851656
     161.9      0.6037774      0.1875794
     162.0      0.6147745      0.1899758
     162.1      0.6258332      0.1923540
     162.2      0.6369524      0.1947133
     162.3      0.6481307      0.1970532
     162.4      0.6593670      0.1993727
     162.5      0.6706600      0.2016713
     162.6      0.6820085      0.2039483
     162.7      0.6934112      0.2062031
     162.8      0.7048668      0.2084348
     162.9      0.7163742      0.2106429
     163.0      0.7279319      0.2128267
     163.1      0.7395387      0.2149855
     163.2      0.7511933      0.2171187
     163.3      0.7628943      0.2192257
     163.4      0.7746404      0.2213057
     163.5      0.7864302      0.2233582
     163.6      0.7982624      0.2253826
     163.7      0.8101357      0.2273781
     163.8      0.8220486      0.2293442
     163.9      0.8339997      0.2312803
     164.0      0.8459878      0.2331858
     164.1      0.8580112      0.2350601
     164.2      0.8700688      0.2369025
     164.3      0.8821589      0.2387126
     164.4      0.8942803      0.2404897
     164.5      0.9064314      0.2422332
     164.6      0.9186108      0.2439427
     164.7      0.9308170      0.2456175
     164.8      0.9430486      0.2472571
     164.9      0.9553042      0.2488610
     165.0      0.9675821      0.2504287
     165.1      0.9798811      0.2519596
     165.2      0.9921994      0.2534531
     165.3      1.0045358      0.2549089
     165.4      1.0168886      0.2563265
     165.5      1.0292563      0.2577052
     165.6      1.0416375      0.2590447
     165.7      1.0540306      0.2603445
     165.8      1.0664341      0.2616041
     165.9      1.0788464      0.2628232
     166.0      1.0912660      0.2640011
     166.1      1.1036914      0.2651376
     166.2      1.1161210      0.2662322
     166.3      1.1285533      0.2672845
     166.4      1.1409867      0.2682940
     166.5      1.1534197      0.2692605
     166.6      1.1658507      0.2701835
     166.7      1.1782781      0.2710626
     166.8      1.1907005      0.2718975
     166.9      1.2031161      0.2726878
     167.0      1.2155234      0.2734333
     167.1      1.2279209      0.2741335
     167.2      1.2403070      0.2747882
     167.3      1.2526801      0.2753970
     167.4      1.2650386      0.2759596
     167.5      1.2773810      0.2764758
     167.6      1.2897056      0.2769454
     167.7      1.3020110      0.2773679
     167.8      1.3142954      0.2777432
     167.9      1.3265573      0.2780710
     168.0      1.3387952      0.2783512
     168.1      1.3510075      0.2785834
     168.2      1.3631926      0.2787675
     168.3      1.3753488      0.2789033
     168.4      1.3874747      0.2789905
     168.5      1.3995686      0.2790291
     168.6      1.4116290      0.2790188
     168.7      1.4236543      0.2789596
     168.8      1.4356429      0.2788512
     168.9      1.4475933      0.2786935
     169.0      1.4595038      0.2784865
     169.1      1.4713730      0.2782299
     169.2      1.4831993      0.2779238
     169.3      1.4949811      0.2775681
     169.4      1.5067168      0.2771626
     169.5      1.5184050      0.2767073
     169.6      1.5300440      0.2762022
     169.7      1.5416324      0.2756473
     169.8      1.5531686      0.2750425
     169.9      1.5646510      0.2743877
     170.0      1.5760782      0.2736831
     170.1      1.5874485      0.2729286
     170.2      1.5987606      0.2721242
     170.3      1.6100129      0.2712701
     170.4      1.6212039      0.2703661
     170.5      1.6323321      0.2694125
     170.6      1.6433960      0.2684092
     170.7      1.6543941      0.2673564
     170.8      1.6653250      0.2662541
     170.9      1.6761872      0.2651025
     171.0      1.6869792      0.2639017
     171.1      1.6976996      0.2626518
     171.2      1.7083469      0.2613529
     171.3      1.7189198      0.2600052
     171.4      1.7294167      0.2586089
     171.5      1.7398363      0.2571642
     171.6      1.7501771      0.2556712
     171.7      1.7604377      0.2541301
     171.8      1.7706169      0.2525412
     171.9      1.7807131      0.2509047
     172.0      1.7907250      0.2492208
     172.1      1.8006513      0.2474897
     172.2      1.8104906      0.2457118
     172.3      1.8202416      0.2438872
     172.4      1.8299028      0.2420163
     172.5      1.8394732      0.2400994
     172.6      1.8489512      0.2381368
     172.7      1.8583357      0.2361287
     172.8      1.8676253      0.2340755
     172.9      1.8768187      0.2319776
     173.0      1.8859148      0.2298352
     173.1      1.8949123      0.2276488
     173.2      1.9038099      0.2254186
     173.3      1.9126064      0.2231452
     173.4      1.9213007      0.2208288
     173.5      1.9298914      0.2184699
     173.6      1.9383775      0.2160689
     173.7      1.9467578      0.2136261
     173.8      1.9550311      0.2111421
     173.9      1.9631963      0.2086172
     174.0      1.9712522      0.2060520
     174.1      1.9791978      0.2034468
     174.2      1.9870319      0.2008021
     174.3      1.9947535      0.1981184
     174.4      2.0023615      0.1953962
     174.5      2.0098549      0.1926361
     174.6      2.0172325      0.1898384
     174.7      2.0244935      0.1870037
     174.8      2.0316368      0.1841325
     174.9      2.0386614      0.1812254
     175.0      2.0455663      0.1782828
     175.1      2.0523506      0.1753055
     175.2      2.0590133      0.1722938
     175.3      2.0655535      0.1692484
     175.4      2.0719703      0.1661698
     175.5      2.0782629      0.1630586
     175.6      2.0844303      0.1599155
     175.7      2.0904717      0.1567409
     175.8      2.0963862      0.1535355
     175.9      2.1021730      0.1503000
     176.0      2.1078313      0.1470349
     176.1      2.1133604      0.1437408
     176.2      2.1187595      0.1404185
     176.3      2.1240277      0.1370684
     176.4      2.1291644      0.1336913
     176.5      2.1341689      0.1302879
     176.6      2.1390404      0.1268587
     176.7      2.1437783      0.1234045
     176.8      2.1483819      0.1199259
     176.9      2.1528506      0.1164236
     177.0      2.1571838      0.1128983
     177.1      2.1613807      0.1093506
     177.2      2.1654410      0.1057813
     177.3      2.1693639      0.1021910
     177.4      2.1731490      0.0985805
     177.5      2.1767957      0.0949505
     177.6      2.1803036      0.0913016
     177.7      2.1836720      0.0876347
     177.8      2.1869006      0.0839503
     177.9      2.1899888      0.0802493
     178.0      2.1929364      0.0765324
     178.1      2.1957427      0.0728002
     178.2      2.1984076      0.0690537
     178.3      2.2009305      0.0652933
     178.4      2.2033111      0.0615201
     178.5      2.2055491      0.0577345
     178.6      2.2076443      0.0539376
     178.7      2.2095962      0.0501298
     178.8      2.2114046      0.0463122
     178.9      2.2130693      0.0424853
     179.0      2.2145900      0.0386499
     179.1      2.2159665      0.0348069
     179.2      2.2171986      0.0309569
     179.3      2.2182862      0.0271008
     179.4      2.2192291      0.0232393
     179.5      2.2200272      0.0193731
     179.6      2.2206803      0.0155031
     179.7      2.2211883      0.0116301
     179.8      2.2215513      0.0077547
     179.9      2.2217691      0.0038777
     180.0      2.2218417      0.0000000
