 # List of d(q) for j, j' =            9          39
 #    0  1.00000000
 #    1  0.43384584
 #    2  0.31937599
 #    3  0.17108544
 #    4  0.16315539
 #    5  0.10141545
 #    6  0.12262806
 #    7  0.07836936
 #    8  0.09205289
 #    9  0.05509725
 #   10  0.07328011
 #   11  0.04261300
 #   12  0.06474113
 #   13  0.03448584
 #   14  0.06092910
 #   15  0.02939337
 #   16  0.06191982
 #   17  0.02422676
 #   18  0.06800106
       0.0      8.6274393      0.0000000
       0.1      8.6265835      0.0150562
       0.2      8.6240163      0.0301034
       0.3      8.6197392      0.0451326
       0.4      8.6137543      0.0601349
       0.5      8.6060649      0.0751011
       0.6      8.5966749      0.0900225
       0.7      8.5855894      0.1048902
       0.8      8.5728139      0.1196952
       0.9      8.5583554      0.1344288
       1.0      8.5422213      0.1490823
       1.1      8.5244201      0.1636471
       1.2      8.5049610      0.1781145
       1.3      8.4838543      0.1924760
       1.4      8.4611110      0.2067234
       1.5      8.4367429      0.2208482
       1.6      8.4107627      0.2348423
       1.7      8.3831840      0.2486976
       1.8      8.3540212      0.2624061
       1.9      8.3232893      0.2759601
       2.0      8.2910044      0.2893519
       2.1      8.2571832      0.3025738
       2.2      8.2218432      0.3156185
       2.3      8.1850028      0.3284788
       2.4      8.1466810      0.3411476
       2.5      8.1068976      0.3536179
       2.6      8.0656730      0.3658830
       2.7      8.0230286      0.3779364
       2.8      7.9789863      0.3897716
       2.9      7.9335687      0.4013826
       3.0      7.8867990      0.4127632
       3.1      7.8387012      0.4239077
       3.2      7.7893000      0.4348104
       3.3      7.7386203      0.4454662
       3.4      7.6866882      0.4558696
       3.5      7.6335299      0.4660159
       3.6      7.5791724      0.4759002
       3.7      7.5236433      0.4855181
       3.8      7.4669704      0.4948653
       3.9      7.4091825      0.5039377
       4.0      7.3503085      0.5127316
       4.1      7.2903779      0.5212434
       4.2      7.2294208      0.5294697
       4.3      7.1674674      0.5374076
       4.4      7.1045487      0.5450541
       4.5      7.0406959      0.5524066
       4.6      6.9759405      0.5594629
       4.7      6.9103145      0.5662209
       4.8      6.8438501      0.5726786
       4.9      6.7765799      0.5788346
       5.0      6.7085369      0.5846875
       5.1      6.6397541      0.5902363
       5.2      6.5702649      0.5954801
       5.3      6.5001030      0.6004183
       5.4      6.4293020      0.6050508
       5.5      6.3578961      0.6093773
       5.6      6.2859194      0.6133982
       5.7      6.2134061      0.6171139
       5.8      6.1403907      0.6205251
       5.9      6.0669076      0.6236328
       6.0      5.9929914      0.6264382
       6.1      5.9186766      0.6289427
       6.2      5.8439980      0.6311480
       6.3      5.7689901      0.6330562
       6.4      5.6936876      0.6346693
       6.5      5.6181250      0.6359898
       6.6      5.5423368      0.6370204
       6.7      5.4663574      0.6377639
       6.8      5.3902212      0.6382236
       6.9      5.3139623      0.6384026
       7.0      5.2376148      0.6383047
       7.1      5.1612126      0.6379335
       7.2      5.0847892      0.6372931
       7.3      5.0083782      0.6363876
       7.4      4.9320128      0.6352215
       7.5      4.8557260      0.6337994
       7.6      4.7795505      0.6321261
       7.7      4.7035186      0.6302065
       7.8      4.6276625      0.6280459
       7.9      4.5520140      0.6256495
       8.0      4.4766045      0.6230229
       8.1      4.4014650      0.6201718
       8.2      4.3266261      0.6171021
       8.3      4.2521182      0.6138196
       8.4      4.1779711      0.6103307
       8.5      4.1042141      0.6066415
       8.6      4.0308762      0.6027585
       8.7      3.9579859      0.5986882
       8.8      3.8855712      0.5944374
       8.9      3.8136595      0.5900127
       9.0      3.7422777      0.5854212
       9.1      3.6714524      0.5806698
       9.2      3.6012093      0.5757656
       9.3      3.5315738      0.5707158
       9.4      3.4625707      0.5655277
       9.5      3.3942240      0.5602085
       9.6      3.3265573      0.5547658
       9.7      3.2595936      0.5492069
       9.8      3.1933551      0.5435394
       9.9      3.1278636      0.5377708
      10.0      3.0631401      0.5319087
      10.1      2.9992049      0.5259607
      10.2      2.9360778      0.5199346
      10.3      2.8737778      0.5138378
      10.4      2.8123233      0.5076782
      10.5      2.7517319      0.5014633
      10.6      2.6920206      0.4952008
      10.7      2.6332058      0.4888984
      10.8      2.5753029      0.4825636
      10.9      2.5183268      0.4762041
      11.0      2.4622916      0.4698274
      11.1      2.4072108      0.4634410
      11.2      2.3530970      0.4570523
      11.3      2.2999622      0.4506687
      11.4      2.2478176      0.4442976
      11.5      2.1966736      0.4379463
      11.6      2.1465401      0.4316218
      11.7      2.0974259      0.4253313
      11.8      2.0493394      0.4190818
      11.9      2.0022881      0.4128802
      12.0      1.9562787      0.4067332
      12.1      1.9113173      0.4006476
      12.2      1.8674093      0.3946299
      12.3      1.8245591      0.3886865
      12.4      1.7827707      0.3828238
      12.5      1.7420470      0.3770480
      12.6      1.7023906      0.3713650
      12.7      1.6638031      0.3657808
      12.8      1.6262854      0.3603011
      12.9      1.5898377      0.3549315
      13.0      1.5544597      0.3496773
      13.1      1.5201500      0.3445440
      13.2      1.4869069      0.3395365
      13.3      1.4547279      0.3346598
      13.4      1.4236096      0.3299185
      13.5      1.3935482      0.3253174
      13.6      1.3645392      0.3208606
      13.7      1.3365773      0.3165525
      13.8      1.3096567      0.3123969
      13.9      1.2837709      0.3083978
      14.0      1.2589127      0.3045586
      14.1      1.2350746      0.3008827
      14.2      1.2122482      0.2973734
      14.3      1.1904245      0.2940337
      14.4      1.1695941      0.2908662
      14.5      1.1497469      0.2878736
      14.6      1.1308723      0.2850583
      14.7      1.1129593      0.2824223
      14.8      1.0959960      0.2799675
      14.9      1.0799704      0.2776958
      15.0      1.0648698      0.2756086
      15.1      1.0506810      0.2737071
      15.2      1.0373903      0.2719925
      15.3      1.0249837      0.2704656
      15.4      1.0134466      0.2691270
      15.5      1.0027642      0.2679771
      15.6      0.9929209      0.2670161
      15.7      0.9839011      0.2662441
      15.8      0.9756886      0.2656607
      15.9      0.9682669      0.2652656
      16.0      0.9616192      0.2650582
      16.1      0.9557282      0.2650374
      16.2      0.9505765      0.2652024
      16.3      0.9461463      0.2655518
      16.4      0.9424194      0.2660841
      16.5      0.9393776      0.2667977
      16.6      0.9370023      0.2676907
      16.7      0.9352747      0.2687610
      16.8      0.9341756      0.2700065
      16.9      0.9336860      0.2714246
      17.0      0.9337863      0.2730127
      17.1      0.9344570      0.2747680
      17.2      0.9356784      0.2766876
      17.3      0.9374307      0.2787683
      17.4      0.9396938      0.2810068
      17.5      0.9424478      0.2833995
      17.6      0.9456725      0.2859429
      17.7      0.9493478      0.2886331
      17.8      0.9534533      0.2914662
      17.9      0.9579688      0.2944381
      18.0      0.9628741      0.2975445
      18.1      0.9681489      0.3007810
      18.2      0.9737729      0.3041433
      18.3      0.9797260      0.3076266
      18.4      0.9859880      0.3112262
      18.5      0.9925388      0.3149372
      18.6      0.9993585      0.3187547
      18.7      1.0064270      0.3226736
      18.8      1.0137248      0.3266887
      18.9      1.0212320      0.3307948
      19.0      1.0289293      0.3349866
      19.1      1.0367972      0.3392586
      19.2      1.0448167      0.3436054
      19.3      1.0529687      0.3480213
      19.4      1.0612345      0.3525009
      19.5      1.0695955      0.3570383
      19.6      1.0780335      0.3616280
      19.7      1.0865302      0.3662642
      19.8      1.0950680      0.3709410
      19.9      1.1036292      0.3756528
      20.0      1.1121965      0.3803936
      20.1      1.1207531      0.3851577
      20.2      1.1292821      0.3899391
      20.3      1.1377672      0.3947320
      20.4      1.1461925      0.3995307
      20.5      1.1545420      0.4043291
      20.6      1.1628006      0.4091217
      20.7      1.1709532      0.4139025
      20.8      1.1789850      0.4186658
      20.9      1.1868819      0.4234059
      21.0      1.1946300      0.4281171
      21.1      1.2022156      0.4327938
      21.2      1.2096257      0.4374304
      21.3      1.2168477      0.4420214
      21.4      1.2238690      0.4465614
      21.5      1.2306779      0.4510450
      21.6      1.2372629      0.4554669
      21.7      1.2436130      0.4598219
      21.8      1.2497174      0.4641049
      21.9      1.2555661      0.4683108
      22.0      1.2611493      0.4724348
      22.1      1.2664576      0.4764721
      22.2      1.2714823      0.4804179
      22.3      1.2762148      0.4842676
      22.4      1.2806474      0.4880168
      22.5      1.2847724      0.4916611
      22.6      1.2885828      0.4951964
      22.7      1.2920721      0.4986184
      22.8      1.2952341      0.5019234
      22.9      1.2980631      0.5051075
      23.0      1.3005540      0.5081669
      23.1      1.3027020      0.5110983
      23.2      1.3045027      0.5138983
      23.3      1.3059525      0.5165636
      23.4      1.3070477      0.5190913
      23.5      1.3077857      0.5214783
      23.6      1.3081637      0.5237221
      23.7      1.3081799      0.5258200
      23.8      1.3078327      0.5277697
      23.9      1.3071208      0.5295690
      24.0      1.3060436      0.5312158
      24.1      1.3046008      0.5327083
      24.2      1.3027926      0.5340447
      24.3      1.3006194      0.5352236
      24.4      1.2980824      0.5362436
      24.5      1.2951829      0.5371036
      24.6      1.2919227      0.5378026
      24.7      1.2883040      0.5383398
      24.8      1.2843294      0.5387147
      24.9      1.2800020      0.5389267
      25.0      1.2753250      0.5389756
      25.1      1.2703022      0.5388615
      25.2      1.2649378      0.5385843
      25.3      1.2592361      0.5381445
      25.4      1.2532020      0.5375424
      25.5      1.2468406      0.5367787
      25.6      1.2401574      0.5358543
      25.7      1.2331582      0.5347703
      25.8      1.2258491      0.5335276
      25.9      1.2182365      0.5321279
      26.0      1.2103270      0.5305725
      26.1      1.2021278      0.5288631
      26.2      1.1936460      0.5270017
      26.3      1.1848892      0.5249903
      26.4      1.1758651      0.5228310
      26.5      1.1665818      0.5205263
      26.6      1.1570475      0.5180785
      26.7      1.1472706      0.5154905
      26.8      1.1372599      0.5127650
      26.9      1.1270242      0.5099049
      27.0      1.1165726      0.5069134
      27.1      1.1059143      0.5037936
      27.2      1.0950587      0.5005491
      27.3      1.0840155      0.4971832
      27.4      1.0727942      0.4936996
      27.5      1.0614047      0.4901021
      27.6      1.0498569      0.4863946
      27.7      1.0381610      0.4825809
      27.8      1.0263271      0.4786653
      27.9      1.0143654      0.4746518
      28.0      1.0022863      0.4705449
      28.1      0.9901001      0.4663489
      28.2      0.9778172      0.4620683
      28.3      0.9654481      0.4577076
      28.4      0.9530034      0.4532715
      28.5      0.9404934      0.4487647
      28.6      0.9279289      0.4441920
      28.7      0.9153202      0.4395582
      28.8      0.9026778      0.4348684
      28.9      0.8900123      0.4301273
      29.0      0.8773341      0.4253400
      29.1      0.8646536      0.4205116
      29.2      0.8519810      0.4156472
      29.3      0.8393267      0.4107518
      29.4      0.8267009      0.4058306
      29.5      0.8141136      0.4008887
      29.6      0.8015748      0.3959314
      29.7      0.7890944      0.3909637
      29.8      0.7766823      0.3859909
      29.9      0.7643479      0.3810181
      30.0      0.7521009      0.3760505
      30.1      0.7399506      0.3710932
      30.2      0.7279062      0.3661513
      30.3      0.7159767      0.3612300
      30.4      0.7041710      0.3563343
      30.5      0.6924979      0.3514692
      30.6      0.6809658      0.3466398
      30.7      0.6695830      0.3418508
      30.8      0.6583576      0.3371073
      30.9      0.6472976      0.3324140
      31.0      0.6364106      0.3277757
      31.1      0.6257042      0.3231971
      31.2      0.6151855      0.3186827
      31.3      0.6048616      0.3142371
      31.4      0.5947392      0.3098648
      31.5      0.5848248      0.3055701
      31.6      0.5751248      0.3013573
      31.7      0.5656452      0.2972305
      31.8      0.5563916      0.2931938
      31.9      0.5473697      0.2892511
      32.0      0.5385846      0.2854064
      32.1      0.5300414      0.2816632
      32.2      0.5217446      0.2780253
      32.3      0.5136988      0.2744962
      32.4      0.5059080      0.2710791
      32.5      0.4983762      0.2677773
      32.6      0.4911067      0.2645940
      32.7      0.4841031      0.2615320
      32.8      0.4773682      0.2585943
      32.9      0.4709047      0.2557834
      33.0      0.4647152      0.2531020
      33.1      0.4588016      0.2505525
      33.2      0.4531659      0.2481370
      33.3      0.4478095      0.2458576
      33.4      0.4427338      0.2437164
      33.5      0.4379397      0.2417151
      33.6      0.4334280      0.2398554
      33.7      0.4291989      0.2381386
      33.8      0.4252526      0.2365661
      33.9      0.4215889      0.2351391
      34.0      0.4182074      0.2338586
      34.1      0.4151073      0.2327253
      34.2      0.4122876      0.2317400
      34.3      0.4097471      0.2309032
      34.4      0.4074841      0.2302151
      34.5      0.4054969      0.2296760
      34.6      0.4037833      0.2292858
      34.7      0.4023410      0.2290445
      34.8      0.4011675      0.2289517
      34.9      0.4002597      0.2290069
      35.0      0.3996147      0.2292096
      35.1      0.3992291      0.2295588
      35.2      0.3990993      0.2300537
      35.3      0.3992214      0.2306931
      35.4      0.3995915      0.2314758
      35.5      0.4002053      0.2324004
      35.6      0.4010582      0.2334652
      35.7      0.4021457      0.2346686
      35.8      0.4034627      0.2360086
      35.9      0.4050043      0.2374833
      36.0      0.4067651      0.2390905
      36.1      0.4087396      0.2408279
      36.2      0.4109223      0.2426930
      36.3      0.4133073      0.2446834
      36.4      0.4158887      0.2467962
      36.5      0.4186602      0.2490286
      36.6      0.4216157      0.2513778
      36.7      0.4247487      0.2538405
      36.8      0.4280527      0.2564136
      36.9      0.4315209      0.2590939
      37.0      0.4351466      0.2618778
      37.1      0.4389229      0.2647618
      37.2      0.4428427      0.2677423
      37.3      0.4468990      0.2708156
      37.4      0.4510846      0.2739779
      37.5      0.4553921      0.2772251
      37.6      0.4598143      0.2805535
      37.7      0.4643437      0.2839588
      37.8      0.4689730      0.2874368
      37.9      0.4736945      0.2909835
      38.0      0.4785007      0.2945945
      38.1      0.4833841      0.2982653
      38.2      0.4883371      0.3019917
      38.3      0.4933520      0.3057692
      38.4      0.4984212      0.3095932
      38.5      0.5035372      0.3134593
      38.6      0.5086922      0.3173627
      38.7      0.5138788      0.3212989
      38.8      0.5190893      0.3252633
      38.9      0.5243162      0.3292512
      39.0      0.5295521      0.3332579
      39.1      0.5347894      0.3372787
      39.2      0.5400208      0.3413090
      39.3      0.5452389      0.3453439
      39.4      0.5504366      0.3493789
      39.5      0.5556066      0.3534092
      39.6      0.5607418      0.3574303
      39.7      0.5658352      0.3614373
      39.8      0.5708799      0.3654258
      39.9      0.5758692      0.3693911
      40.0      0.5807962      0.3733286
      40.1      0.5856545      0.3772339
      40.2      0.5904375      0.3811024
      40.3      0.5951391      0.3849299
      40.4      0.5997528      0.3887117
      40.5      0.6042728      0.3924438
      40.6      0.6086931      0.3961218
      40.7      0.6130080      0.3997416
      40.8      0.6172119      0.4032989
      40.9      0.6212992      0.4067900
      41.0      0.6252649      0.4102107
      41.1      0.6291037      0.4135572
      41.2      0.6328108      0.4168258
      41.3      0.6363813      0.4200127
      41.4      0.6398108      0.4231145
      41.5      0.6430949      0.4261276
      41.6      0.6462294      0.4290486
      41.7      0.6492102      0.4318743
      41.8      0.6520336      0.4346016
      41.9      0.6546961      0.4372274
      42.0      0.6571942      0.4397487
      42.1      0.6595246      0.4421629
      42.2      0.6616846      0.4444671
      42.3      0.6636711      0.4466590
      42.4      0.6654818      0.4487360
      42.5      0.6671142      0.4506958
      42.6      0.6685662      0.4525364
      42.7      0.6698359      0.4542557
      42.8      0.6709215      0.4558518
      42.9      0.6718216      0.4573230
      43.0      0.6725349      0.4586677
      43.1      0.6730603      0.4598844
      43.2      0.6733969      0.4609719
      43.3      0.6735442      0.4619289
      43.4      0.6735016      0.4627545
      43.5      0.6732690      0.4634478
      43.6      0.6728464      0.4640080
      43.7      0.6722339      0.4644346
      43.8      0.6714321      0.4647271
      43.9      0.6704415      0.4648854
      44.0      0.6692630      0.4649091
      44.1      0.6678976      0.4647985
      44.2      0.6663466      0.4645536
      44.3      0.6646113      0.4641747
      44.4      0.6626935      0.4636624
      44.5      0.6605950      0.4630171
      44.6      0.6583177      0.4622398
      44.7      0.6558639      0.4613312
      44.8      0.6532360      0.4602925
      44.9      0.6504366      0.4591247
      45.0      0.6474684      0.4578293
      45.1      0.6443343      0.4564077
      45.2      0.6410375      0.4548614
      45.3      0.6375811      0.4531923
      45.4      0.6339686      0.4514022
      45.5      0.6302036      0.4494930
      45.6      0.6262897      0.4474669
      45.7      0.6222310      0.4453262
      45.8      0.6180312      0.4430731
      45.9      0.6136947      0.4407103
      46.0      0.6092256      0.4382402
      46.1      0.6046284      0.4356657
      46.2      0.5999077      0.4329895
      46.3      0.5950679      0.4302145
      46.4      0.5901139      0.4273439
      46.5      0.5850505      0.4243806
      46.6      0.5798827      0.4213280
      46.7      0.5746154      0.4181894
      46.8      0.5692539      0.4149682
      46.9      0.5638032      0.4116678
      47.0      0.5582687      0.4082919
      47.1      0.5526558      0.4048441
      47.2      0.5469697      0.4013280
      47.3      0.5412161      0.3977476
      47.4      0.5354003      0.3941066
      47.5      0.5295279      0.3904089
      47.6      0.5236045      0.3866585
      47.7      0.5176357      0.3828595
      47.8      0.5116272      0.3790158
      47.9      0.5055846      0.3751316
      48.0      0.4995136      0.3712109
      48.1      0.4934198      0.3672580
      48.2      0.4873089      0.3632771
      48.3      0.4811866      0.3592723
      48.4      0.4750585      0.3552478
      48.5      0.4689303      0.3512080
      48.6      0.4628075      0.3471571
      48.7      0.4566958      0.3430992
      48.8      0.4506007      0.3390387
      48.9      0.4445277      0.3349798
      49.0      0.4384821      0.3309267
      49.1      0.4324695      0.3268836
      49.2      0.4264951      0.3228547
      49.3      0.4205642      0.3188442
      49.4      0.4146821      0.3148562
      49.5      0.4088537      0.3108948
      49.6      0.4030843      0.3069641
      49.7      0.3973786      0.3030681
      49.8      0.3917416      0.2992107
      49.9      0.3861780      0.2953958
      50.0      0.3806925      0.2916274
      50.1      0.3752897      0.2879092
      50.2      0.3699740      0.2842449
      50.3      0.3647497      0.2806383
      50.4      0.3596211      0.2770928
      50.5      0.3545922      0.2736120
      50.6      0.3496669      0.2701994
      50.7      0.3448493      0.2668582
      50.8      0.3401428      0.2635918
      50.9      0.3355511      0.2604033
      51.0      0.3310777      0.2572957
      51.1      0.3267257      0.2542721
      51.2      0.3224984      0.2513352
      51.3      0.3183987      0.2484880
      51.4      0.3144293      0.2457330
      51.5      0.3105931      0.2430727
      51.6      0.3068926      0.2405097
      51.7      0.3033300      0.2380462
      51.8      0.2999075      0.2356844
      51.9      0.2966273      0.2334264
      52.0      0.2934912      0.2312742
      52.1      0.2905009      0.2292296
      52.2      0.2876579      0.2272943
      52.3      0.2849636      0.2254699
      52.4      0.2824193      0.2237578
      52.5      0.2800258      0.2221594
      52.6      0.2777842      0.2206758
      52.7      0.2756951      0.2193082
      52.8      0.2737591      0.2180573
      52.9      0.2719764      0.2169240
      53.0      0.2703474      0.2159090
      53.1      0.2688719      0.2150127
      53.2      0.2675499      0.2142356
      53.3      0.2663811      0.2135778
      53.4      0.2653649      0.2130396
      53.5      0.2645007      0.2126207
      53.6      0.2637878      0.2123212
      53.7      0.2632251      0.2121405
      53.8      0.2628115      0.2120785
      53.9      0.2625458      0.2121343
      54.0      0.2624264      0.2123074
      54.1      0.2624518      0.2125969
      54.2      0.2626203      0.2130018
      54.3      0.2629298      0.2135210
      54.4      0.2633785      0.2141533
      54.5      0.2639641      0.2148973
      54.6      0.2646842      0.2157515
      54.7      0.2655364      0.2167143
      54.8      0.2665182      0.2177840
      54.9      0.2676266      0.2189587
      55.0      0.2688590      0.2202364
      55.1      0.2702123      0.2216151
      55.2      0.2716834      0.2230926
      55.3      0.2732691      0.2246666
      55.4      0.2749661      0.2263346
      55.5      0.2767708      0.2280941
      55.6      0.2786798      0.2299425
      55.7      0.2806895      0.2318771
      55.8      0.2827959      0.2338950
      55.9      0.2849955      0.2359935
      56.0      0.2872841      0.2381693
      56.1      0.2896579      0.2404196
      56.2      0.2921127      0.2427411
      56.3      0.2946444      0.2451306
      56.4      0.2972488      0.2475848
      56.5      0.2999215      0.2501003
      56.6      0.3026583      0.2526736
      56.7      0.3054547      0.2553013
      56.8      0.3083063      0.2579797
      56.9      0.3112087      0.2607053
      57.0      0.3141572      0.2634744
      57.1      0.3171474      0.2662833
      57.2      0.3201747      0.2691281
      57.3      0.3232344      0.2720052
      57.4      0.3263219      0.2749107
      57.5      0.3294327      0.2778407
      57.6      0.3325620      0.2807914
      57.7      0.3357052      0.2837588
      57.8      0.3388576      0.2867390
      57.9      0.3420147      0.2897282
      58.0      0.3451718      0.2927223
      58.1      0.3483243      0.2957175
      58.2      0.3514677      0.2987098
      58.3      0.3545973      0.3016953
      58.4      0.3577087      0.3046701
      58.5      0.3607973      0.3076303
      58.6      0.3638588      0.3105719
      58.7      0.3668887      0.3134913
      58.8      0.3698827      0.3163844
      58.9      0.3728365      0.3192476
      59.0      0.3757459      0.3220771
      59.1      0.3786068      0.3248692
      59.2      0.3814150      0.3276202
      59.3      0.3841665      0.3303265
      59.4      0.3868575      0.3329845
      59.5      0.3894839      0.3355907
      59.6      0.3920421      0.3381417
      59.7      0.3945285      0.3406341
      59.8      0.3969393      0.3430646
      59.9      0.3992711      0.3454300
      60.0      0.4015206      0.3477270
      60.1      0.4036844      0.3499527
      60.2      0.4057594      0.3521040
      60.3      0.4077425      0.3541780
      60.4      0.4096307      0.3561718
      60.5      0.4114213      0.3580828
      60.6      0.4131114      0.3599084
      60.7      0.4146986      0.3616459
      60.8      0.4161802      0.3632929
      60.9      0.4175541      0.3648472
      61.0      0.4188179      0.3663064
      61.1      0.4199696      0.3676685
      61.2      0.4210073      0.3689315
      61.3      0.4219290      0.3700934
      61.4      0.4227332      0.3711526
      61.5      0.4234183      0.3721072
      61.6      0.4239828      0.3729559
      61.7      0.4244255      0.3736971
      61.8      0.4247453      0.3743295
      61.9      0.4249412      0.3748521
      62.0      0.4250124      0.3752637
      62.1      0.4249581      0.3755633
      62.2      0.4247777      0.3757503
      62.3      0.4244710      0.3758239
      62.4      0.4240375      0.3757835
      62.5      0.4234772      0.3756288
      62.6      0.4227900      0.3753595
      62.7      0.4219762      0.3749754
      62.8      0.4210361      0.3744764
      62.9      0.4199699      0.3738626
      63.0      0.4187785      0.3731343
      63.1      0.4174624      0.3722919
      63.2      0.4160224      0.3713357
      63.3      0.4144597      0.3702665
      63.4      0.4127753      0.3690848
      63.5      0.4109705      0.3677917
      63.6      0.4090467      0.3663880
      63.7      0.4070054      0.3648748
      63.8      0.4048482      0.3632534
      63.9      0.4025769      0.3615251
      64.0      0.4001934      0.3596914
      64.1      0.3976997      0.3577539
      64.2      0.3950980      0.3557141
      64.3      0.3923905      0.3535740
      64.4      0.3895795      0.3513355
      64.5      0.3866676      0.3490005
      64.6      0.3836573      0.3465712
      64.7      0.3805513      0.3440498
      64.8      0.3773524      0.3414387
      64.9      0.3740634      0.3387402
      65.0      0.3706874      0.3359569
      65.1      0.3672274      0.3330914
      65.2      0.3636865      0.3301464
      65.3      0.3600680      0.3271247
      65.4      0.3563752      0.3240292
      65.5      0.3526115      0.3208628
      65.6      0.3487803      0.3176285
      65.7      0.3448852      0.3143295
      65.8      0.3409297      0.3109688
      65.9      0.3369175      0.3075498
      66.0      0.3328524      0.3040758
      66.1      0.3287380      0.3005500
      66.2      0.3245781      0.2969759
      66.3      0.3203767      0.2933570
      66.4      0.3161375      0.2896967
      66.5      0.3118646      0.2859986
      66.6      0.3075618      0.2822662
      66.7      0.3032331      0.2785033
      66.8      0.2988825      0.2747134
      66.9      0.2945140      0.2709003
      67.0      0.2901316      0.2670676
      67.1      0.2857394      0.2632190
      67.2      0.2813414      0.2593582
      67.3      0.2769415      0.2554891
      67.4      0.2725439      0.2516153
      67.5      0.2681525      0.2477406
      67.6      0.2637713      0.2438687
      67.7      0.2594044      0.2400034
      67.8      0.2550555      0.2361484
      67.9      0.2507288      0.2323074
      68.0      0.2464280      0.2284841
      68.1      0.2421570      0.2246821
      68.2      0.2379197      0.2209051
      68.3      0.2337198      0.2171567
      68.4      0.2295610      0.2134404
      68.5      0.2254470      0.2097598
      68.6      0.2213814      0.2061184
      68.7      0.2173678      0.2025196
      68.8      0.2134096      0.1989668
      68.9      0.2095103      0.1954634
      69.0      0.2056732      0.1920125
      69.1      0.2019017      0.1886175
      69.2      0.1981988      0.1852814
      69.3      0.1945678      0.1820073
      69.4      0.1910117      0.1787983
      69.5      0.1875333      0.1756572
      69.6      0.1841356      0.1725870
      69.7      0.1808213      0.1695903
      69.8      0.1775931      0.1666699
      69.9      0.1744535      0.1638283
      70.0      0.1714051      0.1610681
      70.1      0.1684501      0.1583917
      70.2      0.1655909      0.1558013
      70.3      0.1628295      0.1532992
      70.4      0.1601681      0.1508875
      70.5      0.1576085      0.1485683
      70.6      0.1551525      0.1463434
      70.7      0.1528019      0.1442146
      70.8      0.1505581      0.1421836
      70.9      0.1484228      0.1402519
      71.0      0.1463971      0.1384212
      71.1      0.1444823      0.1366926
      71.2      0.1426796      0.1350675
      71.3      0.1409898      0.1335470
      71.4      0.1394138      0.1321320
      71.5      0.1379523      0.1308234
      71.6      0.1366059      0.1296221
      71.7      0.1353751      0.1285286
      71.8      0.1342603      0.1275435
      71.9      0.1332615      0.1266672
      72.0      0.1323790      0.1258999
      72.1      0.1316126      0.1252418
      72.2      0.1309623      0.1246930
      72.3      0.1304277      0.1242534
      72.4      0.1300083      0.1239227
      72.5      0.1297038      0.1237007
      72.6      0.1295133      0.1235868
      72.7      0.1294362      0.1235806
      72.8      0.1294715      0.1236813
      72.9      0.1296181      0.1238881
      73.0      0.1298751      0.1242001
      73.1      0.1302410      0.1246163
      73.2      0.1307145      0.1251356
      73.3      0.1312942      0.1257565
      73.4      0.1319784      0.1264778
      73.5      0.1327654      0.1272981
      73.6      0.1336534      0.1282156
      73.7      0.1346405      0.1292287
      73.8      0.1357247      0.1303355
      73.9      0.1369038      0.1315343
      74.0      0.1381756      0.1328229
      74.1      0.1395378      0.1341993
      74.2      0.1409881      0.1356613
      74.3      0.1425238      0.1372065
      74.4      0.1441425      0.1388326
      74.5      0.1458414      0.1405372
      74.6      0.1476178      0.1423176
      74.7      0.1494689      0.1441713
      74.8      0.1513918      0.1460955
      74.9      0.1533834      0.1480875
      75.0      0.1554409      0.1501444
      75.1      0.1575611      0.1522632
      75.2      0.1597407      0.1544411
      75.3      0.1619767      0.1566748
      75.4      0.1642657      0.1589614
      75.5      0.1666044      0.1612977
      75.6      0.1689895      0.1636804
      75.7      0.1714175      0.1661063
      75.8      0.1738851      0.1685721
      75.9      0.1763886      0.1710744
      76.0      0.1789248      0.1736099
      76.1      0.1814899      0.1761752
      76.2      0.1840804      0.1787668
      76.3      0.1866929      0.1813813
      76.4      0.1893236      0.1840151
      76.5      0.1919690      0.1866649
      76.6      0.1946255      0.1893270
      76.7      0.1972896      0.1919980
      76.8      0.1999575      0.1946744
      76.9      0.2026257      0.1973525
      77.0      0.2052906      0.2000290
      77.1      0.2079487      0.2027003
      77.2      0.2105963      0.2053629
      77.3      0.2132301      0.2080133
      77.4      0.2158463      0.2106480
      77.5      0.2184417      0.2132637
      77.6      0.2210126      0.2158569
      77.7      0.2235558      0.2184242
      77.8      0.2260679      0.2209624
      77.9      0.2285455      0.2234680
      78.0      0.2309854      0.2259378
      78.1      0.2333843      0.2283686
      78.2      0.2357390      0.2307572
      78.3      0.2380466      0.2331006
      78.4      0.2403038      0.2353957
      78.5      0.2425078      0.2376394
      78.6      0.2446556      0.2398288
      78.7      0.2467444      0.2419612
      78.8      0.2487714      0.2440336
      78.9      0.2507339      0.2460433
      79.0      0.2526293      0.2479878
      79.1      0.2544550      0.2498643
      79.2      0.2562087      0.2516706
      79.3      0.2578880      0.2534041
      79.4      0.2594906      0.2550625
      79.5      0.2610143      0.2566436
      79.6      0.2624570      0.2581453
      79.7      0.2638169      0.2595655
      79.8      0.2650919      0.2609023
      79.9      0.2662803      0.2621538
      80.0      0.2673805      0.2633184
      80.1      0.2683908      0.2643943
      80.2      0.2693098      0.2653800
      80.3      0.2701362      0.2662742
      80.4      0.2708686      0.2670754
      80.5      0.2715060      0.2677825
      80.6      0.2720473      0.2683943
      80.7      0.2724916      0.2689099
      80.8      0.2728381      0.2693284
      80.9      0.2730861      0.2696490
      81.0      0.2732351      0.2698711
      81.1      0.2732845      0.2699941
      81.2      0.2732340      0.2700176
      81.3      0.2730834      0.2699413
      81.4      0.2728327      0.2697650
      81.5      0.2724817      0.2694887
      81.6      0.2720306      0.2691123
      81.7      0.2714796      0.2686361
      81.8      0.2708291      0.2680602
      81.9      0.2700796      0.2673851
      82.0      0.2692315      0.2666114
      82.1      0.2682857      0.2657395
      82.2      0.2672428      0.2647703
      82.3      0.2661039      0.2637045
      82.4      0.2648699      0.2625431
      82.5      0.2635419      0.2612873
      82.6      0.2621212      0.2599381
      82.7      0.2606091      0.2584968
      82.8      0.2590071      0.2569648
      82.9      0.2573167      0.2553436
      83.0      0.2555395      0.2536348
      83.1      0.2536773      0.2518400
      83.2      0.2517319      0.2499611
      83.3      0.2497053      0.2480000
      83.4      0.2475994      0.2459585
      83.5      0.2454164      0.2438389
      83.6      0.2431585      0.2416431
      83.7      0.2408280      0.2393736
      83.8      0.2384271      0.2370326
      83.9      0.2359584      0.2346224
      84.0      0.2334244      0.2321457
      84.1      0.2308277      0.2296050
      84.2      0.2281709      0.2270028
      84.3      0.2254567      0.2243420
      84.4      0.2226880      0.2216252
      84.5      0.2198676      0.2188554
      84.6      0.2169984      0.2160353
      84.7      0.2140833      0.2131680
      84.8      0.2111254      0.2102565
      84.9      0.2081278      0.2073038
      85.0      0.2050935      0.2043131
      85.1      0.2020257      0.2012874
      85.2      0.1989276      0.1982299
      85.3      0.1958023      0.1951439
      85.4      0.1926532      0.1920326
      85.5      0.1894835      0.1888993
      85.6      0.1862964      0.1857474
      85.7      0.1830954      0.1825800
      85.8      0.1798837      0.1794006
      85.9      0.1766646      0.1762125
      86.0      0.1734416      0.1730191
      86.1      0.1702179      0.1698237
      86.2      0.1669969      0.1666297
      86.3      0.1637819      0.1634405
      86.4      0.1605764      0.1602595
      86.5      0.1573835      0.1570899
      86.6      0.1542066      0.1539352
      86.7      0.1510491      0.1507986
      86.8      0.1479141      0.1476835
      86.9      0.1448049      0.1445930
      87.0      0.1417248      0.1415306
      87.1      0.1386769      0.1384993
      87.2      0.1356643      0.1355023
      87.3      0.1326902      0.1325429
      87.4      0.1297575      0.1296240
      87.5      0.1268695      0.1267487
      87.6      0.1240289      0.1239201
      87.7      0.1212387      0.1211410
      87.8      0.1185017      0.1184144
      87.9      0.1158208      0.1157430
      88.0      0.1131986      0.1131297
      88.1      0.1106379      0.1105771
      88.2      0.1081413      0.1080879
      88.3      0.1057111      0.1056646
      88.4      0.1033500      0.1033097
      88.5      0.1010602      0.1010256
      88.6      0.0988441      0.0988146
      88.7      0.0967039      0.0966790
      88.8      0.0946417      0.0946209
      88.9      0.0926595      0.0926424
      89.0      0.0907592      0.0907454
      89.1      0.0889429      0.0889319
      89.2      0.0872121      0.0872036
      89.3      0.0855686      0.0855622
      89.4      0.0840139      0.0840093
      89.5      0.0825496      0.0825464
      89.6      0.0811769      0.0811749
      89.7      0.0798972      0.0798961
      89.8      0.0787116      0.0787111
      89.9      0.0776212      0.0776211
      90.0      0.0766270      0.0766270
      90.1      0.0757297      0.0757296
      90.2      0.0749302      0.0749298
      90.3      0.0742291      0.0742281
      90.4      0.0736269      0.0736251
      90.5      0.0731240      0.0731212
      90.6      0.0727207      0.0727167
      90.7      0.0724172      0.0724118
      90.8      0.0722137      0.0722067
      90.9      0.0721100      0.0721012
      91.0      0.0721062      0.0720952
      91.1      0.0722018      0.0721885
      91.2      0.0723965      0.0723807
      91.3      0.0726900      0.0726713
      91.4      0.0730816      0.0730598
      91.5      0.0735707      0.0735454
      91.6      0.0741563      0.0741274
      91.7      0.0748378      0.0748049
      91.8      0.0756140      0.0755767
      91.9      0.0764839      0.0764419
      92.0      0.0774463      0.0773991
      92.1      0.0784997      0.0784470
      92.2      0.0796430      0.0795843
      92.3      0.0808744      0.0808093
      92.4      0.0821925      0.0821204
      92.5      0.0835956      0.0835160
      92.6      0.0850817      0.0849941
      92.7      0.0866491      0.0865530
      92.8      0.0882959      0.0881905
      92.9      0.0900198      0.0899045
      93.0      0.0918189      0.0916930
      93.1      0.0936908      0.0935537
      93.2      0.0956332      0.0954841
      93.3      0.0976439      0.0974819
      93.4      0.0997202      0.0995447
      93.5      0.1018598      0.1016698
      93.6      0.1040599      0.1038546
      93.7      0.1063180      0.1060964
      93.8      0.1086314      0.1083925
      93.9      0.1109971      0.1107401
      94.0      0.1134124      0.1131362
      94.1      0.1158745      0.1155779
      94.2      0.1183802      0.1180623
      94.3      0.1209268      0.1205864
      94.4      0.1235110      0.1231470
      94.5      0.1261299      0.1257411
      94.6      0.1287803      0.1283655
      94.7      0.1314591      0.1310171
      94.8      0.1341631      0.1336926
      94.9      0.1368891      0.1363888
      95.0      0.1396339      0.1391026
      95.1      0.1423942      0.1418305
      95.2      0.1451668      0.1445693
      95.3      0.1479483      0.1473158
      95.4      0.1507356      0.1500666
      95.5      0.1535252      0.1528184
      95.6      0.1563140      0.1555680
      95.7      0.1590987      0.1583120
      95.8      0.1618759      0.1610472
      95.9      0.1646423      0.1637702
      96.0      0.1673948      0.1664778
      96.1      0.1701301      0.1691668
      96.2      0.1728450      0.1718340
      96.3      0.1755362      0.1744761
      96.4      0.1782006      0.1770900
      96.5      0.1808351      0.1796726
      96.6      0.1834365      0.1822208
      96.7      0.1860018      0.1847315
      96.8      0.1885279      0.1872017
      96.9      0.1910120      0.1896285
      97.0      0.1934509      0.1920090
      97.1      0.1958420      0.1943402
      97.2      0.1981822      0.1966195
      97.3      0.2004690      0.1988441
      97.4      0.2026995      0.2010112
      97.5      0.2048711      0.2031184
      97.6      0.2069812      0.2051630
      97.7      0.2090273      0.2071426
      97.8      0.2110071      0.2090548
      97.9      0.2129180      0.2108973
      98.0      0.2147579      0.2126679
      98.1      0.2165245      0.2143644
      98.2      0.2182157      0.2159847
      98.3      0.2198295      0.2175269
      98.4      0.2213639      0.2189892
      98.5      0.2228170      0.2203696
      98.6      0.2241871      0.2216664
      98.7      0.2254725      0.2228782
      98.8      0.2266717      0.2240034
      98.9      0.2277830      0.2250405
      99.0      0.2288052      0.2259882
      99.1      0.2297370      0.2268455
      99.2      0.2305771      0.2276110
      99.3      0.2313245      0.2282839
      99.4      0.2319782      0.2288633
      99.5      0.2325374      0.2293483
      99.6      0.2330012      0.2297382
      99.7      0.2333690      0.2300326
      99.8      0.2336402      0.2302309
      99.9      0.2338145      0.2303328
     100.0      0.2338914      0.2303381
     100.1      0.2338708      0.2302465
     100.2      0.2337524      0.2300581
     100.3      0.2335364      0.2297730
     100.4      0.2332228      0.2293913
     100.5      0.2328118      0.2289134
     100.6      0.2323038      0.2283396
     100.7      0.2316991      0.2276705
     100.8      0.2309983      0.2269067
     100.9      0.2302021      0.2260490
     101.0      0.2293112      0.2250981
     101.1      0.2283265      0.2240551
     101.2      0.2272488      0.2229209
     101.3      0.2260794      0.2216968
     101.4      0.2248193      0.2203839
     101.5      0.2234699      0.2189837
     101.6      0.2220325      0.2174976
     101.7      0.2205086      0.2159271
     101.8      0.2188998      0.2142738
     101.9      0.2172077      0.2125396
     102.0      0.2154340      0.2107263
     102.1      0.2135807      0.2088357
     102.2      0.2116498      0.2068698
     102.3      0.2096431      0.2048309
     102.4      0.2075629      0.2027209
     102.5      0.2054113      0.2005422
     102.6      0.2031906      0.1982971
     102.7      0.2009032      0.1959880
     102.8      0.1985515      0.1936174
     102.9      0.1961380      0.1911877
     103.0      0.1936654      0.1887017
     103.1      0.1911362      0.1861620
     103.2      0.1885531      0.1835713
     103.3      0.1859190      0.1809325
     103.4      0.1832367      0.1782482
     103.5      0.1805090      0.1755215
     103.6      0.1777389      0.1727552
     103.7      0.1749294      0.1699525
     103.8      0.1720835      0.1671161
     103.9      0.1692042      0.1642493
     104.0      0.1662949      0.1613552
     104.1      0.1633584      0.1584368
     104.2      0.1603981      0.1554972
     104.3      0.1574172      0.1525397
     104.4      0.1544189      0.1495675
     104.5      0.1514064      0.1465838
     104.6      0.1483831      0.1435917
     104.7      0.1453521      0.1405944
     104.8      0.1423170      0.1375954
     104.9      0.1392808      0.1345976
     105.0      0.1362470      0.1316045
     105.1      0.1332189      0.1286192
     105.2      0.1301997      0.1256448
     105.3      0.1271928      0.1226847
     105.4      0.1242014      0.1197420
     105.5      0.1212289      0.1168199
     105.6      0.1182785      0.1139214
     105.7      0.1153534      0.1110497
     105.8      0.1124568      0.1082079
     105.9      0.1095919      0.1053990
     106.0      0.1067619      0.1026261
     106.1      0.1039698      0.0998920
     106.2      0.1012187      0.0971997
     106.3      0.0985117      0.0945520
     106.4      0.0958517      0.0919519
     106.5      0.0932416      0.0894019
     106.6      0.0906844      0.0869049
     106.7      0.0881828      0.0844635
     106.8      0.0857397      0.0820803
     106.9      0.0833576      0.0797577
     107.0      0.0810392      0.0774982
     107.1      0.0787871      0.0753042
     107.2      0.0766038      0.0731779
     107.3      0.0744917      0.0711217
     107.4      0.0724530      0.0691376
     107.5      0.0704902      0.0672277
     107.6      0.0686053      0.0653939
     107.7      0.0668004      0.0636381
     107.8      0.0650775      0.0619622
     107.9      0.0634386      0.0603678
     108.0      0.0618854      0.0588565
     108.1      0.0604198      0.0574299
     108.2      0.0590432      0.0560894
     108.3      0.0577573      0.0548362
     108.4      0.0565634      0.0536717
     108.5      0.0554629      0.0525968
     108.6      0.0544571      0.0516127
     108.7      0.0535470      0.0507203
     108.8      0.0527337      0.0499203
     108.9      0.0520181      0.0492135
     109.0      0.0514009      0.0486005
     109.1      0.0508829      0.0480817
     109.2      0.0504646      0.0476576
     109.3      0.0501465      0.0473284
     109.4      0.0499291      0.0470942
     109.5      0.0498124      0.0469552
     109.6      0.0497967      0.0469114
     109.7      0.0498820      0.0469624
     109.8      0.0500682      0.0471082
     109.9      0.0503550      0.0473483
     110.0      0.0507423      0.0476822
     110.1      0.0512295      0.0481093
     110.2      0.0518161      0.0486290
     110.3      0.0525015      0.0492405
     110.4      0.0532848      0.0499429
     110.5      0.0541653      0.0507351
     110.6      0.0551419      0.0516161
     110.7      0.0562136      0.0525847
     110.8      0.0573792      0.0536395
     110.9      0.0586373      0.0547792
     111.0      0.0599865      0.0560022
     111.1      0.0614254      0.0573071
     111.2      0.0629524      0.0586920
     111.3      0.0645656      0.0601552
     111.4      0.0662633      0.0616949
     111.5      0.0680437      0.0633091
     111.6      0.0699047      0.0649957
     111.7      0.0718441      0.0667527
     111.8      0.0738599      0.0685779
     111.9      0.0759497      0.0704689
     112.0      0.0781113      0.0724235
     112.1      0.0803420      0.0744392
     112.2      0.0826396      0.0765136
     112.3      0.0850012      0.0786440
     112.4      0.0874244      0.0808279
     112.5      0.0899063      0.0830625
     112.6      0.0924440      0.0853453
     112.7      0.0950349      0.0876733
     112.8      0.0976758      0.0900437
     112.9      0.1003638      0.0924537
     113.0      0.1030959      0.0949002
     113.1      0.1058688      0.0973804
     113.2      0.1086796      0.0998913
     113.3      0.1115249      0.1024297
     113.4      0.1144016      0.1049926
     113.5      0.1173062      0.1075769
     113.6      0.1202356      0.1101794
     113.7      0.1231863      0.1127971
     113.8      0.1261550      0.1154268
     113.9      0.1291383      0.1180652
     114.0      0.1321327      0.1207092
     114.1      0.1351347      0.1233556
     114.2      0.1381410      0.1260012
     114.3      0.1411481      0.1286428
     114.4      0.1441524      0.1312772
     114.5      0.1471505      0.1339013
     114.6      0.1501390      0.1365118
     114.7      0.1531143      0.1391056
     114.8      0.1560731      0.1416796
     114.9      0.1590117      0.1442307
     115.0      0.1619270      0.1467557
     115.1      0.1648153      0.1492516
     115.2      0.1676734      0.1517154
     115.3      0.1704979      0.1541441
     115.4      0.1732854      0.1565348
     115.5      0.1760327      0.1588846
     115.6      0.1787366      0.1611905
     115.7      0.1813938      0.1634498
     115.8      0.1840012      0.1656597
     115.9      0.1865557      0.1678176
     116.0      0.1890542      0.1699208
     116.1      0.1914937      0.1719666
     116.2      0.1938714      0.1739527
     116.3      0.1961843      0.1758765
     116.4      0.1984296      0.1777358
     116.5      0.2006047      0.1795281
     116.6      0.2027069      0.1812512
     116.7      0.2047335      0.1829031
     116.8      0.2066822      0.1844816
     116.9      0.2085504      0.1859847
     117.0      0.2103359      0.1874107
     117.1      0.2120364      0.1887575
     117.2      0.2136498      0.1900236
     117.3      0.2151740      0.1912074
     117.4      0.2166071      0.1923071
     117.5      0.2179472      0.1933215
     117.6      0.2191925      0.1942492
     117.7      0.2203415      0.1950889
     117.8      0.2213924      0.1958395
     117.9      0.2223440      0.1965000
     118.0      0.2231948      0.1970693
     118.1      0.2239437      0.1975467
     118.2      0.2245895      0.1979315
     118.3      0.2251312      0.1982229
     118.4      0.2255679      0.1984205
     118.5      0.2258989      0.1985238
     118.6      0.2261235      0.1985326
     118.7      0.2262411      0.1984465
     118.8      0.2262515      0.1982657
     118.9      0.2261541      0.1979899
     119.0      0.2259489      0.1976194
     119.1      0.2256359      0.1971544
     119.2      0.2252150      0.1965951
     119.3      0.2246865      0.1959422
     119.4      0.2240506      0.1951959
     119.5      0.2233077      0.1943572
     119.6      0.2224585      0.1934266
     119.7      0.2215036      0.1924050
     119.8      0.2204437      0.1912934
     119.9      0.2192798      0.1900929
     120.0      0.2180128      0.1888046
     120.1      0.2166440      0.1874298
     120.2      0.2151745      0.1859699
     120.3      0.2136057      0.1844262
     120.4      0.2119391      0.1828003
     120.5      0.2101762      0.1810940
     120.6      0.2083189      0.1793088
     120.7      0.2063689      0.1774468
     120.8      0.2043281      0.1755096
     120.9      0.2021985      0.1734994
     121.0      0.1999822      0.1714182
     121.1      0.1976816      0.1692682
     121.2      0.1952988      0.1670516
     121.3      0.1928364      0.1647708
     121.4      0.1902968      0.1624280
     121.5      0.1876827      0.1600258
     121.6      0.1849967      0.1575667
     121.7      0.1822417      0.1550533
     121.8      0.1794204      0.1524881
     121.9      0.1765359      0.1498740
     122.0      0.1735911      0.1472136
     122.1      0.1705892      0.1445099
     122.2      0.1675333      0.1417656
     122.3      0.1644267      0.1389836
     122.4      0.1612726      0.1361670
     122.5      0.1580744      0.1333186
     122.6      0.1548356      0.1304416
     122.7      0.1515595      0.1275390
     122.8      0.1482497      0.1246138
     122.9      0.1449098      0.1216692
     123.0      0.1415434      0.1187083
     123.1      0.1381541      0.1157343
     123.2      0.1347455      0.1127503
     123.3      0.1313215      0.1097595
     123.4      0.1278857      0.1067651
     123.5      0.1244419      0.1037703
     123.6      0.1209938      0.1007783
     123.7      0.1175452      0.0977923
     123.8      0.1141000      0.0948154
     123.9      0.1106620      0.0918508
     124.0      0.1072348      0.0889017
     124.1      0.1038225      0.0859713
     124.2      0.1004286      0.0830625
     124.3      0.0970570      0.0801787
     124.4      0.0937116      0.0773227
     124.5      0.0903959      0.0744976
     124.6      0.0871138      0.0717065
     124.7      0.0838689      0.0689523
     124.8      0.0806649      0.0662380
     124.9      0.0775055      0.0635663
     125.0      0.0743942      0.0609401
     125.1      0.0713345      0.0583623
     125.2      0.0683300      0.0558355
     125.3      0.0653840      0.0533624
     125.4      0.0625001      0.0509455
     125.5      0.0596814      0.0485876
     125.6      0.0569313      0.0462909
     125.7      0.0542530      0.0440579
     125.8      0.0516495      0.0418910
     125.9      0.0491239      0.0397924
     126.0      0.0466793      0.0377643
     126.1      0.0443184      0.0358088
     126.2      0.0420441      0.0339279
     126.3      0.0398591      0.0321236
     126.4      0.0377660      0.0303976
     126.5      0.0357674      0.0287519
     126.6      0.0338656      0.0271879
     126.7      0.0320631      0.0257074
     126.8      0.0303619      0.0243117
     126.9      0.0287643      0.0230024
     127.0      0.0272723      0.0217806
     127.1      0.0258876      0.0206476
     127.2      0.0246123      0.0196044
     127.3      0.0234478      0.0186521
     127.4      0.0223958      0.0177915
     127.5      0.0214576      0.0170235
     127.6      0.0206347      0.0163486
     127.7      0.0199281      0.0157676
     127.8      0.0193389      0.0152808
     127.9      0.0188681      0.0148885
     128.0      0.0185165      0.0145912
     128.1      0.0182847      0.0143888
     128.2      0.0181732      0.0142816
     128.3      0.0181826      0.0142693
     128.4      0.0183130      0.0143518
     128.5      0.0185646      0.0145288
     128.6      0.0189374      0.0148000
     128.7      0.0194313      0.0151648
     128.8      0.0200461      0.0156227
     128.9      0.0207813      0.0161729
     129.0      0.0216364      0.0168146
     129.1      0.0226108      0.0175470
     129.2      0.0237036      0.0183690
     129.3      0.0249140      0.0192794
     129.4      0.0262408      0.0202771
     129.5      0.0276829      0.0213608
     129.6      0.0292390      0.0225290
     129.7      0.0309076      0.0237803
     129.8      0.0326871      0.0251129
     129.9      0.0345758      0.0265253
     130.0      0.0365719      0.0280157
     130.1      0.0386734      0.0295821
     130.2      0.0408782      0.0312226
     130.3      0.0431842      0.0329352
     130.4      0.0455890      0.0347178
     130.5      0.0480902      0.0365681
     130.6      0.0506852      0.0384838
     130.7      0.0533713      0.0404626
     130.8      0.0561459      0.0425022
     130.9      0.0590059      0.0445998
     131.0      0.0619485      0.0467532
     131.1      0.0649706      0.0489595
     131.2      0.0680689      0.0512161
     131.3      0.0712402      0.0535202
     131.4      0.0744812      0.0558691
     131.5      0.0777883      0.0582600
     131.6      0.0811581      0.0606899
     131.7      0.0845869      0.0631558
     131.8      0.0880711      0.0656549
     131.9      0.0916068      0.0681840
     132.0      0.0951903      0.0707402
     132.1      0.0988176      0.0733203
     132.2      0.1024848      0.0759212
     132.3      0.1061879      0.0785399
     132.4      0.1099228      0.0811731
     132.5      0.1136853      0.0838176
     132.6      0.1174714      0.0864704
     132.7      0.1212768      0.0891281
     132.8      0.1250973      0.0917876
     132.9      0.1289286      0.0944457
     133.0      0.1327664      0.0970992
     133.1      0.1366065      0.0997449
     133.2      0.1404444      0.1023796
     133.3      0.1442759      0.1050001
     133.4      0.1480966      0.1076032
     133.5      0.1519021      0.1101859
     133.6      0.1556881      0.1127449
     133.7      0.1594503      0.1152773
     133.8      0.1631842      0.1177799
     133.9      0.1668857      0.1202497
     134.0      0.1705504      0.1226837
     134.1      0.1741741      0.1250790
     134.2      0.1777525      0.1274326
     134.3      0.1812814      0.1297418
     134.4      0.1847566      0.1320036
     134.5      0.1881741      0.1342153
     134.6      0.1915298      0.1363742
     134.7      0.1948197      0.1384777
     134.8      0.1980397      0.1405232
     134.9      0.2011861      0.1425082
     135.0      0.2042550      0.1444301
     135.1      0.2072427      0.1462868
     135.2      0.2101455      0.1480757
     135.3      0.2129598      0.1497948
     135.4      0.2156821      0.1514418
     135.5      0.2183090      0.1530148
     135.6      0.2208371      0.1545116
     135.7      0.2232633      0.1559305
     135.8      0.2255844      0.1572696
     135.9      0.2277975      0.1585272
     136.0      0.2298995      0.1597016
     136.1      0.2318877      0.1607914
     136.2      0.2337595      0.1617950
     136.3      0.2355122      0.1627113
     136.4      0.2371435      0.1635388
     136.5      0.2386510      0.1642765
     136.6      0.2400325      0.1649233
     136.7      0.2412860      0.1654784
     136.8      0.2424096      0.1659408
     136.9      0.2434014      0.1663098
     137.0      0.2442599      0.1665849
     137.1      0.2449836      0.1667654
     137.2      0.2455710      0.1668511
     137.3      0.2460211      0.1668416
     137.4      0.2463326      0.1667366
     137.5      0.2465048      0.1665362
     137.6      0.2465369      0.1662404
     137.7      0.2464282      0.1658492
     137.8      0.2461782      0.1653630
     137.9      0.2457868      0.1647820
     138.0      0.2452538      0.1641068
     138.1      0.2445792      0.1633379
     138.2      0.2437631      0.1624760
     138.3      0.2428058      0.1615218
     138.4      0.2417080      0.1604763
     138.5      0.2404702      0.1593404
     138.6      0.2390932      0.1581152
     138.7      0.2375781      0.1568019
     138.8      0.2359258      0.1554019
     138.9      0.2341378      0.1539164
     139.0      0.2322154      0.1523470
     139.1      0.2301603      0.1506953
     139.2      0.2279741      0.1489630
     139.3      0.2256589      0.1471518
     139.4      0.2232166      0.1452636
     139.5      0.2206495      0.1433004
     139.6      0.2179598      0.1412641
     139.7      0.2151502      0.1391570
     139.8      0.2122233      0.1369811
     139.9      0.2091818      0.1347389
     140.0      0.2060286      0.1324327
     140.1      0.2027670      0.1300648
     140.2      0.1994000      0.1276378
     140.3      0.1959309      0.1251544
     140.4      0.1923634      0.1226170
     140.5      0.1887008      0.1200285
     140.6      0.1849471      0.1173916
     140.7      0.1811059      0.1147090
     140.8      0.1771813      0.1119838
     140.9      0.1731773      0.1092187
     141.0      0.1690980      0.1064168
     141.1      0.1649478      0.1035811
     141.2      0.1607310      0.1007147
     141.3      0.1564522      0.0978206
     141.4      0.1521157      0.0949019
     141.5      0.1477264      0.0919619
     141.6      0.1432889      0.0890036
     141.7      0.1388081      0.0860304
     141.8      0.1342888      0.0830453
     141.9      0.1297360      0.0800517
     142.0      0.1251546      0.0770529
     142.1      0.1205499      0.0740520
     142.2      0.1159268      0.0710523
     142.3      0.1112905      0.0680572
     142.4      0.1066464      0.0650698
     142.5      0.1019996      0.0620934
     142.6      0.0973553      0.0591313
     142.7      0.0927190      0.0561867
     142.8      0.0880960      0.0532627
     142.9      0.0834915      0.0503627
     143.0      0.0789110      0.0474898
     143.1      0.0743597      0.0446471
     143.2      0.0698432      0.0418377
     143.3      0.0653666      0.0390647
     143.4      0.0609353      0.0363312
     143.5      0.0565547      0.0336400
     143.6      0.0522300      0.0309943
     143.7      0.0479665      0.0283968
     143.8      0.0437694      0.0258505
     143.9      0.0396439      0.0233581
     144.0      0.0355951      0.0209223
     144.1      0.0316281      0.0185458
     144.2      0.0277479      0.0162313
     144.3      0.0239594      0.0139813
     144.4      0.0202675      0.0117982
     144.5      0.0166771      0.0096844
     144.6      0.0131928      0.0076423
     144.7      0.0098193      0.0056741
     144.8      0.0065611      0.0037820
     144.9      0.0034226      0.0019680
     145.0      0.0004082      0.0002341
     145.1     -0.0024779     -0.0014177
     145.2     -0.0052315     -0.0029857
     145.3     -0.0078487     -0.0044681
     145.4     -0.0103257     -0.0058634
     145.5     -0.0126586     -0.0071699
     145.6     -0.0148438     -0.0083863
     145.7     -0.0168780     -0.0095112
     145.8     -0.0187577     -0.0105434
     145.9     -0.0204798     -0.0114818
     146.0     -0.0220412     -0.0123253
     146.1     -0.0234391     -0.0130730
     146.2     -0.0246707     -0.0137242
     146.3     -0.0257336     -0.0142781
     146.4     -0.0266252     -0.0147342
     146.5     -0.0273434     -0.0150918
     146.6     -0.0278861     -0.0153508
     146.7     -0.0282515     -0.0155107
     146.8     -0.0284378     -0.0155715
     146.9     -0.0284436     -0.0155331
     147.0     -0.0282675     -0.0153956
     147.1     -0.0279083     -0.0151591
     147.2     -0.0273652     -0.0148240
     147.3     -0.0266374     -0.0143906
     147.4     -0.0257242     -0.0138594
     147.5     -0.0246253     -0.0132312
     147.6     -0.0233405     -0.0125065
     147.7     -0.0218699     -0.0116862
     147.8     -0.0202137     -0.0107714
     147.9     -0.0183722     -0.0097629
     148.0     -0.0163461     -0.0086621
     148.1     -0.0141362     -0.0074701
     148.2     -0.0117435     -0.0061883
     148.3     -0.0091692     -0.0048182
     148.4     -0.0064148     -0.0033613
     148.5     -0.0034819     -0.0018193
     148.6     -0.0003722     -0.0001939
     148.7      0.0029121      0.0015129
     148.8      0.0063690      0.0032993
     148.9      0.0099959      0.0051632
     149.0      0.0137903      0.0071025
     149.1      0.0177493      0.0091150
     149.2      0.0218700      0.0111984
     149.3      0.0261492      0.0133503
     149.4      0.0305836      0.0155683
     149.5      0.0351694      0.0178498
     149.6      0.0399031      0.0201923
     149.7      0.0447807      0.0225931
     149.8      0.0497981      0.0250494
     149.9      0.0549510      0.0275585
     150.0      0.0602350      0.0301175
     150.1      0.0656454      0.0327234
     150.2      0.0711775      0.0353734
     150.3      0.0768264      0.0380643
     150.4      0.0825869      0.0407931
     150.5      0.0884539      0.0435568
     150.6      0.0944219      0.0463521
     150.7      0.1004854      0.0491758
     150.8      0.1066387      0.0520247
     150.9      0.1128761      0.0548957
     151.0      0.1191916      0.0577853
     151.1      0.1255792      0.0606902
     151.2      0.1320327      0.0636073
     151.3      0.1385459      0.0665330
     151.4      0.1451123      0.0694641
     151.5      0.1517254      0.0723971
     151.6      0.1583788      0.0753288
     151.7      0.1650658      0.0782558
     151.8      0.1717796      0.0811746
     151.9      0.1785135      0.0840820
     152.0      0.1852605      0.0869745
     152.1      0.1920137      0.0898489
     152.2      0.1987661      0.0927019
     152.3      0.2055108      0.0955301
     152.4      0.2122406      0.0983302
     152.5      0.2189484      0.1010991
     152.6      0.2256272      0.1038336
     152.7      0.2322696      0.1065304
     152.8      0.2388687      0.1091864
     152.9      0.2454172      0.1117985
     153.0      0.2519079      0.1143638
     153.1      0.2583338      0.1168792
     153.2      0.2646877      0.1193417
     153.3      0.2709625      0.1217486
     153.4      0.2771510      0.1240969
     153.5      0.2832464      0.1263839
     153.6      0.2892416      0.1286070
     153.7      0.2951297      0.1307635
     153.8      0.3009038      0.1328508
     153.9      0.3065571      0.1348665
     154.0      0.3120830      0.1368082
     154.1      0.3174747      0.1386735
     154.2      0.3227259      0.1404603
     154.3      0.3278299      0.1421664
     154.4      0.3327806      0.1437898
     154.5      0.3375717      0.1453284
     154.6      0.3421971      0.1467804
     154.7      0.3466509      0.1481440
     154.8      0.3509272      0.1494176
     154.9      0.3550204      0.1505995
     155.0      0.3589250      0.1516882
     155.1      0.3626355      0.1526825
     155.2      0.3661468      0.1535810
     155.3      0.3694538      0.1543826
     155.4      0.3725516      0.1550861
     155.5      0.3754357      0.1556907
     155.6      0.3781015      0.1561954
     155.7      0.3805447      0.1565996
     155.8      0.3827612      0.1569026
     155.9      0.3847471      0.1571040
     156.0      0.3864989      0.1572032
     156.1      0.3880129      0.1572001
     156.2      0.3892860      0.1570945
     156.3      0.3903151      0.1568863
     156.4      0.3910975      0.1565755
     156.5      0.3916307      0.1561624
     156.6      0.3919123      0.1556472
     156.7      0.3919404      0.1550302
     156.8      0.3917130      0.1543122
     156.9      0.3912286      0.1534935
     157.0      0.3904861      0.1525751
     157.1      0.3894842      0.1515576
     157.2      0.3882223      0.1504422
     157.3      0.3866998      0.1492298
     157.4      0.3849165      0.1479216
     157.5      0.3828725      0.1465190
     157.6      0.3805681      0.1450232
     157.7      0.3780038      0.1434359
     157.8      0.3751805      0.1417585
     157.9      0.3720993      0.1399928
     158.0      0.3687617      0.1381406
     158.1      0.3651694      0.1362037
     158.2      0.3613243      0.1341842
     158.3      0.3572288      0.1320842
     158.4      0.3528853      0.1299057
     158.5      0.3482967      0.1276512
     158.6      0.3434661      0.1253228
     158.7      0.3383970      0.1229231
     158.8      0.3330929      0.1204546
     158.9      0.3275578      0.1179198
     159.0      0.3217960      0.1153214
     159.1      0.3158119      0.1126621
     159.2      0.3096104      0.1099448
     159.3      0.3031964      0.1071723
     159.4      0.2965754      0.1043476
     159.5      0.2897529      0.1014736
     159.6      0.2827347      0.0985534
     159.7      0.2755270      0.0955901
     159.8      0.2681361      0.0925869
     159.9      0.2605687      0.0895470
     160.0      0.2528316      0.0864735
     160.1      0.2449320      0.0833698
     160.2      0.2368771      0.0802393
     160.3      0.2286747      0.0770851
     160.4      0.2203324      0.0739109
     160.5      0.2118584      0.0707198
     160.6      0.2032610      0.0675154
     160.7      0.1945485      0.0643011
     160.8      0.1857298      0.0610803
     160.9      0.1768137      0.0578566
     161.0      0.1678092      0.0546333
     161.1      0.1587257      0.0514140
     161.2      0.1495727      0.0482021
     161.3      0.1403597      0.0450011
     161.4      0.1310965      0.0418145
     161.5      0.1217932      0.0386455
     161.6      0.1124598      0.0354978
     161.7      0.1031066      0.0323747
     161.8      0.0937441      0.0292795
     161.9      0.0843826      0.0262157
     162.0      0.0750329      0.0231865
     162.1      0.0657058      0.0201951
     162.2      0.0564121      0.0172449
     162.3      0.0471627      0.0143390
     162.4      0.0379688      0.0114806
     162.5      0.0288413      0.0086728
     162.6      0.0197916      0.0059185
     162.7      0.0108309      0.0032208
     162.8      0.0019704      0.0005827
     162.9     -0.0067785     -0.0019932
     163.0     -0.0154044     -0.0045038
     163.1     -0.0238960     -0.0069466
     163.2     -0.0322418     -0.0093189
     163.3     -0.0404305     -0.0116181
     163.4     -0.0484506     -0.0138418
     163.5     -0.0562908     -0.0159875
     163.6     -0.0639398     -0.0180528
     163.7     -0.0713862     -0.0200357
     163.8     -0.0786187     -0.0219339
     163.9     -0.0856263     -0.0237454
     164.0     -0.0923977     -0.0254683
     164.1     -0.0989220     -0.0271006
     164.2     -0.1051881     -0.0286406
     164.3     -0.1111852     -0.0300868
     164.4     -0.1169025     -0.0314374
     164.5     -0.1223294     -0.0326911
     164.6     -0.1274555     -0.0338466
     164.7     -0.1322702     -0.0349026
     164.8     -0.1367635     -0.0358579
     164.9     -0.1409252     -0.0367117
     165.0     -0.1447455     -0.0374629
     165.1     -0.1482146     -0.0381108
     165.2     -0.1513231     -0.0386548
     165.3     -0.1540614     -0.0390943
     165.4     -0.1564207     -0.0394289
     165.5     -0.1583918     -0.0396581
     165.6     -0.1599662     -0.0397820
     165.7     -0.1611354     -0.0398003
     165.8     -0.1618910     -0.0397131
     165.9     -0.1622253     -0.0395205
     166.0     -0.1621304     -0.0392229
     166.1     -0.1615989     -0.0388206
     166.2     -0.1606236     -0.0383141
     166.3     -0.1591976     -0.0377041
     166.4     -0.1573143     -0.0369912
     166.5     -0.1549674     -0.0361764
     166.6     -0.1521509     -0.0352607
     166.7     -0.1488591     -0.0342450
     166.8     -0.1450866     -0.0331306
     166.9     -0.1408283     -0.0319189
     167.0     -0.1360795     -0.0306112
     167.1     -0.1308357     -0.0292091
     167.2     -0.1250931     -0.0277142
     167.3     -0.1188477     -0.0261282
     167.4     -0.1120964     -0.0244531
     167.5     -0.1048359     -0.0226907
     167.6     -0.0970639     -0.0208430
     167.7     -0.0887779     -0.0189124
     167.8     -0.0799760     -0.0169009
     167.9     -0.0706567     -0.0148110
     168.0     -0.0608190     -0.0126450
     168.1     -0.0504619     -0.0104055
     168.2     -0.0395851     -0.0080950
     168.3     -0.0281886     -0.0057163
     168.4     -0.0162729     -0.0032721
     168.5     -0.0038386     -0.0007653
     168.6      0.0091131      0.0018013
     168.7      0.0225805      0.0044246
     168.8      0.0365618      0.0071016
     168.9      0.0510545      0.0098291
     169.0      0.0660560      0.0126041
     169.1      0.0815631      0.0154232
     169.2      0.0975721      0.0182832
     169.3      0.1140793      0.0211807
     169.4      0.1310802      0.0241124
     169.5      0.1485701      0.0270747
     169.6      0.1665438      0.0300644
     169.7      0.1849960      0.0330777
     169.8      0.2039206      0.0361112
     169.9      0.2233115      0.0391614
     170.0      0.2431618      0.0422246
     170.1      0.2634645      0.0452972
     170.2      0.2842123      0.0483756
     170.3      0.3053973      0.0514562
     170.4      0.3270113      0.0545353
     170.5      0.3490458      0.0576092
     170.6      0.3714919      0.0606743
     170.7      0.3943403      0.0637269
     170.8      0.4175814      0.0667634
     170.9      0.4412053      0.0697802
     171.0      0.4652017      0.0727736
     171.1      0.4895600      0.0757400
     171.2      0.5142691      0.0786759
     171.3      0.5393179      0.0815777
     171.4      0.5646947      0.0844418
     171.5      0.5903877      0.0872649
     171.6      0.6163847      0.0900433
     171.7      0.6426731      0.0927739
     171.8      0.6692403      0.0954530
     171.9      0.6960732      0.0980776
     172.0      0.7231585      0.1006442
     172.1      0.7504826      0.1031497
     172.2      0.7780318      0.1055910
     172.3      0.8057919      0.1079650
     172.4      0.8337488      0.1102686
     172.5      0.8618879      0.1124990
     172.6      0.8901946      0.1146531
     172.7      0.9186539      0.1167284
     172.8      0.9472507      0.1187220
     172.9      0.9759698      0.1206313
     173.0      1.0047958      0.1224538
     173.1      1.0337130      0.1241870
     173.2      1.0627057      0.1258286
     173.3      1.0917581      0.1273762
     173.4      1.1208541      0.1288278
     173.5      1.1499776      0.1301812
     173.6      1.1791125      0.1314344
     173.7      1.2082423      0.1325856
     173.8      1.2373508      0.1336331
     173.9      1.2664215      0.1345751
     174.0      1.2954378      0.1354101
     174.1      1.3243833      0.1361367
     174.2      1.3532414      0.1367536
     174.3      1.3819954      0.1372594
     174.4      1.4106288      0.1376532
     174.5      1.4391249      0.1379340
     174.6      1.4674672      0.1381009
     174.7      1.4956392      0.1381531
     174.8      1.5236243      0.1380900
     174.9      1.5514061      0.1379112
     175.0      1.5789681      0.1376161
     175.1      1.6062942      0.1372047
     175.2      1.6333680      0.1366767
     175.3      1.6601734      0.1360321
     175.4      1.6866945      0.1352711
     175.5      1.7129154      0.1343938
     175.6      1.7388203      0.1334006
     175.7      1.7643936      0.1322920
     175.8      1.7896199      0.1310685
     175.9      1.8144840      0.1297310
     176.0      1.8389708      0.1282801
     176.1      1.8630653      0.1267169
     176.2      1.8867530      0.1250425
     176.3      1.9100193      0.1232580
     176.4      1.9328501      0.1213647
     176.5      1.9552314      0.1193640
     176.6      1.9771494      0.1172576
     176.7      1.9985906      0.1150469
     176.8      2.0195419      0.1127339
     176.9      2.0399903      0.1103203
     177.0      2.0599232      0.1078081
     177.1      2.0793282      0.1051993
     177.2      2.0981934      0.1024963
     177.3      2.1165070      0.0997011
     177.4      2.1342575      0.0968163
     177.5      2.1514341      0.0938442
     177.6      2.1680259      0.0907875
     177.7      2.1840227      0.0876487
     177.8      2.1994144      0.0844307
     177.9      2.2141913      0.0811362
     178.0      2.2283444      0.0777681
     178.1      2.2418646      0.0743294
     178.2      2.2547435      0.0708232
     178.3      2.2669730      0.0672526
     178.4      2.2785455      0.0636207
     178.5      2.2894536      0.0599309
     178.6      2.2996905      0.0561864
     178.7      2.3092498      0.0523907
     178.8      2.3181254      0.0485472
     178.9      2.3263117      0.0446592
     179.0      2.3338036      0.0407305
     179.1      2.3405964      0.0367645
     179.2      2.3466857      0.0327648
     179.3      2.3520676      0.0287352
     179.4      2.3567389      0.0246793
     179.5      2.3606966      0.0206007
     179.6      2.3639381      0.0165033
     179.7      2.3664614      0.0123907
     179.8      2.3682648      0.0082668
     179.9      2.3693474      0.0041353
     180.0      2.3697083      0.0000000
