 # List of d(q) for j, j' =           12          46
 #    0  1.00000000
 #    1  0.68991714
 #    2  0.42510207
 #    3  0.28464831
 #    4  0.21400285
 #    5  0.17164566
 #    6  0.15552384
 #    7  0.13203949
 #    8  0.10832034
 #    9  0.09169310
 #   10  0.08779359
 #   11  0.07923001
 #   12  0.07310506
 #   13  0.06397020
 #   14  0.06120139
 #   15  0.05384083
 #   16  0.05297786
 #   17  0.04508949
 #   18  0.04713280
 #   19  0.03706713
 #   20  0.04469401
 #   21  0.02963680
 #   22  0.04667272
 #   23  0.02947681
 #   24  0.04963073
       0.0     10.0234207      0.0000000
       0.1     10.0218553      0.0174914
       0.2     10.0171605      0.0349664
       0.3     10.0093404      0.0524085
       0.4      9.9984017      0.0698014
       0.5      9.9843540      0.0871288
       0.6      9.9672092      0.1043745
       0.7      9.9469823      0.1215223
       0.8      9.9236908      0.1385564
       0.9      9.8973547      0.1554609
       1.0      9.8679967      0.1722203
       1.1      9.8356422      0.1888192
       1.2      9.8003190      0.2052424
       1.3      9.7620575      0.2214751
       1.4      9.7208906      0.2375025
       1.5      9.6768535      0.2533105
       1.6      9.6299841      0.2688849
       1.7      9.5803223      0.2842122
       1.8      9.5279107      0.2992789
       1.9      9.4727939      0.3140722
       2.0      9.4150187      0.3285794
       2.1      9.3546344      0.3427885
       2.2      9.2916921      0.3566877
       2.3      9.2262450      0.3702658
       2.4      9.1583484      0.3835118
       2.5      9.0880595      0.3964156
       2.6      9.0154372      0.4089672
       2.7      8.9405424      0.4211572
       2.8      8.8634377      0.4329769
       2.9      8.7841873      0.4444179
       3.0      8.7028571      0.4554723
       3.1      8.6195142      0.4661331
       3.2      8.5342275      0.4763934
       3.3      8.4470672      0.4862472
       3.4      8.3581045      0.4956889
       3.5      8.2674122      0.5047134
       3.6      8.1750639      0.5133165
       3.7      8.0811345      0.5214943
       3.8      7.9856996      0.5292435
       3.9      7.8888358      0.5365615
       4.0      7.7906205      0.5434462
       4.1      7.6911318      0.5498963
       4.2      7.5904484      0.5559108
       4.3      7.4886496      0.5614894
       4.4      7.3858150      0.5666325
       4.5      7.2820246      0.5713411
       4.6      7.1773589      0.5756165
       4.7      7.0718982      0.5794608
       4.8      6.9657233      0.5828767
       4.9      6.8589146      0.5858674
       5.0      6.7515528      0.5884366
       5.1      6.6437182      0.5905887
       5.2      6.5354910      0.5923284
       5.3      6.4269510      0.5936612
       5.4      6.3181777      0.5945930
       5.5      6.2092498      0.5951302
       5.6      6.1002458      0.5952797
       5.7      5.9912434      0.5950488
       5.8      5.8823195      0.5944454
       5.9      5.7735503      0.5934779
       6.0      5.6650110      0.5921549
       6.1      5.5567759      0.5904856
       6.2      5.4489183      0.5884797
       6.3      5.3415103      0.5861470
       6.4      5.2346230      0.5834978
       6.5      5.1283260      0.5805430
       6.6      5.0226878      0.5772934
       6.7      4.9177754      0.5737605
       6.8      4.8136543      0.5699558
       6.9      4.7103888      0.5658912
       7.0      4.6080414      0.5615790
       7.1      4.5066728      0.5570314
       7.2      4.4063426      0.5522612
       7.3      4.3071081      0.5472810
       7.4      4.2090251      0.5421039
       7.5      4.1121476      0.5367430
       7.6      4.0165278      0.5312115
       7.7      3.9222157      0.5255227
       7.8      3.8292596      0.5196902
       7.9      3.7377059      0.5137273
       8.0      3.6475988      0.5076476
       8.1      3.5589805      0.5014647
       8.2      3.4718913      0.4951922
       8.3      3.3863691      0.4888434
       8.4      3.3024499      0.4824319
       8.5      3.2201676      0.4759711
       8.6      3.1395539      0.4694743
       8.7      3.0606381      0.4629546
       8.8      2.9834477      0.4564252
       8.9      2.9080078      0.4498990
       9.0      2.8343413      0.4433887
       9.1      2.7624690      0.4369068
       9.2      2.6924094      0.4304656
       9.3      2.6241789      0.4240773
       9.4      2.5577916      0.4177538
       9.5      2.4932595      0.4115065
       9.6      2.4305925      0.4053469
       9.7      2.3697981      0.3992858
       9.8      2.3108819      0.3933341
       9.9      2.2538474      0.3875019
      10.0      2.1986956      0.3817995
      10.1      2.1454260      0.3762363
      10.2      2.0940355      0.3708217
      10.3      2.0445194      0.3655646
      10.4      1.9968707      0.3604734
      10.5      1.9510806      0.3555562
      10.6      1.9071384      0.3508207
      10.7      1.8650314      0.3462741
      10.8      1.8247450      0.3419231
      10.9      1.7862629      0.3377742
      11.0      1.7495671      0.3338331
      11.1      1.7146377      0.3301054
      11.2      1.6814532      0.3265960
      11.3      1.6499905      0.3233093
      11.4      1.6202249      0.3202494
      11.5      1.5921302      0.3174197
      11.6      1.5656787      0.3148234
      11.7      1.5408412      0.3124630
      11.8      1.5175873      0.3103406
      11.9      1.4958852      0.3084578
      12.0      1.4757018      0.3068157
      12.1      1.4570030      0.3054149
      12.2      1.4397533      0.3042556
      12.3      1.4239163      0.3033374
      12.4      1.4094547      0.3026597
      12.5      1.3963301      0.3022211
      12.6      1.3845031      0.3020200
      12.7      1.3739339      0.3020542
      12.8      1.3645815      0.3023210
      12.9      1.3564045      0.3028175
      13.0      1.3493608      0.3035401
      13.1      1.3434076      0.3044851
      13.2      1.3385019      0.3056481
      13.3      1.3346000      0.3070244
      13.4      1.3316580      0.3086089
      13.5      1.3296317      0.3103963
      13.6      1.3284765      0.3123808
      13.7      1.3281478      0.3145561
      13.8      1.3286010      0.3169158
      13.9      1.3297911      0.3194531
      14.0      1.3316734      0.3221610
      14.1      1.3342033      0.3250319
      14.2      1.3373361      0.3280584
      14.3      1.3410275      0.3312325
      14.4      1.3452334      0.3345459
      14.5      1.3499101      0.3379905
      14.6      1.3550142      0.3415575
      14.7      1.3605026      0.3452383
      14.8      1.3663329      0.3490239
      14.9      1.3724632      0.3529053
      15.0      1.3788521      0.3568732
      15.1      1.3854589      0.3609183
      15.2      1.3922435      0.3650312
      15.3      1.3991667      0.3692024
      15.4      1.4061898      0.3734223
      15.5      1.4132753      0.3776814
      15.6      1.4203863      0.3819700
      15.7      1.4274869      0.3862786
      15.8      1.4345420      0.3905974
      15.9      1.4415177      0.3949171
      16.0      1.4483809      0.3992279
      16.1      1.4550998      0.4035205
      16.2      1.4616434      0.4077855
      16.3      1.4679820      0.4120137
      16.4      1.4740870      0.4161959
      16.5      1.4799309      0.4203231
      16.6      1.4854873      0.4243864
      16.7      1.4907312      0.4283773
      16.8      1.4956388      0.4322872
      16.9      1.5001873      0.4361078
      17.0      1.5043555      0.4398310
      17.1      1.5081231      0.4434490
      17.2      1.5114714      0.4469543
      17.3      1.5143828      0.4503394
      17.4      1.5168409      0.4535973
      17.5      1.5188309      0.4567212
      17.6      1.5203389      0.4597047
      17.7      1.5213528      0.4625415
      17.8      1.5218612      0.4652258
      17.9      1.5218545      0.4677520
      18.0      1.5213240      0.4701150
      18.1      1.5202626      0.4723098
      18.2      1.5186643      0.4743319
      18.3      1.5165243      0.4761772
      18.4      1.5138391      0.4778419
      18.5      1.5106065      0.4793225
      18.6      1.5068255      0.4806160
      18.7      1.5024961      0.4817198
      18.8      1.4976198      0.4826315
      18.9      1.4921989      0.4833492
      19.0      1.4862371      0.4838715
      19.1      1.4797390      0.4841971
      19.2      1.4727105      0.4843254
      19.3      1.4651584      0.4842559
      19.4      1.4570904      0.4839888
      19.5      1.4485155      0.4835244
      19.6      1.4394434      0.4828635
      19.7      1.4298848      0.4820074
      19.8      1.4198514      0.4809575
      19.9      1.4093556      0.4797158
      20.0      1.3984108      0.4782847
      20.1      1.3870309      0.4766666
      20.2      1.3752309      0.4748648
      20.3      1.3630262      0.4728824
      20.4      1.3504331      0.4707232
      20.5      1.3374684      0.4683913
      20.6      1.3241496      0.4658910
      20.7      1.3104946      0.4632269
      20.8      1.2965219      0.4604040
      20.9      1.2822505      0.4574275
      21.0      1.2676999      0.4543030
      21.1      1.2528897      0.4510363
      21.2      1.2378401      0.4476334
      21.3      1.2225716      0.4441006
      21.4      1.2071048      0.4404445
      21.5      1.1914607      0.4366718
      21.6      1.1756604      0.4327895
      21.7      1.1597251      0.4288046
      21.8      1.1436760      0.4247245
      21.9      1.1275347      0.4205567
      22.0      1.1113225      0.4163087
      22.1      1.0950608      0.4119884
      22.2      1.0787708      0.4076036
      22.3      1.0624739      0.4031623
      22.4      1.0461910      0.3986724
      22.5      1.0299430      0.3941421
      22.6      1.0137506      0.3895796
      22.7      0.9976343      0.3849931
      22.8      0.9816141      0.3803908
      22.9      0.9657098      0.3757808
      23.0      0.9499409      0.3711715
      23.1      0.9343265      0.3665710
      23.2      0.9188852      0.3619874
      23.3      0.9036352      0.3574288
      23.4      0.8885942      0.3529033
      23.5      0.8737795      0.3484187
      23.6      0.8592076      0.3439829
      23.7      0.8448948      0.3396036
      23.8      0.8308566      0.3352883
      23.9      0.8171078      0.3310444
      24.0      0.8036629      0.3268792
      24.1      0.7905355      0.3227997
      24.2      0.7777386      0.3188129
      24.3      0.7652844      0.3149255
      24.4      0.7531847      0.3111439
      24.5      0.7414502      0.3074744
      24.6      0.7300913      0.3039230
      24.7      0.7191173      0.3004954
      24.8      0.7085368      0.2971973
      24.9      0.6983579      0.2940337
      25.0      0.6885877      0.2910098
      25.1      0.6792326      0.2881301
      25.2      0.6702982      0.2853991
      25.3      0.6617893      0.2828209
      25.4      0.6537100      0.2803992
      25.5      0.6460635      0.2781375
      25.6      0.6388523      0.2760390
      25.7      0.6320781      0.2741064
      25.8      0.6257420      0.2723424
      25.9      0.6198439      0.2707489
      26.0      0.6143834      0.2693280
      26.1      0.6093590      0.2680809
      26.2      0.6047688      0.2670089
      26.3      0.6006097      0.2661128
      26.4      0.5968783      0.2653931
      26.5      0.5935702      0.2648497
      26.6      0.5906806      0.2644826
      26.7      0.5882037      0.2642911
      26.8      0.5861332      0.2642743
      26.9      0.5844622      0.2644310
      27.0      0.5831830      0.2647595
      27.1      0.5822874      0.2652580
      27.2      0.5817666      0.2659243
      27.3      0.5816112      0.2667557
      27.4      0.5818112      0.2677494
      27.5      0.5823563      0.2689022
      27.6      0.5832354      0.2702106
      27.7      0.5844371      0.2716709
      27.8      0.5859495      0.2732790
      27.9      0.5877602      0.2750305
      28.0      0.5898565      0.2769209
      28.1      0.5922254      0.2789452
      28.2      0.5948533      0.2810984
      28.3      0.5977264      0.2833750
      28.4      0.6008307      0.2857696
      28.5      0.6041518      0.2882763
      28.6      0.6076751      0.2908891
      28.7      0.6113858      0.2936018
      28.8      0.6152689      0.2964081
      28.9      0.6193093      0.2993013
      29.0      0.6234918      0.3022748
      29.1      0.6278009      0.3053218
      29.2      0.6322212      0.3084352
      29.3      0.6367372      0.3116080
      29.4      0.6413336      0.3148330
      29.5      0.6459947      0.3181030
      29.6      0.6507052      0.3214105
      29.7      0.6554497      0.3247482
      29.8      0.6602130      0.3281087
      29.9      0.6649799      0.3314843
      30.0      0.6697356      0.3348678
      30.1      0.6744651      0.3382515
      30.2      0.6791539      0.3416280
      30.3      0.6837877      0.3449898
      30.4      0.6883523      0.3483295
      30.5      0.6928339      0.3516398
      30.6      0.6972189      0.3549133
      30.7      0.7014943      0.3581429
      30.8      0.7056470      0.3613215
      30.9      0.7096647      0.3644421
      31.0      0.7135351      0.3674978
      31.1      0.7172467      0.3704818
      31.2      0.7207880      0.3733876
      31.3      0.7241482      0.3762088
      31.4      0.7273170      0.3789392
      31.5      0.7302844      0.3815725
      31.6      0.7330409      0.3841031
      31.7      0.7355777      0.3865252
      31.8      0.7378863      0.3888334
      31.9      0.7399587      0.3910225
      32.0      0.7417876      0.3930875
      32.1      0.7433662      0.3950237
      32.2      0.7446881      0.3968266
      32.3      0.7457476      0.3984920
      32.4      0.7465397      0.4000160
      32.5      0.7470596      0.4013948
      32.6      0.7473033      0.4026252
      32.7      0.7472675      0.4037040
      32.8      0.7469491      0.4046285
      32.9      0.7463460      0.4053961
      33.0      0.7454564      0.4060047
      33.1      0.7442792      0.4064524
      33.2      0.7428139      0.4067376
      33.3      0.7410603      0.4068590
      33.4      0.7390192      0.4068158
      33.5      0.7366916      0.4066073
      33.6      0.7340792      0.4062332
      33.7      0.7311844      0.4056936
      33.8      0.7280098      0.4049887
      33.9      0.7245588      0.4041191
      34.0      0.7208352      0.4030860
      34.1      0.7168435      0.4018904
      34.2      0.7125883      0.4005341
      34.3      0.7080752      0.3990188
      34.4      0.7033098      0.3973468
      34.5      0.6982985      0.3955206
      34.6      0.6930479      0.3935429
      34.7      0.6875652      0.3914168
      34.8      0.6818579      0.3891456
      34.9      0.6759341      0.3867329
      35.0      0.6698019      0.3841826
      35.1      0.6634702      0.3814988
      35.2      0.6569479      0.3786860
      35.3      0.6502443      0.3757487
      35.4      0.6433692      0.3726917
      35.5      0.6363325      0.3695202
      35.6      0.6291443      0.3662394
      35.7      0.6218151      0.3628547
      35.8      0.6143556      0.3593720
      35.9      0.6067765      0.3557970
      36.0      0.5990890      0.3521357
      36.1      0.5913042      0.3483943
      36.2      0.5834335      0.3445791
      36.3      0.5754883      0.3406967
      36.4      0.5674801      0.3367534
      36.5      0.5594205      0.3327560
      36.6      0.5513211      0.3287114
      36.7      0.5431937      0.3246262
      36.8      0.5350499      0.3205075
      36.9      0.5269012      0.3163622
      37.0      0.5187595      0.3121972
      37.1      0.5106361      0.3080198
      37.2      0.5025426      0.3038368
      37.3      0.4944902      0.2996554
      37.4      0.4864904      0.2954825
      37.5      0.4785540      0.2913252
      37.6      0.4706921      0.2871905
      37.7      0.4629154      0.2830853
      37.8      0.4552345      0.2790164
      37.9      0.4476596      0.2749907
      38.0      0.4402008      0.2710147
      38.1      0.4328680      0.2670951
      38.2      0.4256707      0.2632383
      38.3      0.4186181      0.2594507
      38.4      0.4117193      0.2557385
      38.5      0.4049828      0.2521077
      38.6      0.3984170      0.2485643
      38.7      0.3920298      0.2451138
      38.8      0.3858289      0.2417618
      38.9      0.3798213      0.2385138
      39.0      0.3740141      0.2353747
      39.1      0.3684135      0.2323495
      39.2      0.3630257      0.2294429
      39.3      0.3578564      0.2266594
      39.4      0.3529106      0.2240031
      39.5      0.3481933      0.2214782
      39.6      0.3437087      0.2190882
      39.7      0.3394607      0.2168366
      39.8      0.3354529      0.2147266
      39.9      0.3316882      0.2127613
      40.0      0.3281692      0.2109431
      40.1      0.3248980      0.2092745
      40.2      0.3218763      0.2077575
      40.3      0.3191052      0.2063940
      40.4      0.3165856      0.2051854
      40.5      0.3143176      0.2041330
      40.6      0.3123012      0.2032376
      40.7      0.3105357      0.2024998
      40.8      0.3090200      0.2019201
      40.9      0.3077527      0.2014983
      41.0      0.3067318      0.2012342
      41.1      0.3059550      0.2011272
      41.2      0.3054194      0.2011765
      41.3      0.3051218      0.2013809
      41.4      0.3050586      0.2017389
      41.5      0.3052258      0.2022488
      41.6      0.3056190      0.2029085
      41.7      0.3062334      0.2037158
      41.8      0.3070638      0.2046680
      41.9      0.3081047      0.2057624
      42.0      0.3093503      0.2069957
      42.1      0.3107942      0.2083647
      42.2      0.3124301      0.2098658
      42.3      0.3142511      0.2114949
      42.4      0.3162501      0.2132482
      42.5      0.3184197      0.2151212
      42.6      0.3207522      0.2171094
      42.7      0.3232397      0.2192081
      42.8      0.3258741      0.2214123
      42.9      0.3286470      0.2237169
      43.0      0.3315500      0.2261165
      43.1      0.3345742      0.2286058
      43.2      0.3377108      0.2311789
      43.3      0.3409507      0.2338302
      43.4      0.3442848      0.2365538
      43.5      0.3477037      0.2393434
      43.6      0.3511981      0.2421931
      43.7      0.3547586      0.2450965
      43.8      0.3583757      0.2480473
      43.9      0.3620397      0.2510390
      44.0      0.3657410      0.2540651
      44.1      0.3694703      0.2571191
      44.2      0.3732177      0.2601944
      44.3      0.3769739      0.2632843
      44.4      0.3807292      0.2663823
      44.5      0.3844744      0.2694816
      44.6      0.3881999      0.2725758
      44.7      0.3918967      0.2756581
      44.8      0.3955555      0.2787219
      44.9      0.3991673      0.2817609
      45.0      0.4027233      0.2847684
      45.1      0.4062148      0.2877382
      45.2      0.4096333      0.2906638
      45.3      0.4129705      0.2935392
      45.4      0.4162181      0.2963582
      45.5      0.4193684      0.2991147
      45.6      0.4224137      0.3018031
      45.7      0.4253466      0.3044175
      45.8      0.4281598      0.3069523
      45.9      0.4308466      0.3094023
      46.0      0.4334003      0.3117621
      46.1      0.4358147      0.3140268
      46.2      0.4380837      0.3161914
      46.3      0.4402016      0.3182513
      46.4      0.4421630      0.3202020
      46.5      0.4439630      0.3220394
      46.6      0.4455969      0.3237594
      46.7      0.4470602      0.3253583
      46.8      0.4483491      0.3268324
      46.9      0.4494598      0.3281786
      47.0      0.4503890      0.3293937
      47.1      0.4511339      0.3304750
      47.2      0.4516920      0.3314199
      47.3      0.4520610      0.3322262
      47.4      0.4522391      0.3328919
      47.5      0.4522249      0.3334152
      47.6      0.4520175      0.3337947
      47.7      0.4516161      0.3340293
      47.8      0.4510204      0.3341180
      47.9      0.4502305      0.3340602
      48.0      0.4492470      0.3338556
      48.1      0.4480705      0.3335041
      48.2      0.4467024      0.3330059
      48.3      0.4451442      0.3323616
      48.4      0.4433977      0.3315720
      48.5      0.4414654      0.3306380
      48.6      0.4393497      0.3295611
      48.7      0.4370537      0.3283428
      48.8      0.4345807      0.3269850
      48.9      0.4319342      0.3254898
      49.0      0.4291182      0.3238596
      49.1      0.4261370      0.3220971
      49.2      0.4229951      0.3202052
      49.3      0.4196973      0.3181869
      49.4      0.4162487      0.3160457
      49.5      0.4126548      0.3137852
      49.6      0.4089212      0.3114091
      49.7      0.4050536      0.3089216
      49.8      0.4010584      0.3063268
      49.9      0.3969417      0.3036292
      50.0      0.3927101      0.3008334
      50.1      0.3883705      0.2979443
      50.2      0.3839296      0.2949667
      50.3      0.3793945      0.2919060
      50.4      0.3747725      0.2887672
      50.5      0.3700710      0.2855559
      50.6      0.3652975      0.2822776
      50.7      0.3604595      0.2789381
      50.8      0.3555648      0.2755430
      50.9      0.3506211      0.2720983
      51.0      0.3456363      0.2686099
      51.1      0.3406183      0.2650839
      51.2      0.3355750      0.2615264
      51.3      0.3305144      0.2579435
      51.4      0.3254444      0.2543414
      51.5      0.3203729      0.2507264
      51.6      0.3153079      0.2471047
      51.7      0.3102572      0.2434825
      51.8      0.3052287      0.2398661
      51.9      0.3002301      0.2362616
      52.0      0.2952691      0.2326752
      52.1      0.2903533      0.2291132
      52.2      0.2854901      0.2255814
      52.3      0.2806869      0.2220861
      52.4      0.2759508      0.2186330
      52.5      0.2712889      0.2152280
      52.6      0.2667082      0.2118769
      52.7      0.2622152      0.2085853
      52.8      0.2578166      0.2053587
      52.9      0.2535187      0.2022024
      53.0      0.2493275      0.1991218
      53.1      0.2452490      0.1961218
      53.2      0.2412888      0.1932075
      53.3      0.2374523      0.1903835
      53.4      0.2337448      0.1876544
      53.5      0.2301710      0.1850246
      53.6      0.2267358      0.1824982
      53.7      0.2234434      0.1800793
      53.8      0.2202979      0.1777717
      53.9      0.2173032      0.1755788
      54.0      0.2144627      0.1735040
      54.1      0.2117797      0.1715503
      54.2      0.2092570      0.1697208
      54.3      0.2068972      0.1680178
      54.4      0.2047027      0.1664440
      54.5      0.2026754      0.1650012
      54.6      0.2008170      0.1636915
      54.7      0.1991287      0.1625164
      54.8      0.1976116      0.1614773
      54.9      0.1962664      0.1605753
      55.0      0.1950934      0.1598111
      55.1      0.1940927      0.1591855
      55.2      0.1932639      0.1586985
      55.3      0.1926066      0.1583504
      55.4      0.1921197      0.1581407
      55.5      0.1918021      0.1580692
      55.6      0.1916522      0.1581349
      55.7      0.1916682      0.1583368
      55.8      0.1918479      0.1586737
      55.9      0.1921889      0.1591440
      56.0      0.1926884      0.1597460
      56.1      0.1933435      0.1604775
      56.2      0.1941508      0.1613363
      56.3      0.1951067      0.1623199
      56.4      0.1962075      0.1634254
      56.5      0.1974490      0.1646500
      56.6      0.1988270      0.1659903
      56.7      0.2003367      0.1674429
      56.8      0.2019735      0.1690042
      56.9      0.2037323      0.1706704
      57.0      0.2056079      0.1724373
      57.1      0.2075949      0.1743008
      57.2      0.2096876      0.1762564
      57.3      0.2118802      0.1782995
      57.4      0.2141669      0.1804254
      57.5      0.2165414      0.1826292
      57.6      0.2189976      0.1849058
      57.7      0.2215290      0.1872500
      57.8      0.2241292      0.1896566
      57.9      0.2267916      0.1921201
      58.0      0.2295094      0.1946350
      58.1      0.2322759      0.1971956
      58.2      0.2350842      0.1997963
      58.3      0.2379275      0.2024314
      58.4      0.2407988      0.2050949
      58.5      0.2436912      0.2077809
      58.6      0.2465977      0.2104837
      58.7      0.2495113      0.2131972
      58.8      0.2524251      0.2159154
      58.9      0.2553320      0.2186324
      59.0      0.2582253      0.2213423
      59.1      0.2610980      0.2240391
      59.2      0.2639435      0.2267168
      59.3      0.2667548      0.2293697
      59.4      0.2695255      0.2319919
      59.5      0.2722490      0.2345776
      59.6      0.2749188      0.2371212
      59.7      0.2775288      0.2396171
      59.8      0.2800727      0.2420597
      59.9      0.2825445      0.2444437
      60.0      0.2849383      0.2467638
      60.1      0.2872485      0.2490148
      60.2      0.2894695      0.2511917
      60.3      0.2915961      0.2532895
      60.4      0.2936230      0.2553037
      60.5      0.2955454      0.2572296
      60.6      0.2973584      0.2590628
      60.7      0.2990577      0.2607990
      60.8      0.3006389      0.2624343
      60.9      0.3020980      0.2639648
      61.0      0.3034312      0.2653869
      61.1      0.3046349      0.2666971
      61.2      0.3057059      0.2678922
      61.3      0.3066411      0.2689691
      61.4      0.3074378      0.2699251
      61.5      0.3080934      0.2707577
      61.6      0.3086056      0.2714645
      61.7      0.3089726      0.2720434
      61.8      0.3091927      0.2724926
      61.9      0.3092644      0.2728104
      62.0      0.3091866      0.2729956
      62.1      0.3089585      0.2730469
      62.2      0.3085796      0.2729636
      62.3      0.3080495      0.2727451
      62.4      0.3073683      0.2723909
      62.5      0.3065362      0.2719009
      62.6      0.3055538      0.2712754
      62.7      0.3044221      0.2705147
      62.8      0.3031420      0.2696194
      62.9      0.3017150      0.2685905
      63.0      0.3001428      0.2674292
      63.1      0.2984272      0.2661367
      63.2      0.2965706      0.2647147
      63.3      0.2945752      0.2631651
      63.4      0.2924439      0.2614900
      63.5      0.2901796      0.2596917
      63.6      0.2877854      0.2577728
      63.7      0.2852647      0.2557360
      63.8      0.2826213      0.2535843
      63.9      0.2798589      0.2513210
      64.0      0.2769815      0.2489493
      64.1      0.2739935      0.2464730
      64.2      0.2708993      0.2438958
      64.3      0.2677036      0.2412216
      64.4      0.2644111      0.2384545
      64.5      0.2610268      0.2355989
      64.6      0.2575558      0.2326592
      64.7      0.2540034      0.2296401
      64.8      0.2503751      0.2265461
      64.9      0.2466763      0.2233823
      65.0      0.2429126      0.2201536
      65.1      0.2390899      0.2168650
      65.2      0.2352138      0.2135218
      65.3      0.2312905      0.2101293
      65.4      0.2273258      0.2066928
      65.5      0.2233257      0.2032177
      65.6      0.2192963      0.1997096
      65.7      0.2152439      0.1961740
      65.8      0.2111744      0.1926164
      65.9      0.2070940      0.1890425
      66.0      0.2030089      0.1854579
      66.1      0.1989253      0.1818682
      66.2      0.1948492      0.1782791
      66.3      0.1907866      0.1746962
      66.4      0.1867437      0.1711250
      66.5      0.1827264      0.1675711
      66.6      0.1787406      0.1640400
      66.7      0.1747921      0.1605372
      66.8      0.1708867      0.1570680
      66.9      0.1670300      0.1536378
      67.0      0.1632275      0.1502517
      67.1      0.1594846      0.1469149
      67.2      0.1558066      0.1436323
      67.3      0.1521986      0.1404090
      67.4      0.1486657      0.1372497
      67.5      0.1452126      0.1341589
      67.6      0.1418440      0.1311413
      67.7      0.1385644      0.1282011
      67.8      0.1353781      0.1253426
      67.9      0.1322893      0.1225698
      68.0      0.1293018      0.1198865
      68.1      0.1264193      0.1172964
      68.2      0.1236455      0.1148031
      68.3      0.1209835      0.1124097
      68.4      0.1184364      0.1101194
      68.5      0.1160071      0.1079351
      68.6      0.1136983      0.1058594
      68.7      0.1115122      0.1038949
      68.8      0.1094511      0.1020439
      68.9      0.1075168      0.1003082
      69.0      0.1057110      0.0986897
      69.1      0.1040352      0.0971901
      69.2      0.1024904      0.0958107
      69.3      0.1010776      0.0945525
      69.4      0.0997975      0.0934164
      69.5      0.0986505      0.0924032
      69.6      0.0976367      0.0915131
      69.7      0.0967561      0.0907465
      69.8      0.0960083      0.0901032
      69.9      0.0953928      0.0895828
      70.0      0.0949087      0.0891850
      70.1      0.0945549      0.0889089
      70.2      0.0943302      0.0887534
      70.3      0.0942329      0.0887175
      70.4      0.0942613      0.0887996
      70.5      0.0944135      0.0889981
      70.6      0.0946870      0.0893110
      70.7      0.0950796      0.0897362
      70.8      0.0955885      0.0902715
      70.9      0.0962108      0.0909143
      71.0      0.0969434      0.0916618
      71.1      0.0977832      0.0925112
      71.2      0.0987265      0.0934594
      71.3      0.0997698      0.0945029
      71.4      0.1009091      0.0956385
      71.5      0.1021407      0.0968624
      71.6      0.1034601      0.0981708
      71.7      0.1048633      0.0995598
      71.8      0.1063456      0.1010254
      71.9      0.1079026      0.1025631
      72.0      0.1095295      0.1041688
      72.1      0.1112215      0.1058378
      72.2      0.1129738      0.1075656
      72.3      0.1147811      0.1093476
      72.4      0.1166386      0.1111788
      72.5      0.1185409      0.1130545
      72.6      0.1204829      0.1149697
      72.7      0.1224592      0.1169193
      72.8      0.1244645      0.1188983
      72.9      0.1264934      0.1209015
      73.0      0.1285405      0.1229239
      73.1      0.1306004      0.1249602
      73.2      0.1326676      0.1270053
      73.3      0.1347368      0.1290539
      73.4      0.1368025      0.1311009
      73.5      0.1388593      0.1331410
      73.6      0.1409019      0.1351692
      73.7      0.1429251      0.1371803
      73.8      0.1449236      0.1391692
      73.9      0.1468921      0.1411309
      74.0      0.1488257      0.1430605
      74.1      0.1507194      0.1449530
      74.2      0.1525681      0.1468038
      74.3      0.1543671      0.1486079
      74.4      0.1561117      0.1503610
      74.5      0.1577974      0.1520584
      74.6      0.1594197      0.1536958
      74.7      0.1609743      0.1552689
      74.8      0.1624570      0.1567737
      74.9      0.1638638      0.1582061
      75.0      0.1651910      0.1595622
      75.1      0.1664347      0.1608386
      75.2      0.1675916      0.1620315
      75.3      0.1686583      0.1631378
      75.4      0.1696317      0.1641541
      75.5      0.1705088      0.1650777
      75.6      0.1712868      0.1659056
      75.7      0.1719634      0.1666352
      75.8      0.1725360      0.1672642
      75.9      0.1730026      0.1677904
      76.0      0.1733613      0.1682118
      76.1      0.1736104      0.1685265
      76.2      0.1737484      0.1687330
      76.3      0.1737741      0.1688300
      76.4      0.1736864      0.1688164
      76.5      0.1734845      0.1686911
      76.6      0.1731678      0.1684535
      76.7      0.1727361      0.1681031
      76.8      0.1721892      0.1676397
      76.9      0.1715271      0.1670633
      77.0      0.1707502      0.1663739
      77.1      0.1698592      0.1655721
      77.2      0.1688546      0.1646585
      77.3      0.1677376      0.1636339
      77.4      0.1665094      0.1624993
      77.5      0.1651714      0.1612562
      77.6      0.1637253      0.1599059
      77.7      0.1621728      0.1584502
      77.8      0.1605162      0.1568910
      77.9      0.1587575      0.1552305
      78.0      0.1568994      0.1534708
      78.1      0.1549445      0.1516146
      78.2      0.1528955      0.1496644
      78.3      0.1507556      0.1476233
      78.4      0.1485279      0.1454942
      78.5      0.1462157      0.1432804
      78.6      0.1438227      0.1409852
      78.7      0.1413524      0.1386122
      78.8      0.1388087      0.1361651
      78.9      0.1361956      0.1336477
      79.0      0.1335171      0.1310640
      79.1      0.1307775      0.1284181
      79.2      0.1279812      0.1257143
      79.3      0.1251324      0.1229567
      79.4      0.1222359      0.1201500
      79.5      0.1192962      0.1172985
      79.6      0.1163180      0.1144070
      79.7      0.1133061      0.1114801
      79.8      0.1102653      0.1085226
      79.9      0.1072006      0.1055393
      80.0      0.1041168      0.1025351
      80.1      0.1010190      0.0995148
      80.2      0.0979122      0.0964834
      80.3      0.0948013      0.0934460
      80.4      0.0916914      0.0904073
      80.5      0.0885875      0.0873725
      80.6      0.0854945      0.0843465
      80.7      0.0824176      0.0813343
      80.8      0.0793615      0.0783407
      80.9      0.0763313      0.0753706
      81.0      0.0733318      0.0724290
      81.1      0.0703677      0.0695205
      81.2      0.0674439      0.0666500
      81.3      0.0645649      0.0638220
      81.4      0.0617353      0.0610411
      81.5      0.0589596      0.0583119
      81.6      0.0562421      0.0556387
      81.7      0.0535871      0.0530259
      81.8      0.0509988      0.0504774
      81.9      0.0484812      0.0479975
      82.0      0.0460380      0.0455900
      82.1      0.0436732      0.0432587
      82.2      0.0413902      0.0410072
      82.3      0.0391925      0.0388391
      82.4      0.0370833      0.0367576
      82.5      0.0350659      0.0347659
      82.6      0.0331431      0.0328670
      82.7      0.0313176      0.0310638
      82.8      0.0295921      0.0293588
      82.9      0.0279690      0.0277545
      83.0      0.0264504      0.0262533
      83.1      0.0250385      0.0248571
      83.2      0.0237349      0.0235679
      83.3      0.0225413      0.0223873
      83.4      0.0214591      0.0213169
      83.5      0.0204895      0.0203578
      83.6      0.0196336      0.0195112
      83.7      0.0188921      0.0187780
      83.8      0.0182655      0.0181587
      83.9      0.0177543      0.0176537
      84.0      0.0173586      0.0172635
      84.1      0.0170783      0.0169878
      84.2      0.0169132      0.0168266
      84.3      0.0168628      0.0167795
      84.4      0.0169265      0.0168457
      84.5      0.0171033      0.0170246
      84.6      0.0173921      0.0173150
      84.7      0.0177917      0.0177157
      84.8      0.0183006      0.0182253
      84.9      0.0189170      0.0188421
      85.0      0.0196391      0.0195644
      85.1      0.0204649      0.0203901
      85.2      0.0213920      0.0213169
      85.3      0.0224180      0.0223426
      85.4      0.0235403      0.0234645
      85.5      0.0247561      0.0246798
      85.6      0.0260626      0.0259858
      85.7      0.0274565      0.0273792
      85.8      0.0289347      0.0288570
      85.9      0.0304936      0.0304156
      86.0      0.0321299      0.0320517
      86.1      0.0338398      0.0337615
      86.2      0.0356196      0.0355413
      86.3      0.0374652      0.0373871
      86.4      0.0393727      0.0392950
      86.5      0.0413380      0.0412609
      86.6      0.0433569      0.0432805
      86.7      0.0454249      0.0453496
      86.8      0.0475379      0.0474637
      86.9      0.0496912      0.0496185
      87.0      0.0518804      0.0518093
      87.1      0.0541009      0.0540316
      87.2      0.0563481      0.0562809
      87.3      0.0586174      0.0585524
      87.4      0.0609041      0.0608414
      87.5      0.0632035      0.0631433
      87.6      0.0655109      0.0654534
      87.7      0.0678216      0.0677669
      87.8      0.0701309      0.0700792
      87.9      0.0724341      0.0723855
      88.0      0.0747267      0.0746812
      88.1      0.0770039      0.0769616
      88.2      0.0792613      0.0792222
      88.3      0.0814944      0.0814585
      88.4      0.0836986      0.0836659
      88.5      0.0858695      0.0858401
      88.6      0.0880030      0.0879768
      88.7      0.0900948      0.0900716
      88.8      0.0921407      0.0921205
      88.9      0.0941367      0.0941193
      89.0      0.0960789      0.0960643
      89.1      0.0979636      0.0979515
      89.2      0.0997869      0.0997772
      89.3      0.1015455      0.1015379
      89.4      0.1032358      0.1032301
      89.5      0.1048546      0.1048506
      89.6      0.1063987      0.1063961
      89.7      0.1078653      0.1078638
      89.8      0.1092514      0.1092507
      89.9      0.1105544      0.1105543
      90.0      0.1117719      0.1117719
      90.1      0.1129015      0.1129013
      90.2      0.1139411      0.1139404
      90.3      0.1148887      0.1148871
      90.4      0.1157426      0.1157398
      90.5      0.1165011      0.1164967
      90.6      0.1171630      0.1171565
      90.7      0.1177268      0.1177180
      90.8      0.1181918      0.1181802
      90.9      0.1185569      0.1185423
      91.0      0.1188217      0.1188036
      91.1      0.1189856      0.1189636
      91.2      0.1190484      0.1190223
      91.3      0.1190102      0.1189795
      91.4      0.1188710      0.1188355
      91.5      0.1186312      0.1185906
      91.6      0.1182914      0.1182453
      91.7      0.1178523      0.1178004
      91.8      0.1173148      0.1172569
      91.9      0.1166801      0.1166160
      92.0      0.1159495      0.1158789
      92.1      0.1151244      0.1150471
      92.2      0.1142066      0.1141224
      92.3      0.1131978      0.1131066
      92.4      0.1121001      0.1120018
      92.5      0.1109157      0.1108102
      92.6      0.1096470      0.1095341
      92.7      0.1082964      0.1081762
      92.8      0.1068667      0.1067391
      92.9      0.1053606      0.1052256
      93.0      0.1037810      0.1036388
      93.1      0.1021312      0.1019817
      93.2      0.1004143      0.1002577
      93.3      0.0986336      0.0984700
      93.4      0.0967926      0.0966223
      93.5      0.0948950      0.0947180
      93.6      0.0929443      0.0927609
      93.7      0.0909444      0.0907549
      93.8      0.0888991      0.0887037
      93.9      0.0868124      0.0866114
      94.0      0.0846883      0.0844820
      94.1      0.0825309      0.0823196
      94.2      0.0803442      0.0801285
      94.3      0.0781326      0.0779127
      94.4      0.0759002      0.0756765
      94.5      0.0736513      0.0734243
      94.6      0.0713902      0.0711602
      94.7      0.0691212      0.0688888
      94.8      0.0668486      0.0666142
      94.9      0.0645768      0.0643408
      95.0      0.0623100      0.0620729
      95.1      0.0600525      0.0598147
      95.2      0.0578086      0.0575706
      95.3      0.0555825      0.0553448
      95.4      0.0533784      0.0531415
      95.5      0.0512004      0.0509647
      95.6      0.0490527      0.0488186
      95.7      0.0469392      0.0467072
      95.8      0.0448639      0.0446343
      95.9      0.0428307      0.0426038
      96.0      0.0408433      0.0406195
      96.1      0.0389053      0.0386851
      96.2      0.0370205      0.0368040
      96.3      0.0351922      0.0349797
      96.4      0.0334238      0.0332155
      96.5      0.0317185      0.0315146
      96.6      0.0300795      0.0298801
      96.7      0.0285097      0.0283150
      96.8      0.0270119      0.0268219
      96.9      0.0255888      0.0254035
      97.0      0.0242430      0.0240623
      97.1      0.0229768      0.0228006
      97.2      0.0217925      0.0216207
      97.3      0.0206922      0.0205245
      97.4      0.0196776      0.0195138
      97.5      0.0187507      0.0185902
      97.6      0.0179128      0.0177554
      97.7      0.0171654      0.0170106
      97.8      0.0165097      0.0163569
      97.9      0.0159466      0.0157953
      98.0      0.0154771      0.0153265
      98.1      0.0151018      0.0149511
      98.2      0.0148211      0.0146696
      98.3      0.0146354      0.0144821
      98.4      0.0145447      0.0143886
      98.5      0.0145489      0.0143891
      98.6      0.0146477      0.0144831
      98.7      0.0148408      0.0146700
      98.8      0.0151274      0.0149493
      98.9      0.0155068      0.0153201
      99.0      0.0159778      0.0157811
      99.1      0.0165394      0.0163312
      99.2      0.0171901      0.0169690
      99.3      0.0179285      0.0176929
      99.4      0.0187528      0.0185010
      99.5      0.0196612      0.0193916
      99.6      0.0206516      0.0203624
      99.7      0.0217218      0.0214113
      99.8      0.0228696      0.0225358
      99.9      0.0240923      0.0237335
     100.0      0.0253873      0.0250016
     100.1      0.0267519      0.0263374
     100.2      0.0281832      0.0277378
     100.3      0.0296781      0.0291998
     100.4      0.0312334      0.0307203
     100.5      0.0328459      0.0322959
     100.6      0.0345121      0.0339232
     100.7      0.0362287      0.0355988
     100.8      0.0379919      0.0373189
     100.9      0.0397981      0.0390801
     101.0      0.0416436      0.0408785
     101.1      0.0435245      0.0427102
     101.2      0.0454368      0.0445715
     101.3      0.0473768      0.0464583
     101.4      0.0493402      0.0483668
     101.5      0.0513231      0.0502928
     101.6      0.0533214      0.0522323
     101.7      0.0553309      0.0541813
     101.8      0.0573476      0.0561357
     101.9      0.0593672      0.0580913
     102.0      0.0613855      0.0600441
     102.1      0.0633985      0.0619900
     102.2      0.0654020      0.0639250
     102.3      0.0673918      0.0658449
     102.4      0.0693639      0.0677458
     102.5      0.0713142      0.0696238
     102.6      0.0732386      0.0714748
     102.7      0.0751333      0.0732951
     102.8      0.0769942      0.0750809
     102.9      0.0788176      0.0768284
     103.0      0.0805997      0.0785339
     103.1      0.0823368      0.0801940
     103.2      0.0840252      0.0818052
     103.3      0.0856615      0.0833640
     103.4      0.0872423      0.0848672
     103.5      0.0887643      0.0863117
     103.6      0.0902242      0.0876944
     103.7      0.0916191      0.0890125
     103.8      0.0929460      0.0902630
     103.9      0.0942020      0.0914434
     104.0      0.0953846      0.0925512
     104.1      0.0964911      0.0935840
     104.2      0.0975193      0.0945396
     104.3      0.0984668      0.0954159
     104.4      0.0993316      0.0962109
     104.5      0.1001119      0.0969231
     104.6      0.1008057      0.0975506
     104.7      0.1014117      0.0980922
     104.8      0.1019282      0.0985466
     104.9      0.1023542      0.0989127
     105.0      0.1026885      0.0991895
     105.1      0.1029303      0.0993764
     105.2      0.1030788      0.0994727
     105.3      0.1031335      0.0994781
     105.4      0.1030940      0.0993924
     105.5      0.1029602      0.0992156
     105.6      0.1027321      0.0989477
     105.7      0.1024098      0.0985891
     105.8      0.1019938      0.0981403
     105.9      0.1014846      0.0976019
     106.0      0.1008829      0.0969748
     106.1      0.1001896      0.0962601
     106.2      0.0994058      0.0954588
     106.3      0.0985328      0.0945723
     106.4      0.0975719      0.0936021
     106.5      0.0965249      0.0925499
     106.6      0.0953933      0.0914176
     106.7      0.0941792      0.0902070
     106.8      0.0928847      0.0889203
     106.9      0.0915118      0.0875598
     107.0      0.0900632      0.0861278
     107.1      0.0885411      0.0846270
     107.2      0.0869484      0.0830599
     107.3      0.0852878      0.0814295
     107.4      0.0835622      0.0797385
     107.5      0.0817748      0.0779900
     107.6      0.0799285      0.0761871
     107.7      0.0780269      0.0743332
     107.8      0.0760731      0.0724314
     107.9      0.0740707      0.0704852
     108.0      0.0720233      0.0684982
     108.1      0.0699344      0.0664738
     108.2      0.0678080      0.0644157
     108.3      0.0656477      0.0623276
     108.4      0.0634574      0.0602132
     108.5      0.0612411      0.0580763
     108.6      0.0590026      0.0559208
     108.7      0.0567461      0.0537505
     108.8      0.0544756      0.0515693
     108.9      0.0521951      0.0493810
     109.0      0.0499087      0.0471896
     109.1      0.0476204      0.0449989
     109.2      0.0453345      0.0428129
     109.3      0.0430550      0.0406354
     109.4      0.0407859      0.0384702
     109.5      0.0385313      0.0363212
     109.6      0.0362953      0.0341922
     109.7      0.0340817      0.0320869
     109.8      0.0318945      0.0300089
     109.9      0.0297377      0.0279620
     110.0      0.0276149      0.0259495
     110.1      0.0255301      0.0239751
     110.2      0.0234867      0.0220421
     110.3      0.0214885      0.0201538
     110.4      0.0195390      0.0183135
     110.5      0.0176414      0.0165242
     110.6      0.0157992      0.0147890
     110.7      0.0140155      0.0131107
     110.8      0.0122935      0.0114922
     110.9      0.0106359      0.0099361
     111.0      0.0090458      0.0084450
     111.1      0.0075257      0.0070211
     111.2      0.0060783      0.0056669
     111.3      0.0047059      0.0043844
     111.4      0.0034108      0.0031756
     111.5      0.0021951      0.0020424
     111.6      0.0010608      0.0009863
     111.7      0.0000097      0.0000090
     111.8     -0.0009567     -0.0008882
     111.9     -0.0018367     -0.0017042
     112.0     -0.0026292     -0.0024377
     112.1     -0.0033329     -0.0030881
     112.2     -0.0039470     -0.0036544
     112.3     -0.0044707     -0.0041364
     112.4     -0.0049034     -0.0045334
     112.5     -0.0052446     -0.0048453
     112.6     -0.0054941     -0.0050722
     112.7     -0.0056518     -0.0052140
     112.8     -0.0057179     -0.0052711
     112.9     -0.0056926     -0.0052440
     113.0     -0.0055765     -0.0051332
     113.1     -0.0053702     -0.0049396
     113.2     -0.0050744     -0.0046641
     113.3     -0.0046903     -0.0043078
     113.4     -0.0042190     -0.0038720
     113.5     -0.0036618     -0.0033581
     113.6     -0.0030203     -0.0027677
     113.7     -0.0022962     -0.0021025
     113.8     -0.0014912     -0.0013644
     113.9     -0.0006074     -0.0005553
     114.0      0.0003530      0.0003225
     114.1      0.0013878      0.0012668
     114.2      0.0024945      0.0022753
     114.3      0.0036704      0.0033452
     114.4      0.0049130      0.0044742
     114.5      0.0062192      0.0056592
     114.6      0.0075861      0.0068976
     114.7      0.0090107      0.0081863
     114.8      0.0104896      0.0095222
     114.9      0.0120196      0.0109023
     115.0      0.0135973      0.0123233
     115.1      0.0152190      0.0137819
     115.2      0.0168813      0.0152746
     115.3      0.0185803      0.0167982
     115.4      0.0203125      0.0183490
     115.5      0.0220739      0.0199235
     115.6      0.0238606      0.0215182
     115.7      0.0256687      0.0231295
     115.8      0.0274943      0.0247536
     115.9      0.0293333      0.0263870
     116.0      0.0311817      0.0280259
     116.1      0.0330354      0.0296667
     116.2      0.0348903      0.0313057
     116.3      0.0367425      0.0329391
     116.4      0.0385878      0.0345635
     116.5      0.0404221      0.0361751
     116.6      0.0422415      0.0377704
     116.7      0.0440418      0.0393457
     116.8      0.0458193      0.0408976
     116.9      0.0475698      0.0424227
     117.0      0.0492897      0.0439174
     117.1      0.0509749      0.0453785
     117.2      0.0526219      0.0468027
     117.3      0.0542268      0.0481869
     117.4      0.0557862      0.0495279
     117.5      0.0572965      0.0508227
     117.6      0.0587544      0.0520683
     117.7      0.0601565      0.0532621
     117.8      0.0614996      0.0544013
     117.9      0.0627806      0.0554833
     118.0      0.0639966      0.0565057
     118.1      0.0651448      0.0574660
     118.2      0.0662225      0.0583621
     118.3      0.0672271      0.0591919
     118.4      0.0681562      0.0599535
     118.5      0.0690075      0.0606450
     118.6      0.0697789      0.0612647
     118.7      0.0704685      0.0618112
     118.8      0.0710745      0.0622831
     118.9      0.0715952      0.0626791
     119.0      0.0720293      0.0629982
     119.1      0.0723753      0.0632395
     119.2      0.0726322      0.0634023
     119.3      0.0727991      0.0634859
     119.4      0.0728752      0.0634899
     119.5      0.0728599      0.0634140
     119.6      0.0727528      0.0632582
     119.7      0.0725538      0.0630225
     119.8      0.0722627      0.0627071
     119.9      0.0718798      0.0623124
     120.0      0.0714054      0.0618389
     120.1      0.0708400      0.0612873
     120.2      0.0701843      0.0606585
     120.3      0.0694392      0.0599535
     120.4      0.0686057      0.0591734
     120.5      0.0676852      0.0583195
     120.6      0.0666789      0.0573934
     120.7      0.0655886      0.0563965
     120.8      0.0644160      0.0553307
     120.9      0.0631629      0.0541979
     121.0      0.0618316      0.0530000
     121.1      0.0604242      0.0517393
     121.2      0.0589432      0.0504179
     121.3      0.0573910      0.0490383
     121.4      0.0557705      0.0476030
     121.5      0.0540845      0.0461146
     121.6      0.0523358      0.0445758
     121.7      0.0505278      0.0429896
     121.8      0.0486635      0.0413587
     121.9      0.0467463      0.0396863
     122.0      0.0447798      0.0379754
     122.1      0.0427674      0.0362292
     122.2      0.0407128      0.0344509
     122.3      0.0386198      0.0326439
     122.4      0.0364923      0.0308114
     122.5      0.0343341      0.0289570
     122.6      0.0321492      0.0270842
     122.7      0.0299417      0.0251962
     122.8      0.0277156      0.0232968
     122.9      0.0254752      0.0213895
     123.0      0.0232246      0.0194778
     123.1      0.0209680      0.0175653
     123.2      0.0187097      0.0156556
     123.3      0.0164538      0.0137522
     123.4      0.0142047      0.0118588
     123.5      0.0119666      0.0099788
     123.6      0.0097437      0.0081157
     123.7      0.0075402      0.0062731
     123.8      0.0053603      0.0044543
     123.9      0.0032082      0.0026628
     124.0      0.0010879      0.0009019
     124.1     -0.0009964     -0.0008251
     124.2     -0.0030409     -0.0025151
     124.3     -0.0050416     -0.0041648
     124.4     -0.0069946     -0.0057713
     124.5     -0.0088962     -0.0073316
     124.6     -0.0107428     -0.0088428
     124.7     -0.0125308     -0.0103021
     124.8     -0.0142567     -0.0117069
     124.9     -0.0159172     -0.0130545
     125.0     -0.0175091     -0.0143426
     125.1     -0.0190292     -0.0155688
     125.2     -0.0204747     -0.0167308
     125.3     -0.0218427     -0.0178267
     125.4     -0.0231305     -0.0188544
     125.5     -0.0243357     -0.0198121
     125.6     -0.0254558     -0.0206982
     125.7     -0.0264887     -0.0215110
     125.8     -0.0274323     -0.0222493
     125.9     -0.0282847     -0.0229118
     126.0     -0.0290443     -0.0234974
     126.1     -0.0297096     -0.0240050
     126.2     -0.0302791     -0.0244341
     126.3     -0.0307519     -0.0247838
     126.4     -0.0311268     -0.0250538
     126.5     -0.0314032     -0.0252437
     126.6     -0.0315805     -0.0253534
     126.7     -0.0316582     -0.0253828
     126.8     -0.0316362     -0.0253321
     126.9     -0.0315146     -0.0252017
     127.0     -0.0312934     -0.0249920
     127.1     -0.0309731     -0.0247036
     127.2     -0.0305542     -0.0243374
     127.3     -0.0300377     -0.0238942
     127.4     -0.0294244     -0.0233752
     127.5     -0.0287155     -0.0227815
     127.6     -0.0279124     -0.0221147
     127.7     -0.0270166     -0.0213762
     127.8     -0.0260299     -0.0205677
     127.9     -0.0249542     -0.0196909
     128.0     -0.0237915     -0.0187480
     128.1     -0.0225443     -0.0177409
     128.2     -0.0212148     -0.0166718
     128.3     -0.0198058     -0.0155431
     128.4     -0.0183199     -0.0143572
     128.5     -0.0167602     -0.0131167
     128.6     -0.0151298     -0.0118242
     128.7     -0.0134317     -0.0104825
     128.8     -0.0116696     -0.0090945
     128.9     -0.0098467     -0.0076631
     129.0     -0.0079669     -0.0061914
     129.1     -0.0060338     -0.0046825
     129.2     -0.0040513     -0.0031395
     129.3     -0.0020234     -0.0015658
     129.4      0.0000458      0.0000354
     129.5      0.0021521      0.0016606
     129.6      0.0042913      0.0033065
     129.7      0.0064591      0.0049696
     129.8      0.0086510      0.0066464
     129.9      0.0108625      0.0083333
     130.0      0.0130892      0.0100269
     130.1      0.0153266      0.0117236
     130.2      0.0175699      0.0134198
     130.3      0.0198147      0.0151120
     130.4      0.0220562      0.0167966
     130.5      0.0242898      0.0184701
     130.6      0.0265109      0.0201290
     130.7      0.0287149      0.0217698
     130.8      0.0308972      0.0233890
     130.9      0.0330531      0.0249833
     131.0      0.0351782      0.0265494
     131.1      0.0372680      0.0280838
     131.2      0.0393180      0.0295834
     131.3      0.0413238      0.0310451
     131.4      0.0432813      0.0324658
     131.5      0.0451860      0.0338423
     131.6      0.0470340      0.0351719
     131.7      0.0488212      0.0364518
     131.8      0.0505437      0.0376791
     131.9      0.0521977      0.0388513
     132.0      0.0537795      0.0399659
     132.1      0.0552855      0.0410205
     132.2      0.0567124      0.0420128
     132.3      0.0580569      0.0429407
     132.4      0.0593159      0.0438022
     132.5      0.0604864      0.0445953
     132.6      0.0615657      0.0453183
     132.7      0.0625510      0.0459697
     132.8      0.0634400      0.0465479
     132.9      0.0642305      0.0470516
     133.0      0.0649203      0.0474797
     133.1      0.0655075      0.0478311
     133.2      0.0659905      0.0481050
     133.3      0.0663678      0.0483007
     133.4      0.0666381      0.0484175
     133.5      0.0668003      0.0484552
     133.6      0.0668535      0.0484135
     133.7      0.0667972      0.0482922
     133.8      0.0666308      0.0480915
     133.9      0.0663541      0.0478115
     134.0      0.0659672      0.0474528
     134.1      0.0654702      0.0470159
     134.2      0.0648635      0.0465013
     134.3      0.0641478      0.0459101
     134.4      0.0633240      0.0452433
     134.5      0.0623931      0.0445019
     134.6      0.0613564      0.0436874
     134.7      0.0602155      0.0428011
     134.8      0.0589720      0.0418448
     134.9      0.0576279      0.0408201
     135.0      0.0561853      0.0397290
     135.1      0.0546465      0.0385734
     135.2      0.0530141      0.0373556
     135.3      0.0512908      0.0360777
     135.4      0.0494796      0.0347423
     135.5      0.0475835      0.0333517
     135.6      0.0456058      0.0319087
     135.7      0.0435500      0.0304160
     135.8      0.0414197      0.0288764
     135.9      0.0392188      0.0272928
     136.0      0.0369510      0.0256683
     136.1      0.0346207      0.0240060
     136.2      0.0322319      0.0223091
     136.3      0.0297890      0.0205807
     136.4      0.0272967      0.0188243
     136.5      0.0247594      0.0170432
     136.6      0.0221819      0.0152409
     136.7      0.0195690      0.0134208
     136.8      0.0169256      0.0115864
     136.9      0.0142568      0.0097413
     137.0      0.0115676      0.0078891
     137.1      0.0088631      0.0060333
     137.2      0.0061485      0.0041776
     137.3      0.0034292      0.0023255
     137.4      0.0007102      0.0004807
     137.5     -0.0020030     -0.0013532
     137.6     -0.0047052     -0.0031727
     137.7     -0.0073910     -0.0049743
     137.8     -0.0100552     -0.0067543
     137.9     -0.0126924     -0.0085094
     138.0     -0.0152975     -0.0102360
     138.1     -0.0178651     -0.0119309
     138.2     -0.0203901     -0.0135906
     138.3     -0.0228673     -0.0152120
     138.4     -0.0252917     -0.0167918
     138.5     -0.0276584     -0.0183270
     138.6     -0.0299624     -0.0198145
     138.7     -0.0321990     -0.0212514
     138.8     -0.0343634     -0.0226348
     138.9     -0.0364511     -0.0239620
     139.0     -0.0384576     -0.0252305
     139.1     -0.0403786     -0.0264375
     139.2     -0.0422100     -0.0275809
     139.3     -0.0439478     -0.0286583
     139.4     -0.0455880     -0.0296675
     139.5     -0.0471270     -0.0306065
     139.6     -0.0485613     -0.0314735
     139.7     -0.0498875     -0.0322667
     139.8     -0.0511026     -0.0329846
     139.9     -0.0522035     -0.0336255
     140.0     -0.0531876     -0.0341883
     140.1     -0.0540523     -0.0346719
     140.2     -0.0547954     -0.0350751
     140.3     -0.0554146     -0.0353971
     140.4     -0.0559083     -0.0356373
     140.5     -0.0562747     -0.0357951
     140.6     -0.0565125     -0.0358702
     140.7     -0.0566205     -0.0358623
     140.8     -0.0565978     -0.0357715
     140.9     -0.0564438     -0.0355978
     141.0     -0.0561581     -0.0353414
     141.1     -0.0557404     -0.0350029
     141.2     -0.0551910     -0.0345829
     141.3     -0.0545101     -0.0340820
     141.4     -0.0536983     -0.0335013
     141.5     -0.0527565     -0.0328417
     141.6     -0.0516859     -0.0321046
     141.7     -0.0504877     -0.0312912
     141.8     -0.0491637     -0.0304032
     141.9     -0.0477156     -0.0294422
     142.0     -0.0461455     -0.0284100
     142.1     -0.0444559     -0.0273086
     142.2     -0.0426494     -0.0261401
     142.3     -0.0407287     -0.0249067
     142.4     -0.0386970     -0.0236108
     142.5     -0.0365576     -0.0222549
     142.6     -0.0343140     -0.0208415
     142.7     -0.0319699     -0.0193734
     142.8     -0.0295293     -0.0178534
     142.9     -0.0269963     -0.0162844
     143.0     -0.0243754     -0.0146695
     143.1     -0.0216711     -0.0130118
     143.2     -0.0188882     -0.0113145
     143.3     -0.0160315     -0.0095808
     143.4     -0.0131062     -0.0078142
     143.5     -0.0101175     -0.0060181
     143.6     -0.0070708     -0.0041960
     143.7     -0.0039717     -0.0023513
     143.8     -0.0008258     -0.0004877
     143.9      0.0023610      0.0013911
     144.0      0.0055829      0.0032815
     144.1      0.0088338      0.0051799
     144.2      0.0121076      0.0070824
     144.3      0.0153981      0.0089854
     144.4      0.0186992      0.0108852
     144.5      0.0220044      0.0127780
     144.6      0.0253075      0.0146601
     144.7      0.0286019      0.0165278
     144.8      0.0318814      0.0183775
     144.9      0.0351395      0.0202054
     145.0      0.0383698      0.0220080
     145.1      0.0415659      0.0237817
     145.2      0.0447213      0.0255231
     145.3      0.0478298      0.0272285
     145.4      0.0508851      0.0288948
     145.5      0.0538808      0.0305184
     145.6      0.0568110      0.0320963
     145.7      0.0596695      0.0336253
     145.8      0.0624503      0.0351023
     145.9      0.0651475      0.0365242
     146.0      0.0677555      0.0378884
     146.1      0.0702687      0.0391920
     146.2      0.0726814      0.0404324
     146.3      0.0749886      0.0416070
     146.4      0.0771849      0.0427135
     146.5      0.0792655      0.0437496
     146.6      0.0812256      0.0447131
     146.7      0.0830605      0.0456021
     146.8      0.0847660      0.0464147
     146.9      0.0863378      0.0471492
     147.0      0.0877720      0.0478040
     147.1      0.0890649      0.0483778
     147.2      0.0902131      0.0488692
     147.3      0.0912133      0.0492771
     147.4      0.0920626      0.0496006
     147.5      0.0927582      0.0498390
     147.6      0.0932979      0.0499915
     147.7      0.0936794      0.0500578
     147.8      0.0939009      0.0500376
     147.9      0.0939608      0.0499306
     148.0      0.0938578      0.0497370
     148.1      0.0935909      0.0494570
     148.2      0.0931596      0.0490910
     148.3      0.0925633      0.0486394
     148.4      0.0918020      0.0481029
     148.5      0.0908759      0.0474825
     148.6      0.0897857      0.0467792
     148.7      0.0885321      0.0459941
     148.8      0.0871163      0.0451286
     148.9      0.0855397      0.0441841
     149.0      0.0838043      0.0431624
     149.1      0.0819120      0.0420652
     149.2      0.0798653      0.0408945
     149.3      0.0776668      0.0396522
     149.4      0.0753196      0.0383408
     149.5      0.0728270      0.0369625
     149.6      0.0701926      0.0355198
     149.7      0.0674202      0.0340153
     149.8      0.0645140      0.0324518
     149.9      0.0614784      0.0308321
     150.0      0.0583183      0.0291591
     150.1      0.0550385      0.0274360
     150.2      0.0516442      0.0256658
     150.3      0.0481411      0.0238519
     150.4      0.0445347      0.0219976
     150.5      0.0408311      0.0201062
     150.6      0.0370363      0.0181813
     150.7      0.0331569      0.0162264
     150.8      0.0291994      0.0142452
     150.9      0.0251705      0.0122413
     151.0      0.0210773      0.0102185
     151.1      0.0169269      0.0081804
     151.2      0.0127264      0.0061310
     151.3      0.0084835      0.0040740
     151.4      0.0042056      0.0020132
     151.5     -0.0000996     -0.0000475
     151.6     -0.0044244     -0.0021043
     151.7     -0.0087607     -0.0041534
     151.8     -0.0131007     -0.0061908
     151.9     -0.0174364     -0.0082128
     152.0     -0.0217597     -0.0102156
     152.1     -0.0260625     -0.0121954
     152.2     -0.0303366     -0.0141486
     152.3     -0.0345739     -0.0160714
     152.4     -0.0387664     -0.0179603
     152.5     -0.0429058     -0.0198117
     152.6     -0.0469842     -0.0216221
     152.7     -0.0509935     -0.0233881
     152.8     -0.0549258     -0.0251065
     152.9     -0.0587731     -0.0267738
     153.0     -0.0625279     -0.0283871
     153.1     -0.0661823     -0.0299432
     153.2     -0.0697289     -0.0314392
     153.3     -0.0731602     -0.0328723
     153.4     -0.0764691     -0.0342397
     153.5     -0.0796484     -0.0355389
     153.6     -0.0826913     -0.0367675
     153.7     -0.0855911     -0.0379229
     153.8     -0.0883413     -0.0390032
     153.9     -0.0909357     -0.0400062
     154.0     -0.0933682     -0.0409299
     154.1     -0.0956331     -0.0417727
     154.2     -0.0977248     -0.0425329
     154.3     -0.0996381     -0.0432090
     154.4     -0.1013681     -0.0437997
     154.5     -0.1029101     -0.0443039
     154.6     -0.1042597     -0.0447206
     154.7     -0.1054128     -0.0450490
     154.8     -0.1063659     -0.0452884
     154.9     -0.1071154     -0.0454383
     155.0     -0.1076583     -0.0454984
     155.1     -0.1079920     -0.0454685
     155.2     -0.1081140     -0.0453486
     155.3     -0.1080224     -0.0451390
     155.4     -0.1077156     -0.0448399
     155.5     -0.1071923     -0.0444519
     155.6     -0.1064517     -0.0439757
     155.7     -0.1054934     -0.0434120
     155.8     -0.1043171     -0.0427620
     155.9     -0.1029233     -0.0420267
     156.0     -0.1013126     -0.0412075
     156.1     -0.0994861     -0.0403059
     156.2     -0.0974453     -0.0393236
     156.3     -0.0951920     -0.0382622
     156.4     -0.0927286     -0.0371238
     156.5     -0.0900577     -0.0359104
     156.6     -0.0871823     -0.0346243
     156.7     -0.0841060     -0.0332677
     156.8     -0.0808325     -0.0318433
     156.9     -0.0773660     -0.0303536
     157.0     -0.0737112     -0.0288013
     157.1     -0.0698731     -0.0271893
     157.2     -0.0658568     -0.0255205
     157.3     -0.0616682     -0.0237981
     157.4     -0.0573133     -0.0220252
     157.5     -0.0527985     -0.0202051
     157.6     -0.0481304     -0.0183411
     157.7     -0.0433161     -0.0164366
     157.8     -0.0383631     -0.0144951
     157.9     -0.0332789     -0.0125203
     158.0     -0.0280716     -0.0105158
     158.1     -0.0227494     -0.0084852
     158.2     -0.0173207     -0.0064324
     158.3     -0.0117945     -0.0043610
     158.4     -0.0061796     -0.0022749
     158.5     -0.0004854     -0.0001779
     158.6      0.0052787      0.0019261
     158.7      0.0111030      0.0040332
     158.8      0.0169777      0.0061396
     158.9      0.0228927      0.0082413
     159.0      0.0288378      0.0103346
     159.1      0.0348028      0.0124155
     159.2      0.0407772      0.0144803
     159.3      0.0467504      0.0165251
     159.4      0.0527118      0.0185462
     159.5      0.0586508      0.0205399
     159.6      0.0645565      0.0225026
     159.7      0.0704182      0.0244306
     159.8      0.0762250      0.0263204
     159.9      0.0819663      0.0281685
     160.0      0.0876312      0.0299716
     160.1      0.0932090      0.0317265
     160.2      0.0986891      0.0334297
     160.3      0.1040608      0.0350784
     160.4      0.1093136      0.0366694
     160.5      0.1144372      0.0381999
     160.6      0.1194213      0.0396671
     160.7      0.1242559      0.0410684
     160.8      0.1289310      0.0424011
     160.9      0.1334369      0.0436629
     161.0      0.1377641      0.0448516
     161.1      0.1419034      0.0459650
     161.2      0.1458456      0.0470010
     161.3      0.1495819      0.0479579
     161.4      0.1531040      0.0488339
     161.5      0.1564035      0.0496276
     161.6      0.1594726      0.0503374
     161.7      0.1623037      0.0509621
     161.8      0.1648896      0.0515008
     161.9      0.1672234      0.0519524
     162.0      0.1692986      0.0523161
     162.1      0.1711091      0.0525915
     162.2      0.1726492      0.0527781
     162.3      0.1739136      0.0528755
     162.4      0.1748975      0.0528837
     162.5      0.1755963      0.0528028
     162.6      0.1760061      0.0526330
     162.7      0.1761234      0.0523747
     162.8      0.1759451      0.0520284
     162.9      0.1754686      0.0515948
     163.0      0.1746918      0.0510750
     163.1      0.1736132      0.0504697
     163.2      0.1722316      0.0497804
     163.3      0.1705463      0.0490083
     163.4      0.1685574      0.0481549
     163.5      0.1662652      0.0472219
     163.6      0.1636707      0.0462110
     163.7      0.1607754      0.0451243
     163.8      0.1575811      0.0439637
     163.9      0.1540905      0.0427315
     164.0      0.1503065      0.0414301
     164.1      0.1462328      0.0400618
     164.2      0.1418734      0.0386293
     164.3      0.1372329      0.0371353
     164.4      0.1323164      0.0355825
     164.5      0.1271296      0.0339739
     164.6      0.1216786      0.0323125
     164.7      0.1159701      0.0306014
     164.8      0.1100111      0.0288437
     164.9      0.1038094      0.0270428
     165.0      0.0973730      0.0252020
     165.1      0.0907105      0.0233246
     165.2      0.0838310      0.0214143
     165.3      0.0767439      0.0194744
     165.4      0.0694593      0.0175086
     165.5      0.0619874      0.0155204
     165.6      0.0543390      0.0135136
     165.7      0.0465254      0.0114917
     165.8      0.0385580      0.0094586
     165.9      0.0304489      0.0074178
     166.0      0.0222103      0.0053732
     166.1      0.0138549      0.0033283
     166.2      0.0053956      0.0012870
     166.3     -0.0031544     -0.0007471
     166.4     -0.0117814     -0.0027703
     166.5     -0.0204717     -0.0047790
     166.6     -0.0292112     -0.0067696
     166.7     -0.0379856     -0.0087386
     166.8     -0.0467804     -0.0106823
     166.9     -0.0555810     -0.0125975
     167.0     -0.0643724     -0.0144806
     167.1     -0.0731397     -0.0163285
     167.2     -0.0818678     -0.0181377
     167.3     -0.0905415     -0.0199052
     167.4     -0.0991454     -0.0216279
     167.5     -0.1076642     -0.0233028
     167.6     -0.1160826     -0.0249270
     167.7     -0.1243851     -0.0264978
     167.8     -0.1325565     -0.0280125
     167.9     -0.1405813     -0.0294684
     168.0     -0.1484443     -0.0308633
     168.1     -0.1561304     -0.0321947
     168.2     -0.1636244     -0.0334605
     168.3     -0.1709114     -0.0346587
     168.4     -0.1779767     -0.0357872
     168.5     -0.1848057     -0.0368443
     168.6     -0.1913840     -0.0378285
     168.7     -0.1976974     -0.0387380
     168.8     -0.2037320     -0.0395718
     168.9     -0.2094742     -0.0403284
     169.0     -0.2149107     -0.0410069
     169.1     -0.2200284     -0.0416064
     169.2     -0.2248146     -0.0421261
     169.3     -0.2292571     -0.0425654
     169.4     -0.2333439     -0.0429239
     169.5     -0.2370634     -0.0432014
     169.6     -0.2404046     -0.0433976
     169.7     -0.2433568     -0.0435127
     169.8     -0.2459097     -0.0435469
     169.9     -0.2480537     -0.0435004
     170.0     -0.2497796     -0.0433738
     170.1     -0.2510785     -0.0431677
     170.2     -0.2519424     -0.0428830
     170.3     -0.2523635     -0.0425206
     170.4     -0.2523348     -0.0420816
     170.5     -0.2518498     -0.0415672
     170.6     -0.2509025     -0.0409789
     170.7     -0.2494877     -0.0403182
     170.8     -0.2476006     -0.0395867
     170.9     -0.2452371     -0.0387862
     171.0     -0.2423938     -0.0379187
     171.1     -0.2390679     -0.0369863
     171.2     -0.2352571     -0.0359910
     171.3     -0.2309601     -0.0349352
     171.4     -0.2261759     -0.0338213
     171.5     -0.2209044     -0.0326517
     171.6     -0.2151460     -0.0314292
     171.7     -0.2089020     -0.0301563
     171.8     -0.2021741     -0.0288359
     171.9     -0.1949650     -0.0274708
     172.0     -0.1872777     -0.0260640
     172.1     -0.1791162     -0.0246185
     172.2     -0.1704851     -0.0231375
     172.3     -0.1613895     -0.0216240
     172.4     -0.1518355     -0.0200812
     172.5     -0.1418295     -0.0185125
     172.6     -0.1313787     -0.0169210
     172.7     -0.1204912     -0.0153102
     172.8     -0.1091753     -0.0136833
     172.9     -0.0974403     -0.0120438
     173.0     -0.0852960     -0.0103950
     173.1     -0.0727527     -0.0087403
     173.2     -0.0598215     -0.0070831
     173.3     -0.0465140     -0.0054268
     173.4     -0.0328424     -0.0037748
     173.5     -0.0188195     -0.0021304
     173.6     -0.0044585     -0.0004970
     173.7      0.0102267      0.0011222
     173.8      0.0252217      0.0027239
     173.9      0.0405118      0.0043049
     174.0      0.0560815      0.0058621
     174.1      0.0719150      0.0073923
     174.2      0.0879961      0.0088926
     174.3      0.1043082      0.0103599
     174.4      0.1208341      0.0117913
     174.5      0.1375565      0.0131842
     174.6      0.1544575      0.0145357
     174.7      0.1715189      0.0158433
     174.8      0.1887224      0.0171044
     174.9      0.2060492      0.0183166
     175.0      0.2234803      0.0194776
     175.1      0.2409964      0.0205852
     175.2      0.2585782      0.0216373
     175.3      0.2762061      0.0226319
     175.4      0.2938602      0.0235673
     175.5      0.3115206      0.0244416
     175.6      0.3291673      0.0252534
     175.7      0.3467803      0.0260011
     175.8      0.3643393      0.0266836
     175.9      0.3818242      0.0272995
     176.0      0.3992149      0.0278478
     176.1      0.4164912      0.0283278
     176.2      0.4336331      0.0287386
     176.3      0.4506205      0.0290796
     176.4      0.4674337      0.0293504
     176.5      0.4840528      0.0295507
     176.6      0.5004583      0.0296804
     176.7      0.5166308      0.0297393
     176.8      0.5325513      0.0297278
     176.9      0.5482007      0.0296460
     177.0      0.5635606      0.0294945
     177.1      0.5786125      0.0292737
     177.2      0.5933385      0.0289845
     177.3      0.6077210      0.0286276
     177.4      0.6217426      0.0282041
     177.5      0.6353866      0.0277152
     177.6      0.6486365      0.0271621
     177.7      0.6614763      0.0265462
     177.8      0.6738904      0.0258692
     177.9      0.6858639      0.0251326
     178.0      0.6973822      0.0243383
     178.1      0.7084313      0.0234882
     178.2      0.7189978      0.0225843
     178.3      0.7290688      0.0216287
     178.4      0.7386321      0.0206238
     178.5      0.7476760      0.0195719
     178.6      0.7561894      0.0184754
     178.7      0.7641619      0.0173368
     178.8      0.7715838      0.0161588
     178.9      0.7784460      0.0149442
     179.0      0.7847400      0.0136956
     179.1      0.7904581      0.0124160
     179.2      0.7955934      0.0111082
     179.3      0.8001395      0.0097753
     179.4      0.8040908      0.0084203
     179.5      0.8074425      0.0070462
     179.6      0.8101904      0.0056562
     179.7      0.8123312      0.0042533
     179.8      0.8138622      0.0028409
     179.9      0.8147816      0.0014221
     180.0      0.8150881      0.0000000
