 # List of d(q) for j, j' =           24          49
 #    0  1.00000000
 #    1  0.86229695
 #    2  0.64986639
 #    3  0.44526765
 #    4  0.30210481
 #    5  0.22714231
 #    6  0.19569657
 #    7  0.17835069
 #    8  0.15851158
 #    9  0.13479822
 #   10  0.11340466
 #   11  0.09909830
 #   12  0.09132207
 #   13  0.08632459
 #   14  0.08119540
 #   15  0.07543440
 #   16  0.06974480
 #   17  0.06465669
 #   18  0.06037448
 #   19  0.05700065
 #   20  0.05439070
 #   21  0.05209483
 #   22  0.04974027
 #   23  0.04735997
 #   24  0.04523448
 #   25  0.04352680
 #   26  0.04216383
 #   27  0.04098310
 #   28  0.03988356
 #   29  0.03884323
 #   30  0.03786624
 #   31  0.03694676
 #   32  0.03606905
 #   33  0.03521727
 #   34  0.03438570
 #   35  0.03356850
 #   36  0.03278012
 #   37  0.03200022
 #   38  0.03126668
 #   39  0.03050557
 #   40  0.02975540
 #   41  0.02897698
 #   42  0.02815382
 #   43  0.02739340
 #   44  0.02791349
 #   45  0.02784527
 #   46  0.02923023
 #   47  0.02891470
 #   48  0.02909440
       0.0     57.5719597      0.0000000
       0.1     57.5363797      0.1004199
       0.2     57.4297594      0.2004673
       0.3     57.2524579      0.2997718
       0.4     57.0050718      0.3979672
       0.5     56.6884324      0.4946936
       0.6     56.3036026      0.5895992
       0.7     55.8518716      0.6823424
       0.8     55.3347496      0.7725938
       0.9     54.7539609      0.8600378
       1.0     54.1114366      0.9443748
       1.1     53.4093059      1.0253221
       1.2     52.6498867      1.1026160
       1.3     51.8356757      1.1760133
       1.4     50.9693373      1.2452919
       1.5     50.0536923      1.3102529
       1.6     49.0917053      1.3707209
       1.7     48.0864720      1.4265450
       1.8     47.0412060      1.4776000
       1.9     45.9592250      1.5237863
       2.0     44.8439364      1.5650308
       2.1     43.6988232      1.6012869
       2.2     42.5274287      1.6325348
       2.3     41.3333424      1.6587811
       2.4     40.1201840      1.6800589
       2.5     38.8915894      1.6964273
       2.6     37.6511950      1.7079707
       2.7     36.4026231      1.7147984
       2.8     35.1494672      1.7170434
       2.9     33.8952777      1.7148618
       3.0     32.6435475      1.7084313
       3.1     31.3976987      1.6979503
       3.2     30.1610691      1.6836363
       3.3     28.9368996      1.6657245
       3.4     27.7283218      1.6444662
       3.5     26.5383470      1.6201273
       3.6     25.3698547      1.5929864
       3.7     24.2255830      1.5633328
       3.8     23.1081192      1.5314652
       3.9     22.0198909      1.4976893
       4.0     20.9631587      1.4623160
       4.1     19.9400092      1.4256597
       4.2     18.9523490      1.3880359
       4.3     18.0018999      1.3497595
       4.4     17.0901947      1.3111431
       4.5     16.2185741      1.2724947
       4.6     15.3881843      1.2341158
       4.7     14.5999762      1.1963003
       4.8     13.8547047      1.1593318
       4.9     13.1529295      1.1234828
       5.0     12.4950166      1.0890125
       5.1     11.8811408      1.0561657
       5.2     11.3112890      1.0251713
       5.3     10.7852645      0.9962412
       5.4     10.3026916      0.9695689
       5.5      9.8630218      0.9453287
       5.6      9.4655404      0.9236749
       5.7      9.1093730      0.9047406
       5.8      8.7934942      0.8886380
       5.9      8.5167356      0.8754569
       6.0      8.2777949      0.8652652
       6.1      8.0752454      0.8581085
       6.2      7.9075460      0.8540099
       6.3      7.7730515      0.8529705
       6.4      7.6700232      0.8549693
       6.5      7.5966400      0.8599641
       6.6      7.5510092      0.8678915
       6.7      7.5311781      0.8786681
       6.8      7.5351451      0.8921911
       6.9      7.5608710      0.9083391
       7.0      7.6062907      0.9269737
       7.1      7.6693240      0.9479398
       7.2      7.7478865      0.9710677
       7.3      7.8399012      0.9961740
       7.4      7.9433082      1.0230631
       7.5      8.0560754      1.0515288
       7.6      8.1762082      1.0813558
       7.7      8.3017592      1.1123211
       7.8      8.4308368      1.1441958
       7.9      8.5616139      1.1767471
       8.0      8.6923358      1.2097393
       8.1      8.8213277      1.2429359
       8.2      8.9470013      1.2761013
       8.3      9.0678608      1.3090019
       8.4      9.1825087      1.3414087
       8.5      9.2896504      1.3730978
       8.6      9.3880986      1.4038526
       8.7      9.4767762      1.4334649
       8.8      9.5547195      1.4617368
       8.9      9.6210801      1.4884810
       9.0      9.6751261      1.5135232
       9.1      9.7162429      1.5367022
       9.2      9.7439330      1.5578716
       9.3      9.7578153      1.5769002
       9.4      9.7576240      1.5936733
       9.5      9.7432060      1.6080928
       9.6      9.7145189      1.6200781
       9.7      9.6716274      1.6295665
       9.8      9.6146995      1.6365132
       9.9      9.5440027      1.6408918
      10.0      9.4598986      1.6426941
      10.1      9.3628382      1.6419303
      10.2      9.2533560      1.6386281
      10.3      9.1320642      1.6328333
      10.4      8.9996461      1.6246084
      10.5      8.8568500      1.6140327
      10.6      8.7044820      1.6012012
      10.7      8.5433990      1.5862240
      10.8      8.3745018      1.5692252
      10.9      8.1987277      1.5503420
      11.0      8.0170432      1.5297240
      11.1      7.8304369      1.5075311
      11.2      7.6399117      1.4839333
      11.3      7.4464785      1.4591087
      11.4      7.2511483      1.4332427
      11.5      7.0549258      1.4065260
      11.6      6.8588026      1.3791538
      11.7      6.6637508      1.3513240
      11.8      6.4707168      1.3232360
      11.9      6.2806152      1.2950891
      12.0      6.0943240      1.2670812
      12.1      5.9126786      1.2394072
      12.2      5.7364676      1.2122579
      12.3      5.5664284      1.1858184
      12.4      5.4032432      1.1602672
      12.5      5.2475354      1.1357745
      12.6      5.0998668      1.1125015
      12.7      4.9607354      1.0905988
      12.8      4.8305725      1.0702061
      12.9      4.7097421      1.0514505
      13.0      4.5985391      1.0344462
      13.1      4.4971893      1.0192938
      13.2      4.4058487      1.0060794
      13.3      4.3246044      0.9948741
      13.4      4.2534749      0.9857339
      13.5      4.1924118      0.9786991
      13.6      4.1413013      0.9737943
      13.7      4.0999662      0.9710284
      13.8      4.0681683      0.9703942
      13.9      4.0456115      0.9718693
      14.0      4.0319448      0.9754157
      14.1      4.0267659      0.9809806
      14.2      4.0296245      0.9884967
      14.3      4.0400271      0.9978827
      14.4      4.0574405      1.0090444
      14.5      4.0812964      1.0218750
      14.6      4.1109963      1.0362562
      14.7      4.1459158      1.0520591
      14.8      4.1854095      1.0691451
      14.9      4.2288160      1.0873673
      15.0      4.2754624      1.1065711
      15.1      4.3246694      1.1265959
      15.2      4.3757560      1.1472759
      15.3      4.4280445      1.1684416
      15.4      4.4808647      1.1899210
      15.5      4.5335585      1.2115408
      15.6      4.5854845      1.2331277
      15.7      4.6360217      1.2545095
      15.8      4.6845739      1.2755169
      15.9      4.7305730      1.2959841
      16.0      4.7734825      1.3157501
      16.1      4.8128010      1.3346602
      16.2      4.8480644      1.3525668
      16.3      4.8788491      1.3693305
      16.4      4.9047740      1.3848210
      16.5      4.9255021      1.3989182
      16.6      4.9407427      1.4115127
      16.7      4.9502519      1.4225070
      16.8      4.9538340      1.4318156
      16.9      4.9513420      1.4393660
      17.0      4.9426773      1.4450990
      17.1      4.9277903      1.4489691
      17.2      4.9066792      1.4509445
      17.3      4.8793895      1.4510078
      17.4      4.8460130      1.4491556
      17.5      4.8066863      1.4453984
      17.6      4.7615887      1.4397610
      17.7      4.7109407      1.4322817
      17.8      4.6550016      1.4230121
      17.9      4.5940668      1.4120168
      18.0      4.5284656      1.3993728
      18.1      4.4585576      1.3851688
      18.2      4.3847303      1.3695044
      18.3      4.3073955      1.3524897
      18.4      4.2269862      1.3342441
      18.5      4.1439529      1.3148955
      18.6      4.0587603      1.2945794
      18.7      3.9718839      1.2734376
      18.8      3.8838059      1.2516174
      18.9      3.7950124      1.2292706
      19.0      3.7059890      1.2065520
      19.1      3.6172181      1.1836185
      19.2      3.5291749      1.1606279
      19.3      3.4423243      1.1377377
      19.4      3.3571179      1.1151041
      19.5      3.2739907      1.0928805
      19.6      3.1933580      1.0712169
      19.7      3.1156132      1.0502584
      19.8      3.0411250      1.0301444
      19.9      2.9702350      1.0110073
      20.0      2.9032557      0.9929719
      20.1      2.8404685      0.9761545
      20.2      2.7821225      0.9606619
      20.3      2.7284324      0.9465905
      20.4      2.6795783      0.9340261
      20.5      2.6357041      0.9230430
      20.6      2.5969171      0.9137036
      20.7      2.5632880      0.9060578
      20.8      2.5348505      0.9001430
      20.9      2.5116015      0.8959837
      21.0      2.4935021      0.8935912
      21.1      2.4804774      0.8929639
      21.2      2.4724182      0.8940872
      21.3      2.4691821      0.8969335
      21.4      2.4705946      0.9014626
      21.5      2.4764508      0.9076222
      21.6      2.4865174      0.9153481
      21.7      2.5005348      0.9245646
      21.8      2.5182187      0.9351854
      21.9      2.5392630      0.9471141
      22.0      2.5633420      0.9602448
      22.1      2.5901128      0.9744633
      22.2      2.6192183      0.9896475
      22.3      2.6502895      1.0056687
      22.4      2.6829486      1.0223922
      22.5      2.7168116      1.0396788
      22.6      2.7514910      1.0573851
      22.7      2.7865990      1.0753654
      22.8      2.8217500      1.0934721
      22.9      2.8565630      1.1115571
      23.0      2.8906650      1.1294728
      23.1      2.9236929      1.1470732
      23.2      2.9552964      1.1642151
      23.3      2.9851400      1.1807587
      23.4      3.0129057      1.1965691
      23.5      3.0382944      1.2115171
      23.6      3.0610286      1.2254799
      23.7      3.0808536      1.2383422
      23.8      3.0975390      1.2499973
      23.9      3.1108806      1.2603471
      24.0      3.1207012      1.2693035
      24.1      3.1268515      1.2767887
      24.2      3.1292111      1.2827357
      24.3      3.1276890      1.2870889
      24.4      3.1222239      1.2898045
      24.5      3.1127840      1.2908505
      24.6      3.0993677      1.2902073
      24.7      3.0820025      1.2878674
      24.8      3.0607449      1.2838358
      24.9      3.0356795      1.2781298
      25.0      3.0069185      1.2707787
      25.1      2.9745999      1.2618236
      25.2      2.9388871      1.2513173
      25.3      2.8999667      1.2393236
      25.4      2.8580474      1.2259169
      25.5      2.8133583      1.2111820
      25.6      2.7661466      1.1952125
      25.7      2.7166761      1.1781113
      25.8      2.6652252      1.1599889
      25.9      2.6120842      1.1409631
      26.0      2.5575537      1.1211577
      26.1      2.5019420      1.1007023
      26.2      2.4455631      1.0797304
      26.3      2.3887340      1.0583792
      26.4      2.3317728      1.0367882
      26.5      2.2749962      1.0150983
      26.6      2.2187172      0.9934508
      26.7      2.1632431      0.9719862
      26.8      2.1088730      0.9508435
      26.9      2.0558964      0.9301589
      27.0      2.0045904      0.9100650
      27.1      1.9552184      0.8906898
      27.2      1.9080279      0.8721556
      27.3      1.8632496      0.8545786
      27.4      1.8210950      0.8380675
      27.5      1.7817557      0.8227232
      27.6      1.7454020      0.8086378
      27.7      1.7121818      0.7958941
      27.8      1.6822198      0.7845648
      27.9      1.6556170      0.7747125
      28.0      1.6324498      0.7663888
      28.1      1.6127701      0.7596339
      28.2      1.5966049      0.7544769
      28.3      1.5839562      0.7509350
      28.4      1.5748016      0.7490138
      28.5      1.5690942      0.7487071
      28.6      1.5667637      0.7499970
      28.7      1.5677165      0.7528543
      28.8      1.5718370      0.7572383
      28.9      1.5789886      0.7630973
      29.0      1.5890144      0.7703695
      29.1      1.6017393      0.7789825
      29.2      1.6169705      0.7888547
      29.3      1.6344997      0.7998955
      29.4      1.6541045      0.8120061
      29.5      1.6755501      0.8250803
      29.6      1.6985908      0.8390051
      29.7      1.7229725      0.8536617
      29.8      1.7484340      0.8689262
      29.9      1.7747092      0.8846708
      30.0      1.8015289      0.9007645
      30.1      1.8286229      0.9170740
      30.2      1.8557218      0.9334651
      30.3      1.8825589      0.9498030
      30.4      1.9088724      0.9659539
      30.5      1.9344067      0.9817856
      30.6      1.9589146      0.9971687
      30.7      1.9821589      1.0119772
      30.8      2.0039138      1.0260897
      30.9      2.0239666      1.0393904
      31.0      2.0421194      1.0517692
      31.1      2.0581895      1.0631235
      31.2      2.0720118      1.0733581
      31.3      2.0834387      1.0823862
      31.4      2.0923417      1.0901302
      31.5      2.0986120      1.0965218
      31.6      2.1021611      1.1015028
      31.7      2.1029211      1.1050254
      31.8      2.1008453      1.1070526
      31.9      2.0959082      1.1075583
      32.0      2.0881056      1.1065274
      32.1      2.0774543      1.1039563
      32.2      2.0639919      1.0998523
      32.3      2.0477766      1.0942342
      32.4      2.0288860      1.0871315
      32.5      2.0074172      1.0785845
      32.6      1.9834853      1.0686439
      32.7      1.9572226      1.0573706
      32.8      1.9287779      1.0448348
      32.9      1.8983146      1.0311160
      33.0      1.8660101      1.0163019
      33.1      1.8320539      1.0004882
      33.2      1.7966466      0.9837776
      33.3      1.7599979      0.9662790
      33.4      1.7223254      0.9481070
      33.5      1.6838529      0.9293807
      33.6      1.6448086      0.9102232
      33.7      1.6054235      0.8907603
      33.8      1.5659299      0.8711199
      33.9      1.5265593      0.8514310
      34.0      1.4875412      0.8318225
      34.1      1.4491013      0.8124227
      34.2      1.4114598      0.7933581
      34.3      1.3748300      0.7747525
      34.4      1.3394167      0.7567262
      34.5      1.3054149      0.7393951
      34.6      1.2730083      0.7228698
      34.7      1.2423685      0.7072550
      34.8      1.2136532      0.6926483
      34.9      1.1870057      0.6791404
      35.0      1.1625537      0.6668134
      35.1      1.1404086      0.6557409
      35.2      1.1206648      0.6459874
      35.3      1.1033991      0.6376076
      35.4      1.0886704      0.6306462
      35.5      1.0765191      0.6251378
      35.6      1.0669674      0.6211063
      35.7      1.0600189      0.6185647
      35.8      1.0556586      0.6175156
      35.9      1.0538537      0.6179507
      36.0      1.0545533      0.6198509
      36.1      1.0576894      0.6231868
      36.2      1.0631772      0.6279185
      36.3      1.0709158      0.6339962
      36.4      1.0807892      0.6413608
      36.5      1.0926674      0.6499435
      36.6      1.1064069      0.6596673
      36.7      1.1218521      0.6704471
      36.8      1.1388368      0.6821901
      36.9      1.1571849      0.6947972
      37.0      1.1767121      0.7081630
      37.1      1.1972271      0.7221769
      37.2      1.2185331      0.7367240
      37.3      1.2404293      0.7516857
      37.4      1.2627121      0.7669408
      37.5      1.2851771      0.7823662
      37.6      1.3076198      0.7978379
      37.7      1.3298378      0.8132318
      37.8      1.3516318      0.8284247
      37.9      1.3728073      0.8432952
      38.0      1.3931754      0.8577244
      38.1      1.4125549      0.8715971
      38.2      1.4307730      0.8848020
      38.3      1.4476666      0.8972334
      38.4      1.4630834      0.9087910
      38.5      1.4768831      0.9193814
      38.6      1.4889381      0.9289181
      38.7      1.4991343      0.9373227
      38.8      1.5073721      0.9445251
      38.9      1.5135668      0.9504640
      39.0      1.5176490      0.9550875
      39.1      1.5195655      0.9583532
      39.2      1.5192788      0.9602287
      39.3      1.5167681      0.9606919
      39.4      1.5120288      0.9597308
      39.5      1.5050723      0.9573437
      39.6      1.4959265      0.9535395
      39.7      1.4846349      0.9483370
      39.8      1.4712563      0.9417655
      39.9      1.4558645      0.9338637
      40.0      1.4385472      0.9246803
      40.1      1.4194061      0.9142730
      40.2      1.3985551      0.9027081
      40.3      1.3761201      0.8900604
      40.4      1.3522380      0.8764123
      40.5      1.3270550      0.8618533
      40.6      1.3007264      0.8464792
      40.7      1.2734147      0.8303917
      40.8      1.2452888      0.8136974
      40.9      1.2165226      0.7965070
      41.0      1.1872936      0.7789347
      41.1      1.1577819      0.7610972
      41.2      1.1281687      0.7431128
      41.3      1.0986350      0.7251010
      41.4      1.0693603      0.7071807
      41.5      1.0405214      0.6894704
      41.6      1.0122911      0.6720866
      41.7      0.9848368      0.6551433
      41.8      0.9583197      0.6387512
      41.9      0.9328934      0.6230166
      42.0      0.9087030      0.6080410
      42.1      0.8858839      0.5939201
      42.2      0.8645611      0.5807435
      42.3      0.8448482      0.5685934
      42.4      0.8268469      0.5575449
      42.5      0.8106460      0.5476645
      42.6      0.7963211      0.5390106
      42.7      0.7839339      0.5316324
      42.8      0.7735322      0.5255697
      42.9      0.7651491      0.5208530
      43.0      0.7588034      0.5175027
      43.1      0.7544992      0.5155295
      43.2      0.7522261      0.5149342
      43.3      0.7519592      0.5157074
      43.4      0.7536596      0.5178301
      43.5      0.7572745      0.5212734
      43.6      0.7627378      0.5259989
      43.7      0.7699706      0.5319591
      43.8      0.7788819      0.5390978
      43.9      0.7893693      0.5473501
      44.0      0.8013197      0.5566434
      44.1      0.8146102      0.5668977
      44.2      0.8291092      0.5780260
      44.3      0.8446771      0.5899354
      44.4      0.8611675      0.6025273
      44.5      0.8784284      0.6156986
      44.6      0.8963031      0.6293420
      44.7      0.9146315      0.6433469
      44.8      0.9332510      0.6576006
      44.9      0.9519982      0.6719885
      45.0      0.9707095      0.6863953
      45.1      0.9892226      0.7007058
      45.2      1.0073775      0.7148056
      45.3      1.0250176      0.7285820
      45.4      1.0419913      0.7419249
      45.5      1.0581521      0.7547275
      45.6      1.0733605      0.7668868
      45.7      1.0874846      0.7783048
      45.8      1.1004007      0.7888890
      45.9      1.1119949      0.7985528
      46.0      1.1221631      0.8072166
      46.1      1.1308120      0.8148078
      46.2      1.1378598      0.8212619
      46.3      1.1432365      0.8265224
      46.4      1.1468845      0.8305415
      46.5      1.1487590      0.8332803
      46.6      1.1488279      0.8347092
      46.7      1.1470722      0.8348079
      46.8      1.1434862      0.8335656
      46.9      1.1380773      0.8309811
      47.0      1.1308656      0.8270627
      47.1      1.1218842      0.8218283
      47.2      1.1111787      0.8153050
      47.3      1.0988064      0.8075289
      47.4      1.0848365      0.7985450
      47.5      1.0693491      0.7884069
      47.6      1.0524346      0.7771759
      47.7      1.0341930      0.7649213
      47.8      1.0147333      0.7517191
      47.9      0.9941725      0.7376520
      48.0      0.9726347      0.7228084
      48.1      0.9502504      0.7072823
      48.2      0.9271550      0.6911718
      48.3      0.9034886      0.6745791
      48.4      0.8793942      0.6576093
      48.5      0.8550170      0.6403699
      48.6      0.8305034      0.6229698
      48.7      0.8059999      0.6055188
      48.8      0.7816518      0.5881265
      48.9      0.7576026      0.5709016
      49.0      0.7339926      0.5539513
      49.1      0.7109581      0.5373802
      49.2      0.6886304      0.5212898
      49.3      0.6671349      0.5057779
      49.4      0.6465901      0.4909373
      49.5      0.6271069      0.4768559
      49.6      0.6087881      0.4636154
      49.7      0.5917271      0.4512915
      49.8      0.5760077      0.4399524
      49.9      0.5617037      0.4296592
      50.0      0.5488780      0.4204649
      50.1      0.5375823      0.4124144
      50.2      0.5278572      0.4055440
      50.3      0.5197312      0.3998810
      50.4      0.5132216      0.3954440
      50.5      0.5083333      0.3922425
      50.6      0.5050598      0.3902767
      50.7      0.5033826      0.3895377
      50.8      0.5032717      0.3900077
      50.9      0.5046862      0.3916599
      51.0      0.5075740      0.3944591
      51.1      0.5118725      0.3983613
      51.2      0.5175094      0.4033147
      51.3      0.5244030      0.4092600
      51.4      0.5324626      0.4161305
      51.5      0.5415899      0.4238527
      51.6      0.5516789      0.4323472
      51.7      0.5626174      0.4415289
      51.8      0.5742875      0.4513078
      51.9      0.5865664      0.4615897
      52.0      0.5993278      0.4722767
      52.1      0.6124420      0.4832683
      52.2      0.6257779      0.4944615
      52.3      0.6392028      0.5057523
      52.4      0.6525846      0.5170360
      52.5      0.6657915      0.5282079
      52.6      0.6786941      0.5391645
      52.7      0.6911653      0.5498037
      52.8      0.7030821      0.5600259
      52.9      0.7143257      0.5697347
      53.0      0.7247831      0.5788375
      53.1      0.7343471      0.5872461
      53.2      0.7429177      0.5948775
      53.3      0.7504025      0.6016544
      53.4      0.7567171      0.6075057
      53.5      0.7617862      0.6123671
      53.6      0.7655438      0.6161815
      53.7      0.7679335      0.6188993
      53.8      0.7689092      0.6204792
      53.9      0.7684350      0.6208877
      54.0      0.7664859      0.6201001
      54.1      0.7630475      0.6181002
      54.2      0.7581161      0.6148806
      54.3      0.7516990      0.6104424
      54.4      0.7438141      0.6047958
      54.5      0.7344898      0.5979595
      54.6      0.7237647      0.5899607
      54.7      0.7116874      0.5808349
      54.8      0.6983162      0.5706255
      54.9      0.6837182      0.5593838
      55.0      0.6679692      0.5471683
      55.1      0.6511530      0.5340444
      55.2      0.6333607      0.5200836
      55.3      0.6146901      0.5053638
      55.4      0.5952448      0.4899677
      55.5      0.5751338      0.4739828
      55.6      0.5544701      0.4575008
      55.7      0.5333706      0.4406165
      55.8      0.5119545      0.4234276
      55.9      0.4903431      0.4060337
      56.0      0.4686585      0.3885355
      56.1      0.4470227      0.3710343
      56.2      0.4255571      0.3536313
      56.3      0.4043813      0.3364267
      56.4      0.3836123      0.3195189
      56.5      0.3633639      0.3030040
      56.6      0.3437455      0.2869752
      56.7      0.3248617      0.2715218
      56.8      0.3068113      0.2567288
      56.9      0.2896871      0.2426763
      57.0      0.2735745      0.2294388
      57.1      0.2585515      0.2170850
      57.2      0.2446882      0.2056767
      57.3      0.2320458      0.1952691
      57.4      0.2206770      0.1859099
      57.5      0.2106248      0.1776392
      57.6      0.2019229      0.1704892
      57.7      0.1945953      0.1644840
      57.8      0.1886560      0.1596394
      57.9      0.1841092      0.1559629
      58.0      0.1809491      0.1534536
      58.1      0.1791603      0.1521021
      58.2      0.1787176      0.1518908
      58.3      0.1795865      0.1527942
      58.4      0.1817232      0.1547786
      58.5      0.1850754      0.1578027
      58.6      0.1895824      0.1618182
      58.7      0.1951756      0.1667695
      58.8      0.2017790      0.1725946
      58.9      0.2093101      0.1792254
      59.0      0.2176802      0.1865884
      59.1      0.2267951      0.1946050
      59.2      0.2365560      0.2031921
      59.3      0.2468600      0.2122631
      59.4      0.2576011      0.2217281
      59.5      0.2686707      0.2314945
      59.6      0.2799587      0.2414682
      59.7      0.2913542      0.2515539
      59.8      0.3027461      0.2616559
      59.9      0.3140243      0.2716786
      60.0      0.3250800      0.2815275
      60.1      0.3358069      0.2911099
      60.2      0.3461019      0.3003353
      60.3      0.3558655      0.3091160
      60.4      0.3650030      0.3173683
      60.5      0.3734248      0.3250124
      60.6      0.3810469      0.3319733
      60.7      0.3877921      0.3381816
      60.8      0.3935899      0.3435734
      60.9      0.3983774      0.3480911
      61.0      0.4020993      0.3516839
      61.1      0.4047086      0.3543080
      61.2      0.4061670      0.3559268
      61.3      0.4064446      0.3565114
      61.4      0.4055209      0.3560404
      61.5      0.4033839      0.3545006
      61.6      0.4000310      0.3518867
      61.7      0.3954687      0.3482012
      61.8      0.3897123      0.3434548
      61.9      0.3827859      0.3376658
      62.0      0.3747225      0.3308604
      62.1      0.3655631      0.3230721
      62.2      0.3553569      0.3143420
      62.3      0.3441606      0.3047176
      62.4      0.3320381      0.2942533
      62.5      0.3190599      0.2830096
      62.6      0.3053027      0.2710525
      62.7      0.2908489      0.2584533
      62.8      0.2757854      0.2452880
      62.9      0.2602037      0.2316366
      63.0      0.2441988      0.2175827
      63.1      0.2278686      0.2032126
      63.2      0.2113131      0.1886151
      63.3      0.1946338      0.1738803
      63.4      0.1779328      0.1590994
      63.5      0.1613122      0.1443638
      63.6      0.1448732      0.1297646
      63.7      0.1287156      0.1153918
      63.8      0.1129368      0.1013335
      63.9      0.0976314      0.0876757
      64.0      0.0828903      0.0745013
      64.1      0.0688000      0.0618895
      64.2      0.0554423      0.0499157
      64.3      0.0428934      0.0386503
      64.4      0.0312237      0.0281586
      64.5      0.0204970      0.0185003
      64.6      0.0107701      0.0097290
      64.7      0.0020925      0.0018918
      64.8     -0.0054936     -0.0049708
      64.9     -0.0119544     -0.0108255
      65.0     -0.0172638     -0.0156464
      65.1     -0.0214043     -0.0194147
      65.2     -0.0243666     -0.0221194
      65.3     -0.0261497     -0.0237572
      65.4     -0.0267613     -0.0243323
      65.5     -0.0262171     -0.0238566
      65.6     -0.0245412     -0.0223493
      65.7     -0.0217654     -0.0198371
      65.8     -0.0179294     -0.0163538
      65.9     -0.0130801     -0.0119399
      66.0     -0.0072714     -0.0066428
      66.1     -0.0005640     -0.0005157
      66.2      0.0069755      0.0063823
      66.3      0.0152749      0.0139867
      66.4      0.0242568      0.0222281
      66.5      0.0338395      0.0310328
      66.6      0.0439372      0.0403235
      66.7      0.0544610      0.0500195
      66.8      0.0653194      0.0600374
      66.9      0.0764190      0.0702919
      67.0      0.0876653      0.0806963
      67.1      0.0989630      0.0911632
      67.2      0.1102171      0.1016051
      67.3      0.1213335      0.1119348
      67.4      0.1322196      0.1220665
      67.5      0.1427850      0.1319161
      67.6      0.1529421      0.1414020
      67.7      0.1626067      0.1504453
      67.8      0.1716988      0.1589709
      67.9      0.1801431      0.1669077
      68.0      0.1878691      0.1741892
      68.1      0.1948124      0.1807540
      68.2      0.2009144      0.1865462
      68.3      0.2061230      0.1915156
      68.4      0.2103932      0.1956186
      68.5      0.2136867      0.1988179
      68.6      0.2159731      0.2010831
      68.7      0.2172293      0.2023907
      68.8      0.2174400      0.2027245
      68.9      0.2165977      0.2020755
      69.0      0.2147026      0.2004422
      69.1      0.2117631      0.1978300
      69.2      0.2077949      0.1942520
      69.3      0.2028215      0.1897282
      69.4      0.1968737      0.1842855
      69.5      0.1899894      0.1779578
      69.6      0.1822133      0.1707853
      69.7      0.1735968      0.1628145
      69.8      0.1641969      0.1540977
      69.9      0.1540768      0.1446926
      70.0      0.1433044      0.1346621
      70.1      0.1319525      0.1240733
      70.2      0.1200977      0.1129977
      70.3      0.1078206      0.1015099
      70.4      0.0952042      0.0896878
      70.5      0.0823341      0.0776115
      70.6      0.0692975      0.0653630
      70.7      0.0561827      0.0530253
      70.8      0.0430782      0.0406821
      70.9      0.0300725      0.0284169
      71.0      0.0172529      0.0163129
      71.1      0.0047053      0.0044517
      71.2     -0.0074864     -0.0070870
      71.3     -0.0192413     -0.0182256
      71.4     -0.0304818     -0.0288897
      71.5     -0.0411342     -0.0390085
      71.6     -0.0511290     -0.0485151
      71.7     -0.0604020     -0.0573472
      71.8     -0.0688941     -0.0654475
      71.9     -0.0765520     -0.0727639
      72.0     -0.0833287     -0.0792503
      72.1     -0.0891834     -0.0848664
      72.2     -0.0940824     -0.0895786
      72.3     -0.0979986     -0.0933595
      72.4     -0.1009123     -0.0961887
      72.5     -0.1028110     -0.0980526
      72.6     -0.1036895     -0.0989447
      72.7     -0.1035499     -0.0988654
      72.8     -0.1024018     -0.0978223
      72.9     -0.1002619     -0.0958296
      73.0     -0.0971537     -0.0929086
      73.1     -0.0931081     -0.0890871
      73.2     -0.0881623     -0.0843995
      73.3     -0.0823598     -0.0788861
      73.4     -0.0757503     -0.0725932
      73.5     -0.0683890     -0.0655727
      73.6     -0.0603362     -0.0578814
      73.7     -0.0516573     -0.0495809
      73.8     -0.0424215     -0.0407371
      73.9     -0.0327021     -0.0314195
      74.0     -0.0225754     -0.0217009
      74.1     -0.0121204     -0.0116567
      74.2     -0.0014181     -0.0013646
      74.3      0.0094490      0.0090964
      74.4      0.0203975      0.0196461
      74.5      0.0313440      0.0302040
      74.6      0.0422052      0.0406898
      74.7      0.0528989      0.0510241
      74.8      0.0633445      0.0611285
      74.9      0.0734635      0.0709270
      75.0      0.0831801      0.0803458
      75.1      0.0924217      0.0893141
      75.2      0.1011197      0.0977649
      75.3      0.1092096      0.1056349
      75.4      0.1166316      0.1128654
      75.5      0.1233310      0.1194026
      75.6      0.1292589      0.1251980
      75.7      0.1343718      0.1302084
      75.8      0.1386329      0.1343970
      75.9      0.1420113      0.1377328
      76.0      0.1444831      0.1401913
      76.1      0.1460308      0.1417545
      76.2      0.1466441      0.1424111
      76.3      0.1463195      0.1421565
      76.4      0.1450603      0.1409929
      76.5      0.1428768      0.1389291
      76.6      0.1397861      0.1359806
      76.7      0.1358119      0.1321693
      76.8      0.1309844      0.1275236
      76.9      0.1253398      0.1220780
      77.0      0.1189205      0.1158726
      77.1      0.1117742      0.1089532
      77.2      0.1039541      0.1013708
      77.3      0.0955180      0.0931811
      77.4      0.0865282      0.0844443
      77.5      0.0770509      0.0752245
      77.6      0.0671556      0.0655890
      77.7      0.0569149      0.0556084
      77.8      0.0464036      0.0453556
      77.9      0.0356983      0.0349052
      78.0      0.0248770      0.0243334
      78.1      0.0140182      0.0137170
      78.2      0.0032006      0.0031330
      78.3     -0.0074977     -0.0073419
      78.4     -0.0179996     -0.0176320
      78.5     -0.0282296     -0.0276629
      78.6     -0.0381143     -0.0373624
      78.7     -0.0475833     -0.0466608
      78.8     -0.0565689     -0.0554916
      78.9     -0.0650076     -0.0637915
      79.0     -0.0728397     -0.0715015
      79.1     -0.0800103     -0.0785668
      79.2     -0.0864692     -0.0849376
      79.3     -0.0921719     -0.0905692
      79.4     -0.0970790     -0.0954224
      79.5     -0.1011576     -0.0994637
      79.6     -0.1043805     -0.1026657
      79.7     -0.1067269     -0.1050070
      79.8     -0.1081826     -0.1064728
      79.9     -0.1087397     -0.1070546
      80.0     -0.1083971     -0.1067503
      80.1     -0.1071601     -0.1055645
      80.2     -0.1050407     -0.1035079
      80.3     -0.1020571     -0.1005980
      80.4     -0.0982339     -0.0968582
      80.5     -0.0936017     -0.0923180
      80.6     -0.0881969     -0.0870126
      80.7     -0.0820617     -0.0809830
      80.8     -0.0752431     -0.0742752
      80.9     -0.0677934     -0.0669401
      81.0     -0.0597691     -0.0590332
      81.1     -0.0512308     -0.0506140
      81.2     -0.0422428     -0.0417456
      81.3     -0.0328726     -0.0324943
      81.4     -0.0231900     -0.0229292
      81.5     -0.0132672     -0.0131215
      81.6     -0.0031780     -0.0031439
      81.7      0.0070030      0.0069297
      81.8      0.0172005      0.0170247
      81.9      0.0273394      0.0270666
      82.0      0.0373450      0.0369816
      82.1      0.0471440      0.0466966
      82.2      0.0566646      0.0561404
      82.3      0.0658373      0.0652437
      82.4      0.0745953      0.0739400
      82.5      0.0828748      0.0821658
      82.6      0.0906160      0.0898613
      82.7      0.0977628      0.0969704
      82.8      0.1042638      0.1034416
      82.9      0.1100724      0.1092283
      83.0      0.1151470      0.1142887
      83.1      0.1194517      0.1185866
      83.2      0.1229562      0.1220913
      83.3      0.1256360      0.1247780
      83.4      0.1274728      0.1266280
      83.5      0.1284546      0.1276288
      83.6      0.1285753      0.1277740
      83.7      0.1278355      0.1270635
      83.8      0.1262419      0.1255035
      83.9      0.1238074      0.1231064
      84.0      0.1205511      0.1198907
      84.1      0.1164979      0.1158808
      84.2      0.1116787      0.1111069
      84.3      0.1061296      0.1056049
      84.4      0.0998924      0.0994156
      84.5      0.0930133      0.0925851
      84.6      0.0855436      0.0851639
      84.7      0.0775383      0.0772068
      84.8      0.0690567      0.0687724
      84.9      0.0601609      0.0599227
      85.0      0.0509164      0.0507227
      85.1      0.0413908      0.0412395
      85.2      0.0316537      0.0315426
      85.3      0.0217760      0.0217027
      85.4      0.0118296      0.0117915
      85.5      0.0018866      0.0018808
      85.6     -0.0079808     -0.0079573
      85.7     -0.0177014     -0.0176516
      85.8     -0.0272052     -0.0271322
      85.9     -0.0364238     -0.0363306
      86.0     -0.0452911     -0.0451807
      86.1     -0.0537436     -0.0536192
      86.2     -0.0617212     -0.0615855
      86.3     -0.0691672     -0.0690231
      86.4     -0.0760290     -0.0758790
      86.5     -0.0822583     -0.0821049
      86.6     -0.0878116     -0.0876571
      86.7     -0.0926504     -0.0924968
      86.8     -0.0967415     -0.0965906
      86.9     -0.1000571     -0.0999107
      87.0     -0.1025755     -0.1024349
      87.1     -0.1042804     -0.1041468
      87.2     -0.1051618     -0.1050362
      87.3     -0.1052156     -0.1050988
      87.4     -0.1044439     -0.1043364
      87.5     -0.1028547     -0.1027568
      87.6     -0.1004619     -0.1003738
      87.7     -0.0972854     -0.0972070
      87.8     -0.0933507     -0.0932819
      87.9     -0.0886889     -0.0886293
      88.0     -0.0833361     -0.0832854
      88.1     -0.0773337     -0.0772912
      88.2     -0.0707276     -0.0706927
      88.3     -0.0635680     -0.0635401
      88.4     -0.0559092     -0.0558874
      88.5     -0.0478087     -0.0477924
      88.6     -0.0393276     -0.0393159
      88.7     -0.0305293     -0.0305215
      88.8     -0.0214796     -0.0214749
      88.9     -0.0122459     -0.0122436
      89.0     -0.0028968     -0.0028964
      89.1      0.0064982      0.0064974
      89.2      0.0158697      0.0158681
      89.3      0.0251482      0.0251464
      89.4      0.0342655      0.0342636
      89.5      0.0431541      0.0431525
      89.6      0.0517489      0.0517477
      89.7      0.0599867      0.0599859
      89.8      0.0678071      0.0678067
      89.9      0.0751529      0.0751528
      90.0      0.0819704      0.0819704
      90.1      0.0882100      0.0882099
      90.2      0.0938263      0.0938257
      90.3      0.0987784      0.0987771
      90.4      0.1030307      0.1030282
      90.5      0.1065525      0.1065485
      90.6      0.1093186      0.1093126
      90.7      0.1113092      0.1113009
      90.8      0.1125105      0.1124995
      90.9      0.1129142      0.1129003
      91.0      0.1125181      0.1125010
      91.1      0.1113257      0.1113052
      91.2      0.1093464      0.1093224
      91.3      0.1065952      0.1065677
      91.4      0.1030929      0.1030621
      91.5      0.0988656      0.0988317
      91.6      0.0939449      0.0939083
      91.7      0.0883671      0.0883282
      91.8      0.0821736      0.0821331
      91.9      0.0754099      0.0753685
      92.0      0.0681259      0.0680844
      92.1      0.0603750      0.0603345
      92.2      0.0522141      0.0521756
      92.3      0.0437028      0.0436676
      92.4      0.0349036      0.0348729
      92.5      0.0258805      0.0258558
      92.6      0.0166993      0.0166821
      92.7      0.0074270      0.0074187
      92.8     -0.0018691     -0.0018669
      92.9     -0.0111215     -0.0111072
      93.0     -0.0202630     -0.0202352
      93.1     -0.0292275     -0.0291847
      93.2     -0.0379501     -0.0378909
      93.3     -0.0463679     -0.0462910
      93.4     -0.0544203     -0.0543245
      93.5     -0.0620493     -0.0619336
      93.6     -0.0692002     -0.0690637
      93.7     -0.0758219     -0.0756639
      93.8     -0.0818670     -0.0816870
      93.9     -0.0872926     -0.0870905
      94.0     -0.0920604     -0.0918361
      94.1     -0.0961366     -0.0958906
      94.2     -0.0994929     -0.0992257
      94.3     -0.1021061     -0.1018187
      94.4     -0.1039585     -0.1036521
      94.5     -0.1050378     -0.1047140
      94.6     -0.1053376     -0.1049983
      94.7     -0.1048570     -0.1045045
      94.8     -0.1036010     -0.1032376
      94.9     -0.1015799     -0.1012087
      95.0     -0.0988100     -0.0984340
      95.1     -0.0953126     -0.0949352
      95.2     -0.0911146     -0.0907396
      95.3     -0.0862477     -0.0858790
      95.4     -0.0807488     -0.0803904
      95.5     -0.0746590     -0.0743153
      95.6     -0.0680237     -0.0676991
      95.7     -0.0608925     -0.0605914
      95.8     -0.0533181     -0.0530452
      95.9     -0.0453568     -0.0451166
      96.0     -0.0370673     -0.0368643
      96.1     -0.0285109     -0.0283494
      96.2     -0.0197504     -0.0196349
      96.3     -0.0108504     -0.0107848
      96.4     -0.0018761     -0.0018644
      96.5      0.0071067      0.0070610
      96.6      0.0160321      0.0159259
      96.7      0.0248351      0.0246654
      96.8      0.0334511      0.0332158
      96.9      0.0418176      0.0415147
      97.0      0.0498735      0.0495017
      97.1      0.0575602      0.0571189
      97.2      0.0648221      0.0643110
      97.3      0.0716065      0.0710260
      97.4      0.0778642      0.0772157
      97.5      0.0835502      0.0828354
      97.6      0.0886235      0.0878450
      97.7      0.0930477      0.0922087
      97.8      0.0967913      0.0958957
      97.9      0.0998275      0.0988800
      98.0      0.1021349      0.1011410
      98.1      0.1036976      0.1026631
      98.2      0.1045048      0.1034364
      98.3      0.1045515      0.1034564
      98.4      0.1038382      0.1027242
      98.5      0.1023708      0.1012463
      98.6      0.1001608      0.0990346
      98.7      0.0972252      0.0961066
      98.8      0.0935862      0.0924846
      98.9      0.0892710      0.0881962
      99.0      0.0843119      0.0832739
      99.1      0.0787457      0.0777546
      99.2      0.0726136      0.0716795
      99.3      0.0659609      0.0650939
      99.4      0.0588368      0.0580467
      99.5      0.0512937      0.0505902
      99.6      0.0433870      0.0427794
      99.7      0.0351747      0.0346719
      99.8      0.0267172      0.0263273
      99.9      0.0180763      0.0178071
     100.0      0.0093152      0.0091736
     100.1      0.0004979      0.0004902
     100.2     -0.0083113     -0.0081799
     100.3     -0.0170480     -0.0167733
     100.4     -0.0256488     -0.0252274
     100.5     -0.0340509     -0.0334808
     100.6     -0.0421935     -0.0414735
     100.7     -0.0500174     -0.0491477
     100.8     -0.0574658     -0.0564480
     100.9     -0.0644850     -0.0633216
     101.0     -0.0710241     -0.0697192
     101.1     -0.0770360     -0.0755949
     101.2     -0.0824775     -0.0809067
     101.3     -0.0873094     -0.0856168
     101.4     -0.0914971     -0.0896920
     101.5     -0.0950109     -0.0931035
     101.6     -0.0978257     -0.0958277
     101.7     -0.0999219     -0.0978458
     101.8     -0.1012848     -0.0991444
     101.9     -0.1019054     -0.0997153
     102.0     -0.1017797     -0.0995556
     102.1     -0.1009096     -0.0986677
     102.2     -0.0993021     -0.0970594
     102.3     -0.0969697     -0.0947438
     102.4     -0.0939301     -0.0917389
     102.5     -0.0902063     -0.0880681
     102.6     -0.0858261     -0.0837591
     102.7     -0.0808220     -0.0788447
     102.8     -0.0752313     -0.0733617
     102.9     -0.0690952     -0.0673513
     103.0     -0.0624591     -0.0608582
     103.1     -0.0553717     -0.0539308
     103.2     -0.0478854     -0.0466202
     103.3     -0.0400550     -0.0389807
     103.4     -0.0319380     -0.0310685
     103.5     -0.0235938     -0.0229419
     103.6     -0.0150836     -0.0146606
     103.7     -0.0064695     -0.0062854
     103.8      0.0021856      0.0021225
     103.9      0.0108184      0.0105016
     104.0      0.0193661      0.0187908
     104.1      0.0277663      0.0269298
     104.2      0.0359581      0.0348594
     104.3      0.0438817      0.0425221
     104.4      0.0514798      0.0498625
     104.5      0.0586972      0.0568275
     104.6      0.0654815      0.0633671
     104.7      0.0717838      0.0694342
     104.8      0.0775585      0.0749854
     104.9      0.0827640      0.0799812
     105.0      0.0873628      0.0843860
     105.1      0.0913220      0.0881688
     105.2      0.0946131      0.0913032
     105.3      0.0972129      0.0937675
     105.4      0.0991030      0.0955447
     105.5      0.1002702      0.0966234
     105.6      0.1007066      0.0969968
     105.7      0.1004097      0.0966636
     105.8      0.0993822      0.0956274
     105.9      0.0976324      0.0938971
     106.0      0.0951735      0.0914866
     106.1      0.0920241      0.0884148
     106.2      0.0882077      0.0847053
     106.3      0.0837527      0.0803863
     106.4      0.0786921      0.0754905
     106.5      0.0730634      0.0700546
     106.6      0.0669080      0.0641194
     106.7      0.0602712      0.0577291
     106.8      0.0532017      0.0509311
     106.9      0.0457516      0.0437758
     107.0      0.0379754      0.0363160
     107.1      0.0299300      0.0286069
     107.2      0.0216743      0.0207050
     107.3      0.0132686      0.0126683
     107.4      0.0047744      0.0045559
     107.5     -0.0037465     -0.0035731
     107.6     -0.0122318     -0.0116592
     107.7     -0.0206198     -0.0196436
     107.8     -0.0288493     -0.0274683
     107.9     -0.0368607     -0.0350764
     108.0     -0.0445956     -0.0424129
     108.1     -0.0519979     -0.0494248
     108.2     -0.0590139     -0.0560616
     108.3     -0.0655929     -0.0622755
     108.4     -0.0716871     -0.0680222
     108.5     -0.0772526     -0.0732605
     108.6     -0.0822493     -0.0779533
     108.7     -0.0866412     -0.0820674
     108.8     -0.0903967     -0.0855740
     108.9     -0.0934890     -0.0884486
     109.0     -0.0958961     -0.0906715
     109.1     -0.0976009     -0.0922279
     109.2     -0.0985917     -0.0931077
     109.3     -0.0988617     -0.0933058
     109.4     -0.0984096     -0.0928222
     109.5     -0.0972392     -0.0916617
     109.6     -0.0953596     -0.0898343
     109.7     -0.0927851     -0.0873545
     109.8     -0.0895350     -0.0842418
     109.9     -0.0856335     -0.0805202
     110.0     -0.0811095     -0.0762180
     110.1     -0.0759966     -0.0713680
     110.2     -0.0703324     -0.0660065
     110.3     -0.0641587     -0.0601738
     110.4     -0.0575209     -0.0539133
     110.5     -0.0504678     -0.0472718
     110.6     -0.0430510     -0.0402983
     110.7     -0.0353250     -0.0330445
     110.8     -0.0273463     -0.0255640
     110.9     -0.0191733     -0.0179118
     111.0     -0.0108658     -0.0101441
     111.1     -0.0024844     -0.0023179
     111.2      0.0059096      0.0055097
     111.3      0.0142550      0.0132813
     111.4      0.0224911      0.0209405
     111.5      0.0305577      0.0284314
     111.6      0.0383962      0.0356999
     111.7      0.0459495      0.0426932
     111.8      0.0531627      0.0493608
     111.9      0.0599835      0.0556549
     112.0      0.0663624      0.0615301
     112.1      0.0722531      0.0669445
     112.2      0.0776129      0.0718595
     112.3      0.0824032      0.0762402
     112.4      0.0865893      0.0800558
     112.5      0.0901412      0.0832796
     112.6      0.0930332      0.0858892
     112.7      0.0952449      0.0878670
     112.8      0.0967604      0.0891998
     112.9      0.0975691      0.0898792
     113.0      0.0976656      0.0899017
     113.1      0.0970497      0.0892684
     113.2      0.0957262      0.0879854
     113.3      0.0937054      0.0860634
     113.4      0.0910023      0.0835178
     113.5      0.0876372      0.0803685
     113.6      0.0836349      0.0766399
     113.7      0.0790251      0.0723603
     113.8      0.0738417      0.0675622
     113.9      0.0681231      0.0622818
     114.0      0.0619111      0.0565586
     114.1      0.0552515      0.0504354
     114.2      0.0481930      0.0439578
     114.3      0.0407875      0.0371738
     114.4      0.0330891      0.0301337
     114.5      0.0251543      0.0228895
     114.6      0.0170411      0.0154944
     114.7      0.0088088      0.0080028
     114.8      0.0005175      0.0004697
     114.9     -0.0077723     -0.0070498
     115.0     -0.0159999     -0.0145008
     115.1     -0.0241054     -0.0218291
     115.2     -0.0320297     -0.0289814
     115.3     -0.0397152     -0.0359058
     115.4     -0.0471057     -0.0425522
     115.5     -0.0541475     -0.0488727
     115.6     -0.0607895     -0.0548219
     115.7     -0.0669832     -0.0603571
     115.8     -0.0726839     -0.0654387
     115.9     -0.0778501     -0.0700307
     116.0     -0.0824444     -0.0741006
     116.1     -0.0864336     -0.0776198
     116.2     -0.0897888     -0.0805638
     116.3     -0.0924860     -0.0829124
     116.4     -0.0945057     -0.0846498
     116.5     -0.0958335     -0.0857647
     116.6     -0.0964602     -0.0862503
     116.7     -0.0963815     -0.0861044
     116.8     -0.0955983     -0.0853297
     116.9     -0.0941167     -0.0839331
     117.0     -0.0919480     -0.0819263
     117.1     -0.0891082     -0.0793253
     117.2     -0.0856185     -0.0761505
     117.3     -0.0815047     -0.0724265
     117.4     -0.0767971     -0.0681816
     117.5     -0.0715303     -0.0634482
     117.6     -0.0657433     -0.0582619
     117.7     -0.0594784     -0.0526618
     117.8     -0.0527817     -0.0466897
     117.9     -0.0457023     -0.0403901
     118.0     -0.0382921     -0.0338099
     118.1     -0.0306054     -0.0269978
     118.2     -0.0226985     -0.0200043
     118.3     -0.0146294     -0.0128808
     118.4     -0.0064570     -0.0056799
     118.5      0.0017589      0.0015458
     118.6      0.0099582      0.0087431
     118.7      0.0180810      0.0158597
     118.8      0.0260679      0.0228434
     118.9      0.0338606      0.0296437
     119.0      0.0414022      0.0362111
     119.1      0.0486376      0.0424982
     119.2      0.0555142      0.0484595
     119.3      0.0619817      0.0540523
     119.4      0.0679929      0.0592364
     119.5      0.0735043      0.0639749
     119.6      0.0784755      0.0682340
     119.7      0.0828704      0.0719839
     119.8      0.0866572      0.0751981
     119.9      0.0898083      0.0778545
     120.0      0.0923008      0.0799349
     120.1      0.0941169      0.0814254
     120.2      0.0952434      0.0823164
     120.3      0.0956722      0.0826030
     120.4      0.0954006      0.0822843
     120.5      0.0944307      0.0813642
     120.6      0.0927698      0.0798508
     120.7      0.0904302      0.0777566
     120.8      0.0874294      0.0750983
     120.9      0.0837893      0.0718967
     121.0      0.0795370      0.0681765
     121.1      0.0747035      0.0639662
     121.2      0.0693246      0.0592978
     121.3      0.0634396      0.0542065
     121.4      0.0570918      0.0487307
     121.5      0.0503277      0.0429114
     121.6      0.0431970      0.0367921
     121.7      0.0357520      0.0304182
     121.8      0.0280471      0.0238370
     121.9      0.0201389      0.0170974
     122.0      0.0120854      0.0102490
     122.1      0.0039454      0.0033423
     122.2     -0.0042213     -0.0035720
     122.3     -0.0123550     -0.0104432
     122.4     -0.0203962     -0.0172211
     122.5     -0.0282859     -0.0238561
     122.6     -0.0359665     -0.0303001
     122.7     -0.0433817     -0.0365062
     122.8     -0.0504772     -0.0424295
     122.9     -0.0572012     -0.0480273
     123.0     -0.0635044     -0.0532593
     123.1     -0.0693408     -0.0580881
     123.2     -0.0746676     -0.0624792
     123.3     -0.0794459     -0.0664015
     123.4     -0.0836408     -0.0698273
     123.5     -0.0872216     -0.0727328
     123.6     -0.0901621     -0.0750979
     123.7     -0.0924409     -0.0769066
     123.8     -0.0940413     -0.0781468
     123.9     -0.0949516     -0.0788110
     124.0     -0.0951653     -0.0788956
     124.1     -0.0946808     -0.0784014
     124.2     -0.0935017     -0.0773334
     124.3     -0.0916367     -0.0757009
     124.4     -0.0890994     -0.0735172
     124.5     -0.0859087     -0.0707996
     124.6     -0.0820877     -0.0675694
     124.7     -0.0776646     -0.0638515
     124.8     -0.0726717     -0.0596743
     124.9     -0.0671458     -0.0550698
     125.0     -0.0611273     -0.0500725
     125.1     -0.0546603     -0.0447203
     125.2     -0.0477922     -0.0390532
     125.3     -0.0405735     -0.0331135
     125.4     -0.0330569     -0.0269456
     125.5     -0.0252977     -0.0205953
     125.6     -0.0173527     -0.0141095
     125.7     -0.0092802     -0.0075363
     125.8     -0.0011394     -0.0009241
     125.9      0.0070101      0.0056785
     126.0      0.0151084      0.0122230
     126.1      0.0230961      0.0186615
     126.2      0.0309147      0.0249469
     126.3      0.0385067      0.0310336
     126.4      0.0458164      0.0368773
     126.5      0.0527902      0.0424357
     126.6      0.0593767      0.0476687
     126.7      0.0655278      0.0525386
     126.8      0.0711980      0.0570105
     126.9      0.0763458      0.0610526
     127.0      0.0809333      0.0646362
     127.1      0.0849267      0.0677361
     127.2      0.0882965      0.0703308
     127.3      0.0910180      0.0724024
     127.4      0.0930709      0.0739369
     127.5      0.0944401      0.0749244
     127.6      0.0951154      0.0753590
     127.7      0.0950916      0.0752387
     127.8      0.0943688      0.0745660
     127.9      0.0929520      0.0733470
     128.0      0.0908515      0.0715920
     128.1      0.0880825      0.0693152
     128.2      0.0846651      0.0665346
     128.3      0.0806242      0.0632720
     128.4      0.0759893      0.0595524
     128.5      0.0707943      0.0554042
     128.6      0.0650771      0.0508591
     128.7      0.0588796      0.0459514
     128.8      0.0522470      0.0407180
     128.9      0.0452279      0.0351983
     129.0      0.0378738      0.0294334
     129.1      0.0302385      0.0234664
     129.2      0.0223780      0.0173417
     129.3      0.0143499      0.0111046
     129.4      0.0062133      0.0048012
     129.5     -0.0019723     -0.0015219
     129.6     -0.0101467     -0.0078181
     129.7     -0.0182497     -0.0140413
     129.8     -0.0262219     -0.0201459
     129.9     -0.0340047     -0.0260872
     130.0     -0.0415406     -0.0318220
     130.1     -0.0487743     -0.0373085
     130.2     -0.0556524     -0.0425071
     130.3     -0.0621242     -0.0473801
     130.4     -0.0681419     -0.0518926
     130.5     -0.0736610     -0.0560122
     130.6     -0.0786407     -0.0597096
     130.7     -0.0830441     -0.0629586
     130.8     -0.0868385     -0.0657363
     130.9     -0.0899957     -0.0680236
     131.0     -0.0924920     -0.0698046
     131.1     -0.0943088     -0.0710676
     131.2     -0.0954321     -0.0718046
     131.3     -0.0958535     -0.0720113
     131.4     -0.0955692     -0.0716875
     131.5     -0.0945809     -0.0708369
     131.6     -0.0928955     -0.0694671
     131.7     -0.0905248     -0.0675893
     131.8     -0.0874858     -0.0652185
     131.9     -0.0838004     -0.0623736
     132.0     -0.0794952     -0.0590764
     132.1     -0.0746014     -0.0553524
     132.2     -0.0691546     -0.0512301
     132.3     -0.0631945     -0.0467406
     132.4     -0.0567644     -0.0419179
     132.5     -0.0499113     -0.0367984
     132.6     -0.0426852     -0.0314205
     132.7     -0.0351391     -0.0258242
     132.8     -0.0273281     -0.0200514
     132.9     -0.0193095     -0.0141450
     133.0     -0.0111421     -0.0081488
     133.1     -0.0028858     -0.0021071
     133.2      0.0053987      0.0039355
     133.3      0.0136505      0.0099345
     133.4      0.0218089      0.0158458
     133.5      0.0298137      0.0216261
     133.6      0.0376060      0.0272332
     133.7      0.0451282      0.0326262
     133.8      0.0523248      0.0377659
     133.9      0.0591424      0.0426151
     134.0      0.0655306      0.0471388
     134.1      0.0714420      0.0513044
     134.2      0.0768325      0.0550821
     134.3      0.0816621      0.0584450
     134.4      0.0858946      0.0613693
     134.5      0.0894983      0.0638347
     134.6      0.0924459      0.0658239
     134.7      0.0947152      0.0673235
     134.8      0.0962887      0.0683236
     134.9      0.0971540      0.0688181
     135.0      0.0973041      0.0688044
     135.1      0.0967371      0.0682840
     135.2      0.0954563      0.0672618
     135.3      0.0934703      0.0657465
     135.4      0.0907930      0.0637506
     135.5      0.0874432      0.0612898
     135.6      0.0834449      0.0583833
     135.7      0.0788266      0.0550537
     135.8      0.0736216      0.0513264
     135.9      0.0678676      0.0472299
     136.0      0.0616062      0.0427952
     136.1      0.0548828      0.0380558
     136.2      0.0477463      0.0330473
     136.3      0.0402488      0.0278072
     136.4      0.0324449      0.0223746
     136.5      0.0243917      0.0167902
     136.6      0.0161482      0.0110952
     136.7      0.0077747      0.0053320
     136.8     -0.0006674     -0.0004568
     136.9     -0.0091159     -0.0062286
     137.0     -0.0175087     -0.0119409
     137.1     -0.0257839     -0.0175517
     137.2     -0.0338806     -0.0230199
     137.3     -0.0417389     -0.0283056
     137.4     -0.0493005     -0.0333703
     137.5     -0.0565095     -0.0381773
     137.6     -0.0633123     -0.0426916
     137.7     -0.0696581     -0.0468808
     137.8     -0.0754997     -0.0507147
     137.9     -0.0807934     -0.0541660
     138.0     -0.0854993     -0.0572102
     138.1     -0.0895819     -0.0598257
     138.2     -0.0930102     -0.0619943
     138.3     -0.0957580     -0.0637011
     138.4     -0.0978040     -0.0649347
     138.5     -0.0991321     -0.0656869
     138.6     -0.0997314     -0.0659535
     138.7     -0.0995962     -0.0657337
     138.8     -0.0987265     -0.0650301
     138.9     -0.0971273     -0.0638491
     139.0     -0.0948094     -0.0622006
     139.1     -0.0917885     -0.0600977
     139.2     -0.0880857     -0.0575570
     139.3     -0.0837272     -0.0545984
     139.4     -0.0787439     -0.0512445
     139.5     -0.0731713     -0.0475210
     139.6     -0.0670495     -0.0434561
     139.7     -0.0604226     -0.0390807
     139.8     -0.0533385     -0.0344277
     139.9     -0.0458484     -0.0295321
     140.0     -0.0380068     -0.0244303
     140.1     -0.0298708     -0.0191606
     140.2     -0.0214995     -0.0137621
     140.3     -0.0129544     -0.0082748
     140.4     -0.0042977     -0.0027395
     140.5      0.0044068      0.0028031
     140.6      0.0130954      0.0083121
     140.7      0.0217040      0.0137469
     140.8      0.0301692      0.0190678
     140.9      0.0384284      0.0242358
     141.0      0.0464204      0.0292133
     141.1      0.0540860      0.0339640
     141.2      0.0613682      0.0384535
     141.3      0.0682125      0.0426494
     141.4      0.0745678      0.0465213
     141.5      0.0803864      0.0500417
     141.6      0.0856245      0.0531854
     141.7      0.0902422      0.0559302
     141.8      0.0942044      0.0582568
     141.9      0.0974806      0.0601490
     142.0      0.1000452      0.0615940
     142.1      0.1018780      0.0625822
     142.2      0.1029640      0.0631073
     142.3      0.1032935      0.0631667
     142.4      0.1028625      0.0627611
     142.5      0.1016726      0.0618944
     142.6      0.0997310      0.0605742
     142.7      0.0970501      0.0588112
     142.8      0.0936482      0.0566196
     142.9      0.0895487      0.0540165
     143.0      0.0847802      0.0510220
     143.1      0.0793763      0.0476591
     143.2      0.0733752      0.0439535
     143.3      0.0668197      0.0399331
     143.4      0.0597568      0.0356285
     143.5      0.0522372      0.0310719
     143.6      0.0443152      0.0262975
     143.7      0.0360481      0.0213409
     143.8      0.0274957      0.0162391
     143.9      0.0187204      0.0110300
     144.0      0.0097862      0.0057522
     144.1      0.0007581      0.0004446
     144.2     -0.0082974     -0.0048537
     144.3     -0.0173141     -0.0101035
     144.4     -0.0262256     -0.0152665
     144.5     -0.0349660     -0.0203049
     144.6     -0.0434708     -0.0251818
     144.7     -0.0516768     -0.0298618
     144.8     -0.0595231     -0.0343110
     144.9     -0.0669510     -0.0384972
     145.0     -0.0739051     -0.0423902
     145.1     -0.0803329     -0.0459621
     145.2     -0.0861859     -0.0491875
     145.3     -0.0914197     -0.0520433
     145.4     -0.0959942     -0.0545097
     145.5     -0.0998741     -0.0565693
     145.6     -0.1030291     -0.0582080
     145.7     -0.1054341     -0.0594149
     145.8     -0.1070696     -0.0601820
     145.9     -0.1079214     -0.0605050
     146.0     -0.1079813     -0.0603824
     146.1     -0.1072466     -0.0598163
     146.2     -0.1057207     -0.0588119
     146.3     -0.1034125     -0.0573779
     146.4     -0.1003370     -0.0555257
     146.5     -0.0965146     -0.0532700
     146.6     -0.0919714     -0.0506285
     146.7     -0.0867386     -0.0476215
     146.8     -0.0808528     -0.0442720
     146.9     -0.0743554     -0.0406056
     147.0     -0.0672924     -0.0366501
     147.1     -0.0597140     -0.0324351
     147.2     -0.0516744     -0.0279924
     147.3     -0.0432312     -0.0233552
     147.4     -0.0344454     -0.0185582
     147.5     -0.0253803     -0.0136368
     147.6     -0.0161017     -0.0086277
     147.7     -0.0066771     -0.0035679
     147.8      0.0028248      0.0015053
     147.9      0.0123345      0.0065545
     148.0      0.0217823      0.0115428
     148.1      0.0310986      0.0164337
     148.2      0.0402147      0.0211914
     148.3      0.0490631      0.0257813
     148.4      0.0575781      0.0301701
     148.5      0.0656963      0.0343262
     148.6      0.0733568      0.0382196
     148.7      0.0805020      0.0418224
     148.8      0.0870781      0.0451088
     148.9      0.0930349      0.0480556
     149.0      0.0983269      0.0506421
     149.1      0.1029132      0.0528502
     149.2      0.1067579      0.0546646
     149.3      0.1098304      0.0560732
     149.4      0.1121059      0.0570666
     149.5      0.1135651      0.0576386
     149.6      0.1141945      0.0577863
     149.7      0.1139871      0.0575096
     149.8      0.1129415      0.0568118
     149.9      0.1110627      0.0556991
     150.0      0.1083618      0.0541809
     150.1      0.1048557      0.0522693
     150.2      0.1005677      0.0499795
     150.3      0.0955264      0.0473294
     150.4      0.0897663      0.0443393
     150.5      0.0833272      0.0410323
     150.6      0.0762540      0.0374334
     150.7      0.0685964      0.0335699
     150.8      0.0604085      0.0294709
     150.9      0.0517485      0.0251671
     151.0      0.0426781      0.0206907
     151.1      0.0332624      0.0160751
     151.2      0.0235692      0.0113545
     151.3      0.0136684      0.0065639
     151.4      0.0036320      0.0017386
     151.5     -0.0064672     -0.0030859
     151.6     -0.0165553     -0.0078741
     151.7     -0.0265585     -0.0125910
     151.8     -0.0364031     -0.0172023
     151.9     -0.0460166     -0.0216744
     152.0     -0.0553278     -0.0259748
     152.1     -0.0642673     -0.0300726
     152.2     -0.0727684     -0.0339382
     152.3     -0.0807673     -0.0375440
     152.4     -0.0882035     -0.0408643
     152.5     -0.0950206     -0.0438756
     152.6     -0.1011663     -0.0465567
     152.7     -0.1065932     -0.0488889
     152.8     -0.1112588     -0.0508562
     152.9     -0.1151263     -0.0524452
     153.0     -0.1181641     -0.0536454
     153.1     -0.1203471     -0.0544492
     153.2     -0.1216559     -0.0548519
     153.3     -0.1220777     -0.0548518
     153.4     -0.1216058     -0.0544501
     153.5     -0.1202404     -0.0536510
     153.6     -0.1179878     -0.0524615
     153.7     -0.1148612     -0.0508917
     153.8     -0.1108800     -0.0489542
     153.9     -0.1060699     -0.0466643
     154.0     -0.1004628     -0.0440400
     154.1     -0.0940965     -0.0411015
     154.2     -0.0870146     -0.0378715
     154.3     -0.0792659     -0.0343744
     154.4     -0.0709044     -0.0306368
     154.5     -0.0619888     -0.0266869
     154.6     -0.0525819     -0.0225542
     154.7     -0.0427505     -0.0182697
     154.8     -0.0325647     -0.0138654
     154.9     -0.0220974     -0.0093737
     155.0     -0.0114241     -0.0048280
     155.1     -0.0006219     -0.0002618
     155.2      0.0102310      0.0042914
     155.3      0.0210553      0.0087983
     155.4      0.0317720      0.0132261
     155.5      0.0423022      0.0175424
     155.6      0.0525682      0.0217162
     155.7      0.0624939      0.0257172
     155.8      0.0720054      0.0295167
     155.9      0.0810314      0.0330876
     156.0      0.0895039      0.0364045
     156.1      0.0973585      0.0394440
     156.2      0.1045353      0.0421847
     156.3      0.1109787      0.0446077
     156.4      0.1166387      0.0466962
     156.5      0.1214702      0.0484361
     156.6      0.1254345      0.0498160
     156.7      0.1284985      0.0508270
     156.8      0.1306360      0.0514630
     156.9      0.1318270      0.0517206
     157.0      0.1320586      0.0515994
     157.1      0.1313248      0.0511016
     157.2      0.1296264      0.0502322
     157.3      0.1269713      0.0489990
     157.4      0.1233745      0.0474123
     157.5      0.1188579      0.0454849
     157.6      0.1134500      0.0432324
     157.7      0.1071861      0.0406724
     157.8      0.1001079      0.0378248
     157.9      0.0922631      0.0347116
     158.0      0.0837052      0.0313565
     158.1      0.0744932      0.0277851
     158.2      0.0646912      0.0240242
     158.3      0.0543677      0.0201023
     158.4      0.0435954      0.0160485
     158.5      0.0324508      0.0118932
     158.6      0.0210131      0.0076672
     158.7      0.0093644      0.0034016
     158.8     -0.0024116     -0.0008721
     158.9     -0.0142296     -0.0051226
     159.0     -0.0260038     -0.0093189
     159.1     -0.0376481     -0.0134305
     159.2     -0.0490770     -0.0174276
     159.3     -0.0602062     -0.0212814
     159.4     -0.0709530     -0.0249642
     159.5     -0.0812373     -0.0284499
     159.6     -0.0909816     -0.0317137
     159.7     -0.1001123     -0.0347325
     159.8     -0.1085597     -0.0374855
     159.9     -0.1162585     -0.0399534
     160.0     -0.1231489     -0.0421194
     160.1     -0.1291764     -0.0439690
     160.2     -0.1342924     -0.0454899
     160.3     -0.1384550     -0.0466725
     160.4     -0.1416285     -0.0475095
     160.5     -0.1437847     -0.0479963
     160.6     -0.1449022     -0.0481309
     160.7     -0.1449673     -0.0479138
     160.8     -0.1439736     -0.0473481
     160.9     -0.1419227     -0.0464396
     161.0     -0.1388235     -0.0451965
     161.1     -0.1346927     -0.0436293
     161.2     -0.1295546     -0.0417510
     161.3     -0.1234409     -0.0395768
     161.4     -0.1163905     -0.0371238
     161.5     -0.1084494     -0.0344115
     161.6     -0.0996701     -0.0314608
     161.7     -0.0901118     -0.0282944
     161.8     -0.0798393     -0.0249366
     161.9     -0.0689232     -0.0214128
     162.0     -0.0574391     -0.0177497
     162.1     -0.0454672     -0.0139746
     162.2     -0.0330914     -0.0101159
     162.3     -0.0203995     -0.0062021
     162.4     -0.0074816     -0.0022622
     162.5      0.0055696      0.0016748
     162.6      0.0186603      0.0055802
     162.7      0.0316954      0.0094254
     162.8      0.0445801      0.0131827
     162.9      0.0572197      0.0168249
     163.0      0.0695210      0.0203260
     163.1      0.0813926      0.0236610
     163.2      0.0927455      0.0268064
     163.3      0.1034940      0.0297401
     163.4      0.1135564      0.0324417
     163.5      0.1228551      0.0348927
     163.6      0.1313179      0.0370765
     163.7      0.1388778      0.0389784
     163.8      0.1454742      0.0405860
     163.9      0.1510530      0.0418892
     164.0      0.1555669      0.0428801
     164.1      0.1589763      0.0435530
     164.2      0.1612490      0.0439049
     164.3      0.1623609      0.0439349
     164.4      0.1622963      0.0436447
     164.5      0.1610476      0.0430381
     164.6      0.1586158      0.0421214
     164.7      0.1550105      0.0409031
     164.8      0.1502497      0.0393938
     164.9      0.1443598      0.0376064
     165.0      0.1373758      0.0355555
     165.1      0.1293405      0.0332577
     165.2      0.1203047      0.0307313
     165.3      0.1103269      0.0279963
     165.4      0.0994724      0.0250739
     165.5      0.0878136      0.0219868
     165.6      0.0754292      0.0187585
     165.7      0.0624035      0.0154136
     165.8      0.0488261      0.0119774
     165.9      0.0347911      0.0084756
     166.0      0.0203969      0.0049345
     166.1      0.0057449      0.0013801
     166.2     -0.0090608     -0.0021613
     166.3     -0.0239144     -0.0056638
     166.4     -0.0387086     -0.0091020
     166.5     -0.0533360     -0.0124510
     166.6     -0.0676895     -0.0156869
     166.7     -0.0816632     -0.0187866
     166.8     -0.0951531     -0.0217283
     166.9     -0.1080577     -0.0244914
     167.0     -0.1202792     -0.0270569
     167.1     -0.1317237     -0.0294073
     167.2     -0.1423023     -0.0315269
     167.3     -0.1519313     -0.0334015
     167.4     -0.1605336     -0.0350193
     167.5     -0.1680383     -0.0363701
     167.6     -0.1743822     -0.0374460
     167.7     -0.1795097     -0.0382410
     167.8     -0.1833735     -0.0387514
     167.9     -0.1859348     -0.0389754
     168.0     -0.1871641     -0.0389136
     168.1     -0.1870408     -0.0385686
     168.2     -0.1855540     -0.0379451
     168.3     -0.1827025     -0.0370498
     168.4     -0.1784947     -0.0358913
     168.5     -0.1729487     -0.0344804
     168.6     -0.1660925     -0.0328294
     168.7     -0.1579635     -0.0309523
     168.8     -0.1486086     -0.0288649
     168.9     -0.1380839     -0.0265842
     169.0     -0.1264542     -0.0241286
     169.1     -0.1137929     -0.0215177
     169.2     -0.1001814     -0.0187721
     169.3     -0.0857085     -0.0159132
     169.4     -0.0704699     -0.0129630
     169.5     -0.0545680     -0.0099442
     169.6     -0.0381106     -0.0068797
     169.7     -0.0212104     -0.0037925
     169.8     -0.0039845     -0.0007056
     169.9      0.0134465      0.0023581
     170.0      0.0309595      0.0053761
     170.1      0.0484295      0.0083264
     170.2      0.0657306      0.0111880
     170.3      0.0827369      0.0139403
     170.4      0.0993230      0.0165640
     170.5      0.1153656      0.0190408
     170.6      0.1307436      0.0213538
     170.7      0.1453395      0.0234874
     170.8      0.1590400      0.0254275
     170.9      0.1717369      0.0271616
     171.0      0.1833279      0.0286788
     171.1      0.1937175      0.0299701
     171.2      0.2028174      0.0310282
     171.3      0.2105474      0.0318476
     171.4      0.2168361      0.0324247
     171.5      0.2216213      0.0327577
     171.6      0.2248508      0.0328469
     171.7      0.2264825      0.0326942
     171.8      0.2264850      0.0323033
     171.9      0.2248381      0.0316800
     172.0      0.2215326      0.0308314
     172.1      0.2165709      0.0297665
     172.2      0.2099669      0.0284958
     172.3      0.2017462      0.0270312
     172.4      0.1919460      0.0253861
     172.5      0.1806146      0.0235749
     172.6      0.1678119      0.0216134
     172.7      0.1536085      0.0195182
     172.8      0.1380859      0.0173068
     172.9      0.1213354      0.0149972
     173.0      0.1034584      0.0126084
     173.1      0.0845650      0.0101594
     173.2      0.0647741      0.0076695
     173.3      0.0442123      0.0051583
     173.4      0.0230133      0.0026451
     173.5      0.0013171      0.0001491
     173.6     -0.0207311     -0.0023109
     173.7     -0.0429814     -0.0047165
     173.8     -0.0652803     -0.0070502
     173.9     -0.0874717     -0.0092951
     174.0     -0.1093979     -0.0114352
     174.1     -0.1309004     -0.0134556
     174.2     -0.1518213     -0.0153425
     174.3     -0.1720038     -0.0170834
     174.4     -0.1912938     -0.0186670
     174.5     -0.2095404     -0.0200836
     174.6     -0.2265972     -0.0213247
     174.7     -0.2423231     -0.0223835
     174.8     -0.2565836     -0.0232548
     174.9     -0.2692512     -0.0239349
     175.0     -0.2802066     -0.0244216
     175.1     -0.2893397     -0.0247145
     175.2     -0.2965498     -0.0248147
     175.3     -0.3017470     -0.0247247
     175.4     -0.3048525     -0.0244488
     175.5     -0.3057989     -0.0239927
     175.6     -0.3045317     -0.0233634
     175.7     -0.3010086     -0.0225692
     175.8     -0.2952007     -0.0216200
     175.9     -0.2870925     -0.0205264
     176.0     -0.2766820     -0.0193004
     176.1     -0.2639811     -0.0179548
     176.2     -0.2490154     -0.0165032
     176.3     -0.2318245     -0.0149602
     176.4     -0.2124613     -0.0133406
     176.5     -0.1909925     -0.0116598
     176.6     -0.1674976     -0.0099337
     176.7     -0.1420693     -0.0081781
     176.8     -0.1148121     -0.0064090
     176.9     -0.0858427     -0.0046423
     177.0     -0.0552887     -0.0028936
     177.1     -0.0232882     -0.0011782
     177.2      0.0100108      0.0004890
     177.3      0.0444517      0.0020940
     177.4      0.0798696      0.0036231
     177.5      0.1160927      0.0050639
     177.6      0.1529431      0.0064046
     177.7      0.1902376      0.0076346
     177.8      0.2277892      0.0087443
     177.9      0.2654078      0.0097255
     178.0      0.3029016      0.0105711
     178.1      0.3400778      0.0112753
     178.2      0.3767444      0.0118338
     178.3      0.4127106      0.0122436
     178.4      0.4477883      0.0125030
     178.5      0.4817935      0.0126119
     178.6      0.5145466      0.0125715
     178.7      0.5458742      0.0123844
     178.8      0.5756100      0.0120547
     178.9      0.6035952      0.0115875
     179.0      0.6296805      0.0109894
     179.1      0.6537259      0.0102683
     179.2      0.6756023      0.0094329
     179.3      0.6951919      0.0084932
     179.4      0.7123892      0.0074600
     179.5      0.7271013      0.0063451
     179.6      0.7392487      0.0051609
     179.7      0.7487656      0.0039205
     179.8      0.7556005      0.0026375
     179.9      0.7597163      0.0013260
     180.0      0.7610907      0.0000000
