 # List of d(q) for j, j' =            7          32
 #    0  1.00000000
 #    1  0.27595145
 #    2  0.30235137
 #    3  0.11006748
 #    4  0.16586420
 #    5  0.06661623
 #    6  0.11504403
 #    7  0.04605713
 #    8  0.09055482
 #    9  0.03493058
 #   10  0.07683100
 #   11  0.02620015
 #   12  0.07033850
 #   13  0.01835830
 #   14  0.08215665
       0.0     18.6249412      0.0000000
       0.1     18.6237585      0.0325046
       0.2     18.6202108      0.0649967
       0.3     18.6142992      0.0974638
       0.4     18.6060257      0.1298935
       0.5     18.5953931      0.1622734
       0.6     18.5824049      0.1945909
       0.7     18.5670654      0.2268339
       0.8     18.5493797      0.2589898
       0.9     18.5293537      0.2910464
       1.0     18.5069939      0.3229916
       1.1     18.4823078      0.3548130
       1.2     18.4553036      0.3864987
       1.3     18.4259902      0.4180366
       1.4     18.3943773      0.4494147
       1.5     18.3604753      0.4806212
       1.6     18.3242956      0.5116444
       1.7     18.2858500      0.5424725
       1.8     18.2451513      0.5730941
       1.9     18.2022128      0.6034976
       2.0     18.1570488      0.6336719
       2.1     18.1096741      0.6636056
       2.2     18.0601044      0.6932878
       2.3     18.0083560      0.7227076
       2.4     17.9544458      0.7518542
       2.5     17.8983917      0.7807169
       2.6     17.8402120      0.8092853
       2.7     17.7799259      0.8375492
       2.8     17.7175530      0.8654984
       2.9     17.6531139      0.8931229
       3.0     17.5866296      0.9204131
       3.1     17.5181219      0.9473592
       3.2     17.4476132      0.9739520
       3.3     17.3751264      1.0001822
       3.4     17.3006852      1.0260409
       3.5     17.2243137      1.0515192
       3.6     17.1460370      1.0766086
       3.7     17.0658802      1.1013006
       3.8     16.9838696      1.1255873
       3.9     16.9000315      1.1494606
       4.0     16.8143932      1.1729128
       4.1     16.7269823      1.1959365
       4.2     16.6378270      1.2185245
       4.3     16.5469559      1.2406697
       4.4     16.4543984      1.2623655
       4.5     16.3601841      1.2836052
       4.6     16.2643432      1.3043828
       4.7     16.1669063      1.3246922
       4.8     16.0679047      1.3445276
       4.9     15.9673698      1.3638836
       5.0     15.8653337      1.3827549
       5.1     15.7618288      1.4011367
       5.2     15.6568878      1.4190241
       5.3     15.5505440      1.4364129
       5.4     15.4428310      1.4532988
       5.5     15.3337827      1.4696779
       5.6     15.2234333      1.4855468
       5.7     15.1118176      1.5009019
       5.8     14.9989703      1.5157404
       5.9     14.8849269      1.5300594
       6.0     14.7697227      1.5438564
       6.1     14.6533937      1.5571293
       6.2     14.5359758      1.5698760
       6.3     14.4175054      1.5820950
       6.4     14.2980190      1.5937849
       6.5     14.1775533      1.6049446
       6.6     14.0561454      1.6155733
       6.7     13.9338323      1.6256705
       6.8     13.8106513      1.6352359
       6.9     13.6866399      1.6442697
       7.0     13.5618357      1.6527720
       7.1     13.4362764      1.6607436
       7.2     13.3099998      1.6681853
       7.3     13.1830439      1.6750983
       7.4     13.0554466      1.6814840
       7.5     12.9272459      1.6873442
       7.6     12.7984800      1.6926808
       7.7     12.6691870      1.6974960
       7.8     12.5394050      1.7017925
       7.9     12.4091722      1.7055730
       8.0     12.2785267      1.7088406
       8.1     12.1475065      1.7115986
       8.2     12.0161498      1.7138506
       8.3     11.8844945      1.7156005
       8.4     11.7525785      1.7168523
       8.5     11.6204396      1.7176103
       8.6     11.4881156      1.7178793
       8.7     11.3556439      1.7176640
       8.8     11.2230622      1.7169696
       8.9     11.0904076      1.7158012
       9.0     10.9577173      1.7141646
       9.1     10.8250282      1.7120655
       9.2     10.6923772      1.7095100
       9.3     10.5598007      1.7065041
       9.4     10.4273351      1.7030545
       9.5     10.2950164      1.6991678
       9.6     10.1628806      1.6948509
       9.7     10.0309631      1.6901108
       9.8      9.8992993      1.6849548
       9.9      9.7679242      1.6793904
      10.0      9.6368725      1.6734253
      10.1      9.5061786      1.6670674
      10.2      9.3758764      1.6603246
      10.3      9.2459999      1.6532053
      10.4      9.1165822      1.6457176
      10.5      8.9876564      1.6378703
      10.6      8.8592550      1.6296719
      10.7      8.7314105      1.6211314
      10.8      8.6041544      1.6122578
      10.9      8.4775183      1.6030601
      11.0      8.3515331      1.5935476
      11.1      8.2262293      1.5837298
      11.2      8.1016371      1.5736162
      11.3      7.9777861      1.5632164
      11.4      7.8547054      1.5525402
      11.5      7.7324238      1.5415974
      11.6      7.6109695      1.5303979
      11.7      7.4903701      1.5189519
      11.8      7.3706530      1.5072694
      11.9      7.2518446      1.4953607
      12.0      7.1339714      1.4832360
      12.1      7.0170587      1.4709058
      12.2      6.9011319      1.4583803
      12.3      6.7862153      1.4456701
      12.4      6.6723331      1.4327856
      12.5      6.5595085      1.4197375
      12.6      6.4477646      1.4065363
      12.7      6.3371235      1.3931925
      12.8      6.2276069      1.3797170
      12.9      6.1192360      1.3661202
      13.0      6.0120313      1.3524128
      13.1      5.9060127      1.3386055
      13.2      5.8011995      1.3247090
      13.3      5.6976104      1.3107338
      13.4      5.5952635      1.2966906
      13.5      5.4941762      1.2825900
      13.6      5.3943654      1.2684425
      13.7      5.2958472      1.2542586
      13.8      5.1986373      1.2400489
      13.9      5.1027506      1.2258238
      14.0      5.0082014      1.2115936
      14.1      4.9150033      1.1973686
      14.2      4.8231695      1.1831591
      14.3      4.7327121      1.1689752
      14.4      4.6436431      1.1548271
      14.5      4.5559734      1.1407246
      14.6      4.4697136      1.1266778
      14.7      4.3848733      1.1126964
      14.8      4.3014617      1.0987901
      14.9      4.2194874      1.0849686
      15.0      4.1389581      1.0712412
      15.1      4.0598810      1.0576173
      15.2      3.9822627      1.0441062
      15.3      3.9061091      1.0307169
      15.4      3.8314253      1.0174584
      15.5      3.7582161      1.0043396
      15.6      3.6864853      0.9913690
      15.7      3.6162364      0.9785552
      15.8      3.5474719      0.9659065
      15.9      3.4801939      0.9534312
      16.0      3.4144038      0.9411372
      16.1      3.3501025      0.9290325
      16.2      3.2872900      0.9171247
      16.3      3.2259660      0.9054213
      16.4      3.1661293      0.8939296
      16.5      3.1077783      0.8826567
      16.6      3.0509107      0.8716097
      16.7      2.9955235      0.8607952
      16.8      2.9416133      0.8502198
      16.9      2.8891760      0.8398898
      17.0      2.8382070      0.8298114
      17.1      2.7887009      0.8199905
      17.2      2.7406520      0.8104329
      17.3      2.6940539      0.8011439
      17.4      2.6488997      0.7921291
      17.5      2.6051817      0.7833933
      17.6      2.5628921      0.7749414
      17.7      2.5220222      0.7667781
      17.8      2.4825628      0.7589078
      17.9      2.4445045      0.7513346
      18.0      2.4078369      0.7440625
      18.1      2.3725496      0.7370952
      18.2      2.3386312      0.7304362
      18.3      2.3060702      0.7240886
      18.4      2.2748544      0.7180556
      18.5      2.2449714      0.7123399
      18.6      2.2164079      0.7069439
      18.7      2.1891505      0.7018701
      18.8      2.1631853      0.6971204
      18.9      2.1384979      0.6926967
      19.0      2.1150734      0.6886005
      19.1      2.0928967      0.6848333
      19.2      2.0719522      0.6813960
      19.3      2.0522238      0.6782895
      19.4      2.0336951      0.6755145
      19.5      2.0163495      0.6730713
      19.6      2.0001697      0.6709601
      19.7      1.9851384      0.6691807
      19.8      1.9712376      0.6677329
      19.9      1.9584493      0.6666161
      20.0      1.9467551      0.6658295
      20.1      1.9361361      0.6653719
      20.2      1.9265733      0.6652423
      20.3      1.9180474      0.6654390
      20.4      1.9105389      0.6659604
      20.5      1.9040277      0.6668046
      20.6      1.8984939      0.6679692
      20.7      1.8939171      0.6694521
      20.8      1.8902768      0.6712505
      20.9      1.8875521      0.6733616
      21.0      1.8857222      0.6757824
      21.1      1.8847657      0.6785097
      21.2      1.8846615      0.6815399
      21.3      1.8853880      0.6848695
      21.4      1.8869236      0.6884946
      21.5      1.8892465      0.6924111
      21.6      1.8923347      0.6966149
      21.7      1.8961662      0.7011013
      21.8      1.9007189      0.7058659
      21.9      1.9059706      0.7109038
      22.0      1.9118990      0.7162100
      22.1      1.9184816      0.7217793
      22.2      1.9256961      0.7276065
      22.3      1.9335200      0.7336861
      22.4      1.9419307      0.7400122
      22.5      1.9509057      0.7465793
      22.6      1.9604225      0.7533812
      22.7      1.9704586      0.7604119
      22.8      1.9809914      0.7676651
      22.9      1.9919985      0.7751343
      23.0      2.0034573      0.7828131
      23.1      2.0153454      0.7906948
      23.2      2.0276406      0.7987726
      23.3      2.0403204      0.8070396
      23.4      2.0533628      0.8154887
      23.5      2.0667455      0.8241128
      23.6      2.0804466      0.8329048
      23.7      2.0944442      0.8418572
      23.8      2.1087164      0.8509626
      23.9      2.1232418      0.8602135
      24.0      2.1379986      0.8696024
      24.1      2.1529657      0.8791215
      24.2      2.1681219      0.8887631
      24.3      2.1834460      0.8985194
      24.4      2.1989174      0.9083825
      24.5      2.2145153      0.9183445
      24.6      2.2302193      0.9283975
      24.7      2.2460093      0.9385334
      24.8      2.2618653      0.9487441
      24.9      2.2777674      0.9590216
      25.0      2.2936961      0.9693579
      25.1      2.3096322      0.9797446
      25.2      2.3255566      0.9901738
      25.3      2.3414505      1.0006373
      25.4      2.3572956      1.0111269
      25.5      2.3730734      1.0216344
      25.6      2.3887662      1.0321518
      25.7      2.4043562      1.0426709
      25.8      2.4198262      1.0531836
      25.9      2.4351591      1.0636819
      26.0      2.4503382      1.0741576
      26.1      2.4653470      1.0846027
      26.2      2.4801696      1.0950094
      26.3      2.4947901      1.1053696
      26.4      2.5091932      1.1156756
      26.5      2.5233638      1.1259194
      26.6      2.5372872      1.1360934
      26.7      2.5509490      1.1461898
      26.8      2.5643352      1.1562012
      26.9      2.5774323      1.1661198
      27.0      2.5902269      1.1759384
      27.1      2.6027062      1.1856496
      27.2      2.6148576      1.1952460
      27.3      2.6266690      1.2047206
      27.4      2.6381286      1.2140662
      27.5      2.6492251      1.2232760
      27.6      2.6599475      1.2323431
      27.7      2.6702852      1.2412608
      27.8      2.6802280      1.2500225
      27.9      2.6897662      1.2586218
      28.0      2.6988902      1.2670522
      28.1      2.7075913      1.2753077
      28.2      2.7158607      1.2833820
      28.3      2.7236902      1.2912694
      28.4      2.7310722      1.2989640
      28.5      2.7379992      1.3064603
      28.6      2.7444642      1.3137527
      28.7      2.7504608      1.3208359
      28.8      2.7559827      1.3277048
      28.9      2.7610242      1.3343544
      29.0      2.7655801      1.3407798
      29.1      2.7696453      1.3469765
      29.2      2.7732153      1.3529399
      29.3      2.7762861      1.3586657
      29.4      2.7788539      1.3641498
      29.5      2.7809154      1.3693883
      29.6      2.7824677      1.3743773
      29.7      2.7835084      1.3791134
      29.8      2.7840352      1.3835930
      29.9      2.7840466      1.3878131
      30.0      2.7835412      1.3917706
      30.1      2.7825180      1.3954626
      30.2      2.7809765      1.3988867
      30.3      2.7789166      1.4020402
      30.4      2.7763385      1.4049210
      30.5      2.7732428      1.4075271
      30.6      2.7696305      1.4098566
      30.7      2.7655029      1.4119079
      30.8      2.7608617      1.4136795
      30.9      2.7557091      1.4151703
      31.0      2.7500474      1.4163791
      31.1      2.7438795      1.4173052
      31.2      2.7372084      1.4179479
      31.3      2.7300378      1.4183068
      31.4      2.7223713      1.4183816
      31.5      2.7142131      1.4181725
      31.6      2.7055678      1.4176794
      31.7      2.6964400      1.4169028
      31.8      2.6868351      1.4158433
      31.9      2.6767582      1.4145017
      32.0      2.6662153      1.4128789
      32.1      2.6552123      1.4109761
      32.2      2.6437556      1.4087946
      32.3      2.6318517      1.4063361
      32.4      2.6195076      1.4036024
      32.5      2.6067304      1.4005952
      32.6      2.5935275      1.3973168
      32.7      2.5799066      1.3937696
      32.8      2.5658757      1.3899560
      32.9      2.5514430      1.3858786
      33.0      2.5366168      1.3815405
      33.1      2.5214058      1.3769447
      33.2      2.5058189      1.3720943
      33.3      2.4898651      1.3669928
      33.4      2.4735539      1.3616438
      33.5      2.4568945      1.3560510
      33.6      2.4398968      1.3502183
      33.7      2.4225706      1.3441498
      33.8      2.4049260      1.3378498
      33.9      2.3869731      1.3313226
      34.0      2.3687224      1.3245728
      34.1      2.3501844      1.3176050
      34.2      2.3313697      1.3104241
      34.3      2.3122891      1.3030352
      34.4      2.2929537      1.2954432
      34.5      2.2733745      1.2876535
      34.6      2.2535625      1.2796714
      34.7      2.2335292      1.2715024
      34.8      2.2132859      1.2631523
      34.9      2.1928440      1.2546266
      35.0      2.1722151      1.2459314
      35.1      2.1514107      1.2370725
      35.2      2.1304427      1.2280560
      35.3      2.1093226      1.2188882
      35.4      2.0880624      1.2095752
      35.5      2.0666737      1.2001235
      35.6      2.0451684      1.1905395
      35.7      2.0235585      1.1808298
      35.8      2.0018557      1.1710009
      35.9      1.9800721      1.1610595
      36.0      1.9582193      1.1510125
      36.1      1.9363095      1.1408665
      36.2      1.9143543      1.1306285
      36.3      1.8923657      1.1203055
      36.4      1.8703555      1.1099043
      36.5      1.8483354      1.0994320
      36.6      1.8263171      1.0888957
      36.7      1.8043123      1.0783024
      36.8      1.7823327      1.0676593
      36.9      1.7603896      1.0569735
      37.0      1.7384946      1.0462522
      37.1      1.7166591      1.0355025
      37.2      1.6948944      1.0247316
      37.3      1.6732115      1.0139468
      37.4      1.6516216      1.0031551
      37.5      1.6301357      0.9923637
      37.6      1.6087645      0.9815799
      37.7      1.5875189      0.9708107
      37.8      1.5664093      0.9600633
      37.9      1.5454463      0.9493448
      38.0      1.5246401      0.9386622
      38.1      1.5040009      0.9280225
      38.2      1.4835387      0.9174328
      38.3      1.4632634      0.9069000
      38.4      1.4431845      0.8964309
      38.5      1.4233116      0.8860323
      38.6      1.4036541      0.8757111
      38.7      1.3842210      0.8654740
      38.8      1.3650213      0.8553275
      38.9      1.3460637      0.8452783
      39.0      1.3273568      0.8353327
      39.1      1.3089090      0.8254973
      39.2      1.2907284      0.8157782
      39.3      1.2728229      0.8061817
      39.4      1.2552002      0.7967139
      39.5      1.2378679      0.7873808
      39.6      1.2208332      0.7781884
      39.7      1.2041031      0.7691423
      39.8      1.1876845      0.7602484
      39.9      1.1715840      0.7515121
      40.0      1.1558078      0.7429390
      40.1      1.1403622      0.7345342
      40.2      1.1252529      0.7263031
      40.3      1.1104856      0.7182507
      40.4      1.0960656      0.7103819
      40.5      1.0819980      0.7027015
      40.6      1.0682878      0.6952141
      40.7      1.0549394      0.6879243
      40.8      1.0419574      0.6808364
      40.9      1.0293457      0.6739546
      41.0      1.0171082      0.6672830
      41.1      1.0052484      0.6608254
      41.2      0.9937698      0.6545857
      41.3      0.9826753      0.6485673
      41.4      0.9719676      0.6427737
      41.5      0.9616494      0.6372082
      41.6      0.9517229      0.6318738
      41.7      0.9421901      0.6267735
      41.8      0.9330527      0.6219099
      41.9      0.9243121      0.6172857
      42.0      0.9159697      0.6129033
      42.1      0.9080262      0.6087649
      42.2      0.9004823      0.6048725
      42.3      0.8933386      0.6012280
      42.4      0.8865950      0.5978332
      42.5      0.8802516      0.5946894
      42.6      0.8743079      0.5917980
      42.7      0.8687633      0.5891603
      42.8      0.8636169      0.5867770
      42.9      0.8588676      0.5846491
      43.0      0.8545140      0.5827772
      43.1      0.8505544      0.5811615
      43.2      0.8469870      0.5798025
      43.3      0.8438096      0.5787001
      43.4      0.8410197      0.5778542
      43.5      0.8386149      0.5772644
      43.6      0.8365923      0.5769304
      43.7      0.8349487      0.5768514
      43.8      0.8336808      0.5770265
      43.9      0.8327851      0.5774547
      44.0      0.8322578      0.5781349
      44.1      0.8320949      0.5790655
      44.2      0.8322922      0.5802451
      44.3      0.8328453      0.5816719
      44.4      0.8337494      0.5833439
      44.5      0.8349999      0.5852591
      44.6      0.8365915      0.5874153
      44.7      0.8385191      0.5898099
      44.8      0.8407772      0.5924404
      44.9      0.8433603      0.5953040
      45.0      0.8462624      0.5983979
      45.1      0.8494776      0.6017188
      45.2      0.8529997      0.6052636
      45.3      0.8568225      0.6090289
      45.4      0.8609393      0.6130112
      45.5      0.8653435      0.6172066
      45.6      0.8700283      0.6216115
      45.7      0.8749868      0.6262217
      45.8      0.8802117      0.6310331
      45.9      0.8856960      0.6360416
      46.0      0.8914321      0.6412426
      46.1      0.8974125      0.6466316
      46.2      0.9036297      0.6522040
      46.3      0.9100759      0.6579550
      46.4      0.9167432      0.6638796
      46.5      0.9236236      0.6699729
      46.6      0.9307090      0.6762296
      46.7      0.9379913      0.6826445
      46.8      0.9454623      0.6892123
      46.9      0.9531135      0.6959275
      47.0      0.9609366      0.7027846
      47.1      0.9689231      0.7097778
      47.2      0.9770645      0.7169014
      47.3      0.9853520      0.7241496
      47.4      0.9937771      0.7315164
      47.5      1.0023310      0.7389959
      47.6      1.0110050      0.7465821
      47.7      1.0197903      0.7542686
      47.8      1.0286781      0.7620495
      47.9      1.0376595      0.7699183
      48.0      1.0467257      0.7778688
      48.1      1.0558678      0.7858946
      48.2      1.0650769      0.7939892
      48.3      1.0743441      0.8021463
      48.4      1.0836607      0.8103594
      48.5      1.0930176      0.8186218
      48.6      1.1024061      0.8269270
      48.7      1.1118174      0.8352685
      48.8      1.1212427      0.8436397
      48.9      1.1306731      0.8520339
      49.0      1.1401001      0.8604445
      49.1      1.1495150      0.8688649
      49.2      1.1589090      0.8772884
      49.3      1.1682738      0.8857085
      49.4      1.1776007      0.8941184
      49.5      1.1868814      0.9025117
      49.6      1.1961076      0.9108817
      49.7      1.2052709      0.9192219
      49.8      1.2143631      0.9275257
      49.9      1.2233762      0.9357867
      50.0      1.2323022      0.9439983
      50.1      1.2411332      0.9521541
      50.2      1.2498613      0.9602478
      50.3      1.2584789      0.9682731
      50.4      1.2669784      0.9762236
      50.5      1.2753524      0.9840932
      50.6      1.2835935      0.9918758
      50.7      1.2916945      0.9995651
      50.8      1.2996483      1.0071553
      50.9      1.3074481      1.0146404
      51.0      1.3150869      1.0220145
      51.1      1.3225582      1.0292719
      51.2      1.3298555      1.0364069
      51.3      1.3369723      1.0434139
      51.4      1.3439026      1.0502874
      51.5      1.3506402      1.0570220
      51.6      1.3571793      1.0636125
      51.7      1.3635141      1.0700537
      51.8      1.3696392      1.0763404
      51.9      1.3755492      1.0824678
      52.0      1.3812388      1.0884310
      52.1      1.3867031      1.0942253
      52.2      1.3919372      1.0998461
      52.3      1.3969364      1.1052890
      52.4      1.4016964      1.1105495
      52.5      1.4062127      1.1156236
      52.6      1.4104814      1.1205070
      52.7      1.4144985      1.1251961
      52.8      1.4182603      1.1296868
      52.9      1.4217634      1.1339756
      53.0      1.4250044      1.1380591
      53.1      1.4279801      1.1419338
      53.2      1.4306878      1.1455966
      53.3      1.4331246      1.1490444
      53.4      1.4352881      1.1522744
      53.5      1.4371760      1.1552837
      53.6      1.4387861      1.1580700
      53.7      1.4401166      1.1606307
      53.8      1.4411658      1.1629636
      53.9      1.4419322      1.1650667
      54.0      1.4424146      1.1669379
      54.1      1.4426118      1.1685756
      54.2      1.4425230      1.1699782
      54.3      1.4421476      1.1711443
      54.4      1.4414851      1.1720726
      54.5      1.4405352      1.1727621
      54.6      1.4392980      1.1732118
      54.7      1.4377735      1.1734210
      54.8      1.4359623      1.1733892
      54.9      1.4338647      1.1731160
      55.0      1.4314816      1.1726011
      55.1      1.4288140      1.1718445
      55.2      1.4258631      1.1708464
      55.3      1.4226302      1.1696070
      55.4      1.4191169      1.1681267
      55.5      1.4153250      1.1664064
      55.6      1.4112563      1.1644466
      55.7      1.4069131      1.1622485
      55.8      1.4022977      1.1598132
      55.9      1.3974127      1.1571420
      56.0      1.3922606      1.1542363
      56.1      1.3868444      1.1510979
      56.2      1.3811672      1.1477285
      56.3      1.3752322      1.1441301
      56.4      1.3690428      1.1403048
      56.5      1.3626026      1.1362550
      56.6      1.3559154      1.1319831
      56.7      1.3489851      1.1274916
      56.8      1.3418157      1.1227835
      56.9      1.3344115      1.1178615
      57.0      1.3267769      1.1127287
      57.1      1.3189164      1.1073884
      57.2      1.3108347      1.1018439
      57.3      1.3025367      1.0960987
      57.4      1.2940273      1.0901564
      57.5      1.2853117      1.0840209
      57.6      1.2763951      1.0776960
      57.7      1.2672828      1.0711858
      57.8      1.2579804      1.0644944
      57.9      1.2484935      1.0576262
      58.0      1.2388278      1.0505855
      58.1      1.2289892      1.0433770
      58.2      1.2189836      1.0360052
      58.3      1.2088171      1.0284750
      58.4      1.1984958      1.0207912
      58.5      1.1880261      1.0129587
      58.6      1.1774142      1.0049828
      58.7      1.1666665      0.9968685
      58.8      1.1557897      0.9886212
      58.9      1.1447902      0.9802462
      59.0      1.1336748      0.9717490
      59.1      1.1224502      0.9631351
      59.2      1.1111230      0.9544101
      59.3      1.0997003      0.9455798
      59.4      1.0881889      0.9366499
      59.5      1.0765957      0.9276263
      59.6      1.0649278      0.9185147
      59.7      1.0531921      0.9093213
      59.8      1.0413957      0.9000520
      59.9      1.0295457      0.8907129
      60.0      1.0176492      0.8813100
      60.1      1.0057133      0.8718496
      60.2      0.9937453      0.8623378
      60.3      0.9817521      0.8527808
      60.4      0.9697411      0.8431850
      60.5      0.9577193      0.8335564
      60.6      0.9456939      0.8239016
      60.7      0.9336720      0.8142267
      60.8      0.9216607      0.8045380
      60.9      0.9096673      0.7948420
      61.0      0.8976986      0.7851449
      61.1      0.8857618      0.7754530
      61.2      0.8738639      0.7657727
      61.3      0.8620118      0.7561103
      61.4      0.8502125      0.7464721
      61.5      0.8384728      0.7368643
      61.6      0.8267996      0.7272931
      61.7      0.8151997      0.7177649
      61.8      0.8036797      0.7082857
      61.9      0.7922463      0.6988618
      62.0      0.7809061      0.6894991
      62.1      0.7696654      0.6802039
      62.2      0.7585309      0.6709820
      62.3      0.7475087      0.6618394
      62.4      0.7366052      0.6527821
      62.5      0.7258264      0.6438158
      62.6      0.7151784      0.6349464
      62.7      0.7046672      0.6261794
      62.8      0.6942986      0.6175206
      62.9      0.6840784      0.6089754
      63.0      0.6740122      0.6005493
      63.1      0.6641055      0.5922477
      63.2      0.6543637      0.5840758
      63.3      0.6447921      0.5760388
      63.4      0.6353958      0.5681419
      63.5      0.6261799      0.5603899
      63.6      0.6171493      0.5527879
      63.7      0.6083086      0.5453404
      63.8      0.5996626      0.5380523
      63.9      0.5912157      0.5309280
      64.0      0.5829722      0.5239720
      64.1      0.5749364      0.5171885
      64.2      0.5671123      0.5105818
      64.3      0.5595037      0.5041560
      64.4      0.5521145      0.4979148
      64.5      0.5449482      0.4918623
      64.6      0.5380083      0.4860019
      64.7      0.5312979      0.4803372
      64.8      0.5248203      0.4748716
      64.9      0.5185784      0.4696084
      65.0      0.5125749      0.4645507
      65.1      0.5068125      0.4597013
      65.2      0.5012937      0.4550631
      65.3      0.4960206      0.4506388
      65.4      0.4909955      0.4464308
      65.5      0.4862202      0.4424416
      65.6      0.4816966      0.4386732
      65.7      0.4774262      0.4351278
      65.8      0.4734105      0.4318072
      65.9      0.4696506      0.4287131
      66.0      0.4661478      0.4258472
      66.1      0.4629028      0.4232107
      66.2      0.4599164      0.4208050
      66.3      0.4571892      0.4186311
      66.4      0.4547216      0.4166899
      66.5      0.4525136      0.4149822
      66.6      0.4505654      0.4135085
      66.7      0.4488768      0.4122693
      66.8      0.4474475      0.4112648
      66.9      0.4462770      0.4104951
      67.0      0.4453645      0.4099602
      67.1      0.4447093      0.4096598
      67.2      0.4443104      0.4095934
      67.3      0.4441665      0.4097605
      67.4      0.4442764      0.4101605
      67.5      0.4446384      0.4107923
      67.6      0.4452509      0.4116549
      67.7      0.4461120      0.4127472
      67.8      0.4472197      0.4140676
      67.9      0.4485719      0.4156147
      68.0      0.4501662      0.4173868
      68.1      0.4520000      0.4193820
      68.2      0.4540708      0.4215983
      68.3      0.4563758      0.4240336
      68.4      0.4589118      0.4266854
      68.5      0.4616760      0.4295514
      68.6      0.4646649      0.4326289
      68.7      0.4678752      0.4359152
      68.8      0.4713033      0.4394073
      68.9      0.4749456      0.4431022
      69.0      0.4787982      0.4469966
      69.1      0.4828572      0.4510873
      69.2      0.4871184      0.4553708
      69.3      0.4915777      0.4598434
      69.4      0.4962307      0.4645015
      69.5      0.5010730      0.4693411
      69.6      0.5060999      0.4743583
      69.7      0.5113068      0.4795490
      69.8      0.5166889      0.4849089
      69.9      0.5222412      0.4904337
      70.0      0.5279587      0.4961189
      70.1      0.5338362      0.5019599
      70.2      0.5398687      0.5079520
      70.3      0.5460506      0.5140906
      70.4      0.5523767      0.5203706
      70.5      0.5588414      0.5267871
      70.6      0.5654392      0.5333351
      70.7      0.5721644      0.5400093
      70.8      0.5790112      0.5468045
      70.9      0.5859739      0.5537154
      71.0      0.5930466      0.5607365
      71.1      0.6002233      0.5678625
      71.2      0.6074981      0.5750876
      71.3      0.6148649      0.5824063
      71.4      0.6223176      0.5898129
      71.5      0.6298501      0.5973017
      71.6      0.6374561      0.6048668
      71.7      0.6451296      0.6125024
      71.8      0.6528641      0.6202027
      71.9      0.6606535      0.6279615
      72.0      0.6684913      0.6357731
      72.1      0.6763714      0.6436313
      72.2      0.6842873      0.6515301
      72.3      0.6922327      0.6594634
      72.4      0.7002012      0.6674252
      72.5      0.7081864      0.6754094
      72.6      0.7161820      0.6834098
      72.7      0.7241817      0.6914203
      72.8      0.7321790      0.6994347
      72.9      0.7401676      0.7074470
      73.0      0.7481412      0.7154510
      73.1      0.7560935      0.7234405
      73.2      0.7640183      0.7314096
      73.3      0.7719092      0.7393520
      73.4      0.7797601      0.7472617
      73.5      0.7875649      0.7551328
      73.6      0.7953174      0.7629591
      73.7      0.8030115      0.7707346
      73.8      0.8106412      0.7784536
      73.9      0.8182005      0.7861100
      74.0      0.8256836      0.7936980
      74.1      0.8330845      0.8012118
      74.2      0.8403976      0.8086457
      74.3      0.8476170      0.8159939
      74.4      0.8547373      0.8232510
      74.5      0.8617528      0.8304112
      74.6      0.8686580      0.8374692
      74.7      0.8754476      0.8444194
      74.8      0.8821162      0.8512567
      74.9      0.8886588      0.8579757
      75.0      0.8950701      0.8645713
      75.1      0.9013451      0.8710384
      75.2      0.9074790      0.8773720
      75.3      0.9134670      0.8835672
      75.4      0.9193044      0.8896193
      75.5      0.9249865      0.8955235
      75.6      0.9305090      0.9012754
      75.7      0.9358675      0.9068704
      75.8      0.9410578      0.9123041
      75.9      0.9460757      0.9175724
      76.0      0.9509174      0.9226711
      76.1      0.9555789      0.9275962
      76.2      0.9600565      0.9323438
      76.3      0.9643467      0.9369102
      76.4      0.9684461      0.9412918
      76.5      0.9723513      0.9454851
      76.6      0.9760591      0.9494867
      76.7      0.9795665      0.9532935
      76.8      0.9828707      0.9569022
      76.9      0.9859689      0.9603101
      77.0      0.9888586      0.9635142
      77.1      0.9915372      0.9665120
      77.2      0.9940026      0.9693010
      77.3      0.9962525      0.9718787
      77.4      0.9982849      0.9742430
      77.5      1.0000982      0.9763919
      77.6      1.0016905      0.9783233
      77.7      1.0030604      0.9800357
      77.8      1.0042064      0.9815273
      77.9      1.0051275      0.9827968
      78.0      1.0058224      0.9838428
      78.1      1.0062905      0.9846643
      78.2      1.0065309      0.9852602
      78.3      1.0065430      0.9856299
      78.4      1.0063265      0.9857725
      78.5      1.0058811      0.9856877
      78.6      1.0052067      0.9853751
      78.7      1.0043033      0.9848346
      78.8      1.0031713      0.9840661
      78.9      1.0018110      0.9830698
      79.0      1.0002229      0.9818460
      79.1      0.9984078      0.9803952
      79.2      0.9963664      0.9787181
      79.3      0.9941000      0.9768153
      79.4      0.9916095      0.9746880
      79.5      0.9888963      0.9723372
      79.6      0.9859620      0.9697641
      79.7      0.9828081      0.9669702
      79.8      0.9794365      0.9639571
      79.9      0.9758490      0.9607265
      80.0      0.9720478      0.9572802
      80.1      0.9680351      0.9536204
      80.2      0.9638133      0.9497493
      80.3      0.9593849      0.9456690
      80.4      0.9547525      0.9413822
      80.5      0.9499190      0.9368915
      80.6      0.9448873      0.9321995
      80.7      0.9396605      0.9273093
      80.8      0.9342418      0.9222239
      80.9      0.9286345      0.9169465
      81.0      0.9228420      0.9114803
      81.1      0.9168681      0.9058289
      81.2      0.9107164      0.8999958
      81.3      0.9043907      0.8939847
      81.4      0.8978951      0.8877995
      81.5      0.8912335      0.8814440
      81.6      0.8844101      0.8749225
      81.7      0.8774294      0.8682390
      81.8      0.8702955      0.8613978
      81.9      0.8630132      0.8544034
      82.0      0.8555868      0.8472603
      82.1      0.8480213      0.8399731
      82.2      0.8403213      0.8325465
      82.3      0.8324918      0.8249854
      82.4      0.8245377      0.8172945
      82.5      0.8164640      0.8094790
      82.6      0.8082760      0.8015440
      82.7      0.7999787      0.7934945
      82.8      0.7915776      0.7853358
      82.9      0.7830779      0.7770733
      83.0      0.7744852      0.7687123
      83.1      0.7658047      0.7602583
      83.2      0.7570422      0.7517168
      83.3      0.7482032      0.7430934
      83.4      0.7392933      0.7343938
      83.5      0.7303182      0.7256236
      83.6      0.7212837      0.7167886
      83.7      0.7121956      0.7078946
      83.8      0.7030595      0.6989473
      83.9      0.6938815      0.6899527
      84.0      0.6846672      0.6809166
      84.1      0.6754227      0.6718449
      84.2      0.6661539      0.6627436
      84.3      0.6568666      0.6536187
      84.4      0.6475667      0.6444761
      84.5      0.6382603      0.6353219
      84.6      0.6289532      0.6261619
      84.7      0.6196514      0.6170022
      84.8      0.6103608      0.6078488
      84.9      0.6010874      0.5987077
      85.0      0.5918370      0.5895849
      85.1      0.5826156      0.5804863
      85.2      0.5734290      0.5714179
      85.3      0.5642830      0.5623855
      85.4      0.5551835      0.5533952
      85.5      0.5461362      0.5444527
      85.6      0.5371470      0.5355638
      85.7      0.5282214      0.5267345
      85.8      0.5193651      0.5179704
      85.9      0.5105838      0.5092771
      86.0      0.5018830      0.5006605
      86.1      0.4932683      0.4921260
      86.2      0.4847449      0.4836792
      86.3      0.4763184      0.4753256
      86.4      0.4679940      0.4670705
      86.5      0.4597769      0.4589193
      86.6      0.4516724      0.4508773
      86.7      0.4436854      0.4429497
      86.8      0.4358210      0.4351415
      86.9      0.4280842      0.4274577
      87.0      0.4204796      0.4199034
      87.1      0.4130122      0.4124833
      87.2      0.4056864      0.4052021
      87.3      0.3985069      0.3980646
      87.4      0.3914781      0.3910751
      87.5      0.3846044      0.3842383
      87.6      0.3778899      0.3775584
      87.7      0.3713387      0.3710396
      87.8      0.3649550      0.3646860
      87.9      0.3587426      0.3585016
      88.0      0.3527052      0.3524903
      88.1      0.3468465      0.3466558
      88.2      0.3411701      0.3410018
      88.3      0.3356794      0.3355317
      88.4      0.3303776      0.3302488
      88.5      0.3252680      0.3251565
      88.6      0.3203534      0.3202578
      88.7      0.3156369      0.3155556
      88.8      0.3111211      0.3110529
      88.9      0.3068087      0.3067522
      89.0      0.3027022      0.3026561
      89.1      0.2988038      0.2987670
      89.2      0.2951159      0.2950871
      89.3      0.2916404      0.2916186
      89.4      0.2883792      0.2883634
      89.5      0.2853341      0.2853232
      89.6      0.2825068      0.2824999
      89.7      0.2798986      0.2798948
      89.8      0.2775109      0.2775092
      89.9      0.2753449      0.2753445
      90.0      0.2734016      0.2734016
      90.1      0.2716818      0.2716814
      90.2      0.2701862      0.2701846
      90.3      0.2689155      0.2689118
      90.4      0.2678699      0.2678634
      90.5      0.2670498      0.2670397
      90.6      0.2664553      0.2664407
      90.7      0.2660863      0.2660665
      90.8      0.2659426      0.2659167
      90.9      0.2660238      0.2659910
      91.0      0.2663295      0.2662889
      91.1      0.2668589      0.2668097
      91.2      0.2676112      0.2675525
      91.3      0.2685855      0.2685164
      91.4      0.2697807      0.2697002
      91.5      0.2711955      0.2711025
      91.6      0.2728284      0.2727220
      91.7      0.2746779      0.2745570
      91.8      0.2767423      0.2766058
      91.9      0.2790198      0.2788664
      92.0      0.2815082      0.2813368
      92.1      0.2842056      0.2840147
      92.2      0.2871095      0.2868979
      92.3      0.2902176      0.2899838
      92.4      0.2935274      0.2932699
      92.5      0.2970360      0.2967533
      92.6      0.3007407      0.3004311
      92.7      0.3046384      0.3043002
      92.8      0.3087262      0.3083576
      92.9      0.3130007      0.3125999
      93.0      0.3174587      0.3170236
      93.1      0.3220966      0.3216253
      93.2      0.3269108      0.3264011
      93.3      0.3318977      0.3313473
      93.4      0.3370533      0.3364600
      93.5      0.3423738      0.3417352
      93.6      0.3478550      0.3471686
      93.7      0.3534928      0.3527560
      93.8      0.3592830      0.3584931
      93.9      0.3652211      0.3643754
      94.0      0.3713027      0.3703982
      94.1      0.3775232      0.3765570
      94.2      0.3838779      0.3828470
      94.3      0.3903621      0.3892633
      94.4      0.3969709      0.3958009
      94.5      0.4036994      0.4024550
      94.6      0.4105426      0.4092202
      94.7      0.4174954      0.4160915
      94.8      0.4245526      0.4230637
      94.9      0.4317090      0.4301313
      95.0      0.4389594      0.4372890
      95.1      0.4462982      0.4445314
      95.2      0.4537202      0.4518529
      95.3      0.4612199      0.4592480
      95.4      0.4687916      0.4667111
      95.5      0.4764299      0.4742366
      95.6      0.4841292      0.4818186
      95.7      0.4918836      0.4894515
      95.8      0.4996877      0.4971296
      95.9      0.5075355      0.5048470
      96.0      0.5154214      0.5125979
      96.1      0.5233397      0.5203765
      96.2      0.5312843      0.5281768
      96.3      0.5392497      0.5359931
      96.4      0.5472298      0.5438194
      96.5      0.5552189      0.5516499
      96.6      0.5632111      0.5594786
      96.7      0.5712005      0.5672996
      96.8      0.5791814      0.5751072
      96.9      0.5871478      0.5828953
      97.0      0.5950940      0.5906583
      97.1      0.6030141      0.5983901
      97.2      0.6109022      0.6060851
      97.3      0.6187527      0.6137374
      97.4      0.6265598      0.6213413
      97.5      0.6343177      0.6288910
      97.6      0.6420208      0.6363810
      97.7      0.6496634      0.6438055
      97.8      0.6572399      0.6511590
      97.9      0.6647447      0.6584359
      98.0      0.6721724      0.6656309
      98.1      0.6795174      0.6727383
      98.2      0.6867745      0.6797530
      98.3      0.6939381      0.6866697
      98.4      0.7010031      0.6934830
      98.5      0.7079643      0.7001879
      98.6      0.7148164      0.7067793
      98.7      0.7215545      0.7132522
      98.8      0.7281735      0.7196018
      98.9      0.7346687      0.7258231
      99.0      0.7410350      0.7319116
      99.1      0.7472678      0.7378626
      99.2      0.7533626      0.7436715
      99.3      0.7593146      0.7493340
      99.4      0.7651196      0.7548457
      99.5      0.7707731      0.7602024
      99.6      0.7762709      0.7654000
      99.7      0.7816089      0.7704346
      99.8      0.7867830      0.7753022
      99.9      0.7917894      0.7799991
     100.0      0.7966242      0.7845217
     100.1      0.8012839      0.7888665
     100.2      0.8057647      0.7930301
     100.3      0.8100634      0.7970092
     100.4      0.8141765      0.8008008
     100.5      0.8181010      0.8044018
     100.6      0.8218337      0.8078094
     100.7      0.8253718      0.8110209
     100.8      0.8287124      0.8140336
     100.9      0.8318530      0.8168453
     101.0      0.8347910      0.8194535
     101.1      0.8375240      0.8218561
     101.2      0.8400498      0.8240512
     101.3      0.8423664      0.8260369
     101.4      0.8444718      0.8278114
     101.5      0.8463642      0.8293732
     101.6      0.8480420      0.8307209
     101.7      0.8495036      0.8318533
     101.8      0.8507477      0.8327692
     101.9      0.8517732      0.8334677
     102.0      0.8525789      0.8339480
     102.1      0.8531640      0.8342095
     102.2      0.8535278      0.8342516
     102.3      0.8536696      0.8340741
     102.4      0.8535890      0.8336767
     102.5      0.8532857      0.8330595
     102.6      0.8527597      0.8322225
     102.7      0.8520109      0.8311661
     102.8      0.8510396      0.8298907
     102.9      0.8498460      0.8283969
     103.0      0.8484306      0.8266854
     103.1      0.8467942      0.8247572
     103.2      0.8449375      0.8226133
     103.3      0.8428614      0.8202549
     103.4      0.8405672      0.8176834
     103.5      0.8380559      0.8149004
     103.6      0.8353291      0.8119074
     103.7      0.8323884      0.8087062
     103.8      0.8292354      0.8052989
     103.9      0.8258719      0.8016875
     104.0      0.8223001      0.7978743
     104.1      0.8185220      0.7938616
     104.2      0.8145400      0.7896521
     104.3      0.8103565      0.7852482
     104.4      0.8059742      0.7806530
     104.5      0.8013956      0.7758692
     104.6      0.7966237      0.7709001
     104.7      0.7916615      0.7657487
     104.8      0.7865122      0.7604184
     104.9      0.7811789      0.7549127
     105.0      0.7756652      0.7492351
     105.1      0.7699745      0.7433893
     105.2      0.7641105      0.7373792
     105.3      0.7580770      0.7312088
     105.4      0.7518778      0.7248819
     105.5      0.7455170      0.7184029
     105.6      0.7389988      0.7117759
     105.7      0.7323273      0.7050054
     105.8      0.7255069      0.6980958
     105.9      0.7185422      0.6910517
     106.0      0.7114376      0.6838778
     106.1      0.7041979      0.6765787
     106.2      0.6968279      0.6691594
     106.3      0.6893323      0.6616247
     106.4      0.6817161      0.6539798
     106.5      0.6739845      0.6462296
     106.6      0.6661425      0.6383793
     106.7      0.6581953      0.6304343
     106.8      0.6501483      0.6223996
     106.9      0.6420068      0.6142808
     107.0      0.6337763      0.6060833
     107.1      0.6254622      0.5978124
     107.2      0.6170702      0.5894738
     107.3      0.6086059      0.5810731
     107.4      0.6000750      0.5726158
     107.5      0.5914832      0.5641076
     107.6      0.5828363      0.5555541
     107.7      0.5741402      0.5469613
     107.8      0.5654007      0.5383347
     107.9      0.5566238      0.5296801
     108.0      0.5478154      0.5210034
     108.1      0.5389816      0.5123104
     108.2      0.5301282      0.5036069
     108.3      0.5212613      0.4948988
     108.4      0.5123871      0.4861918
     108.5      0.5035115      0.4774918
     108.6      0.4946406      0.4688047
     108.7      0.4857805      0.4601362
     108.8      0.4769372      0.4514923
     108.9      0.4681169      0.4428785
     109.0      0.4593256      0.4343009
     109.1      0.4505693      0.4257650
     109.2      0.4418542      0.4172766
     109.3      0.4331861      0.4088415
     109.4      0.4245712      0.4004651
     109.5      0.4160153      0.3921533
     109.6      0.4075244      0.3839114
     109.7      0.3991044      0.3757451
     109.8      0.3907612      0.3676597
     109.9      0.3825006      0.3596608
     110.0      0.3743283      0.3517535
     110.1      0.3662501      0.3439433
     110.2      0.3582715      0.3362353
     110.3      0.3503983      0.3286347
     110.4      0.3426360      0.3211465
     110.5      0.3349899      0.3137757
     110.6      0.3274656      0.3065273
     110.7      0.3200683      0.2994060
     110.8      0.3128033      0.2924165
     110.9      0.3056757      0.2855636
     111.0      0.2986906      0.2788517
     111.1      0.2918530      0.2722853
     111.2      0.2851678      0.2658687
     111.3      0.2786398      0.2596062
     111.4      0.2722736      0.2535020
     111.5      0.2660740      0.2475599
     111.6      0.2600452      0.2417839
     111.7      0.2541918      0.2361779
     111.8      0.2485180      0.2307455
     111.9      0.2430280      0.2254901
     112.0      0.2377257      0.2204154
     112.1      0.2326150      0.2155245
     112.2      0.2276999      0.2108206
     112.3      0.2229838      0.2063068
     112.4      0.2184704      0.2019859
     112.5      0.2141630      0.1978608
     112.6      0.2100649      0.1939341
     112.7      0.2061793      0.1902082
     112.8      0.2025090      0.1866856
     112.9      0.1990570      0.1833684
     113.0      0.1958259      0.1802587
     113.1      0.1928183      0.1773584
     113.2      0.1900366      0.1746694
     113.3      0.1874831      0.1721932
     113.4      0.1851598      0.1699313
     113.5      0.1830687      0.1678850
     113.6      0.1812116      0.1660556
     113.7      0.1795902      0.1644440
     113.8      0.1782059      0.1630512
     113.9      0.1770600      0.1618778
     114.0      0.1761538      0.1609245
     114.1      0.1754881      0.1601916
     114.2      0.1750640      0.1596794
     114.3      0.1748819      0.1593880
     114.4      0.1749426      0.1593173
     114.5      0.1752462      0.1594673
     114.6      0.1757931      0.1598374
     114.7      0.1765832      0.1604272
     114.8      0.1776163      0.1612361
     114.9      0.1788923      0.1622632
     115.0      0.1804106      0.1635075
     115.1      0.1821706      0.1649680
     115.2      0.1841715      0.1666433
     115.3      0.1864123      0.1685321
     115.4      0.1888919      0.1706327
     115.5      0.1916090      0.1729435
     115.6      0.1945622      0.1754625
     115.7      0.1977499      0.1781879
     115.8      0.2011702      0.1811173
     115.9      0.2048212      0.1842485
     116.0      0.2087009      0.1875792
     116.1      0.2128070      0.1911066
     116.2      0.2171371      0.1948281
     116.3      0.2216885      0.1987408
     116.4      0.2264587      0.2028417
     116.5      0.2314447      0.2071278
     116.6      0.2366435      0.2115958
     116.7      0.2420519      0.2162423
     116.8      0.2476667      0.2210637
     116.9      0.2534842      0.2260566
     117.0      0.2595011      0.2312172
     117.1      0.2657134      0.2365415
     117.2      0.2721173      0.2420256
     117.3      0.2787089      0.2476655
     117.4      0.2854838      0.2534569
     117.5      0.2924380      0.2593956
     117.6      0.2995668      0.2654772
     117.7      0.3068659      0.2716971
     117.8      0.3143305      0.2780507
     117.9      0.3219558      0.2845335
     118.0      0.3297370      0.2911405
     118.1      0.3376691      0.2978670
     118.2      0.3457468      0.3047079
     118.3      0.3539651      0.3116583
     118.4      0.3623186      0.3187130
     118.5      0.3708017      0.3258669
     118.6      0.3794091      0.3331147
     118.7      0.3881351      0.3404512
     118.8      0.3969739      0.3478709
     118.9      0.4059198      0.3553684
     119.0      0.4149668      0.3629382
     119.1      0.4241091      0.3705748
     119.2      0.4333406      0.3782726
     119.3      0.4426552      0.3860260
     119.4      0.4520467      0.3938293
     119.5      0.4615089      0.4016769
     119.6      0.4710355      0.4095630
     119.7      0.4806201      0.4174818
     119.8      0.4902564      0.4254276
     119.9      0.4999379      0.4333945
     120.0      0.5096581      0.4413768
     120.1      0.5194105      0.4493687
     120.2      0.5291886      0.4573643
     120.3      0.5389857      0.4653579
     120.4      0.5487953      0.4733434
     120.5      0.5586107      0.4813153
     120.6      0.5684253      0.4892676
     120.7      0.5782325      0.4971945
     120.8      0.5880255      0.5050904
     120.9      0.5977978      0.5129493
     121.0      0.6075426      0.5207657
     121.1      0.6172534      0.5285337
     121.2      0.6269234      0.5362478
     121.3      0.6365460      0.5439024
     121.4      0.6461147      0.5514917
     121.5      0.6556229      0.5590104
     121.6      0.6650639      0.5664529
     121.7      0.6744314      0.5738137
     121.8      0.6837188      0.5810876
     121.9      0.6929196      0.5882692
     122.0      0.7020276      0.5953532
     122.1      0.7110364      0.6023345
     122.2      0.7199396      0.6092080
     122.3      0.7287311      0.6159686
     122.4      0.7374047      0.6226114
     122.5      0.7459544      0.6291316
     122.6      0.7543741      0.6355243
     122.7      0.7626579      0.6417848
     122.8      0.7707999      0.6479087
     122.9      0.7787944      0.6538913
     123.0      0.7866357      0.6597282
     123.1      0.7943183      0.6654153
     123.2      0.8018365      0.6709482
     123.3      0.8091851      0.6763229
     123.4      0.8163588      0.6815354
     123.5      0.8233525      0.6865819
     123.6      0.8301610      0.6914587
     123.7      0.8367794      0.6961620
     123.8      0.8432029      0.7006885
     123.9      0.8494268      0.7050347
     124.0      0.8554467      0.7091974
     124.1      0.8612579      0.7131735
     124.2      0.8668563      0.7169600
     124.3      0.8722376      0.7205540
     124.4      0.8773979      0.7239528
     124.5      0.8823332      0.7271539
     124.6      0.8870399      0.7301548
     124.7      0.8915144      0.7329532
     124.8      0.8957531      0.7355470
     124.9      0.8997530      0.7379341
     125.0      0.9035108      0.7401127
     125.1      0.9070235      0.7420811
     125.2      0.9102885      0.7438376
     125.3      0.9133030      0.7453809
     125.4      0.9160646      0.7467097
     125.5      0.9185710      0.7478229
     125.6      0.9208201      0.7487196
     125.7      0.9228100      0.7493988
     125.8      0.9245388      0.7498599
     125.9      0.9260049      0.7501025
     126.0      0.9272070      0.7501262
     126.1      0.9281437      0.7499307
     126.2      0.9288141      0.7495161
     126.3      0.9292172      0.7488824
     126.4      0.9293524      0.7480300
     126.5      0.9292190      0.7469591
     126.6      0.9288169      0.7456705
     126.7      0.9281458      0.7441647
     126.8      0.9272058      0.7424428
     126.9      0.9259971      0.7405057
     127.0      0.9245202      0.7383546
     127.1      0.9227755      0.7359909
     127.2      0.9207639      0.7334160
     127.3      0.9184864      0.7306316
     127.4      0.9159442      0.7276394
     127.5      0.9131385      0.7244415
     127.6      0.9100709      0.7210397
     127.7      0.9067431      0.7174365
     127.8      0.9031570      0.7136340
     127.9      0.8993147      0.7096349
     128.0      0.8952185      0.7054418
     128.1      0.8908707      0.7010574
     128.2      0.8862741      0.6964846
     128.3      0.8814315      0.6917266
     128.4      0.8763457      0.6867864
     128.5      0.8710201      0.6816674
     128.6      0.8654579      0.6763730
     128.7      0.8596626      0.6709068
     128.8      0.8536379      0.6652724
     128.9      0.8473877      0.6594737
     129.0      0.8409160      0.6535145
     129.1      0.8342270      0.6473989
     129.2      0.8273250      0.6411310
     129.3      0.8202145      0.6347150
     129.4      0.8129002      0.6281553
     129.5      0.8053870      0.6214564
     129.6      0.7976797      0.6146228
     129.7      0.7897835      0.6076591
     129.8      0.7817037      0.6005701
     129.9      0.7734457      0.5933606
     130.0      0.7650150      0.5860355
     130.1      0.7564174      0.5785999
     130.2      0.7476586      0.5710587
     130.3      0.7387447      0.5634172
     130.4      0.7296816      0.5556805
     130.5      0.7204756      0.5478539
     130.6      0.7111330      0.5399429
     130.7      0.7016603      0.5319528
     130.8      0.6920639      0.5238890
     130.9      0.6823507      0.5157571
     131.0      0.6725272      0.5075627
     131.1      0.6626004      0.4993114
     131.2      0.6525772      0.4910088
     131.3      0.6424647      0.4826607
     131.4      0.6322699      0.4742727
     131.5      0.6220002      0.4658506
     131.6      0.6116627      0.4574002
     131.7      0.6012649      0.4489273
     131.8      0.5908141      0.4404378
     131.9      0.5803179      0.4319373
     132.0      0.5697839      0.4234319
     132.1      0.5592195      0.4149273
     132.2      0.5486324      0.4064294
     132.3      0.5380304      0.3979440
     132.4      0.5274212      0.3894770
     132.5      0.5168125      0.3810342
     132.6      0.5062122      0.3726213
     132.7      0.4956279      0.3642442
     132.8      0.4850677      0.3559087
     132.9      0.4745393      0.3476204
     133.0      0.4640505      0.3393851
     133.1      0.4536093      0.3312084
     133.2      0.4432235      0.3230960
     133.3      0.4329009      0.3150535
     133.4      0.4226494      0.3070863
     133.5      0.4124767      0.2992001
     133.6      0.4023908      0.2914001
     133.7      0.3923992      0.2836917
     133.8      0.3825098      0.2760804
     133.9      0.3727303      0.2685712
     134.0      0.3630683      0.2611695
     134.1      0.3535313      0.2538802
     134.2      0.3441270      0.2467083
     134.3      0.3348628      0.2396589
     134.4      0.3257461      0.2327367
     134.5      0.3167843      0.2259466
     134.6      0.3079847      0.2192931
     134.7      0.2993543      0.2127809
     134.8      0.2909004      0.2064144
     134.9      0.2826299      0.2001980
     135.0      0.2745498      0.1941360
     135.1      0.2666668      0.1882325
     135.2      0.2589877      0.1824916
     135.3      0.2515191      0.1769172
     135.4      0.2442675      0.1715131
     135.5      0.2372391      0.1662831
     135.6      0.2304404      0.1612307
     135.7      0.2238774      0.1563594
     135.8      0.2175560      0.1516724
     135.9      0.2114821      0.1471731
     136.0      0.2056614      0.1428644
     136.1      0.2000994      0.1387493
     136.2      0.1948017      0.1348306
     136.3      0.1897733      0.1311110
     136.4      0.1850194      0.1275930
     136.5      0.1805450      0.1242790
     136.6      0.1763547      0.1211711
     136.7      0.1724532      0.1182716
     136.8      0.1688449      0.1155823
     136.9      0.1655340      0.1131051
     137.0      0.1625246      0.1108415
     137.1      0.1598206      0.1087932
     137.2      0.1574256      0.1069615
     137.3      0.1553432      0.1053475
     137.4      0.1535766      0.1039523
     137.5      0.1521289      0.1027768
     137.6      0.1510031      0.1018218
     137.7      0.1502019      0.1010877
     137.8      0.1497277      0.1005752
     137.9      0.1495828      0.1002843
     138.0      0.1497695      0.1002153
     138.1      0.1502894      0.1003681
     138.2      0.1511443      0.1007426
     138.3      0.1523356      0.1013383
     138.4      0.1538645      0.1021547
     138.5      0.1557321      0.1031912
     138.6      0.1579392      0.1044471
     138.7      0.1604863      0.1059212
     138.8      0.1633737      0.1076125
     138.9      0.1666015      0.1095197
     139.0      0.1701698      0.1116414
     139.1      0.1740781      0.1139760
     139.2      0.1783259      0.1165218
     139.3      0.1829124      0.1192769
     139.4      0.1878366      0.1222392
     139.5      0.1930972      0.1254066
     139.6      0.1986928      0.1287768
     139.7      0.2046218      0.1323473
     139.8      0.2108821      0.1361155
     139.9      0.2174716      0.1400786
     140.0      0.2243880      0.1442338
     140.1      0.2316287      0.1485782
     140.2      0.2391908      0.1531084
     140.3      0.2470714      0.1578212
     140.4      0.2552670      0.1627133
     140.5      0.2637743      0.1677811
     140.6      0.2725895      0.1730209
     140.7      0.2817087      0.1784289
     140.8      0.2911278      0.1840013
     140.9      0.3008423      0.1897340
     141.0      0.3108477      0.1956228
     141.1      0.3211393      0.2016636
     141.2      0.3317120      0.2078520
     141.3      0.3425606      0.2141835
     141.4      0.3536798      0.2206536
     141.5      0.3650638      0.2272576
     141.6      0.3767070      0.2339907
     141.7      0.3886033      0.2408482
     141.8      0.4007465      0.2478250
     141.9      0.4131302      0.2549161
     142.0      0.4257479      0.2621166
     142.1      0.4385928      0.2694210
     142.2      0.4516579      0.2768243
     142.3      0.4649363      0.2843211
     142.4      0.4784206      0.2919060
     142.5      0.4921033      0.2995735
     142.6      0.5059769      0.3073181
     142.7      0.5200336      0.3151343
     142.8      0.5342655      0.3230164
     142.9      0.5486645      0.3309588
     143.0      0.5632223      0.3389557
     143.1      0.5779308      0.3470013
     143.2      0.5927813      0.3550900
     143.3      0.6077653      0.3632158
     143.4      0.6228739      0.3713729
     143.5      0.6380984      0.3795555
     143.6      0.6534298      0.3877576
     143.7      0.6688589      0.3959733
     143.8      0.6843766      0.4041967
     143.9      0.6999736      0.4124219
     144.0      0.7156405      0.4206429
     144.1      0.7313679      0.4288539
     144.2      0.7471461      0.4370488
     144.3      0.7629655      0.4452218
     144.4      0.7788165      0.4533670
     144.5      0.7946893      0.4614784
     144.6      0.8105741      0.4695503
     144.7      0.8264610      0.4775768
     144.8      0.8423400      0.4855520
     144.9      0.8582012      0.4934702
     145.0      0.8740347      0.5013257
     145.1      0.8898304      0.5091128
     145.2      0.9055782      0.5168258
     145.3      0.9212682      0.5244591
     145.4      0.9368903      0.5320073
     145.5      0.9524343      0.5394647
     145.6      0.9678903      0.5468261
     145.7      0.9832482      0.5540860
     145.8      0.9984980      0.5612392
     145.9      1.0136297      0.5682804
     146.0      1.0286334      0.5752045
     146.1      1.0434990      0.5820065
     146.2      1.0582168      0.5886814
     146.3      1.0727769      0.5952243
     146.4      1.0871695      0.6016304
     146.5      1.1013850      0.6078951
     146.6      1.1154136      0.6140137
     146.7      1.1292460      0.6199818
     146.8      1.1428725      0.6257949
     146.9      1.1562838      0.6314489
     147.0      1.1694707      0.6369394
     147.1      1.1824240      0.6422625
     147.2      1.1951346      0.6474142
     147.3      1.2075935      0.6523907
     147.4      1.2197921      0.6571883
     147.5      1.2317215      0.6618035
     147.6      1.2433733      0.6662327
     147.7      1.2547390      0.6704727
     147.8      1.2658104      0.6745203
     147.9      1.2765794      0.6783725
     148.0      1.2870380      0.6820263
     148.1      1.2971786      0.6854789
     148.2      1.3069935      0.6887278
     148.3      1.3164753      0.6917704
     148.4      1.3256167      0.6946045
     148.5      1.3344108      0.6972277
     148.6      1.3428507      0.6996382
     148.7      1.3509298      0.7018339
     148.8      1.3586417      0.7038131
     148.9      1.3659801      0.7055742
     149.0      1.3729391      0.7071159
     149.1      1.3795128      0.7084367
     149.2      1.3856958      0.7095357
     149.3      1.3914828      0.7104117
     149.4      1.3968687      0.7110640
     149.5      1.4018487      0.7114920
     149.6      1.4064182      0.7116951
     149.7      1.4105728      0.7116730
     149.8      1.4143086      0.7114254
     149.9      1.4176218      0.7109525
     150.0      1.4205087      0.7102543
     150.1      1.4229662      0.7093312
     150.2      1.4249912      0.7081835
     150.3      1.4265810      0.7068119
     150.4      1.4277333      0.7052172
     150.5      1.4284458      0.7034004
     150.6      1.4287167      0.7013624
     150.7      1.4285444      0.6991045
     150.8      1.4279276      0.6966283
     150.9      1.4268654      0.6939351
     151.0      1.4253570      0.6910268
     151.1      1.4234022      0.6879052
     151.2      1.4210007      0.6845723
     151.3      1.4181528      0.6810303
     151.4      1.4148591      0.6772815
     151.5      1.4111203      0.6733284
     151.6      1.4069377      0.6691736
     151.7      1.4023127      0.6648199
     151.8      1.3972470      0.6602701
     151.9      1.3917427      0.6555274
     152.0      1.3858023      0.6505948
     152.1      1.3794284      0.6454757
     152.2      1.3726242      0.6401736
     152.3      1.3653928      0.6346920
     152.4      1.3577380      0.6290347
     152.5      1.3496638      0.6232054
     152.6      1.3411745      0.6172082
     152.7      1.3322746      0.6110472
     152.8      1.3229691      0.6047264
     152.9      1.3132633      0.5982504
     153.0      1.3031626      0.5916234
     153.1      1.2926730      0.5848501
     153.2      1.2818005      0.5779351
     153.3      1.2705518      0.5708831
     153.4      1.2589336      0.5636990
     153.5      1.2469530      0.5563877
     153.6      1.2346173      0.5489543
     153.7      1.2219343      0.5414039
     153.8      1.2089120      0.5337417
     153.9      1.1955587      0.5259731
     154.0      1.1818830      0.5181034
     154.1      1.1678937      0.5101381
     154.2      1.1536000      0.5020826
     154.3      1.1390114      0.4939426
     154.4      1.1241376      0.4857238
     154.5      1.1089885      0.4774319
     154.6      1.0935745      0.4690725
     154.7      1.0779062      0.4606517
     154.8      1.0619942      0.4521752
     154.9      1.0458498      0.4436489
     155.0      1.0294842      0.4350788
     155.1      1.0129090      0.4264710
     155.2      0.9961360      0.4178313
     155.3      0.9791774      0.4091660
     155.4      0.9620452      0.4004810
     155.5      0.9447523      0.3917824
     155.6      0.9273111      0.3830763
     155.7      0.9097348      0.3743689
     155.8      0.8920365      0.3656663
     155.9      0.8742297      0.3569746
     156.0      0.8563278      0.3482999
     156.1      0.8383447      0.3396483
     156.2      0.8202944      0.3310259
     156.3      0.8021909      0.3224389
     156.4      0.7840487      0.3138932
     156.5      0.7658823      0.3053949
     156.6      0.7477062      0.2969500
     156.7      0.7295354      0.2885644
     156.8      0.7113847      0.2802442
     156.9      0.6932693      0.2719953
     157.0      0.6752043      0.2638233
     157.1      0.6572052      0.2557343
     157.2      0.6392874      0.2477338
     157.3      0.6214665      0.2398277
     157.4      0.6037582      0.2320214
     157.5      0.5861782      0.2243207
     157.6      0.5687424      0.2167309
     157.7      0.5514667      0.2092574
     157.8      0.5343672      0.2019057
     157.9      0.5174598      0.1946809
     158.0      0.5007608      0.1875883
     158.1      0.4842863      0.1806329
     158.2      0.4680524      0.1738196
     158.3      0.4520754      0.1671534
     158.4      0.4363715      0.1606391
     158.5      0.4209570      0.1542813
     158.6      0.4058481      0.1480846
     158.7      0.3910611      0.1420534
     158.8      0.3766122      0.1361922
     158.9      0.3625176      0.1305052
     159.0      0.3487934      0.1249964
     159.1      0.3354557      0.1196698
     159.2      0.3225207      0.1145294
     159.3      0.3100044      0.1095788
     159.4      0.2979226      0.1048216
     159.5      0.2862913      0.1002613
     159.6      0.2751261      0.0959013
     159.7      0.2644429      0.0917447
     159.8      0.2542571      0.0877945
     159.9      0.2445841      0.0840537
     160.0      0.2354394      0.0805250
     160.1      0.2268381      0.0772111
     160.2      0.2187953      0.0741143
     160.3      0.2113259      0.0712370
     160.4      0.2044446      0.0685813
     160.5      0.1981660      0.0661492
     160.6      0.1925045      0.0639425
     160.7      0.1874743      0.0619630
     160.8      0.1830895      0.0602120
     160.9      0.1793638      0.0586910
     161.0      0.1763109      0.0574012
     161.1      0.1739442      0.0563436
     161.2      0.1722769      0.0555189
     161.3      0.1713218      0.0549280
     161.4      0.1710917      0.0545713
     161.5      0.1715991      0.0544492
     161.6      0.1728560      0.0545618
     161.7      0.1748744      0.0549092
     161.8      0.1776660      0.0554913
     161.9      0.1812421      0.0563076
     162.0      0.1856138      0.0573578
     162.1      0.1907918      0.0586411
     162.2      0.1967866      0.0601567
     162.3      0.2036084      0.0619037
     162.4      0.2112671      0.0638808
     162.5      0.2197721      0.0660867
     162.6      0.2291325      0.0685200
     162.7      0.2393574      0.0711789
     162.8      0.2504551      0.0740616
     162.9      0.2624339      0.0771661
     163.0      0.2753014      0.0804903
     163.1      0.2890652      0.0840319
     163.2      0.3037323      0.0877883
     163.3      0.3193094      0.0917569
     163.4      0.3358029      0.0959350
     163.5      0.3532185      0.1003195
     163.6      0.3715619      0.1049073
     163.7      0.3908382      0.1096953
     163.8      0.4110522      0.1146799
     163.9      0.4322081      0.1198576
     164.0      0.4543100      0.1252248
     164.1      0.4773612      0.1307775
     164.2      0.5013650      0.1365118
     164.3      0.5263240      0.1424235
     164.4      0.5522405      0.1485084
     164.5      0.5791162      0.1547621
     164.6      0.6069526      0.1611800
     164.7      0.6357507      0.1677575
     164.8      0.6655109      0.1744898
     164.9      0.6962334      0.1813719
     165.0      0.7279178      0.1883990
     165.1      0.7605633      0.1955658
     165.2      0.7941686      0.2028670
     165.3      0.8287321      0.2102974
     165.4      0.8642517      0.2178514
     165.5      0.9007247      0.2255234
     165.6      0.9381481      0.2333079
     165.7      0.9765184      0.2411991
     165.8      1.0158317      0.2491910
     165.9      1.0560835      0.2572778
     166.0      1.0972691      0.2654534
     166.1      1.1393832      0.2737118
     166.2      1.1824199      0.2820467
     166.3      1.2263731      0.2904519
     166.4      1.2712361      0.2989211
     166.5      1.3170018      0.3074480
     166.6      1.3636626      0.3160260
     166.7      1.4112107      0.3246486
     166.8      1.4596374      0.3333095
     166.9      1.5089340      0.3420019
     167.0      1.5590910      0.3507192
     167.1      1.6100987      0.3594547
     167.2      1.6619470      0.3682019
     167.3      1.7146251      0.3769538
     167.4      1.7681220      0.3857039
     167.5      1.8224262      0.3944452
     167.6      1.8775257      0.4031711
     167.7      1.9334083      0.4118747
     167.8      1.9900610      0.4205492
     167.9      2.0474709      0.4291879
     168.0      2.1056242      0.4377839
     168.1      2.1645071      0.4463304
     168.2      2.2241050      0.4548207
     168.3      2.2844033      0.4632480
     168.4      2.3453867      0.4716055
     168.5      2.4070398      0.4798865
     168.6      2.4693465      0.4880845
     168.7      2.5322905      0.4961926
     168.8      2.5958553      0.5042043
     168.9      2.6600238      0.5121130
     169.0      2.7247785      0.5199122
     169.1      2.7901018      0.5275955
     169.2      2.8559756      0.5351565
     169.3      2.9223815      0.5425887
     169.4      2.9893007      0.5498859
     169.5      3.0567142      0.5570419
     169.6      3.1246027      0.5640506
     169.7      3.1929465      0.5709059
     169.8      3.2617256      0.5776018
     169.9      3.3309198      0.5841325
     170.0      3.4005085      0.5904921
     170.1      3.4704711      0.5966750
     170.2      3.5407863      0.6026755
     170.3      3.6114329      0.6084881
     170.4      3.6823893      0.6141074
     170.5      3.7536337      0.6195283
     170.6      3.8251442      0.6247454
     170.7      3.8968984      0.6297537
     170.8      3.9688740      0.6345483
     170.9      4.0410482      0.6391244
     171.0      4.1133982      0.6434772
     171.1      4.1859010      0.6476024
     171.2      4.2585333      0.6514953
     171.3      4.3312720      0.6551518
     171.4      4.4040934      0.6585676
     171.5      4.4769738      0.6617389
     171.6      4.5498896      0.6646617
     171.7      4.6228168      0.6673323
     171.8      4.6957314      0.6697472
     171.9      4.7686093      0.6719029
     172.0      4.8414263      0.6737963
     172.1      4.9141581      0.6754242
     172.2      4.9867804      0.6767838
     172.3      5.0592688      0.6778721
     172.4      5.1315988      0.6786867
     172.5      5.2037459      0.6792251
     172.6      5.2756857      0.6794851
     172.7      5.3473935      0.6794645
     172.8      5.4188449      0.6791614
     172.9      5.4900154      0.6785740
     173.0      5.5608803      0.6777008
     173.1      5.6314154      0.6765404
     173.2      5.7015961      0.6750916
     173.3      5.7713979      0.6733533
     173.4      5.8407967      0.6713245
     173.5      5.9097682      0.6690048
     173.6      5.9782881      0.6663934
     173.7      6.0463325      0.6634901
     173.8      6.1138772      0.6602948
     173.9      6.1808986      0.6568074
     174.0      6.2473727      0.6530283
     174.1      6.3132762      0.6489577
     174.2      6.3785854      0.6445962
     174.3      6.4432772      0.6399447
     174.4      6.5073283      0.6350040
     174.5      6.5707160      0.6297752
     174.6      6.6334173      0.6242597
     174.7      6.6954098      0.6184589
     174.8      6.7566711      0.6123745
     174.9      6.8171791      0.6060083
     175.0      6.8769119      0.5993624
     175.1      6.9358479      0.5924388
     175.2      6.9939657      0.5852400
     175.3      7.0512441      0.5777684
     175.4      7.1076623      0.5700269
     175.5      7.1631996      0.5620182
     175.6      7.2178359      0.5537454
     175.7      7.2715510      0.5452116
     175.8      7.3243253      0.5364204
     175.9      7.3761394      0.5273751
     176.0      7.4269743      0.5180795
     176.1      7.4768113      0.5085375
     176.2      7.5256319      0.4987530
     176.3      7.5734181      0.4887302
     176.4      7.6201524      0.4784733
     176.5      7.6658173      0.4679870
     176.6      7.7103960      0.4572756
     176.7      7.7538720      0.4463441
     176.8      7.7962290      0.4351972
     176.9      7.8374514      0.4238401
     177.0      7.8775238      0.4122777
     177.1      7.9164313      0.4005155
     177.2      7.9541594      0.3885589
     177.3      7.9906940      0.3764132
     177.4      8.0260214      0.3640843
     177.5      8.0601285      0.3515779
     177.6      8.0930025      0.3388998
     177.7      8.1246310      0.3260560
     177.8      8.1550023      0.3130527
     177.9      8.1841049      0.2998960
     178.0      8.2119279      0.2865922
     178.1      8.2384609      0.2731476
     178.2      8.2636939      0.2595689
     178.3      8.2876175      0.2458625
     178.4      8.3102225      0.2320350
     178.5      8.3315006      0.2180933
     178.6      8.3514437      0.2040440
     178.7      8.3700442      0.1898940
     178.8      8.3872953      0.1756503
     178.9      8.4031903      0.1613198
     179.0      8.4177233      0.1469095
     179.1      8.4308888      0.1324266
     179.2      8.4426819      0.1178782
     179.3      8.4530980      0.1032715
     179.4      8.4621333      0.0886136
     179.5      8.4697843      0.0739119
     179.6      8.4760482      0.0591735
     179.7      8.4809226      0.0444058
     179.8      8.4844056      0.0296161
     179.9      8.4864959      0.0148117
     180.0      8.4871927      0.0000000
