 # List of d(q) for j, j' =            2           5
 #    0  1.00000000
 #    1  0.17760468
 #    2  0.31220552
 #    3  0.07143807
 #    4  0.22738561
       0.0     82.8062381      0.0000000
       0.1     82.8055968      0.1445230
       0.2     82.8036728      0.2890388
       0.3     82.8004664      0.4335402
       0.4     82.7959775      0.5780203
       0.5     82.7902063      0.7224717
       0.6     82.7831531      0.8668873
       0.7     82.7748181      1.0112600
       0.8     82.7652016      1.1555827
       0.9     82.7543040      1.2998481
       1.0     82.7421256      1.4440492
       1.1     82.7286669      1.5881788
       1.2     82.7139284      1.7322298
       1.3     82.6979106      1.8761951
       1.4     82.6806141      2.0200675
       1.5     82.6620395      2.1638399
       1.6     82.6421875      2.3075053
       1.7     82.6210588      2.4510565
       1.8     82.5986542      2.5944864
       1.9     82.5749745      2.7377880
       2.0     82.5500206      2.8809542
       2.1     82.5237933      3.0239778
       2.2     82.4962936      3.1668520
       2.3     82.4675226      3.3095695
       2.4     82.4374811      3.4521234
       2.5     82.4061705      3.5945067
       2.6     82.3735916      3.7367123
       2.7     82.3397459      3.8787332
       2.8     82.3046344      4.0205624
       2.9     82.2682585      4.1621931
       3.0     82.2306194      4.3036181
       3.1     82.1917186      4.4448306
       3.2     82.1515574      4.5858236
       3.3     82.1101373      4.7265902
       3.4     82.0674598      4.8671234
       3.5     82.0235264      5.0074165
       3.6     81.9783388      5.1474625
       3.7     81.9318986      5.2872545
       3.8     81.8842074      5.4267858
       3.9     81.8352670      5.5660495
       4.0     81.7850791      5.7050387
       4.1     81.7336456      5.8437468
       4.2     81.6809683      5.9821669
       4.3     81.6270492      6.1202922
       4.4     81.5718901      6.2581161
       4.5     81.5154932      6.3956319
       4.6     81.4578603      6.5328328
       4.7     81.3989937      6.6697121
       4.8     81.3388954      6.8062633
       4.9     81.2775676      6.9424797
       5.0     81.2150125      7.0783547
       5.1     81.1512325      7.2138817
       5.2     81.0862297      7.3490542
       5.3     81.0200065      7.4838656
       5.4     80.9525654      7.6183094
       5.5     80.8839088      7.7523791
       5.6     80.8140391      7.8860683
       5.7     80.7429590      8.0193705
       5.8     80.6706708      8.1522793
       5.9     80.5971773      8.2847883
       6.0     80.5224812      8.4168912
       6.1     80.4465850      8.5485816
       6.2     80.3694916      8.6798533
       6.3     80.2912037      8.8106999
       6.4     80.2117242      8.9411152
       6.5     80.1310559      9.0710930
       6.6     80.0492017      9.2006271
       6.7     79.9661646      9.3297114
       6.8     79.8819476      9.4583396
       6.9     79.7965537      9.5865057
       7.0     79.7099860      9.7142037
       7.1     79.6222477      9.8414274
       7.2     79.5333418      9.9681709
       7.3     79.4432716     10.0944282
       7.4     79.3520403     10.2201934
       7.5     79.2596512     10.3454605
       7.6     79.1661077     10.4702236
       7.7     79.0714130     10.5944770
       7.8     78.9755707     10.7182148
       7.9     78.8785842     10.8414312
       8.0     78.7804569     10.9641205
       8.1     78.6811923     11.0862769
       8.2     78.5807942     11.2078949
       8.3     78.4792660     11.3289687
       8.4     78.3766114     11.4494928
       8.5     78.2728341     11.5694615
       8.6     78.1679378     11.6888694
       8.7     78.0619264     11.8077110
       8.8     77.9548035     11.9259808
       8.9     77.8465731     12.0436734
       9.0     77.7372391     12.1607834
       9.1     77.6268052     12.2773055
       9.2     77.5152757     12.3932343
       9.3     77.4026543     12.5085647
       9.4     77.2889452     12.6232913
       9.5     77.1741525     12.7374091
       9.6     77.0582802     12.8509128
       9.7     76.9413325     12.9637974
       9.8     76.8233136     13.0760577
       9.9     76.7042277     13.1876889
      10.0     76.5840792     13.2986858
      10.1     76.4628722     13.4090436
      10.2     76.3406111     13.5187573
      10.3     76.2173003     13.6278221
      10.4     76.0929443     13.7362333
      10.5     75.9675474     13.8439859
      10.6     75.8411141     13.9510754
      10.7     75.7136490     14.0574970
      10.8     75.5851567     14.1632460
      10.9     75.4556416     14.2683180
      11.0     75.3251084     14.3727083
      11.1     75.1935618     14.4764124
      11.2     75.0610066     14.5794259
      11.3     74.9274473     14.6817444
      11.4     74.7928887     14.7833635
      11.5     74.6573358     14.8842788
      11.6     74.5207932     14.9844862
      11.7     74.3832659     15.0839813
      11.8     74.2447588     15.1827600
      11.9     74.1052767     15.2808182
      12.0     73.9648247     15.3781518
      12.1     73.8234078     15.4747567
      12.2     73.6810309     15.5706289
      12.3     73.5376992     15.6657645
      12.4     73.3934177     15.7601596
      12.5     73.2481916     15.8538103
      12.6     73.1020260     15.9467129
      12.7     72.9549261     16.0388636
      12.8     72.8068971     16.1302587
      12.9     72.6579443     16.2208945
      13.0     72.5080730     16.3107675
      13.1     72.3572884     16.3998740
      13.2     72.2055960     16.4882107
      13.3     72.0530011     16.5757740
      13.4     71.8995090     16.6625605
      13.5     71.7451253     16.7485669
      13.6     71.5898554     16.8337899
      13.7     71.4337047     16.9182262
      13.8     71.2766789     17.0018727
      13.9     71.1187834     17.0847261
      14.0     70.9600239     17.1667835
      14.1     70.8004058     17.2480417
      14.2     70.6399350     17.3284978
      14.3     70.4786170     17.4081488
      14.4     70.3164575     17.4869919
      14.5     70.1534622     17.5650241
      14.6     69.9896369     17.6422429
      14.7     69.8249874     17.7186453
      14.8     69.6595194     17.7942287
      14.9     69.4932388     17.8689906
      15.0     69.3261514     17.9429283
      15.1     69.1582630     18.0160393
      15.2     68.9895797     18.0883212
      15.3     68.8201073     18.1597716
      15.4     68.6498518     18.2303881
      15.5     68.4788191     18.3001684
      15.6     68.3070152     18.3691103
      15.7     68.1344462     18.4372115
      15.8     67.9611181     18.5044700
      15.9     67.7870370     18.5708837
      16.0     67.6122090     18.6364505
      16.1     67.4366401     18.7011685
      16.2     67.2603366     18.7650357
      16.3     67.0833046     18.8280503
      16.4     66.9055502     18.8902105
      16.5     66.7270798     18.9515146
      16.6     66.5478995     19.0119608
      16.7     66.3680155     19.0715474
      16.8     66.1874342     19.1302730
      16.9     66.0061618     19.1881360
      17.0     65.8242046     19.2451349
      17.1     65.6415690     19.3012683
      17.2     65.4582614     19.3565348
      17.3     65.2742881     19.4109332
      17.4     65.0896554     19.4644621
      17.5     64.9043699     19.5171204
      17.6     64.7184379     19.5689070
      17.7     64.5318659     19.6198207
      17.8     64.3446604     19.6698606
      17.9     64.1568278     19.7190256
      18.0     63.9683747     19.7673149
      18.1     63.7793076     19.8147276
      18.2     63.5896330     19.8612628
      18.3     63.3993574     19.9069199
      18.4     63.2084875     19.9516982
      18.5     63.0170299     19.9955970
      18.6     62.8249911     20.0386158
      18.7     62.6323778     20.0807539
      18.8     62.4391966     20.1220111
      18.9     62.2454541     20.1623868
      19.0     62.0511571     20.2018807
      19.1     61.8563122     20.2404925
      19.2     61.6609261     20.2782220
      19.3     61.4650055     20.3150690
      19.4     61.2685572     20.3510333
      19.5     61.0715879     20.3861149
      19.6     60.8741044     20.4203139
      19.7     60.6761133     20.4536301
      19.8     60.4776216     20.4860637
      19.9     60.2786359     20.5176150
      20.0     60.0791631     20.5482840
      20.1     59.8792100     20.5780710
      20.2     59.6787835     20.6069765
      20.3     59.4778903     20.6350006
      20.4     59.2765374     20.6621440
      20.5     59.0747316     20.6884070
      20.6     58.8724797     20.7137903
      20.7     58.6697886     20.7382944
      20.8     58.4666653     20.7619199
      20.9     58.2631166     20.7846676
      21.0     58.0591494     20.8065383
      21.1     57.8547707     20.8275328
      21.2     57.6499873     20.8476519
      21.3     57.4448063     20.8668966
      21.4     57.2392346     20.8852679
      21.5     57.0332791     20.9027667
      21.6     56.8269467     20.9193943
      21.7     56.6202445     20.9351518
      21.8     56.4131795     20.9500403
      21.9     56.2057585     20.9640612
      22.0     55.9979886     20.9772157
      22.1     55.7898767     20.9895053
      22.2     55.5814300     21.0009312
      22.3     55.3726553     21.0114951
      22.4     55.1635597     21.0211985
      22.5     54.9541502     21.0300428
      22.6     54.7444338     21.0380299
      22.7     54.5344176     21.0451613
      22.8     54.3241085     21.0514388
      22.9     54.1135136     21.0568642
      23.0     53.9026399     21.0614393
      23.1     53.6914945     21.0651662
      23.2     53.4800844     21.0680466
      23.3     53.2684167     21.0700826
      23.4     53.0564983     21.0712764
      23.5     52.8443364     21.0716299
      23.6     52.6319379     21.0711454
      23.7     52.4193100     21.0698251
      23.8     52.2064596     21.0676712
      23.9     51.9933938     21.0646861
      24.0     51.7801198     21.0608721
      24.1     51.5666444     21.0562316
      24.2     51.3529748     21.0507672
      24.3     51.1391180     21.0444814
      24.4     50.9250811     21.0373766
      24.5     50.7108711     21.0294556
      24.6     50.4964951     21.0207210
      24.7     50.2819600     21.0111755
      24.8     50.0672730     21.0008219
      24.9     49.8524411     20.9896631
      25.0     49.6374713     20.9777018
      25.1     49.4223706     20.9649411
      25.2     49.2071461     20.9513838
      25.3     48.9918049     20.9370330
      25.4     48.7763538     20.9218918
      25.5     48.5608000     20.9059633
      25.6     48.3451505     20.8892505
      25.7     48.1294122     20.8717568
      25.8     47.9135922     20.8534854
      25.9     47.6976974     20.8344395
      26.0     47.4817350     20.8146226
      26.1     47.2657118     20.7940380
      26.2     47.0496348     20.7726891
      26.3     46.8335110     20.7505795
      26.4     46.6173474     20.7277126
      26.5     46.4011509     20.7040921
      26.6     46.1849286     20.6797215
      26.7     45.9686872     20.6546045
      26.8     45.7524339     20.6287449
      26.9     45.5361754     20.6021463
      27.0     45.3199187     20.5748126
      27.1     45.1036708     20.5467475
      27.2     44.8874386     20.5179551
      27.3     44.6712288     20.4884392
      27.4     44.4550485     20.4582038
      27.5     44.2389045     20.4272528
      27.6     44.0228036     20.3955904
      27.7     43.8067527     20.3632205
      27.8     43.5907587     20.3301475
      27.9     43.3748283     20.2963754
      28.0     43.1589685     20.2619084
      28.1     42.9431859     20.2267508
      28.2     42.7274875     20.1909069
      28.3     42.5118800     20.1543810
      28.4     42.2963701     20.1171776
      28.5     42.0809646     20.0793009
      28.6     41.8656703     20.0407555
      28.7     41.6504938     20.0015458
      28.8     41.4354420     19.9616764
      28.9     41.2205215     19.9211519
      29.0     41.0057390     19.8799768
      29.1     40.7911012     19.8381557
      29.2     40.5766148     19.7956935
      29.3     40.3622863     19.7525946
      29.4     40.1481225     19.7088640
      29.5     39.9341298     19.6645064
      29.6     39.7203151     19.6195266
      29.7     39.5066847     19.5739294
      29.8     39.2932453     19.5277198
      29.9     39.0800035     19.4809026
      30.0     38.8669657     19.4334829
      30.1     38.6541385     19.3854655
      30.2     38.4415284     19.3368556
      30.3     38.2291419     19.2876581
      30.4     38.0169853     19.2378782
      30.5     37.8050653     19.1875210
      30.6     37.5933881     19.1365915
      30.7     37.3819603     19.0850951
      30.8     37.1707881     19.0330368
      30.9     36.9598780     18.9804220
      31.0     36.7492364     18.9272559
      31.1     36.5388694     18.8735439
      31.2     36.3287835     18.8192911
      31.3     36.1189850     18.7645030
      31.4     35.9094800     18.7091850
      31.5     35.7002749     18.6533424
      31.6     35.4913759     18.5969808
      31.7     35.2827892     18.5401055
      31.8     35.0745209     18.4827221
      31.9     34.8665773     18.4248361
      32.0     34.6589645     18.3664530
      32.1     34.4516885     18.3075783
      32.2     34.2447556     18.2482178
      32.3     34.0381716     18.1883770
      32.4     33.8319428     18.1280615
      32.5     33.6260752     18.0672770
      32.6     33.4205746     18.0060292
      32.7     33.2154472     17.9443238
      32.8     33.0106988     17.8821666
      32.9     32.8063355     17.8195632
      33.0     32.6023630     17.7565195
      33.1     32.3987873     17.6930413
      33.2     32.1956143     17.6291344
      33.3     31.9928498     17.5648045
      33.4     31.7904995     17.5000577
      33.5     31.5885692     17.4348997
      33.6     31.3870648     17.3693364
      33.7     31.1859919     17.3033738
      33.8     30.9853563     17.2370178
      33.9     30.7851635     17.1702744
      34.0     30.5854194     17.1031495
      34.1     30.3861294     17.0356490
      34.2     30.1872992     16.9677791
      34.3     29.9889343     16.8995457
      34.4     29.7910403     16.8309548
      34.5     29.5936227     16.7620125
      34.6     29.3966870     16.6927248
      34.7     29.2002386     16.6230979
      34.8     29.0042829     16.5531378
      34.9     28.8088254     16.4828506
      35.0     28.6138714     16.4122424
      35.1     28.4194263     16.3413194
      35.2     28.2254954     16.2700877
      35.3     28.0320839     16.1985534
      35.4     27.8391971     16.1267227
      35.5     27.6468402     16.0546018
      35.6     27.4550184     15.9821968
      35.7     27.2637369     15.9095140
      35.8     27.0730007     15.8365596
      35.9     26.8828151     15.7633397
      36.0     26.6931850     15.6898605
      36.1     26.5041156     15.6161284
      36.2     26.3156117     15.5421494
      36.3     26.1276784     15.4679300
      36.4     25.9403207     15.3934762
      36.5     25.7535433     15.3187944
      36.6     25.5673513     15.2438908
      36.7     25.3817494     15.1687717
      36.8     25.1967425     15.0934433
      36.9     25.0123353     15.0179120
      37.0     24.8285326     14.9421839
      37.1     24.6453391     14.8662654
      37.2     24.4627595     14.7901628
      37.3     24.2807985     14.7138822
      37.4     24.0994606     14.6374301
      37.5     23.9187504     14.5608127
      37.6     23.7386725     14.4840362
      37.7     23.5592314     14.4071070
      37.8     23.3804315     14.3300314
      37.9     23.2022774     14.2528156
      38.0     23.0247734     14.1754660
      38.1     22.8479239     14.0979887
      38.2     22.6717332     14.0203902
      38.3     22.4962057     13.9426766
      38.4     22.3213456     13.8648543
      38.5     22.1471571     13.7869295
      38.6     21.9736445     13.7089085
      38.7     21.8008119     13.6307975
      38.8     21.6286634     13.5526029
      38.9     21.4572032     13.4743309
      39.0     21.2864353     13.3959878
      39.1     21.1163636     13.3175797
      39.2     20.9469923     13.2391129
      39.3     20.7783252     13.1605937
      39.4     20.6103662     13.0820283
      39.5     20.4431193     13.0034229
      39.6     20.2765882     12.9247838
      39.7     20.1107768     12.8461170
      39.8     19.9456888     12.7674289
      39.9     19.7813280     12.6887256
      40.0     19.6176980     12.6100132
      40.1     19.4548025     12.5312980
      40.2     19.2926451     12.4525861
      40.3     19.1312293     12.3738836
      40.4     18.9705588     12.2951967
      40.5     18.8106370     12.2165315
      40.6     18.6514674     12.1378941
      40.7     18.4930534     12.0592906
      40.8     18.3353983     11.9807270
      40.9     18.1785056     11.9022095
      41.0     18.0223785     11.8237441
      41.1     17.8670203     11.7453369
      41.2     17.7124342     11.6669938
      41.3     17.5586235     11.5887208
      41.4     17.4055913     11.5105240
      41.5     17.2533406     11.4324094
      41.6     17.1018746     11.3543829
      41.7     16.9511964     11.2764504
      41.8     16.8013088     11.1986178
      41.9     16.6522148     11.1208912
      42.0     16.5039175     11.0432763
      42.1     16.3564195     10.9657791
      42.2     16.2097239     10.8884053
      42.3     16.0638334     10.8111609
      42.4     15.9187506     10.7340516
      42.5     15.7744785     10.6570832
      42.6     15.6310195     10.5802615
      42.7     15.4883765     10.5035923
      42.8     15.3465519     10.4270812
      42.9     15.2055483     10.3507341
      43.0     15.0653683     10.2745565
      43.1     14.9260143     10.1985541
      43.2     14.7874887     10.1227326
      43.3     14.6497940     10.0470976
      43.4     14.5129325      9.9716547
      43.5     14.3769065      9.8964094
      43.6     14.2417183      9.8213673
      43.7     14.1073701      9.7465339
      43.8     13.9738642      9.6719147
      43.9     13.8412026      9.5975152
      44.0     13.7093874      9.5233407
      44.1     13.5784208      9.4493968
      44.2     13.4483048      9.3756888
      44.3     13.3190414      9.3022221
      44.4     13.1906324      9.2290019
      44.5     13.0630798      9.1560337
      44.6     12.9363856      9.0833226
      44.7     12.8105514      9.0108740
      44.8     12.6855790      8.9386930
      44.9     12.5614703      8.8667848
      45.0     12.4382269      8.7951546
      45.1     12.3158505      8.7238075
      45.2     12.1943426      8.6527487
      45.3     12.0737049      8.5819831
      45.4     11.9539389      8.5115159
      45.5     11.8350461      8.4413519
      45.6     11.7170279      8.3714963
      45.7     11.5998857      8.3019539
      45.8     11.4836209      8.2327297
      45.9     11.3682349      8.1638284
      46.0     11.2537288      8.0952551
      46.1     11.1401041      8.0270144
      46.2     11.0273617      7.9591111
      46.3     10.9155030      7.8915500
      46.4     10.8045290      7.8243359
      46.5     10.6944408      7.7574733
      46.6     10.5852394      7.6909669
      46.7     10.4769259      7.6248213
      46.8     10.3695011      7.5590410
      46.9     10.2629661      7.4936307
      47.0     10.1573216      7.4285947
      47.1     10.0525684      7.3639376
      47.2      9.9487075      7.2996638
      47.3      9.8457394      7.2357776
      47.4      9.7436650      7.1722834
      47.5      9.6424848      7.1091855
      47.6      9.5421995      7.0464882
      47.7      9.4428097      6.9841957
      47.8      9.3443158      6.9223121
      47.9      9.2467185      6.8608417
      48.0      9.1500181      6.7997886
      48.1      9.0542151      6.7391568
      48.2      8.9593098      6.6789504
      48.3      8.8653026      6.6191734
      48.4      8.7721937      6.5598297
      48.5      8.6799834      6.5009232
      48.6      8.5886719      6.4424578
      48.7      8.4982593      6.3844374
      48.8      8.4087459      6.3268658
      48.9      8.3201316      6.2697466
      49.0      8.2324165      6.2130836
      49.1      8.1456006      6.1568805
      49.2      8.0596839      6.1011409
      49.3      7.9746663      6.0458683
      49.4      7.8905476      5.9910664
      49.5      7.8073277      5.9367386
      49.6      7.7250065      5.8828884
      49.7      7.6435835      5.8295191
      49.8      7.5630587      5.7766342
      49.9      7.4834316      5.7242370
      50.0      7.4047018      5.6723307
      50.1      7.3268691      5.6209186
      50.2      7.2499328      5.5700039
      50.3      7.1738926      5.5195898
      50.4      7.0987479      5.4696792
      50.5      7.0244981      5.4202754
      50.6      6.9511427      5.3713813
      50.7      6.8786809      5.3229999
      50.8      6.8071121      5.2751340
      50.9      6.7364357      5.2277867
      51.0      6.6666507      5.1809607
      51.1      6.5977564      5.1346587
      51.2      6.5297520      5.0888836
      51.3      6.4626365      5.0436381
      51.4      6.3964091      4.9989247
      51.5      6.3310688      4.9547461
      51.6      6.2666146      4.9111048
      51.7      6.2030454      4.8680034
      51.8      6.1403601      4.8254443
      51.9      6.0785577      4.7834300
      52.0      6.0176370      4.7419627
      52.1      5.9575968      4.7010448
      52.2      5.8984358      4.6606786
      52.3      5.8401528      4.6208664
      52.4      5.7827465      4.5816102
      52.5      5.7262155      4.5429122
      52.6      5.6705584      4.5047745
      52.7      5.6157738      4.4671992
      52.8      5.5618603      4.4301881
      52.9      5.5088163      4.3937433
      53.0      5.4566403      4.3578667
      53.1      5.4053307      4.3225601
      53.2      5.3548860      4.2878252
      53.3      5.3053044      4.2536638
      53.4      5.2565842      4.2200777
      53.5      5.2087238      4.1870684
      53.6      5.1617214      4.1546376
      53.7      5.1155752      4.1227868
      53.8      5.0702834      4.0915174
      53.9      5.0258440      4.0608311
      54.0      4.9822552      4.0307291
      54.1      4.9395150      4.0012128
      54.2      4.8976214      3.9722836
      54.3      4.8565725      3.9439426
      54.4      4.8163662      3.9161910
      54.5      4.7770004      3.8890301
      54.6      4.7384729      3.8624610
      54.7      4.7007817      3.8364846
      54.8      4.6639244      3.8111021
      54.9      4.6278990      3.7863143
      55.0      4.5927031      3.7621221
      55.1      4.5583344      3.7385265
      55.2      4.5247906      3.7155283
      55.3      4.4920694      3.6931281
      55.4      4.4601683      3.6713267
      55.5      4.4290849      3.6501248
      55.6      4.3988167      3.6295230
      55.7      4.3693612      3.6095219
      55.8      4.3407160      3.5901218
      55.9      4.3128783      3.5713235
      56.0      4.2858457      3.5531271
      56.1      4.2596154      3.5355331
      56.2      4.2341849      3.5185419
      56.3      4.2095514      3.5021536
      56.4      4.1857121      3.4863686
      56.5      4.1626644      3.4711868
      56.6      4.1404054      3.4566086
      56.7      4.1189323      3.4426339
      56.8      4.0982422      3.4292628
      56.9      4.0783323      3.4164953
      57.0      4.0591995      3.4043311
      57.1      4.0408410      3.3927704
      57.2      4.0232538      3.3818127
      57.3      4.0064348      3.3714580
      57.4      3.9903810      3.3617060
      57.5      3.9750893      3.3525563
      57.6      3.9605566      3.3440085
      57.7      3.9467798      3.3360623
      57.8      3.9337557      3.3287172
      57.9      3.9214810      3.3219726
      58.0      3.9099527      3.3158279
      58.1      3.8991674      3.3102827
      58.2      3.8891217      3.3053361
      58.3      3.8798125      3.3009876
      58.4      3.8712364      3.2972363
      58.5      3.8633899      3.2940814
      58.6      3.8562697      3.2915221
      58.7      3.8498724      3.2895575
      58.8      3.8441945      3.2881866
      58.9      3.8392325      3.2874084
      59.0      3.8349829      3.2872219
      59.1      3.8314421      3.2876260
      59.2      3.8286067      3.2886196
      59.3      3.8264729      3.2902014
      59.4      3.8250372      3.2923703
      59.5      3.8242959      3.2951249
      59.6      3.8242454      3.2984639
      59.7      3.8248820      3.3023861
      59.8      3.8262018      3.3068898
      59.9      3.8282013      3.3119738
      60.0      3.8308765      3.3176364
      60.1      3.8342238      3.3238761
      60.2      3.8382392      3.3306914
      60.3      3.8429189      3.3380805
      60.4      3.8482591      3.3460418
      60.5      3.8542558      3.3545735
      60.6      3.8609052      3.3636739
      60.7      3.8682032      3.3733412
      60.8      3.8761460      3.3835734
      60.9      3.8847294      3.3943687
      61.0      3.8939496      3.4057250
      61.1      3.9038024      3.4176405
      61.2      3.9142837      3.4301130
      61.3      3.9253896      3.4431405
      61.4      3.9371159      3.4567208
      61.5      3.9494585      3.4708517
      61.6      3.9624132      3.4855311
      61.7      3.9759758      3.5007566
      61.8      3.9901421      3.5165260
      61.9      4.0049081      3.5328370
      62.0      4.0202693      3.5496871
      62.1      4.0362215      3.5670739
      62.2      4.0527606      3.5849949
      62.3      4.0698821      3.6034477
      62.4      4.0875818      3.6224296
      62.5      4.1058553      3.6419381
      62.6      4.1246982      3.6619705
      62.7      4.1441063      3.6825243
      62.8      4.1640751      3.7035966
      62.9      4.1846001      3.7251846
      63.0      4.2056771      3.7472857
      63.1      4.2273015      3.7698970
      63.2      4.2494688      3.7930156
      63.3      4.2721746      3.8166385
      63.4      4.2954144      3.8407629
      63.5      4.3191836      3.8653858
      63.6      4.3434778      3.8905041
      63.7      4.3682923      3.9161148
      63.8      4.3936227      3.9422147
      63.9      4.4194643      3.9688008
      64.0      4.4458125      3.9958698
      64.1      4.4726627      4.0234186
      64.2      4.5000104      4.0514438
      64.3      4.5278508      4.0799423
      64.4      4.5561793      4.1089107
      64.5      4.5849912      4.1383456
      64.6      4.6142818      4.1682436
      64.7      4.6440465      4.1986014
      64.8      4.6742806      4.2294155
      64.9      4.7049792      4.2606823
      65.0      4.7361376      4.2923984
      65.1      4.7677512      4.3245602
      65.2      4.7998151      4.3571641
      65.3      4.8323246      4.3902064
      65.4      4.8652748      4.4236836
      65.5      4.8986610      4.4575918
      65.6      4.9324784      4.4919275
      65.7      4.9667221      4.5266868
      65.8      5.0013873      4.5618660
      65.9      5.0364691      4.5974612
      66.0      5.0719628      4.6334686
      66.1      5.1078633      4.6698843
      66.2      5.1441659      4.7067044
      66.3      5.1808657      4.7439249
      66.4      5.2179577      4.7815420
      66.5      5.2554371      4.8195516
      66.6      5.2932990      4.8579496
      66.7      5.3315383      4.8967321
      66.8      5.3701503      4.9358949
      66.9      5.4091299      4.9754340
      67.0      5.4484722      5.0153451
      67.1      5.4881723      5.0556242
      67.2      5.5282251      5.0962670
      67.3      5.5686258      5.1372694
      67.4      5.6093693      5.1786271
      67.5      5.6504507      5.2203357
      67.6      5.6918649      5.2623911
      67.7      5.7336071      5.3047890
      67.8      5.7756721      5.3475249
      67.9      5.8180549      5.3905945
      68.0      5.8607507      5.4339934
      68.1      5.9037543      5.4777172
      68.2      5.9470607      5.5217616
      68.3      5.9906649      5.5661219
      68.4      6.0345619      5.6107938
      68.5      6.0787466      5.6557727
      68.6      6.1232141      5.7010541
      68.7      6.1679592      5.7466335
      68.8      6.2129769      5.7925063
      68.9      6.2582623      5.8386679
      69.0      6.3038101      5.8851137
      69.1      6.3496155      5.9318392
      69.2      6.3956732      5.9788396
      69.3      6.4419784      6.0261102
      69.4      6.4885259      6.0736465
      69.5      6.5353106      6.1214437
      69.6      6.5823276      6.1694971
      69.7      6.6295717      6.2178020
      69.8      6.6770380      6.2663536
      69.9      6.7247213      6.3151471
      70.0      6.7726166      6.3641778
      70.1      6.8207188      6.4134409
      70.2      6.8690229      6.4629315
      70.3      6.9175238      6.5126449
      70.4      6.9662165      6.5625761
      70.5      7.0150959      6.6127204
      70.6      7.0641570      6.6630729
      70.7      7.1133947      6.7136287
      70.8      7.1628040      6.7643828
      70.9      7.2123798      6.8153304
      71.0      7.2621171      6.8664666
      71.1      7.3120109      6.9177865
      71.2      7.3620561      6.9692850
      71.3      7.4122478      7.0209573
      71.4      7.4625808      7.0727983
      71.5      7.5130501      7.1248032
      71.6      7.5636508      7.1769668
      71.7      7.6143779      7.2292843
      71.8      7.6652262      7.2817507
      71.9      7.7161909      7.3343609
      72.0      7.7672669      7.3871098
      72.1      7.8184493      7.4399926
      72.2      7.8697330      7.4930041
      72.3      7.9211131      7.5461393
      72.4      7.9725846      7.5993932
      72.5      8.0241425      7.6527607
      72.6      8.0757820      7.7062368
      72.7      8.1274979      7.7598164
      72.8      8.1792855      7.8134945
      72.9      8.2311398      7.8672659
      73.0      8.2830557      7.9211256
      73.1      8.3350286      7.9750685
      73.2      8.3870533      8.0290896
      73.3      8.4391250      8.0831838
      73.4      8.4912389      8.1373459
      73.5      8.5433901      8.1915710
      73.6      8.5955736      8.2458538
      73.7      8.6477846      8.3001894
      73.8      8.7000183      8.3545726
      73.9      8.7522698      8.4089984
      74.0      8.8045344      8.4634616
      74.1      8.8568071      8.5179572
      74.2      8.9090832      8.5724801
      74.3      8.9613578      8.6270252
      74.4      9.0136263      8.6815874
      74.5      9.0658838      8.7361617
      74.6      9.1181255      8.7907429
      74.7      9.1703468      8.8453260
      74.8      9.2225428      8.8999060
      74.9      9.2747090      8.9544777
      75.0      9.3268404      9.0090361
      75.1      9.3789326      9.0635761
      75.2      9.4309807      9.1180927
      75.3      9.4829801      9.1725808
      75.4      9.5349262      9.2270355
      75.5      9.5868143      9.2814516
      75.6      9.6386398      9.3358242
      75.7      9.6903981      9.3901482
      75.8      9.7420846      9.4444186
      75.9      9.7936946      9.4986304
      76.0      9.8452238      9.5527786
      76.1      9.8966675      9.6068582
      76.2      9.9480211      9.6608643
      76.3      9.9992802      9.7147919
      76.4     10.0504402      9.7686359
      76.5     10.1014968      9.8223916
      76.6     10.1524453      9.8760539
      76.7     10.2032814      9.9296179
      76.8     10.2540007      9.9830787
      76.9     10.3045987     10.0364315
      77.0     10.3550710     10.0896712
      77.1     10.4054133     10.1427930
      77.2     10.4556211     10.1957922
      77.3     10.5056903     10.2486637
      77.4     10.5556163     10.3014029
      77.5     10.6053950     10.3540048
      77.6     10.6550221     10.4064647
      77.7     10.7044932     10.4587777
      77.8     10.7538042     10.5109392
      77.9     10.8029509     10.5629443
      78.0     10.8519289     10.6147882
      78.1     10.9007342     10.6664664
      78.2     10.9493626     10.7179740
      78.3     10.9978099     10.7693063
      78.4     11.0460720     10.8204587
      78.5     11.0941448     10.8714266
      78.6     11.1420243     10.9222052
      78.7     11.1897063     10.9727901
      78.8     11.2371869     11.0231765
      78.9     11.2844621     11.0733598
      79.0     11.3315277     11.1233356
      79.1     11.3783800     11.1730993
      79.2     11.4250148     11.2226464
      79.3     11.4714284     11.2719723
      79.4     11.5176168     11.3210727
      79.5     11.5635761     11.3699429
      79.6     11.6093024     11.4185787
      79.7     11.6547920     11.4669755
      79.8     11.7000411     11.5151290
      79.9     11.7450458     11.5630349
      80.0     11.7898024     11.6106888
      80.1     11.8343071     11.6580863
      80.2     11.8785563     11.7052232
      80.3     11.9225463     11.7520952
      80.4     11.9662734     11.7986981
      80.5     12.0097339     11.8450276
      80.6     12.0529243     11.8910796
      80.7     12.0958410     11.9368498
      80.8     12.1384804     11.9823342
      80.9     12.1808389     12.0275285
      81.0     12.2229132     12.0724288
      81.1     12.2646996     12.1170310
      81.2     12.3061948     12.1613310
      81.3     12.3473953     12.2053248
      81.4     12.3882977     12.2490084
      81.5     12.4288986     12.2923779
      81.6     12.4691947     12.3354294
      81.7     12.5091827     12.3781589
      81.8     12.5488593     12.4205626
      81.9     12.5882211     12.4626367
      82.0     12.6272651     12.5043774
      82.1     12.6659878     12.5457808
      82.2     12.7043863     12.5868433
      82.3     12.7424573     12.6275611
      82.4     12.7801976     12.6679305
      82.5     12.8176043     12.7079479
      82.6     12.8546742     12.7476097
      82.7     12.8914042     12.7869122
      82.8     12.9277914     12.8258519
      82.9     12.9638328     12.8644254
      83.0     12.9995255     12.9026290
      83.1     13.0348664     12.9404593
      83.2     13.0698528     12.9779130
      83.3     13.1044817     13.0149866
      83.4     13.1387503     13.0516767
      83.5     13.1726558     13.0879801
      83.6     13.2061954     13.1238934
      83.7     13.2393664     13.1594133
      83.8     13.2721661     13.1945367
      83.9     13.3045918     13.2292604
      84.0     13.3366407     13.2635812
      84.1     13.3683104     13.2974960
      84.2     13.3995982     13.3310017
      84.3     13.4305015     13.3640953
      84.4     13.4610178     13.3967738
      84.5     13.4911447     13.4290341
      84.6     13.5208795     13.4608734
      84.7     13.5502200     13.4922887
      84.8     13.5791636     13.5232772
      84.9     13.6077081     13.5538361
      85.0     13.6358510     13.5839625
      85.1     13.6635901     13.6136538
      85.2     13.6909231     13.6429071
      85.3     13.7178477     13.6717199
      85.4     13.7443618     13.7000895
      85.5     13.7704630     13.7280133
      85.6     13.7961494     13.7554887
      85.7     13.8214187     13.7825132
      85.8     13.8462688     13.8090844
      85.9     13.8706978     13.8351997
      86.0     13.8947036     13.8608568
      86.1     13.9182843     13.8860534
      86.2     13.9414377     13.9107870
      86.3     13.9641621     13.9350555
      86.4     13.9864556     13.9588565
      86.5     14.0083162     13.9821879
      86.6     14.0297422     14.0050475
      86.7     14.0507318     14.0274331
      86.8     14.0712832     14.0493428
      86.9     14.0913947     14.0707744
      87.0     14.1110646     14.0917259
      87.1     14.1302913     14.1121954
      87.2     14.1490731     14.1321810
      87.3     14.1674084     14.1516808
      87.4     14.1852958     14.1706930
      87.5     14.2027336     14.1892157
      87.6     14.2197203     14.2072472
      87.7     14.2362547     14.2247859
      87.8     14.2523351     14.2418299
      87.9     14.2679602     14.2583778
      88.0     14.2831288     14.2744279
      88.1     14.2978394     14.2899787
      88.2     14.3120908     14.3050286
      88.3     14.3258817     14.3195763
      88.4     14.3392110     14.3336203
      88.5     14.3520773     14.3471593
      88.6     14.3644798     14.3601918
      88.7     14.3764171     14.3727167
      88.8     14.3878882     14.3847327
      88.9     14.3988921     14.3962385
      89.0     14.4094278     14.4072331
      89.1     14.4194943     14.4177154
      89.2     14.4290906     14.4276841
      89.3     14.4382160     14.4371385
      89.4     14.4468694     14.4460773
      89.5     14.4550502     14.4544998
      89.6     14.4627574     14.4624050
      89.7     14.4699904     14.4697920
      89.8     14.4767483     14.4766601
      89.9     14.4830306     14.4830085
      90.0     14.4888365     14.4888365
      90.1     14.4941655     14.4941434
      90.2     14.4990169     14.4989285
      90.3     14.5033902     14.5031914
      90.4     14.5072849     14.5069313
      90.5     14.5107005     14.5101479
      90.6     14.5136365     14.5128407
      90.7     14.5160927     14.5150093
      90.8     14.5180684     14.5166533
      90.9     14.5195636     14.5177723
      91.0     14.5205778     14.5183662
      91.1     14.5211107     14.5184346
      91.2     14.5211622     14.5179774
      91.3     14.5207320     14.5169945
      91.4     14.5198200     14.5154856
      91.5     14.5184260     14.5134509
      91.6     14.5165500     14.5108902
      91.7     14.5141918     14.5078036
      91.8     14.5113516     14.5041911
      91.9     14.5080292     14.5000529
      92.0     14.5042248     14.4953892
      92.1     14.4999384     14.4902001
      92.2     14.4951701     14.4844859
      92.3     14.4899201     14.4782469
      92.4     14.4841886     14.4714835
      92.5     14.4779757     14.4641959
      92.6     14.4712819     14.4563847
      92.7     14.4641072     14.4480503
      92.8     14.4564522     14.4391932
      92.9     14.4483171     14.4298139
      93.0     14.4397023     14.4199132
      93.1     14.4306083     14.4094915
      93.2     14.4210355     14.3985497
      93.3     14.4109845     14.3870884
      93.4     14.4004557     14.3751084
      93.5     14.3894498     14.3626106
      93.6     14.3779673     14.3495957
      93.7     14.3660090     14.3360647
      93.8     14.3535754     14.3220186
      93.9     14.3406672     14.3074583
      94.0     14.3272853     14.2923848
      94.1     14.3134304     14.2767993
      94.2     14.2991033     14.2607028
      94.3     14.2843049     14.2440965
      94.4     14.2690360     14.2269816
      94.5     14.2532976     14.2093594
      94.6     14.2370905     14.1912311
      94.7     14.2204159     14.1725981
      94.8     14.2032746     14.1534617
      94.9     14.1856678     14.1338234
      95.0     14.1675966     14.1136846
      95.1     14.1490620     14.0930468
      95.2     14.1300652     14.0719115
      95.3     14.1106074     14.0502803
      95.4     14.0906899     14.0281549
      95.5     14.0703138     14.0055368
      95.6     14.0494804     13.9824279
      95.7     14.0281912     13.9588298
      95.8     14.0064473     13.9347443
      95.9     13.9842503     13.9101732
      96.0     13.9616015     13.8851184
      96.1     13.9385024     13.8595819
      96.2     13.9149545     13.8335655
      96.3     13.8909593     13.8070712
      96.4     13.8665183     13.7801010
      96.5     13.8416331     13.7526571
      96.6     13.8163054     13.7247415
      96.7     13.7905367     13.6963563
      96.8     13.7643289     13.6675038
      96.9     13.7376834     13.6381861
      97.0     13.7106023     13.6084055
      97.1     13.6830871     13.5781643
      97.2     13.6551397     13.5474648
      97.3     13.6267619     13.5163094
      97.4     13.5979557     13.4847006
      97.5     13.5687229     13.4526406
      97.6     13.5390655     13.4201321
      97.7     13.5089853     13.3871775
      97.8     13.4784845     13.3537794
      97.9     13.4475650     13.3199404
      98.0     13.4162290     13.2856631
      98.1     13.3844784     13.2509502
      98.2     13.3523154     13.2158044
      98.3     13.3197422     13.1802284
      98.4     13.2867609     13.1442250
      98.5     13.2533738     13.1077970
      98.6     13.2195831     13.0709472
      98.7     13.1853911     13.0336785
      98.8     13.1508000     12.9959938
      98.9     13.1158123     12.9578961
      99.0     13.0804302     12.9193884
      99.1     13.0446561     12.8804735
      99.2     13.0084925     12.8411547
      99.3     12.9719419     12.8014350
      99.4     12.9350066     12.7613175
      99.5     12.8976893     12.7208053
      99.6     12.8599924     12.6799016
      99.7     12.8219185     12.6386096
      99.8     12.7834703     12.5969326
      99.9     12.7446502     12.5548738
     100.0     12.7054611     12.5124366
     100.1     12.6659054     12.4696242
     100.2     12.6259861     12.4264400
     100.3     12.5857057     12.3828875
     100.4     12.5450671     12.3389701
     100.5     12.5040730     12.2946912
     100.6     12.4627263     12.2500543
     100.7     12.4210298     12.2050628
     100.8     12.3789864     12.1597205
     100.9     12.3365989     12.1140308
     101.0     12.2938703     12.0679973
     101.1     12.2508036     12.0216237
     101.2     12.2074017     11.9749136
     101.3     12.1636676     11.9278708
     101.4     12.1196044     11.8804988
     101.5     12.0752150     11.8328015
     101.6     12.0305026     11.7847826
     101.7     11.9854704     11.7364460
     101.8     11.9401213     11.6877954
     101.9     11.8944586     11.6388346
     102.0     11.8484855     11.5895676
     102.1     11.8022051     11.5399983
     102.2     11.7556207     11.4901305
     102.3     11.7087355     11.4399682
     102.4     11.6615529     11.3895154
     102.5     11.6140760     11.3387761
     102.6     11.5663083     11.2877542
     102.7     11.5182531     11.2364538
     102.8     11.4699138     11.1848791
     102.9     11.4212938     11.1330339
     103.0     11.3723964     11.0809226
     103.1     11.3232251     11.0285491
     103.2     11.2737834     10.9759177
     103.3     11.2240748     10.9230325
     103.4     11.1741028     10.8698976
     103.5     11.1238708     10.8165174
     103.6     11.0733826     10.7628960
     103.7     11.0226416     10.7090377
     103.8     10.9716514     10.6549467
     103.9     10.9204156     10.6006274
     104.0     10.8689380     10.5460841
     104.1     10.8172221     10.4913210
     104.2     10.7652716     10.4363425
     104.3     10.7130903     10.3811530
     104.4     10.6606818     10.3257568
     104.5     10.6080498     10.2701584
     104.6     10.5551983     10.2143622
     104.7     10.5021308     10.1583725
     104.8     10.4488513     10.1021938
     104.9     10.3953636     10.0458307
     105.0     10.3416714      9.9892875
     105.1     10.2877786      9.9325687
     105.2     10.2336892      9.8756788
     105.3     10.1794069      9.8186225
     105.4     10.1249358      9.7614041
     105.5     10.0702797      9.7040282
     105.6     10.0154426      9.6464994
     105.7      9.9604285      9.5888223
     105.8      9.9052413      9.5310014
     105.9      9.8498850      9.4730413
     106.0      9.7943636      9.4149466
     106.1      9.7386813      9.3567219
     106.2      9.6828419      9.2983720
     106.3      9.6268497      9.2399012
     106.4      9.5707086      9.1813145
     106.5      9.5144227      9.1226163
     106.6      9.4579963      9.0638113
     106.7      9.4014333      9.0049043
     106.8      9.3447380      8.9458999
     106.9      9.2879144      8.8868027
     107.0      9.2309668      8.8276175
     107.1      9.1738994      8.7683490
     107.2      9.1167163      8.7090018
     107.3      9.0594218      8.6495808
     107.4      9.0020200      8.5900905
     107.5      8.9445152      8.5305358
     107.6      8.8869117      8.4709213
     107.7      8.8292138      8.4112519
     107.8      8.7714256      8.3515322
     107.9      8.7135516      8.2917669
     108.0      8.6555959      8.2319609
     108.1      8.5975630      8.1721189
     108.2      8.5394571      8.1122455
     108.3      8.4812825      8.0523457
     108.4      8.4230437      7.9924241
     108.5      8.3647450      7.9324855
     108.6      8.3063907      7.8725347
     108.7      8.2479852      7.8125763
     108.8      8.1895329      7.7526153
     108.9      8.1310383      7.6926563
     109.0      8.0725057      7.6327040
     109.1      8.0139395      7.5727634
     109.2      7.9553442      7.5128390
     109.3      7.8967241      7.4529358
     109.4      7.8380839      7.3930583
     109.5      7.7794278      7.3332114
     109.6      7.7207604      7.2733999
     109.7      7.6620862      7.2136285
     109.8      7.6034095      7.1539018
     109.9      7.5447350      7.0942247
     110.0      7.4860670      7.0346020
     110.1      7.4274102      6.9750382
     110.2      7.3687689      6.9155382
     110.3      7.3101477      6.8561067
     110.4      7.2515512      6.7967483
     110.5      7.1929838      6.7374679
     110.6      7.1344501      6.6782701
     110.7      7.0759546      6.6191595
     110.8      7.0175019      6.5601410
     110.9      6.9590965      6.5012191
     111.0      6.9007429      6.4423985
     111.1      6.8424457      6.3836839
     111.2      6.7842095      6.3250800
     111.3      6.7260389      6.2665914
     111.4      6.6679383      6.2082227
     111.5      6.6099124      6.1499786
     111.6      6.5519657      6.0918637
     111.7      6.4941029      6.0338825
     111.8      6.4363285      5.9760397
     111.9      6.3786470      5.9183399
     112.0      6.3210631      5.8607876
     112.1      6.2635813      5.8033874
     112.2      6.2062063      5.7461438
     112.3      6.1489426      5.6890614
     112.4      6.0917948      5.6321447
     112.5      6.0347675      5.5753982
     112.6      5.9778653      5.5188263
     112.7      5.9210928      5.4624336
     112.8      5.8644545      5.4062245
     112.9      5.8079552      5.3502035
     113.0      5.7515992      5.2943750
     113.1      5.6953914      5.2387434
     113.2      5.6393361      5.1833131
     113.3      5.5834381      5.1280885
     113.4      5.5277019      5.0730740
     113.5      5.4721321      5.0182739
     113.6      5.4167333      4.9636925
     113.7      5.3615100      4.9093342
     113.8      5.3064669      4.8552032
     113.9      5.2516085      4.8013039
     114.0      5.1969394      4.7476404
     114.1      5.1424641      4.6942170
     114.2      5.0881873      4.6410380
     114.3      5.0341134      4.5881075
     114.4      4.9802471      4.5354297
     114.5      4.9265929      4.4830087
     114.6      4.8731553      4.4308488
     114.7      4.8199390      4.3789540
     114.8      4.7669483      4.3273283
     114.9      4.7141879      4.2759759
     115.0      4.6616623      4.2249009
     115.1      4.6093761      4.1741071
     115.2      4.5573336      4.1235988
     115.3      4.5055395      4.0733797
     115.4      4.4539983      4.0234539
     115.5      4.4027144      3.9738252
     115.6      4.3516924      3.9244977
     115.7      4.3009366      3.8754752
     115.8      4.2504517      3.8267615
     115.9      4.2002420      3.7783604
     116.0      4.1503121      3.7302758
     116.1      4.1006663      3.6825114
     116.2      4.0513092      3.6350711
     116.3      4.0022451      3.5879584
     116.4      3.9534785      3.5411772
     116.5      3.9050138      3.4947310
     116.6      3.8568553      3.4486235
     116.7      3.8090076      3.4028584
     116.8      3.7614750      3.3574392
     116.9      3.7142618      3.3123695
     117.0      3.6673725      3.2676528
     117.1      3.6208113      3.2232926
     117.2      3.5745827      3.1792924
     117.3      3.5286909      3.1356555
     117.4      3.4831403      3.0923856
     117.5      3.4379352      3.0494858
     117.6      3.3930799      3.0069595
     117.7      3.3485786      2.9648102
     117.8      3.3044357      2.9230410
     117.9      3.2606554      2.8816552
     118.0      3.2172420      2.8406561
     118.1      3.1741996      2.8000468
     118.2      3.1315326      2.7598305
     118.3      3.0892450      2.7200103
     118.4      3.0473412      2.6805893
     118.5      3.0058252      2.6415707
     118.6      2.9647013      2.6029573
     118.7      2.9239736      2.5647523
     118.8      2.8836463      2.5269585
     118.9      2.8437234      2.4895789
     119.0      2.8042090      2.4526165
     119.1      2.7651073      2.4160739
     119.2      2.7264223      2.3799542
     119.3      2.6881581      2.3442600
     119.4      2.6503187      2.3089942
     119.5      2.6129081      2.2741594
     119.6      2.5759304      2.2397584
     119.7      2.5393895      2.2057938
     119.8      2.5032894      2.1722681
     119.9      2.4676341      2.1391840
     120.0      2.4324276      2.1065441
     120.1      2.3976736      2.0743507
     120.2      2.3633762      2.0426065
     120.3      2.3295391      2.0113137
     120.4      2.2961664      1.9804749
     120.5      2.2632618      1.9500923
     120.6      2.2308291      1.9201684
     120.7      2.1988722      1.8907052
     120.8      2.1673948      1.8617052
     120.9      2.1364008      1.8331705
     121.0      2.1058938      1.8051033
     121.1      2.0758776      1.7775057
     121.2      2.0463560      1.7503798
     121.3      2.0173325      1.7237276
     121.4      1.9888109      1.6975511
     121.5      1.9607948      1.6718524
     121.6      1.9332879      1.6466333
     121.7      1.9062936      1.6218958
     121.8      1.8798157      1.5976417
     121.9      1.8538577      1.5738727
     122.0      1.8284232      1.5505908
     122.1      1.8035155      1.5277975
     122.2      1.7791383      1.5054947
     122.3      1.7552951      1.4836839
     122.4      1.7319891      1.4623668
     122.5      1.7092240      1.4415449
     122.6      1.6870030      1.4212198
     122.7      1.6653297      1.4013929
     122.8      1.6442072      1.3820657
     122.9      1.6236390      1.3632396
     123.0      1.6036284      1.3449159
     123.1      1.5841786      1.3270960
     123.2      1.5652929      1.3097812
     123.3      1.5469746      1.2929727
     123.4      1.5292268      1.2766717
     123.5      1.5120528      1.2608794
     123.6      1.4954556      1.2455968
     123.7      1.4794385      1.2308250
     123.8      1.4640046      1.2165651
     123.9      1.4491569      1.2028180
     124.0      1.4348985      1.1895847
     124.1      1.4212324      1.1768662
     124.2      1.4081616      1.1646631
     124.3      1.3956891      1.1529764
     124.4      1.3838179      1.1418069
     124.5      1.3725509      1.1311552
     124.6      1.3618910      1.1210220
     124.7      1.3518410      1.1114080
     124.8      1.3424038      1.1023138
     124.9      1.3335823      1.0937400
     125.0      1.3253791      1.0856870
     125.1      1.3177972      1.0781554
     125.2      1.3108391      1.0711455
     125.3      1.3045076      1.0646577
     125.4      1.2988055      1.0586924
     125.5      1.2937352      1.0532499
     125.6      1.2892996      1.0483304
     125.7      1.2855010      1.0439342
     125.8      1.2823422      1.0400614
     125.9      1.2798256      1.0367121
     126.0      1.2779538      1.0338864
     126.1      1.2767292      1.0315843
     126.2      1.2761543      1.0298059
     126.3      1.2762315      1.0285510
     126.4      1.2769631      1.0278197
     126.5      1.2783515      1.0276116
     126.6      1.2803991      1.0279268
     126.7      1.2831082      1.0287649
     126.8      1.2864809      1.0301257
     126.9      1.2905197      1.0320088
     127.0      1.2952265      1.0344139
     127.1      1.3006037      1.0373406
     127.2      1.3066533      1.0407885
     127.3      1.3133775      1.0447570
     127.4      1.3207784      1.0492457
     127.5      1.3288580      1.0542539
     127.6      1.3376182      1.0597811
     127.7      1.3470612      1.0658265
     127.8      1.3571888      1.0723896
     127.9      1.3680030      1.0794694
     128.0      1.3795057      1.0870653
     128.1      1.3916987      1.0951764
     128.2      1.4045838      1.1038018
     128.3      1.4181628      1.1129407
     128.4      1.4324376      1.1225919
     128.5      1.4474097      1.1327547
     128.6      1.4630810      1.1434277
     128.7      1.4794530      1.1546101
     128.8      1.4965274      1.1663007
     128.9      1.5143059      1.1784982
     129.0      1.5327899      1.1912014
     129.1      1.5519809      1.2044092
     129.2      1.5718805      1.2181202
     129.3      1.5924902      1.2323330
     129.4      1.6138113      1.2470462
     129.5      1.6358453      1.2622585
     129.6      1.6585935      1.2779683
     129.7      1.6820573      1.2941741
     129.8      1.7062378      1.3108744
     129.9      1.7311365      1.3280676
     130.0      1.7567545      1.3457520
     130.1      1.7830930      1.3639260
     130.2      1.8101531      1.3825877
     130.3      1.8379360      1.4017356
     130.4      1.8664427      1.4213677
     130.5      1.8956744      1.4414821
     130.6      1.9256320      1.4620771
     130.7      1.9563165      1.4831507
     130.8      1.9877289      1.5047009
     130.9      2.0198700      1.5267257
     131.0      2.0527407      1.5492231
     131.1      2.0863419      1.5721909
     131.2      2.1206744      1.5956271
     131.3      2.1557390      1.6195294
     131.4      2.1915363      1.6438957
     131.5      2.2280672      1.6687236
     131.6      2.2653321      1.6940110
     131.7      2.3033319      1.7197555
     131.8      2.3420670      1.7459547
     131.9      2.3815381      1.7726063
     132.0      2.4217456      1.7997077
     132.1      2.4626900      1.8272565
     132.2      2.5043718      1.8552501
     132.3      2.5467914      1.8836861
     132.4      2.5899492      1.9125618
     132.5      2.6338454      1.9418746
     132.6      2.6784805      1.9716217
     132.7      2.7238547      2.0018006
     132.8      2.7699682      2.0324084
     132.9      2.8168213      2.0634424
     133.0      2.8644140      2.0948998
     133.1      2.9127465      2.1267776
     133.2      2.9618189      2.1590730
     133.3      3.0116312      2.1917831
     133.4      3.0621835      2.2249049
     133.5      3.1134757      2.2584355
     133.6      3.1655078      2.2923717
     133.7      3.2182797      2.3267105
     133.8      3.2717912      2.3614488
     133.9      3.3260422      2.3965834
     134.0      3.3810325      2.4321112
     134.1      3.4367618      2.4680291
     134.2      3.4932299      2.5043336
     134.3      3.5504365      2.5410216
     134.4      3.6083811      2.5780897
     134.5      3.6670635      2.6155347
     134.6      3.7264832      2.6533531
     134.7      3.7866396      2.6915415
     134.8      3.8475325      2.7300964
     134.9      3.9091611      2.7690145
     135.0      3.9715249      2.8082922
     135.1      4.0346234      2.8479260
     135.2      4.0984559      2.8879122
     135.3      4.1630216      2.9282474
     135.4      4.2283200      2.9689278
     135.5      4.2943501      3.0099498
     135.6      4.3611113      3.0513097
     135.7      4.4286028      3.0930039
     135.8      4.4968236      3.1350285
     135.9      4.5657728      3.1773797
     136.0      4.6354495      3.2200538
     136.1      4.7058528      3.2630470
     136.2      4.7769817      3.3063552
     136.3      4.8488350      3.3499748
     136.4      4.9214117      3.3939017
     136.5      4.9947107      3.4381320
     136.6      5.0687308      3.4826617
     136.7      5.1434709      3.5274868
     136.8      5.2189297      3.5726032
     136.9      5.2951059      3.6180070
     137.0      5.3719983      3.6636940
     137.1      5.4496055      3.7096602
     137.2      5.5279261      3.7559013
     137.3      5.6069588      3.8024133
     137.4      5.6867020      3.8491919
     137.5      5.7671543      3.8962330
     137.6      5.8483142      3.9435322
     137.7      5.9301801      3.9910854
     137.8      6.0127505      4.0388883
     137.9      6.0960236      4.0869365
     138.0      6.1799979      4.1352258
     138.1      6.2646717      4.1837517
     138.2      6.3500432      4.2325099
     138.3      6.4361106      4.2814961
     138.4      6.5228721      4.3307058
     138.5      6.6103259      4.3801345
     138.6      6.6984702      4.4297778
     138.7      6.7873030      4.4796313
     138.8      6.8768223      4.5296904
     138.9      6.9670262      4.5799506
     139.0      7.0579126      4.6304073
     139.1      7.1494796      4.6810561
     139.2      7.2417250      4.7318923
     139.3      7.3346467      4.7829114
     139.4      7.4282425      4.8341087
     139.5      7.5225102      4.8854796
     139.6      7.6174477      4.9370194
     139.7      7.7130526      4.9887236
     139.8      7.8093227      5.0405873
     139.9      7.9062555      5.0926060
     140.0      8.0038489      5.1447749
     140.1      8.1021002      5.1970892
     140.2      8.2010072      5.2495443
     140.3      8.3005674      5.3021353
     140.4      8.4007781      5.3548575
     140.5      8.5016370      5.4077061
     140.6      8.6031414      5.4606764
     140.7      8.7052887      5.5137634
     140.8      8.8080763      5.5669623
     140.9      8.9115016      5.6202684
     141.0      9.0155617      5.6736768
     141.1      9.1202539      5.7271826
     141.2      9.2255756      5.7807808
     141.3      9.3315238      5.8344668
     141.4      9.4380958      5.8882354
     141.5      9.5452887      5.9420819
     141.6      9.6530995      5.9960013
     141.7      9.7615253      6.0499887
     141.8      9.8705632      6.1040391
     141.9      9.9802101      6.1581477
     142.0     10.0904630      6.2123093
     142.1     10.2013189      6.2665192
     142.2     10.3127746      6.3207723
     142.3     10.4248270      6.3750636
     142.4     10.5374729      6.4293881
     142.5     10.6507092      6.4837409
     142.6     10.7645326      6.5381170
     142.7     10.8789398      6.5925113
     142.8     10.9939276      6.6469189
     142.9     11.1094927      6.7013347
     143.0     11.2256316      6.7557538
     143.1     11.3423411      6.8101710
     143.2     11.4596176      6.8645814
     143.3     11.5774577      6.9189799
     143.4     11.6958580      6.9733615
     143.5     11.8148150      7.0277212
     143.6     11.9343251      7.0820539
     143.7     12.0543847      7.1363546
     143.8     12.1749903      7.1906183
     143.9     12.2961382      7.2448398
     144.0     12.4178248      7.2990143
     144.1     12.5400463      7.3531365
     144.2     12.6627991      7.4072015
     144.3     12.7860794      7.4612043
     144.4     12.9098835      7.5151397
     144.5     13.0342075      7.5690028
     144.6     13.1590476      7.6227885
     144.7     13.2843999      7.6764918
     144.8     13.4102606      7.7301076
     144.9     13.5366258      7.7836309
     145.0     13.6634914      7.8370567
     145.1     13.7908535      7.8903799
     145.2     13.9187082      7.9435956
     145.3     14.0470513      7.9966987
     145.4     14.1758789      8.0496842
     145.5     14.3051869      8.1025471
     145.6     14.4349710      8.1552823
     145.7     14.5652273      8.2078850
     145.8     14.6959515      8.2603501
     145.9     14.8271395      8.3126726
     146.0     14.9587870      8.3648475
     146.1     15.0908897      8.4168699
     146.2     15.2234435      8.4687349
     146.3     15.3564440      8.5204374
     146.4     15.4898870      8.5719725
     146.5     15.6237679      8.6233354
     146.6     15.7580826      8.6745210
     146.7     15.8928266      8.7255244
     146.8     16.0279954      8.7763408
     146.9     16.1635846      8.8269653
     147.0     16.2995898      8.8773929
     147.1     16.4360065      8.9276188
     147.2     16.5728301      8.9776381
     147.3     16.7100561      9.0274461
     147.4     16.8476800      9.0770378
     147.5     16.9856971      9.1264084
     147.6     17.1241028      9.1755531
     147.7     17.2628925      9.2244672
     147.8     17.4020616      9.2731458
     147.9     17.5416053      9.3215842
     148.0     17.6815190      9.3697775
     148.1     17.8217979      9.4177212
     148.2     17.9624373      9.4654105
     148.3     18.1034324      9.5128405
     148.4     18.2447785      9.5600068
     148.5     18.3864706      9.6069045
     148.6     18.5285040      9.6535291
     148.7     18.6708739      9.6998758
     148.8     18.8135753      9.7459401
     148.9     18.9566033      9.7917174
     149.0     19.0999531      9.8372031
     149.1     19.2436197      9.8823925
     149.2     19.3875981      9.9272813
     149.3     19.5318834      9.9718647
     149.4     19.6764705     10.0161384
     149.5     19.8213545     10.0600978
     149.6     19.9665304     10.1037385
     149.7     20.1119930     10.1470560
     149.8     20.2577373     10.1900459
     149.9     20.4037582     10.2327038
     150.0     20.5500507     10.2750253
     150.1     20.6966095     10.3170061
     150.2     20.8434295     10.3586417
     150.3     20.9905056     10.3999280
     150.4     21.1378327     10.4408605
     150.5     21.2854054     10.4814351
     150.6     21.4332186     10.5216475
     150.7     21.5812671     10.5614934
     150.8     21.7295457     10.6009687
     150.9     21.8780490     10.6400693
     151.0     22.0267717     10.6787908
     151.1     22.1757087     10.7171294
     151.2     22.3248546     10.7550807
     151.3     22.4742040     10.7926409
     151.4     22.6237517     10.8298057
     151.5     22.7734923     10.8665714
     151.6     22.9234204     10.9029337
     151.7     23.0735306     10.9388888
     151.8     23.2238176     10.9744328
     151.9     23.3742759     11.0095617
     152.0     23.5249002     11.0442717
     152.1     23.6756849     11.0785589
     152.2     23.8266247     11.1124195
     152.3     23.9777141     11.1458497
     152.4     24.1289476     11.1788458
     152.5     24.2803197     11.2114040
     152.6     24.4318250     11.2435206
     152.7     24.5834579     11.2751920
     152.8     24.7352129     11.3064146
     152.9     24.8870846     11.3371846
     153.0     25.0390672     11.3674986
     153.1     25.1911554     11.3973531
     153.2     25.3433435     11.4267444
     153.3     25.4956259     11.4556691
     153.4     25.6479972     11.4841238
     153.5     25.8004516     11.5121051
     153.6     25.9529837     11.5396095
     153.7     26.1055877     11.5666338
     153.8     26.2582581     11.5931746
     153.9     26.4109892     11.6192287
     154.0     26.5637755     11.6447927
     154.1     26.7166112     11.6698635
     154.2     26.8694907     11.6944380
     154.3     27.0224084     11.7185129
     154.4     27.1753586     11.7420852
     154.5     27.3283356     11.7651517
     154.6     27.4813338     11.7877096
     154.7     27.6343474     11.8097557
     154.8     27.7873708     11.8312870
     154.9     27.9403982     11.8523008
     155.0     28.0934240     11.8727940
     155.1     28.2464425     11.8927639
     155.2     28.3994479     11.9122076
     155.3     28.5524346     11.9311223
     155.4     28.7053967     11.9495053
     155.5     28.8583286     11.9673539
     155.6     29.0112245     11.9846654
     155.7     29.1640788     12.0014372
     155.8     29.3168856     12.0176667
     155.9     29.4696392     12.0333513
     156.0     29.6223339     12.0484886
     156.1     29.7749639     12.0630761
     156.2     29.9275235     12.0771113
     156.3     30.0800069     12.0905919
     156.4     30.2324084     12.1035154
     156.5     30.3847221     12.1158797
     156.6     30.5369424     12.1276823
     156.7     30.6890635     12.1389211
     156.8     30.8410796     12.1495938
     156.9     30.9929850     12.1596984
     157.0     31.1447738     12.1692326
     157.1     31.2964404     12.1781945
     157.2     31.4479790     12.1865820
     157.3     31.5993837     12.1943931
     157.4     31.7506489     12.2016259
     157.5     31.9017688     12.2082784
     157.6     32.0527376     12.2143488
     157.7     32.2035495     12.2198352
     157.8     32.3541989     12.2247360
     157.9     32.5046799     12.2290492
     158.0     32.6549868     12.2327734
     158.1     32.8051138     12.2359067
     158.2     32.9550552     12.2384475
     158.3     33.1048053     12.2403944
     158.4     33.2543583     12.2417458
     158.5     33.4037084     12.2425001
     158.6     33.5528500     12.2426560
     158.7     33.7017773     12.2422121
     158.8     33.8504846     12.2411669
     158.9     33.9989661     12.2395193
     159.0     34.1472161     12.2372678
     159.1     34.2952290     12.2344114
     159.2     34.4429990     12.2309487
     159.3     34.5905204     12.2268788
     159.4     34.7377875     12.2222004
     159.5     34.8847947     12.2169126
     159.6     35.0315362     12.2110143
     159.7     35.1780064     12.2045046
     159.8     35.3241996     12.1973825
     159.9     35.4701101     12.1896472
     160.0     35.6157324     12.1812979
     160.1     35.7610606     12.1723337
     160.2     35.9060893     12.1627540
     160.3     36.0508127     12.1525580
     160.4     36.1952253     12.1417452
     160.5     36.3393215     12.1303148
     160.6     36.4830956     12.1182663
     160.7     36.6265420     12.1055993
     160.8     36.7696551     12.0923132
     160.9     36.9124295     12.0784076
     161.0     37.0548595     12.0638822
     161.1     37.1969395     12.0487366
     161.2     37.3386640     12.0329705
     161.3     37.4800275     12.0165837
     161.4     37.6210245     11.9995760
     161.5     37.7616495     11.9819472
     161.6     37.9018968     11.9636972
     161.7     38.0417612     11.9448260
     161.8     38.1812370     11.9253335
     161.9     38.3203188     11.9052198
     162.0     38.4590012     11.8844850
     162.1     38.5972788     11.8631291
     162.2     38.7351460     11.8411523
     162.3     38.8725976     11.8185548
     162.4     39.0096281     11.7953370
     162.5     39.1462320     11.7714990
     162.6     39.2824041     11.7470413
     162.7     39.4181390     11.7219641
     162.8     39.5534314     11.6962681
     162.9     39.6882759     11.6699536
     163.0     39.8226672     11.6430211
     163.1     39.9566000     11.6154713
     163.2     40.0900691     11.5873047
     163.3     40.2230691     11.5585221
     163.4     40.3555949     11.5291240
     163.5     40.4876412     11.4991114
     163.6     40.6192027     11.4684849
     163.7     40.7502743     11.4372454
     163.8     40.8808509     11.4053938
     163.9     41.0109272     11.3729311
     164.0     41.1404981     11.3398581
     164.1     41.2695584     11.3061760
     164.2     41.3981031     11.2718857
     164.3     41.5261271     11.2369885
     164.4     41.6536253     11.2014854
     164.5     41.7805926     11.1653777
     164.6     41.9070240     11.1286666
     164.7     42.0329145     11.0913534
     164.8     42.1582591     11.0534393
     164.9     42.2830529     11.0149259
     165.0     42.4072907     10.9758145
     165.1     42.5309679     10.9361066
     165.2     42.6540793     10.8958036
     165.3     42.7766201     10.8549072
     165.4     42.8985854     10.8134189
     165.5     43.0199705     10.7713404
     165.6     43.1407704     10.7286733
     165.7     43.2609803     10.6854194
     165.8     43.3805955     10.6415805
     165.9     43.4996112     10.5971583
     166.0     43.6180226     10.5521547
     166.1     43.7358250     10.5065716
     166.2     43.8530137     10.4604110
     166.3     43.9695841     10.4136748
     166.4     44.0855315     10.3663650
     166.5     44.2008512     10.3184838
     166.6     44.3155386     10.2700332
     166.7     44.4295893     10.2210153
     166.8     44.5429985     10.1714325
     166.9     44.6557618     10.1212868
     167.0     44.7678747     10.0705806
     167.1     44.8793326     10.0193162
     167.2     44.9901311      9.9674960
     167.3     45.1002659      9.9151223
     167.4     45.2097323      9.8621976
     167.5     45.3185262      9.8087243
     167.6     45.4266431      9.7547051
     167.7     45.5340786      9.7001424
     167.8     45.6408286      9.6450388
     167.9     45.7468886      9.5893970
     168.0     45.8522545      9.5332198
     168.1     45.9569220      9.4765097
     168.2     46.0608869      9.4192695
     168.3     46.1641450      9.3615021
     168.4     46.2666922      9.3032103
     168.5     46.3685243      9.2443969
     168.6     46.4696374      9.1850649
     168.7     46.5700272      9.1252173
     168.8     46.6696898      9.0648569
     168.9     46.7686212      9.0039869
     169.0     46.8668174      8.9426103
     169.1     46.9642743      8.8807303
     169.2     47.0609882      8.8183498
     169.3     47.1569551      8.7554722
     169.4     47.2521712      8.6921007
     169.5     47.3466325      8.6282385
     169.6     47.4403353      8.5638888
     169.7     47.5332759      8.4990550
     169.8     47.6254505      8.4337405
     169.9     47.7168553      8.3679487
     170.0     47.8074867      8.3016829
     170.1     47.8973410      8.2349467
     170.2     47.9864146      8.1677436
     170.3     48.0747039      8.1000770
     170.4     48.1622054      8.0319506
     170.5     48.2489154      7.9633680
     170.6     48.3348305      7.8943327
     170.7     48.4199473      7.8248485
     170.8     48.5042623      7.7549191
     170.9     48.5877720      7.6845481
     171.0     48.6704732      7.6137394
     171.1     48.7523624      7.5424968
     171.2     48.8334363      7.4708241
     171.3     48.9136918      7.3987251
     171.4     48.9931254      7.3262038
     171.5     49.0717341      7.2532641
     171.6     49.1495146      7.1799099
     171.7     49.2264638      7.1061453
     171.8     49.3025785      7.0319742
     171.9     49.3778557      6.9574007
     172.0     49.4522924      6.8824289
     172.1     49.5258855      6.8070628
     172.2     49.5986320      6.7313067
     172.3     49.6705290      6.6551647
     172.4     49.7415736      6.5786410
     172.5     49.8117629      6.5017397
     172.6     49.8810941      6.4244653
     172.7     49.9495642      6.3468218
     172.8     50.0171707      6.2688137
     172.9     50.0839107      6.1904453
     173.0     50.1497814      6.1117209
     173.1     50.2147804      6.0326450
     173.2     50.2789048      5.9532218
     173.3     50.3421521      5.8734560
     173.4     50.4045198      5.7933519
     173.5     50.4660052      5.7129140
     173.6     50.5266060      5.6321468
     173.7     50.5863196      5.5510549
     173.8     50.6451436      5.4696429
     173.9     50.7030757      5.3879153
     174.0     50.7601134      5.3058767
     174.1     50.8162545      5.2235317
     174.2     50.8714967      5.1408851
     174.3     50.9258377      5.0579415
     174.4     50.9792753      4.9747055
     174.5     51.0318074      4.8911820
     174.6     51.0834318      4.8073756
     174.7     51.1341464      4.7232911
     174.8     51.1839491      4.6389334
     174.9     51.2328380      4.5543071
     175.0     51.2808110      4.4694172
     175.1     51.3278662      4.3842684
     175.2     51.3740017      4.2988657
     175.3     51.4192156      4.2132138
     175.4     51.4635060      4.1273178
     175.5     51.5068712      4.0411825
     175.6     51.5493094      3.9548129
     175.7     51.5908188      3.8682139
     175.8     51.6313978      3.7813905
     175.9     51.6710447      3.6943476
     176.0     51.7097579      3.6070904
     176.1     51.7475359      3.5196237
     176.2     51.7843770      3.4319526
     176.3     51.8202798      3.3440823
     176.4     51.8552429      3.2560176
     176.5     51.8892648      3.1677638
     176.6     51.9223440      3.0793259
     176.7     51.9544794      2.9907091
     176.8     51.9856695      2.9019183
     176.9     52.0159131      2.8129588
     177.0     52.0452089      2.7238358
     177.1     52.0735558      2.6345543
     177.2     52.1009527      2.5451195
     177.3     52.1273983      2.4555367
     177.4     52.1528916      2.3658110
     177.5     52.1774316      2.2759476
     177.6     52.2010173      2.1859517
     177.7     52.2236476      2.0958286
     177.8     52.2453218      2.0055834
     177.9     52.2660389      1.9152215
     178.0     52.2857980      1.8247480
     178.1     52.3045984      1.7341683
     178.2     52.3224393      1.6434875
     178.3     52.3393200      1.5527110
     178.4     52.3552397      1.4618441
     178.5     52.3701978      1.3708920
     178.6     52.3841938      1.2798600
     178.7     52.3972270      1.1887534
     178.8     52.4092969      1.0975775
     178.9     52.4204030      1.0063377
     179.0     52.4305449      0.9150392
     179.1     52.4397222      0.8236874
     179.2     52.4479344      0.7322875
     179.3     52.4551813      0.6408450
     179.4     52.4614625      0.5493651
     179.5     52.4667778      0.4578532
     179.6     52.4711270      0.3663146
     179.7     52.4745099      0.2747546
     179.8     52.4769263      0.1831787
     179.9     52.4783762      0.0915920
     180.0     52.4788595      0.0000000
