 # List of d(q) for j, j' =           36          38
 #    0  1.00000000
 #    1  0.98003443
 #    2  0.94811037
 #    3  0.91351163
 #    4  0.88099829
 #    5  0.85091336
 #    6  0.82239530
 #    7  0.79503919
 #    8  0.76854683
 #    9  0.74245562
 #   10  0.71655796
 #   11  0.69110362
 #   12  0.66647126
 #   13  0.64286367
 #   14  0.62031704
 #   15  0.59878015
 #   16  0.57811685
 #   17  0.55817907
 #   18  0.53896181
 #   19  0.52060217
 #   20  0.50317712
 #   21  0.48658887
 #   22  0.47068574
 #   23  0.45539204
 #   24  0.44066491
 #   25  0.42642100
 #   26  0.41258651
 #   27  0.39917131
 #   28  0.38623496
 #   29  0.37380267
 #   30  0.36184447
 #   31  0.35030908
 #   32  0.33914629
 #   33  0.32830800
 #   34  0.31775475
 #   35  0.30746565
 #   36  0.29743557
 #   37  0.28765942
 #   38  0.27812401
 #   39  0.26881167
 #   40  0.25971122
 #   41  0.25082139
 #   42  0.24214537
 #   43  0.23368213
 #   44  0.22542245
 #   45  0.21734150
 #   46  0.20943981
 #   47  0.20167253
 #   48  0.19408302
 #   49  0.18662176
 #   50  0.17933591
 #   51  0.17216569
 #   52  0.16523725
 #   53  0.15826956
 #   54  0.15176607
 #   55  0.14502867
 #   56  0.13884819
 #   57  0.13229743
 #   58  0.12632575
 #   59  0.11980190
 #   60  0.11419434
 #   61  0.10757035
 #   62  0.10213089
 #   63  0.09542827
 #   64  0.09035146
 #   65  0.08338727
 #   66  0.07829850
 #   67  0.07026772
 #   68  0.06626759
 #   69  0.05636903
 #   70  0.05232722
 #   71  0.03880933
 #   72  0.03651398
       0.0   6251.9578808      0.0000000
       0.1   6244.3347999     10.8984147
       0.2   6221.5129872     21.7171331
       0.3   6183.6343270     32.3772857
       0.4   6130.9339442     42.8016457
       0.5   6063.7381963     52.9154266
       0.6   5982.4618892     62.6470494
       0.7   5887.6047464     71.9288721
       0.8   5779.7471668     80.6978723
       0.9   5659.5453119     88.8962741
       1.0   5527.7255742     96.4721134
       1.1   5385.0784792    103.3797339
       1.2   5232.4520837    109.5802086
       1.3   5070.7449339    115.0416818
       1.4   4900.8986539    119.7396290
       1.5   4723.8902370    123.6570305
       1.6   4540.7241147    126.7844583
       1.7   4352.4240803    129.1200751
       1.8   4160.0251454    130.6695476
       1.9   3964.5654060    131.4458733
       2.0   3767.0779970    131.4691261
       2.1   3568.5832078    130.7661236
       2.2   3370.0808350    129.3700197
       2.3   3172.5428395    127.3198310
       2.4   2976.9063755    124.6599006
       2.5   2784.0672517    121.4393079
       2.6   2594.8738816    117.7112331
       2.7   2410.1217735    113.5322825
       2.8   2230.5486034    108.9617858
       2.9   2056.8299096    104.0610724
       3.0   1889.5754396     98.8927375
       3.1   1729.3261717     93.5199066
       3.2   1576.5520294     88.0055070
       3.3   1431.6502955     82.4115562
       3.4   1294.9447287     76.7984758
       3.5   1166.6853758     71.2244383
       3.6   1047.0490666     65.7447549
       3.7    936.1405719     60.4113120
       3.8    833.9943976     55.2720616
       3.9    740.5771814     50.3705723
       4.0    655.7906556     45.7456436
       4.1    579.4751294     41.4309908
       4.2    511.4134451     37.4549987
       4.3    451.3353535     33.8405502
       4.4    398.9222547     30.6049277
       4.5    353.8122441     27.7597887
       4.6    315.6054046     25.3112140
       4.7    283.8692822     23.2598256
       4.8    258.1444839     21.6009737
       4.9    237.9503345     20.3249854
       5.0    222.7905322     19.4174743
       5.1    212.1587430     18.8597023
       5.2    205.5440760     18.6289900
       5.3    202.4363857     18.6991679
       5.4    202.3313490     19.0410620
       5.5    204.7352705     19.6230061
       5.6    209.1695722     20.4113734
       5.7    215.1749291     21.3711201
       5.8    222.3150182     22.4663326
       5.9    230.1798524     23.6607709
       6.0    238.3886760     24.9184020
       6.1    246.5924070     26.2039131
       6.2    254.4756130     27.4832022
       6.3    261.7580165     28.7238356
       6.4    268.1955299     29.8954693
       6.5    273.5808250     30.9702286
       6.6    277.7434492     31.9230406
       6.7    280.5495036     32.7319174
       6.8    281.9009035     33.3781856
       6.9    281.7342479     33.8466619
       7.0    280.0193244     34.1257712
       7.1    276.7572839     34.2076090
       7.2    271.9785197     34.0879473
       7.3    265.7402880     33.7661857
       7.4    258.1241108     33.2452488
       7.5    249.2330008     32.5314346
       7.6    239.1885511     31.6342144
       7.7    228.1279311     30.5659913
       7.8    216.2008307     29.3418195
       7.9    203.5663939     27.9790906
       8.0    190.3901811     26.4971919
       8.1    176.8411984     24.9171427
       8.2    163.0890303     23.2612145
       8.3    149.3011075     21.5525407
       8.4    135.6401419     19.8147227
       8.5    122.2617550     18.0714380
       8.6    109.3123233     16.3460558
       8.7     96.9270614     14.6612668
       8.8     85.2283582     13.0387317
       8.9     74.3243785     11.4987533
       9.0     64.3079395     10.0599781
       9.1     55.2556646      8.7391291
       9.2     47.2274165      7.5507754
       9.3     40.2660058      6.5071404
       9.4     34.3971678      5.6179505
       9.5     29.6297975      4.8903271
       9.6     25.9564297      4.3287212
       9.7     23.3539465      3.9348920
       9.8     21.7844947      3.7079279
       9.9     21.1965911      3.6443108
      10.0     21.5263917      3.7380187
      10.1     22.6991029      3.9806674
      10.2     24.6305050      4.3616866
      10.3     27.2285653      4.8685278
      10.4     30.3951113      5.4868995
      10.5     34.0275384      6.2010263
      10.6     38.0205252      6.9939270
      10.7     42.2677311      7.8477066
      10.8     46.6634513      8.7438588
      10.9     51.1042062      9.6635725
      11.0     55.4902437     10.5880377
      11.1     59.7269351     11.4987470
      11.2     63.7260466     12.3777873
      11.3     67.4068722     13.2081167
      11.4     70.6972158     13.9738236
      11.5     73.5342103     14.6603636
      11.6     75.8649704     15.2547705
      11.7     77.6470704     15.7458394
      11.8     78.8488486     16.1242782
      11.9     79.4495368     16.3828270
      12.0     79.4392193     16.5163424
      12.1     78.8186276     16.5218475
      12.2     77.5987772     16.3985458
      12.3     75.8004584     16.1478009
      12.4     73.4535926     15.7730812
      12.5     70.5964674     15.2798722
      12.6     67.2748658     14.6755573
      12.7     63.5411059     13.9692710
      12.8     59.4530090     13.1717248
      12.9     55.0728119     12.2950117
      13.0     50.4660440     11.3523898
      13.1     45.7003851     10.3580520
      13.2     40.8445233      9.3268824
      13.3     35.9670301      8.2742058
      13.4     31.1352691      7.2155333
      13.5     26.4143545      6.1663086
      13.6     21.8661734      5.1416582
      13.7     17.5484861      4.1561509
      13.8     13.5141153      3.2235687
      13.9      9.8102347      2.3566935
      14.0      6.4777650      1.5671132
      14.1      3.5508841      0.8650487
      14.2      1.0566561      0.2592056
      14.3     -0.9852188     -0.2433481
      14.4     -2.5625324     -0.6372759
      14.5     -3.6705754     -0.9190387
      14.6     -4.3120268     -1.0869298
      14.7     -4.4967299     -1.1410809
      14.8     -4.2413615     -1.0834378
      14.9     -3.5690022     -0.9177075
      15.0     -2.5086166     -0.6492778
      15.1     -1.0944536     -0.2851101
      15.2      0.6346211      0.1663908
      15.3      2.6358498      0.6955297
      15.4      4.8633501      1.2914924
      15.5      7.2689141      1.9425328
      15.6      9.8028246      2.6361738
      15.7     12.4146759      3.3594168
      15.8     15.0541860      4.0989575
      15.9     17.6719880      4.8414040
      16.0     20.2203888      5.5734945
      16.1     22.6540836      6.2823094
      16.2     24.9308170      6.9554762
      16.3     27.0119798      7.5813635
      16.4     28.8631361      8.1492599
      16.5     30.4544720      8.6495373
      16.6     31.7611608      9.0737942
      16.7     32.7636428      9.4149774
      16.8     33.4478141      9.6674818
      16.9     33.8051263      9.8272244
      17.0     33.8325957      9.8916937
      17.1     33.5327244      9.8599732
      17.2     32.9133366      9.7327386
      17.3     31.9873341      9.5122295
      17.4     30.7723771      9.2021960
      17.5     29.2904962      8.8078221
      17.6     27.5676434      8.3356253
      17.7     25.6331911      7.7933376
      17.8     23.5193873      7.1897663
      17.9     21.2607762      6.5346403
      18.0     18.8935951      5.8384420
      18.1     16.4551568      5.1122294
      18.2     13.9832279      4.3674503
      18.3     11.5154124      3.6157526
      18.4      9.0885509      2.8687923
      18.5      6.7381436      2.1380444
      18.6      4.4978073      1.4346175
      18.7      2.3987722      0.7690775
      18.8      0.4694278      0.1512805
      18.9     -1.2650780     -0.4097808
      19.0     -2.7831790     -0.9061144
      19.1     -4.0671679     -1.3308501
      19.2     -5.1034065     -1.6783402
      19.3     -5.8824664     -1.9442398
      19.4     -6.3992007     -2.1255657
      19.5     -6.6527447     -2.2207318
      19.6     -6.6464498     -2.2295620
      19.7     -6.3877502     -2.1532803
      19.8     -5.8879675     -1.9944779
      19.9     -5.1620566     -1.7570585
      20.0     -4.2282985     -1.4461633
      20.1     -3.1079457     -1.0680757
      20.2     -1.8248264     -0.6301093
      20.3     -0.4049151     -0.1404795
      20.4      1.1241234      0.3918380
      20.5      2.7334088      0.9572599
      20.6      4.3933308      1.5457568
      20.7      6.0740378      2.1470196
      20.8      7.7459202      2.7506302
      20.9      9.3800822      3.3462317
      21.0     10.9487925      3.9236963
      21.1     12.4259098      4.4732879
      21.2     13.7872745      4.9858172
      21.3     15.0110619      5.4527867
      21.4     16.0780925      5.8665227
      21.5     16.9720939      6.2202932
      21.6     17.6799120      6.5084097
      21.7     18.1916687      6.7263105
      21.8     18.5008642      6.8706259
      21.9     18.6044234      6.9392226
      22.0     18.5026870      6.9312286
      22.1     18.1993479      6.8470362
      22.2     17.7013343      6.6882861
      22.3     17.0186438      6.4578292
      22.4     16.1641306      6.1596713
      22.5     15.1532502      5.7988978
      22.6     14.0037668      5.3815821
      22.7     12.7354283      4.9146787
      22.8     11.3696151      4.4059031
      22.9      9.9289678      3.8635992
      23.0      8.4370012      3.2965990
      23.1      6.9177100      2.7140744
      23.2      5.3951737      2.1253850
      23.3      3.8931654      1.5399241
      23.4      2.4347731      0.9669650
      23.5      1.0420365      0.4155111
      23.6     -0.2643925     -0.1058493
      23.7     -1.4655622     -0.5890795
      23.8     -2.5445016     -1.0268217
      23.9     -3.4864640     -1.4125115
      24.0     -4.2791315     -1.7404796
      24.1     -4.9127778     -2.0060368
      24.2     -5.3803856     -2.2055440
      24.3     -5.6777196     -2.3364631
      24.4     -5.8033536     -2.3973911
      24.5     -5.7586515     -2.3880739
      24.6     -5.5477040     -2.3094026
      24.7     -5.1772223     -2.1633907
      24.8     -4.6563909     -1.9531329
      24.9     -3.9966836     -1.6827469
      25.0     -3.2116440     -1.3572994
      25.1     -2.3166370     -0.9827161
      25.2     -1.3285742     -0.5656794
      25.3     -0.2656182     -0.1135140
      25.4      0.8531290      0.3659370
      25.5      2.0079480      0.8644439
      25.6      3.1788292      1.3735268
      25.7      4.3458011      1.8845961
      25.8      5.4892518      2.3890931
      25.9      6.5902414      2.8786292
      26.0      7.6307985      3.3451219
      26.1      8.5941975      3.7809241
      26.2      9.4652112      4.1789461
      26.3     10.2303367      4.5327675
      26.4     10.8779895      4.8367368
      26.5     11.3986646      5.0860592
      26.6     11.7850614      5.2768683
      26.7     12.0321718      5.4062834
      26.8     12.1373300      5.4724495
      26.9     12.1002234      5.4745611
      27.0     11.9228661      5.4128679
      27.1     11.6095344      5.2886643
      27.2     11.1666678      5.1042607
      27.3     10.6027351      4.8629397
      27.4      9.9280702      4.5688958
      27.5      9.1546802      4.2271609
      27.6      8.2960286      3.8435172
      27.7      7.3667976      3.4243972
      27.8      6.3826344      2.9767754
      27.9      5.3598849      2.5080499
      28.0      4.3153195      2.0259198
      28.1      3.2658557      1.5382568
      28.2      2.2282818      1.0529763
      28.3      1.2189860      0.5779069
      28.4      0.2536961      0.1206640
      28.5     -0.6527679     -0.3114739
      28.6     -1.4867225     -0.7116820
      28.7     -2.2358288     -1.0736975
      28.8     -2.8892756     -1.3919191
      28.9     -3.4379364     -1.6614941
      29.0     -3.8744967     -1.8783933
      29.1     -4.1935502     -2.0394718
      29.2     -4.3916637     -2.1425156
      29.3     -4.4674090     -2.1862716
      29.4     -4.4213616     -2.1704630
      29.5     -4.2560675     -2.0957879
      29.6     -3.9759784     -1.9639022
      29.7     -3.5873573     -1.7773873
      29.8     -3.0981549     -1.5397023
      29.9     -2.5178611     -1.2551229
      30.0     -1.8573333     -0.9286666
      30.1     -1.1286040     -0.5660070
      30.2     -0.3446727     -0.1733772
      30.3      0.4807168      0.2425349
      30.4      1.3333071      0.6746984
      30.5      2.1985643      1.1158557
      30.6      3.0619170      1.5586426
      30.7      3.9089923      1.9957083
      30.8      4.7258470      2.4198363
      30.9      5.4991882      2.8240600
      31.0      6.2165814      3.2017761
      31.1      6.8666422      3.5468495
      31.2      7.4392089      3.8537112
      31.3      7.9254936      4.1174454
      31.4      8.3182086      4.3338668
      31.5      8.6116682      4.4995843
      31.6      8.8018626      4.6120519
      31.7      8.8865043      4.6696061
      31.8      8.8650463      4.6714875
      31.9      8.7386711      4.6178488
      32.0      8.5102529      4.5097470
      32.1      8.1842925      4.3491214
      32.2      7.7668260      4.1387573
      32.3      7.2653106      3.8822358
      32.4      6.6884884      3.5838713
      32.5      6.0462301      3.2486371
      32.6      5.3493637      2.8820809
      32.7      4.6094877      2.4902311
      32.8      3.8387756      2.0794963
      32.9      3.0497723      1.6565584
      33.0      2.2551863      1.2282625
      33.1      1.4676827      0.8015044
      33.2      0.6996779      0.3831179
      33.3     -0.0368587     -0.0202363
      33.4     -0.7305942     -0.4021780
      33.5     -1.3710088     -0.7567105
      33.6     -1.9485581     -1.0783156
      33.7     -2.4548171     -1.3620416
      33.8     -2.8826054     -1.6035808
      33.9     -3.2260902     -1.7993360
      34.0     -3.4808670     -1.9464761
      34.1     -3.6440159     -2.0429774
      34.2     -3.7141336     -2.0876527
      34.3     -3.6913401     -2.0801663
      34.4     -3.5772613     -2.0210346
      34.5     -3.3749870     -1.9116137
      34.6     -3.0890051     -1.7540722
      34.7     -2.7251153     -1.5513523
      34.8     -2.2903206     -1.3071170
      34.9     -1.7927019     -1.0256870
      35.0     -1.2412758     -0.7119666
      35.1     -0.6458384     -0.3713605
      35.2     -0.0167986     -0.0096832
      35.3      0.6349973      0.3669380
      35.4      1.2984458      0.7521652
      35.5      1.9623694      1.1395537
      35.6      2.6156988      1.5226583
      35.7      3.2476516      1.8951386
      35.8      3.8479048      2.2508614
      35.9      4.4067575      2.5840008
      36.0      4.9152826      2.8891306
      36.1      5.3654647      3.1613122
      36.2      5.7503204      3.3961718
      36.3      6.0640028      3.5899695
      36.4      6.3018844      3.7396572
      36.5      6.4606214      3.8429248
      36.6      6.5381949      3.8982344
      36.7      6.5339314      3.9048417
      36.8      6.4485006      3.8628040
      36.9      6.2838914      3.7729755
      37.0      6.0433676      3.6369894
      37.1      5.7314018      3.4572274
      37.2      5.3535922      3.2367771
      37.3      4.9165598      2.9793782
      37.4      4.4278320      2.6893582
      37.5      3.8957110      2.3715586
      37.6      3.3291319      2.0312537
      37.7      2.7375110      1.6740620
      37.8      2.1305884      1.3058527
      37.9      1.5182666      0.9326487
      38.0      0.9104475      0.5605275
      38.1      0.3168714      0.1955210
      38.2     -0.2530399     -0.1564820
      38.3     -0.7903338     -0.4898323
      38.4     -1.2866685     -0.7992113
      38.5     -1.7344426     -1.0797159
      38.6     -2.1269130     -1.3269376
      38.7     -2.4582967     -1.5370320
      38.8     -2.7238562     -1.7067787
      38.9     -2.9199674     -1.8336317
      39.0     -3.0441691     -1.9157577
      39.1     -3.0951923     -1.9520629
      39.2     -3.0729708     -1.9422076
      39.3     -2.9786315     -1.8866082
      39.4     -2.8144659     -1.7864274
      39.5     -2.5838825     -1.6435514
      39.6     -2.2913417     -1.4605562
      39.7     -1.9422740     -1.2406621
      39.8     -1.5429835     -0.9876787
      39.9     -1.1005375     -0.7059394
      40.0     -0.6226455     -0.4002288
      40.1     -0.1175272     -0.0757021
      40.2      0.4062243      0.2622006
      40.3      0.9397868      0.6078445
      40.4      1.4742537      0.9554931
      40.5      2.0007799      1.2994026
      40.6      2.5107254      1.6339154
      40.7      2.9957943      1.9535527
      40.8      3.4481665      2.2531030
      40.9      3.8606215      2.5277065
      41.0      4.2266507      2.7729324
      41.1      4.5405576      2.9848502
      41.2      4.7975437      3.1600915
      41.3      4.9937792      3.2959026
      41.4      5.1264573      3.3901871
      41.5      5.1938319      3.4415372
      41.6      5.1952368      3.4492539
      41.7      5.1310881      3.4133556
      41.8      5.0028683      3.3345741
      41.9      4.8130936      3.2143406
      42.0      4.5652649      3.0547585
      42.1      4.2638022      2.8585665
      42.2      3.9139654      2.6290912
      42.3      3.5217622      2.3701900
      42.4      3.0938437      2.0861862
      42.5      2.6373911      1.7817956
      42.6      2.1599946      1.4620485
      42.7      1.6695264      1.1322055
      42.8      1.1740099      0.7976708
      42.9      0.6814879      0.4639031
      43.0      0.1998915      0.1363257
      43.1     -0.2630886     -0.1797615
      43.2     -0.7001255     -0.4792689
      43.3     -1.1043727     -0.7573991
      43.4     -1.4695723     -1.0097248
      43.5     -1.7901521     -1.2322594
      43.6     -2.0613115     -1.4215207
      43.7     -2.2790940     -1.5745859
      43.8     -2.4404450     -1.6891374
      43.9     -2.5432553     -1.7634979
      44.0     -2.5863879     -1.7966560
      44.1     -2.5696895     -1.7882798
      44.2     -2.4939857     -1.7387198
      44.3     -2.3610604     -1.6490007
      44.4     -2.1736192     -1.5208017
      44.5     -1.9352390     -1.3564269
      44.6     -1.6503028     -1.1587652
      44.7     -1.3239230     -0.9312404
      44.8     -0.9618520     -0.6777538
      44.9     -0.5703843     -0.4026181
      45.0     -0.1562496     -0.1104851
      45.1      0.2734998      0.1937308
      45.2      0.7116063      0.5049350
      45.3      1.1507271      0.8179362
      45.4      1.5835542      1.1275318
      45.5      2.0029334      1.4285931
      45.6      2.4019798      1.7161489
      45.7      2.7741882      1.9854664
      45.8      3.1135367      2.2321275
      45.9      3.4145810      2.4521004
      46.0      3.6725394      2.6418038
      46.1      3.8833663      2.7981639
      46.2      4.0438127      2.9186632
      46.3      4.1514738      3.0013791
      46.4      4.2048224      3.0450141
      46.5      4.2032279      3.0489138
      46.6      4.1469602      3.0130763
      46.7      4.0371793      2.9381491
      46.8      3.8759102      2.8254169
      46.9      3.6660042      2.6767780
      47.0      3.4110870      2.4947111
      47.1      3.1154938      2.2822328
      47.2      2.7841945      2.0428467
      47.3      2.4227084      1.7804838
      47.4      2.0370101      1.4994372
      47.5      1.6334298      1.2042907
      47.6      1.2185472      0.8998427
      47.7      0.7990831      0.5910267
      47.8      0.3817889      0.2828309
      47.9     -0.0266640     -0.0197840
      48.0     -0.4197916     -0.3119659
      48.1     -0.7914023     -0.5890499
      48.2     -1.1356958     -0.8466339
      48.3     -1.4473544     -1.0806501
      48.4     -1.7216274     -1.2874296
      48.5     -1.9544037     -1.4637619
      48.6     -2.1422757     -1.6069447
      48.7     -2.2825892     -1.7148274
      48.8     -2.3734826     -1.7858437
      48.9     -2.4139113     -1.8190352
      49.0     -2.4036601     -1.8140653
      49.1     -2.3433408     -1.7712223
      49.2     -2.2343773     -1.6914126
      49.3     -2.0789769     -1.5761437
      49.4     -1.8800893     -1.4274979
      49.5     -1.6413542     -1.2480955
      49.6     -1.3670368     -1.0410509
      49.7     -1.0619551     -0.8099195
      49.8     -0.7313972     -0.5586383
      49.9     -0.3810328     -0.2914601
      50.0     -0.0168177     -0.0128831
      50.1      0.3551046      0.2724239
      50.2      0.7285045      0.5596980
      50.3      1.0971682      0.8441607
      50.4      1.4549989      1.1210959
      50.5      1.7961157      1.3859270
      50.6      2.1149478      1.6342912
      50.7      2.4063238      1.8621101
      50.8      2.6655531      2.0656557
      50.9      2.8884999      2.2416099
      51.0      3.0716466      2.3871177
      51.1      3.2121481      2.4998322
      51.2      3.3078737      2.5779516
      51.3      3.3574375      2.6202463
      51.4      3.3602167      2.6260782
      51.5      3.3163569      2.5954080
      51.6      3.2267653      2.5287949
      51.7      3.0930914      2.4273851
      51.8      2.9176955      2.2928911
      51.9      2.7036060      2.1275623
      52.0      2.4544663      1.9341459
      52.1      2.1744716      1.7158410
      52.2      1.8682972      1.4762444
      52.3      1.5410195      1.2192909
      52.4      1.1980309      0.9491874
      52.5      0.8449500      0.6703439
      52.6      0.4875289      0.3873001
      52.7      0.1315581      0.1046510
      52.8     -0.2172274     -0.1730281
      52.9     -0.5532419     -0.4412569
      53.0     -0.8711390     -0.6957226
      53.1     -1.1658973     -0.9323502
      53.2     -1.4329005     -1.1473684
      53.3     -1.6680104     -1.3373701
      53.4     -1.8676316     -1.4993673
      53.5     -2.0287669     -1.6308382
      53.6     -2.1490633     -1.7297677
      53.7     -2.2268460     -1.7946782
      53.8     -2.2611425     -1.8246523
      53.9     -2.2516944     -1.8193463
      54.0     -2.1989572     -1.7789938
      54.1     -2.1040896     -1.7044002
      54.2     -1.9689303     -1.5969281
      54.3     -1.7959641     -1.4584728
      54.4     -1.5882783     -1.2914303
      54.5     -1.3495088     -1.0986561
      54.6     -1.0837778     -0.8834174
      54.7     -0.7956241     -0.6493388
      54.8     -0.4899267     -0.4003411
      54.9     -0.1718234     -0.1405773
      55.0      0.1533741      0.1256367
      55.1      0.4802679      0.3938926
      55.2      0.8034623      0.6597625
      55.3      1.1176519      0.9188709
      55.4      1.4177071      1.1669663
      55.5      1.6987572      1.3999903
      55.6      1.9562682      1.6141433
      55.7      2.1861150      1.8059459
      55.8      2.3846461      1.9722945
      55.9      2.5487411      2.1105114
      56.0      2.6758582      2.2183870
      56.1      2.7640729      2.2942144
      56.2      2.8121059      2.3368163
      56.3      2.8193406      2.3455620
      56.4      2.7858297      2.3203767
      56.5      2.7122905      2.2617406
      56.6      2.6000902      2.1706798
      56.7      2.4512197      2.0487475
      56.8      2.2682583      1.8979976
      56.9      2.0543281      1.7209491
      57.0      1.8130409      1.5205440
      57.1      1.5484360      1.3000976
      57.2      1.2649129      1.0632435
      57.3      0.9671572      0.8138732
      57.4      0.6600629      0.5560715
      57.5      0.3486516      0.2940497
      57.6      0.0379898      0.0320758
      57.7     -0.2668936     -0.2255950
      57.8     -0.5610896     -0.4747902
      57.9     -0.8398879     -0.7114874
      58.0     -1.0988532     -0.9318804
      58.1     -1.3338959     -1.1324399
      58.2     -1.5413371     -1.3099711
      58.3     -1.7179662     -1.4616647
      58.4     -1.8610913     -1.5851416
      58.5     -1.9685803     -1.6784907
      58.6     -2.0388929     -1.7402986
      58.7     -2.0711024     -1.7696717
      58.8     -2.0649084     -1.7662489
      58.9     -2.0206381     -1.7302059
      59.0     -1.9392377     -1.6622511
      59.1     -1.8222545     -1.5636126
      59.2     -1.6718081     -1.4360161
      59.3     -1.4905533     -1.2816556
      59.4     -1.2816342     -1.1031564
      59.5     -1.0486302     -0.9035303
      59.6     -0.7954959     -0.6861261
      59.7     -0.5264947     -0.4545732
      59.8     -0.2461272     -0.2127216
      59.9      0.0409424      0.0354214
      60.0      0.3299641      0.2857573
      60.1      0.6161793      0.5341639
      60.2      0.8948989      0.7765623
      60.3      1.1615791      1.0089842
      60.4      1.4118951      1.2276357
      60.5      1.6418106      1.4289592
      60.6      1.8476419      1.6096912
      60.7      2.0261168      1.7669142
      60.8      2.1744255      1.8981040
      60.9      2.2902648      2.0011698
      61.0      2.3718729      2.0744868
      61.1      2.4180556      2.1169219
      61.2      2.4282031      2.1278506
      61.3      2.4022976      2.1071661
      61.4      2.3409102      2.0552793
      61.5      2.2451893      1.9731108
      61.6      2.1168389      1.8620743
      61.7      1.9580884      1.7240525
      61.8      1.7716536      1.5613644
      61.9      1.5606903      1.3767268
      62.0      1.3287407      1.1732084
      62.1      1.0796738      0.9541786
      62.2      0.8176209      0.7232519
      62.3      0.5469066      0.4842276
      62.4      0.2719779      0.2410278
      62.5     -0.0026693     -0.0023677
      62.6     -0.2725638     -0.2419864
      62.7     -0.5333320     -0.4739280
      62.8     -0.7807685     -0.6944283
      62.9     -1.0109043     -0.8999199
      63.0     -1.2200705     -1.0870908
      63.1     -1.4049568     -1.2529370
      63.2     -1.5626640     -1.3948117
      63.3     -1.6907494     -1.5104672
      63.4     -1.7872647     -1.5980903
      63.5     -1.8507857     -1.6563317
      63.6     -1.8804332     -1.6843261
      63.7     -1.8758849     -1.6817054
      63.8     -1.8373785     -1.6486032
      63.9     -1.7657049     -1.5856517
      64.0     -1.6621937     -1.4939698
      64.1     -1.5286881     -1.3751433
      64.2     -1.3675137     -1.2311983
      64.3     -1.1814377     -1.0645663
      64.4     -0.9736221     -0.8780441
      64.5     -0.7475706     -0.6747462
      64.6     -0.5070695     -0.4580538
      64.7     -0.2561254     -0.2315585
      64.8      0.0011019      0.0009971
      64.9      0.2603676      0.2357808
      65.0      0.5174112      0.4689338
      65.1      0.7680268      0.6966341
      65.2      1.0081309      0.9151585
      65.3      1.2338289      1.1209436
      65.4      1.4414777      1.3106436
      65.5      1.6277444      1.4811843
      65.6      1.7896588      1.6298131
      65.7      1.9246612      1.7541426
      65.8      2.0306419      1.8521893
      65.9      2.1059737      1.9224048
      66.0      2.1495372      1.9636999
      66.1      2.1607360      1.9754615
      66.2      2.1395053      1.9575610
      66.3      2.0863098      1.9103558
      66.4      2.0021348      1.8346817
      66.5      1.8884675      1.7318381
      66.6      1.7472708      1.6035659
      66.7      1.5809495      1.4520173
      66.8      1.3923089      1.2797203
      66.9      1.1845077      1.0895357
      67.0      0.9610051      0.8846098
      67.1      0.7255026      0.6683224
      67.2      0.4818831      0.4442303
      67.3      0.2341468      0.2160093
      67.4     -0.0136552     -0.0126066
      67.5     -0.2574865     -0.2378865
      67.6     -0.4933916     -0.4561632
      67.7     -0.7175602     -0.6638936
      67.8     -0.9263888     -0.8577161
      67.9     -1.1165387     -1.0345051
      68.0     -1.2849895     -1.1914215
      68.1     -1.4290872     -1.3259589
      68.2     -1.5465862     -1.4359833
      68.3     -1.6356840     -1.5197673
      68.4     -1.6950496     -1.5760173
      68.5     -1.7238428     -1.6038937
      68.6     -1.7217264     -1.6030234
      68.7     -1.6888696     -1.5735050
      68.8     -1.6259434     -1.5159057
      68.9     -1.5341076     -1.4312511
      69.0     -1.4149903     -1.3210072
      69.1     -1.2706590     -1.1870553
      69.2     -1.1035858     -1.0316604
      69.3     -0.9166051     -0.8574328
      69.4     -0.7128659     -0.6672850
      69.5     -0.4957796     -0.4643829
      69.6     -0.2689626     -0.2520938
      69.7     -0.0361773     -0.0339303
      69.8      0.1987305      0.1865072
      69.9      0.4318948      0.4055899
      70.0      0.6594920      0.6197198
      70.1      0.8778039      0.8253885
      70.2      1.0832775      1.0192349
      70.3      1.2725829      1.1980993
      70.4      1.4426666      1.3590748
      70.5      1.5908005      1.4995546
      70.6      1.7146253      1.6172734
      70.7      1.8121875      1.7103443
      70.8      1.8819701      1.7772881
      70.9      1.9229159      1.8170573
      71.0      1.9344427      1.8290515
      71.1      1.9164514      1.8131266
      71.2      1.8693260      1.7695961
      71.3      1.7939253      1.6992245
      71.4      1.6915675      1.6032142
      71.5      1.5640067      1.4831845
      71.6      1.4134028      1.3411441
      71.7      1.2422852      1.1794572
      71.8      1.0535094      1.0008045
      71.9      0.8502097      0.8081377
      72.0      0.6357470      0.6046313
      72.1      0.4136527      0.3936296
      72.2      0.1875710      0.1785919
      72.3     -0.0388017     -0.0369649
      72.4     -0.2617770     -0.2495234
      72.5     -0.4777350     -0.4556239
      72.6     -0.6831829     -0.6519206
      72.7     -0.8748120     -0.8352362
      72.8     -1.0495510     -1.0026134
      72.9     -1.2046156     -1.1513632
      73.0     -1.3375528     -1.2791081
      73.1     -1.4462797     -1.3838201
      73.2     -1.5291170     -1.4638535
      73.3     -1.5848145     -1.5179710
      73.4     -1.6125702     -1.5453624
      73.5     -1.6120421     -1.5456578
      73.6     -1.5833522     -1.5189319
      73.7     -1.5270827     -1.4657021
      73.8     -1.4442655     -1.3869190
      73.9     -1.3363632     -1.2839499
      74.0     -1.2052442     -1.1585551
      74.1     -1.0531507     -1.0128585
      74.2     -0.8826607     -0.8493120
      74.3     -0.6966449     -0.6706542
      74.4     -0.4982185     -0.4798654
      74.5     -0.2906900     -0.2801177
      74.6     -0.0775057     -0.0747229
      74.7      0.1378066      0.1329224
      74.8      0.3516956      0.3393921
      74.9      0.5606450      0.5412874
      75.0      0.7612308      0.7352924
      75.1      0.9501767      0.9182280
      75.2      1.1244078      1.0871038
      75.3      1.2811000      1.2391667
      75.4      1.4177255      1.3719460
      75.5      1.5320933      1.4832925
      75.6      1.6223838      1.5714136
      75.7      1.6871778      1.6349018
      75.8      1.7254783      1.6727569
      75.9      1.7367256      1.6844015
      76.0      1.7208051      1.6696898
      76.1      1.6780479      1.6289088
      76.2      1.6092241      1.5627727
      76.3      1.5155287      1.4724105
      76.4      1.3985609      1.3593466
      76.5      1.2602968      1.2254747
      76.6      1.1030558      1.0730261
      76.7      0.9294618      0.9045326
      76.8      0.7423991      0.7227841
      76.9      0.5449647      0.5307825
      77.0      0.3404169      0.3316920
      77.1      0.1321212      0.1287866
      77.2     -0.0765047     -0.0746035
      77.3     -0.2820472     -0.2751467
      77.4     -0.4811525     -0.4695648
      77.5     -0.6705820     -0.6546865
      77.6     -0.8472640     -0.8274993
      77.7     -1.0083445     -0.9851986
      77.8     -1.1512327     -1.1252332
      77.9     -1.2736431     -1.2453468
      78.0     -1.3736316     -1.3436145
      78.1     -1.4496272     -1.4184732
      78.2     -1.5004560     -1.4687474
      78.3     -1.5253596     -1.4936669
      78.4     -1.5240067     -1.4928793
      78.5     -1.4964970     -1.4664544
      78.6     -1.4433585     -1.4148828
      78.7     -1.3655380     -1.3390666
      78.8     -1.2643842     -1.2403042
      78.9     -1.1416247     -1.1202680
      79.0     -0.9993368     -0.9809762
      79.1     -0.8399124     -0.8247593
      79.2     -0.6660181     -0.6542211
      79.3     -0.4805509     -0.4721955
      79.4     -0.2865901     -0.2816996
      79.5     -0.0873465     -0.0858839
      79.6      0.1138907      0.1120196
      79.7      0.3138079      0.3087509
      79.8      0.5091214      0.5010750
      79.9      0.6966310      0.6858354
      80.0      0.8732725      0.8600056
      80.1      1.0361674      1.0207382
      80.2      1.1826695      1.1654119
      80.3      1.3104080      1.2916737
      80.4      1.4173252      1.3974770
      80.5      1.5017100      1.4811150
      80.6      1.5622250      1.5412477
      80.7      1.5979270      1.5769234
      80.8      1.6082823      1.5875937
      80.9      1.5931740      1.5731220
      81.0      1.5529032      1.5337844
      81.1      1.4881830      1.4702651
      81.2      1.4001259      1.3836442
      81.3      1.2902248      1.2753793
      81.4      1.1603274      1.1472811
      81.5      1.0126055      1.0014829
      81.6      0.8495184      0.8404051
      81.7      0.6737724      0.6667152
      81.8      0.4882754      0.4832833
      81.9      0.2960890      0.2931352
      82.0      0.1003785      0.0994016
      82.1     -0.0956401     -0.0947324
      82.2     -0.2887519     -0.2860803
      82.3     -0.4757967     -0.4715065
      82.4     -0.6537199     -0.6479773
      82.5     -0.8196229     -0.8126109
      82.6     -0.9708097     -0.9627240
      82.7     -1.1048313     -1.0958761
      82.8     -1.2195249     -1.2099086
      82.9     -1.3130489     -1.3029804
      83.0     -1.3839124     -1.3735969
      83.1     -1.4309989     -1.4206347
      83.2     -1.4535842     -1.4433590
      83.3     -1.4513469     -1.4414351
      83.4     -1.4243736     -1.4149339
      83.5     -1.3731561     -1.3643292
      83.6     -1.2985830     -1.2904901
      83.7     -1.2019244     -1.1946659
      83.8     -1.0848101     -1.0784650
      83.9     -0.9492024     -0.9438280
      84.0     -0.7973638     -0.7929957
      84.1     -0.6318185     -0.6284716
      84.2     -0.4553114     -0.4529806
      84.3     -0.2707626     -0.2694238
      84.4     -0.0812190     -0.0808314
      84.5      0.1101957      0.1096884
      84.6      0.3003319      0.2989991
      84.7      0.4860664      0.4839883
      84.8      0.6643529      0.6616187
      84.9      0.8322718      0.8289769
      85.0      0.9870783      0.9833222
      85.1      1.1262464      1.1221303
      85.2      1.2475102      1.2431350
      85.3      1.3489007      1.3443649
      85.4      1.4287772      1.4241749
      85.5      1.4858538      1.4812734
      85.6      1.5192202      1.5147427
      85.7      1.5283553      1.5240532
      85.8      1.5131359      1.5090724
      85.9      1.4738375      1.4700657
      86.0      1.4111296      1.4076922
      86.1      1.3260638      1.3229930
      86.2      1.2200564      1.2173740
      86.3      1.0948642      1.0925821
      86.4      0.9525558      0.9506762
      86.5      0.7954770      0.7939933
      86.6      0.6262120      0.6251097
      86.7      0.4475408      0.4467987
      86.8      0.2623937      0.2619845
      86.9      0.0738027      0.0736947
      87.0     -0.1151477     -0.1149899
      87.1     -0.3013715     -0.3009855
      87.2     -0.4818312     -0.4812560
      87.3     -0.6535879     -0.6528624
      87.4     -0.8138489     -0.8130111
      87.5     -0.9600130     -0.9590993
      87.6     -1.0897132     -1.0887574
      87.7     -1.2008550     -1.1998876
      87.8     -1.2916499     -1.2906978
      87.9     -1.3606445     -1.3597307
      88.0     -1.4067439     -1.4058870
      88.1     -1.4292291     -1.4284434
      88.2     -1.4277680     -1.4270635
      88.3     -1.4024206     -1.4018034
      88.4     -1.3536375     -1.3531098
      88.5     -1.2822519     -1.2818125
      88.6     -1.1894656     -1.1891106
      88.7     -1.0768289     -1.0765517
      88.8     -0.9462148     -0.9460073
      88.9     -0.7997880     -0.7996406
      89.0     -0.6399692     -0.6398717
      89.1     -0.4693952     -0.4693373
      89.2     -0.2908757     -0.2908474
      89.3     -0.1073470     -0.1073390
      89.4      0.0781761      0.0781718
      89.5      0.2626494      0.2626394
      89.6      0.4430495      0.4430387
      89.7      0.6164226      0.6164142
      89.8      0.7799332      0.7799285
      89.9      0.9309099      0.9309085
      90.0      1.0668890      1.0668890
      90.1      1.1856546      1.1856528
      90.2      1.2852742      1.2852664
      90.3      1.3641303      1.3641116
      90.4      1.4209461      1.4209115
      90.5      1.4548065      1.4547511
      90.6      1.4651721      1.4650917
      90.7      1.4518878      1.4517794
      90.8      1.4151851      1.4150471
      90.9      1.3556777      1.3555105
      91.0      1.2743513      1.2741572
      91.1      1.1725468      1.1723307
      91.2      1.0519384      1.0517077
      91.3      0.9145057      0.9142703
      91.4      0.7625011      0.7622735
      91.5      0.5984131      0.5982080
      91.6      0.4249249      0.4247593
      91.7      0.2448710      0.2447632
      91.8      0.0611904      0.0611602
      91.9     -0.1231214     -0.1230537
      92.0     -0.3050610     -0.3048752
      92.1     -0.4816665     -0.4813430
      92.2     -0.6500655     -0.6495864
      92.3     -0.8075220     -0.8068715
      92.4     -0.9514808     -0.9506462
      92.5     -1.0796092     -1.0785816
      92.6     -1.1898344     -1.1886095
      92.7     -1.2803776     -1.2789562
      92.8     -1.3497823     -1.3481709
      92.9     -1.3969381     -1.3951491
      93.0     -1.4210980     -1.4191505
      93.1     -1.4218909     -1.4198102
      93.2     -1.3993266     -1.3971447
      93.3     -1.3537959     -1.3515511
      93.4     -1.2860635     -1.2837998
      93.5     -1.1972554     -1.1950223
      93.6     -1.0888401     -1.0866915
      93.7     -0.9626043     -0.9605979
      93.8     -0.8206239     -0.8188198
      93.9     -0.6652294     -0.6636889
      94.0     -0.4989678     -0.4977524
      94.1     -0.3245614     -0.3237307
      94.2     -0.1448625     -0.1444735
      94.3      0.0371925      0.0370878
      94.4      0.2186313      0.2179870
      94.5      0.3964945      0.3952722
      94.6      0.5678829      0.5660537
      94.7      0.7300058      0.7275510
      94.8      0.8802254      0.8771383
      94.9      1.0161002      1.0123867
      95.0      1.1354246      1.1311040
      95.1      1.2362643      1.2313700
      95.2      1.3169879      1.3115677
      95.3      1.3762928      1.3704087
      95.4      1.4132268      1.4069549
      95.5      1.4272028      1.4206323
      95.6      1.4180082      1.4112406
      95.7      1.3858080      1.3789559
      95.8      1.3311419      1.3243274
      95.9      1.2549153      1.2482678
      96.0      1.1583839      1.1520382
      96.1      1.0431335      1.0372272
      96.2      0.9110532      0.9057245
      96.3      0.7643053      0.7596896
      96.4      0.6052888      0.6015166
      96.5      0.4366013      0.4337948
      96.6      0.2609956      0.2592659
      96.7      0.0813353      0.0807798
      96.8     -0.0994523     -0.0987527
      96.9     -0.2784233     -0.2764068
      97.0     -0.4526659     -0.4492918
      97.1     -0.6193471     -0.6145979
      97.2     -0.7757594     -0.7696423
      97.3     -0.9193642     -0.9119123
      97.4     -1.0478333     -1.0391061
      97.5     -1.1590865     -1.1491704
      97.6     -1.2513256     -1.2403334
      97.7     -1.3230630     -1.3111332
      97.8     -1.3731458     -1.3604413
      97.9     -1.4007748     -1.3874807
      98.0     -1.4055164     -1.3918380
      98.1     -1.3873101     -1.3734698
      98.2     -1.3464689     -1.3327029
      98.3     -1.2836739     -1.2702284
      98.4     -1.1999632     -1.1870904
      98.5     -1.0967144     -1.0846679
      98.6     -0.9756221     -0.9646526
      98.7     -0.8386703     -0.8290204
      98.8     -0.6880994     -0.6799993
      98.9     -0.5263701     -0.5200325
      99.0     -0.3561228     -0.3517384
      99.1     -0.1801349     -0.1778677
      99.2     -0.0012750     -0.0012586
      99.3      0.1775433      0.1752097
      99.4      0.3534095      0.3486639
      99.5      0.5234626      0.5162836
      99.6      0.6849387      0.6753468
      99.7      0.8352149      0.8232742
      99.8      0.9718528      0.9576714
      99.9      1.0926373      1.0763672
     100.0      1.1956127      1.1774487
     100.1      1.2791148      1.2592926
     100.2      1.3417970      1.3205907
     100.3      1.3826524      1.3603710
     100.4      1.4010302      1.3780134
     100.5      1.3966456      1.3732586
     100.6      1.3695842      1.3462127
     100.7      1.3203007      1.2973444
     100.8      1.2496111      1.2274770
     100.9      1.1586788      1.1377747
     101.0      1.0489962      1.0297232
     101.1      0.9223594      0.9051045
     101.2      0.7808395      0.7659685
     101.3      0.6267481      0.6145984
     101.4      0.4626000      0.4534734
     101.5      0.2910717      0.2852284
     101.6      0.1149584      0.1126104
     101.7     -0.0628722     -0.0615659
     101.8     -0.2395262     -0.2344644
     101.9     -0.4121308     -0.4032737
     102.0     -0.5778809     -0.5652528
     102.1     -0.7340847     -0.7177757
     102.2     -0.8782074     -0.8583739
     102.3     -1.0079126     -0.9847765
     102.4     -1.1210996     -1.0949469
     102.5     -1.2159381     -1.1871155
     102.6     -1.2908972     -1.2598082
     102.7     -1.3447706     -1.3118702
     102.8     -1.3766957     -1.3424839
     102.9     -1.3861676     -1.3511823
     103.0     -1.3730469     -1.3378558
     103.1     -1.3375619     -1.3027532
     103.2     -1.2803048     -1.2464778
     103.3     -1.2022214     -1.1699764
     103.4     -1.1045958     -1.0745241
     103.5     -0.9890293     -0.9617024
     103.6     -0.8574143     -0.8333732
     103.7     -0.7119027     -0.6916484
     103.8     -0.5548716     -0.5388548
     103.9     -0.3888840     -0.3774961
     104.0     -0.2166468     -0.2102115
     104.1     -0.0409674     -0.0397331
     104.2      0.1352929      0.1311590
     104.3      0.3092647      0.2996824
     104.4      0.4781179      0.4630969
     104.5      0.6391071      0.6187500
     104.6      0.7896165      0.7641192
     104.7      0.9272026      0.8968532
     104.8      1.0496334      1.0148102
     104.9      1.1549249      1.1160918
     105.0      1.2413731      1.1990743
     105.1      1.3075816      1.2624343
     105.2      1.3524843      1.3051697
     105.3      1.3753624      1.3266160
     105.4      1.3758558      1.3264563
     105.5      1.3539691      1.3047258
     105.6      1.3100708      1.2618112
     105.7      1.2448879      1.1984433
     105.8      1.1594930      1.1156850
     105.9      1.0552872      1.0149133
     106.0      0.9339771      0.8977964
     106.1      0.7975466      0.7662662
     106.2      0.6482248      0.6224862
     106.3      0.4884492      0.4688162
     106.4      0.3208265      0.3077733
     106.5      0.1480894      0.1419910
     106.6     -0.0269474     -0.0258243
     106.7     -0.2014333     -0.1929373
     106.8     -0.3725279     -0.3566283
     106.9     -0.5374479     -0.5142375
     107.0     -0.6935116     -0.6632085
     107.1     -0.8381829     -0.8011294
     107.2     -0.9691125     -0.9257722
     107.3     -1.0841760     -1.0351287
     107.4     -1.1815081     -1.1274427
     107.5     -1.2595335     -1.2012384
     107.6     -1.3169916     -1.2553441
     107.7     -1.3529576     -1.2889106
     107.8     -1.3668569     -1.3014247
     107.9     -1.3584745     -1.2927167
     108.0     -1.3279583     -1.2629634
     108.1     -1.2758165     -1.2126836
     108.2     -1.2029093     -1.1427302
     108.3     -1.1104345     -1.0542748
     108.4     -0.9999083     -0.9487890
     108.5     -0.8731399     -0.8280192
     108.6     -0.7322022     -0.6939581
     108.7     -0.5793983     -0.5488120
     108.8     -0.4172231     -0.3949639
     108.9     -0.2483234     -0.2349351
     109.0     -0.0754543     -0.0713434
     109.1      0.0985656      0.0931395
     109.2      0.2709002      0.2558317
     109.3      0.4387417      0.4140849
     109.4      0.5993570      0.5653271
     109.5      0.7501316      0.7071052
     109.6      0.8886122      0.8371238
     109.7      1.0125470      0.9532832
     109.8      1.1199218      1.0537129
     109.9      1.2089930      1.1368018
     110.0      1.2783159      1.2012240
     110.1      1.3267679      1.2459601
     110.2      1.3535670      1.2703132
     110.3      1.3582844      1.2739199
     110.4      1.3408509      1.2567554
     110.5      1.3015586      1.2191337
     110.6      1.2410555      1.1617018
     110.7      1.1603352      1.0854286
     110.8      1.0607202      0.9915885
     110.9      0.9438409      0.8817404
     111.0      0.8116083      0.7577016
     111.1      0.6661831      0.6215179
     111.2      0.5099405      0.4754296
     111.3      0.3454313      0.3218353
     111.4      0.1753405      0.1632517
     111.5      0.0024431      0.0022731
     111.6     -0.1704406     -0.1584716
     111.7     -0.3404912     -0.3163615
     111.8     -0.5049363     -0.4688262
     111.9     -0.6610953     -0.6133882
     112.0     -0.8064235     -0.7477029
     112.1     -0.9385531     -0.8695963
     112.2     -1.0553320     -0.9771009
     112.3     -1.1548588     -1.0684866
     112.4     -1.2355137     -1.1422893
     112.5     -1.2959848     -1.1973338
     112.6     -1.3352894     -1.2327529
     112.7     -1.3527904     -1.2480007
     112.8     -1.3482060     -1.2428614
     112.9     -1.3216145     -1.2174520
     113.0     -1.2734532     -1.1722198
     113.1     -1.2045108     -1.1079349
     113.2     -1.1159149     -1.0256769
     113.3     -1.0091136     -0.9268167
     113.4     -0.8858512     -0.8129941
     113.5     -0.7481408     -0.6860901
     113.6     -0.5982305     -0.5481962
     113.7     -0.4385675     -0.4015798
     113.8     -0.2717575     -0.2486471
     113.9     -0.1005228     -0.0919034
     114.0      0.0723422      0.0660879
     114.1      0.2440169      0.2227470
     114.2      0.4117001      0.3755199
     114.3      0.5726557      0.5219203
     114.4      0.7242574      0.6595694
     114.5      0.8640317      0.7862354
     114.6      0.9896976      0.8998688
     114.7      1.0992046      0.9986364
     114.8      1.1907654      1.0809500
     114.9      1.2628854      1.1454926
     115.0      1.3143871      1.1912393
     115.1      1.3444293      1.2174732
     115.2      1.3525204      1.2237971
     115.3      1.3385272      1.2101391
     115.4      1.3026765      1.1767537
     115.5      1.2455515      1.1242165
     115.6      1.1680826      1.0534148
     115.7      1.0715319      0.9655327
     115.8      0.9574730      0.8620309
     115.9      0.8277652      0.7446226
     116.0      0.6845231      0.6152453
     116.1      0.5300825      0.4760287
     116.2      0.3669621      0.3292598
     116.3      0.1978223      0.1773450
     116.4      0.0254223      0.0227711
     116.5     -0.1474252     -0.1319358
     116.6     -0.3178997     -0.2842513
     116.7     -0.4832190     -0.4316940
     116.8     -0.6406844     -0.5718658
     116.9     -0.7877250     -0.7024912
     117.0     -0.9219392     -0.8214538
     117.1     -1.0411342     -0.9268310
     117.2     -1.1433618     -1.0169247
     117.3     -1.2269500     -1.0902889
     117.4     -1.2905305     -1.1457528
     117.5     -1.3330610     -1.1824396
     117.6     -1.3538423     -1.1997799
     117.7     -1.3525297     -1.1975212
     117.8     -1.3291387     -1.1757308
     117.9     -1.2840451     -1.1347949
     118.0     -1.2179784     -1.0754111
     118.1     -1.1320108     -0.9985772
     118.2     -1.0275390     -0.9055737
     118.3     -0.9062620     -0.7979432
     118.4     -0.7701534     -0.6774644
     118.5     -0.6214292     -0.5461226
     118.6     -0.4625119     -0.4060775
     118.7     -0.2959908     -0.2596272
     118.8     -0.1245801     -0.1091704
     118.9      0.0489252      0.0428323
     119.0      0.2216954      0.1938992
     119.1      0.3909117      0.3415678
     119.2      0.5538122      0.4834349
     119.3      0.7077373      0.6171960
     119.4      0.8501727      0.7406822
     119.5      0.9787908      0.8518961
     119.6      1.0914883      0.9490435
     119.7      1.1864209      1.0305626
     119.8      1.2620334      1.0951490
     119.9      1.3170851      1.1417768
     120.0      1.3506702      1.1697147
     120.1      1.3622325      1.1785374
     120.2      1.3515749      1.1681321
     120.3      1.3188627      1.1387002
     120.4      1.2646207      1.0907527
     120.5      1.1897253      1.0251021
     120.6      1.0953901      0.9428483
     120.7      0.9831460      0.8453603
     120.8      0.8548168      0.7342533
     120.9      0.7124894      0.6113621
     121.0      0.5584798      0.4787107
     121.1      0.3952957      0.3384787
     121.2      0.2255953      0.1929662
     121.3      0.0521443      0.0445551
     121.4     -0.1222293     -0.1043289
     121.5     -0.2946810     -0.2512568
     121.6     -0.4623966     -0.3938357
     121.7     -0.6226380     -0.5297473
     121.8     -0.7727874     -0.6567864
     121.9     -0.9103910     -0.7728962
     122.0     -1.0331980     -0.8762016
     122.1     -1.1391984     -0.9650400
     122.2     -1.2266553     -1.0379873
     122.3     -1.2941333     -1.0938815
     122.4     -1.3405227     -1.1318408
     122.5     -1.3650571     -1.1512774
     122.6     -1.3673262     -1.1519073
     122.7     -1.3472832     -1.1337533
     122.8     -1.3052450     -1.0971453
     122.9     -1.2418877     -1.0427136
     123.0     -1.1582357     -0.9713782
     123.1     -1.0556449     -0.8843335
     123.2     -0.9357813     -0.7830284
     123.3     -0.8005933     -0.6691418
     123.4     -0.6522807     -0.5445551
     123.5     -0.4932584     -0.4113212
     123.6     -0.3261176     -0.2716303
     123.7     -0.1535832     -0.1277742
     123.8      0.0215302      0.0178912
     123.9      0.1963645      0.1629850
     124.0      0.3680647      0.3051395
     124.1      0.5338253      0.4420395
     124.2      0.6909361      0.5714598
     124.3      0.8368269      0.6913013
     124.4      0.9691090      0.7996250
     124.5      1.0856149      0.8946837
     124.6      1.1844332      0.9749500
     124.7      1.2639404      1.0391411
     124.8      1.3228275      1.0862387
     124.9      1.3601214      1.1155061
     125.0      1.3752014      1.1264990
     125.1      1.3678091      1.1190726
     125.2      1.3380532      1.0933833
     125.3      1.2864079      1.0498858
     125.4      1.2137053      0.9893249
     125.5      1.1211223      0.9127230
     125.6      1.0101612      0.8213628
     125.7      0.8826259      0.7167659
     125.8      0.7405922      0.6006676
     125.9      0.5863746      0.4749878
     126.0      0.4224880      0.3418000
     126.1      0.2516073      0.2032962
     126.2      0.0765237      0.0617516
     126.3     -0.0999011     -0.0805131
     126.4     -0.2747812     -0.2211696
     126.5     -0.4452539     -0.3579204
     126.6     -0.6085267     -0.4885358
     126.7     -0.7619223     -0.6108908
     126.8     -0.9029234     -0.7229991
     126.9     -1.0292132     -0.8230460
     127.0     -1.1387139     -0.9094173
     127.1     -1.2296206     -0.9807256
     127.2     -1.3004314     -1.0358325
     127.3     -1.3499719     -1.0738669
     127.4     -1.3774149     -1.0942385
     127.5     -1.3822940     -1.0966475
     127.6     -1.3645119     -1.0810886
     127.7     -1.3243421     -1.0478506
     127.8     -1.2624249     -0.9975114
     127.9     -1.1797572     -0.9309277
     128.0     -1.0776767     -0.8492208
     128.1     -0.9578400     -0.7537579
     128.2     -0.8221963     -0.6461286
     128.3     -0.6729554     -0.5281195
     128.4     -0.5125521     -0.4016837
     128.5     -0.3436064     -0.2689091
     128.6     -0.1688808     -0.1319838
     128.7      0.0087645      0.0068401
     128.8      0.1864186      0.1452831
     128.9      0.3611672      0.2810759
     129.0      0.5301406      0.4119966
     129.1      0.6905606      0.5359070
     129.2      0.8397859      0.6507875
     129.3      0.9753560      0.7547697
     129.4      1.0950312      0.8461674
     129.5      1.1968296      0.9235031
     129.6      1.2790602      0.9855328
     129.7      1.3403508      1.0312653
     129.8      1.3796706      1.0599782
     129.9      1.3963479      1.0712295
     130.0      1.3900815      1.0648642
     130.1      1.3609459      1.0410167
     130.2      1.3093909      1.0001076
     130.3      1.2362344      0.9428368
     130.4      1.1426498      0.8701716
     130.5      1.0301471      0.7833300
     130.6      0.9005489      0.6837609
     130.7      0.7559606      0.5731197
     130.8      0.5987366      0.4532406
     130.9      0.4314419      0.3261069
     131.0      0.2568108      0.1938175
     131.1      0.0777017      0.0585532
     131.2     -0.1029489     -0.0774603
     131.3     -0.2821748     -0.2119878
     131.4     -0.4570285     -0.3428221
     131.5     -0.6246296     -0.4678199
     131.6     -0.7822119     -0.5849366
     131.7     -0.9271695     -0.6922601
     131.8     -1.0570988     -0.7880418
     131.9     -1.1698392     -0.8707249
     132.0     -1.2635084     -0.9389697
     132.1     -1.3365337     -0.9916757
     132.2     -1.3876785     -1.0279986
     132.3     -1.4160632     -1.0473644
     132.4     -1.4211801     -1.0494780
     132.5     -1.4029023     -1.0343281
     132.6     -1.3614869     -1.0021865
     132.7     -1.2975709     -0.9536038
     132.8     -1.2121619     -0.8893994
     132.9     -1.1066223     -0.8106483
     133.0     -0.9826473     -0.7186627
     133.1     -0.8422380     -0.6149704
     133.2     -0.6876692     -0.5012893
     133.3     -0.5214528     -0.3794991
     133.4     -0.3462965     -0.2516103
     133.5     -0.1650608     -0.1197308
     133.6      0.0192887      0.0139683
     133.7      0.2037285      0.1472890
     133.8      0.3852278      0.2780421
     133.9      0.5607971      0.4040830
     134.0      0.7275381      0.5233471
     134.1      0.8826909      0.6338835
     134.2      1.0236795      0.7338867
     134.3      1.1481549      0.8217261
     134.4      1.2540335      0.8959727
     134.5      1.3395322      0.9554219
     134.6      1.4031980      0.9991135
     134.7      1.4439329      1.0263467
     134.8      1.4610124      1.0366916
     134.9      1.4540983      1.0299958
     135.0      1.4232454      1.0063865
     135.1      1.3689009      0.9662682
     135.2      1.2918985      0.9103159
     135.3      1.1934458      0.8394634
     135.4      1.0751047      0.7548881
     135.5      0.9387675      0.6579908
     135.6      0.7866260      0.5503734
     135.7      0.6211370      0.4338115
     135.8      0.4449819      0.3102259
     135.9      0.2610244      0.1816502
     136.0      0.0722630      0.0501981
     136.1     -0.1182171     -0.0819720
     136.2     -0.3072945     -0.2126918
     136.3     -0.4918624     -0.3398191
     136.4     -0.6688799     -0.4612727
     136.5     -0.8354218     -0.5750664
     136.6     -0.9887265     -0.6793416
     136.7     -1.1262420     -0.7723974
     136.8     -1.2456680     -0.8527184
     136.9     -1.3449944     -0.9189994
     137.0     -1.4225348     -0.9701664
     137.1     -1.4769550     -1.0053941
     137.2     -1.5072959     -1.0241191
     137.3     -1.5129902     -1.0260490
     137.4     -1.4938726     -1.0111664
     137.5     -1.4501836     -0.9797298
     137.6     -1.3825670     -0.9322682
     137.7     -1.2920601     -0.8695726
     137.8     -1.1800782     -0.7926828
     137.9     -1.0483921     -0.7028700
     138.0     -0.8991006     -0.6016157
     138.1     -0.7345966     -0.4905876
     138.2     -0.5575294     -0.3716115
     138.3     -0.3707614     -0.2466418
     138.4     -0.1773226     -0.1177292
     138.5      0.0196389      0.0130131
     138.6      0.2169081      0.1434439
     138.7      0.4112549      0.2714289
     138.8      0.5994875      0.3948761
     138.9      0.7785046      0.5117696
     139.0      0.9453458      0.6202026
     139.1      1.0972412      0.7184086
     139.2      1.2316567      0.8047898
     139.3      1.3463363      0.8779438
     139.4      1.4393400      0.9366854
     139.5      1.5090763      0.9800666
     139.6      1.5543290      1.0073915
     139.7      1.5742787      1.0182274
     139.8      1.5685173      1.0124116
     139.9      1.5370558      0.9900540
     140.0      1.4803254      0.9515348
     140.1      1.3991719      0.8974983
     140.2      1.2948433      0.8288418
     140.3      1.1689703      0.7467006
     140.4      1.0235411      0.6524296
     140.5      0.8608702      0.5475808
     140.6      0.6835615      0.4338773
     140.7      0.4944664      0.3131856
     140.8      0.2966387      0.1874844
     140.9      0.0932846      0.0588324
     141.0     -0.1122885     -0.0706654
     141.1     -0.3167261     -0.1988923
     141.2     -0.5166811     -0.3237543
     141.3     -0.7088684     -0.4432148
     141.4     -0.8901191     -0.5553271
     141.5     -1.0574319     -0.6582668
     141.6     -1.2080234     -0.7503611
     141.7     -1.3393741     -0.8301160
     141.8     -1.4492700     -0.8962407
     141.9     -1.5358404     -0.9476686
     142.0     -1.5975889     -0.9835740
     142.1     -1.6334199     -1.0033857
     142.2     -1.6426572     -1.0067962
     142.3     -1.6250568     -0.9937662
     142.4     -1.5808121     -0.9645248
     142.5     -1.5105525     -0.9195661
     142.6     -1.4153348     -0.8596402
     142.7     -1.2966269     -0.7857408
     142.8     -1.1562856     -0.6990892
     142.9     -0.9965278     -0.6011135
     143.0     -0.8198953     -0.4934253
     143.1     -0.6292146     -0.3777932
     143.2     -0.4275518     -0.2561136
     143.3     -0.2181634     -0.1303800
     143.4     -0.0044439     -0.0026496
     143.5      0.2101293      0.1249897
     143.6      0.4220520      0.2504536
     143.7      0.6278507      0.3716959
     143.8      0.8241391      0.4867412
     143.9      1.0076734      0.5937175
     144.0      1.1754065      0.6908866
     144.1      1.3245378      0.7766724
     144.2      1.4525600      0.8496861
     144.3      1.5573011      0.9087494
     144.4      1.6369611      0.9529127
     144.5      1.6901426      0.9814708
     144.6      1.7158755      0.9939744
     144.7      1.7136338      0.9902364
     144.8      1.6833467      0.9703354
     144.9      1.6254005      0.9346138
     145.0      1.5406351      0.8836720
     145.1      1.4303311      0.8183580
     145.2      1.2961913      0.7397540
     145.3      1.1403142      0.6491575
     145.4      0.9651614      0.5480608
     145.5      0.7735189      0.4381259
     145.6      0.5684531      0.3211572
     145.7      0.3532615      0.1990721
     145.8      0.1314204      0.0738692
     145.9     -0.0934717     -0.0524039
     146.0     -0.3177516     -0.1776845
     146.1     -0.5377517     -0.2999284
     146.2     -0.7498587     -0.4171431
     146.3     -0.9505738     -0.5274206
     146.4     -1.1365696     -0.6289680
     146.5     -1.3047451     -0.7201371
     146.6     -1.4522773     -0.7994507
     146.7     -1.5766683     -0.8656269
     146.8     -1.6757874     -0.9175996
     146.9     -1.7479075     -0.9545357
     147.0     -1.7917344     -0.9758485
     147.1     -1.8064306     -0.9812069
     147.2     -1.7916299     -0.9705406
     147.3     -1.7474462     -0.9440409
     147.4     -1.6744732     -0.9021572
     147.5     -1.5737768     -0.8455896
     147.6     -1.4468801     -0.7752771
     147.7     -1.2957401     -0.6923818
     147.8     -1.1227182     -0.5982699
     147.9     -0.9305431     -0.4944893
     148.0     -0.7222679     -0.3827437
     148.1     -0.5012222     -0.2648650
     148.2     -0.2709588     -0.1427833
     148.3     -0.0351969     -0.0184950
     148.4      0.2022380      0.1059698
     148.5      0.4374753      0.2285802
     148.6      0.6666629      0.3473378
     148.7      0.8860296      0.4603093
     148.8      1.0919467      0.5656579
     148.9      1.2809882      0.6616731
     149.0      1.4499873      0.7467987
     149.1      1.5960891      0.8196576
     149.2      1.7167985      0.8790744
     149.3      1.8100227      0.9240943
     149.4      1.8741069      0.9539980
     149.5      1.9078635      0.9683139
     149.6      1.9105935      0.9668248
     149.7      1.8821004      0.9495716
     149.8      1.8226952      0.9168520
     149.9      1.7331945      0.8692157
     150.0      1.6149094      0.8074547
     150.1      1.4696261      0.7325906
     150.2      1.2995798      0.6458573
     150.3      1.1074200      0.5486809
     150.4      0.8961698      0.4426558
     150.5      0.6691783      0.3295191
     150.6      0.4300676      0.2111218
     150.7      0.1826759      0.0893984
     150.8     -0.0690049     -0.0336647
     150.9     -0.3208922     -0.1560612
     151.0     -0.5688796     -0.2757983
     151.1     -0.8089030     -0.3909286
     151.2     -1.0370070     -0.4995819
     151.3     -1.2494100     -0.5999960
     151.4     -1.4425661     -0.6905446
     151.5     -1.6132243     -0.7697641
     151.6     -1.7584828     -0.8363770
     151.7     -1.8758380     -0.8893127
     151.8     -1.9632268     -0.9277243
     151.9     -2.0190633     -0.9510028
     152.0     -2.0422659     -0.9587858
     152.1     -2.0322787     -0.9509638
     152.2     -1.9890824     -0.9276815
     152.3     -1.9131979     -0.8893348
     152.4     -1.8056805     -0.8365646
     152.5     -1.6681057     -0.7702455
     152.6     -1.5025464     -0.6914715
     152.7     -1.3115419     -0.6015381
     152.8     -1.0980590     -0.5019205
     152.9     -0.8654464     -0.3942497
     153.0     -0.6173824     -0.2802857
     153.1     -0.3578166     -0.1618887
     153.2     -0.0909079     -0.0409883
     153.3      0.1790425      0.0804472
     153.4      0.4476596      0.2004437
     153.5      0.7105655      0.3170528
     153.6      0.9634502      0.4283839
     153.7      1.2021422      0.5326346
     153.8      1.4226766      0.6281200
     153.9      1.6213607      0.7133001
     154.0      1.7948357      0.7868042
     154.1      1.9401325      0.8474533
     154.2      2.0547226      0.8942792
     154.3      2.1365614      0.9265393
     154.4      2.1841240      0.9437288
     154.5      2.1964329      0.9455887
     154.6      2.1730774      0.9321092
     154.7      2.1142229      0.9035298
     154.8      2.0206122      0.8603348
     154.9      1.8935562      0.8032454
     155.0      1.7349165      0.7332074
     155.1      1.5470783      0.6513754
     155.2      1.3329146      0.5590938
     155.3      1.0957427      0.4578748
     155.4      0.8392734      0.3493734
     155.5      0.5675526      0.2353602
     155.6      0.2848984      0.1176928
     155.7     -0.0041677     -0.0017151
     155.8     -0.2949923     -0.1209241
     155.9     -0.5828652     -0.2380016
     156.0     -0.8630949     -0.3510523
     156.1     -1.1310848     -0.4582495
     156.2     -1.3824082     -0.5578643
     156.3     -1.6128810     -0.6482939
     156.4     -1.8186309     -0.7280871
     156.5     -1.9961620     -0.7959677
     156.6     -2.1424136     -0.8508550
     156.7     -2.2548125     -0.8918810
     156.8     -2.3313179     -0.9184038
     156.9     -2.3704571     -0.9300183
     157.0     -2.3713539     -0.9265618
     157.1     -2.3337454     -0.9081162
     157.2     -2.2579910     -0.8750067
     157.3     -2.1450702     -0.8277956
     157.4     -1.9965708     -0.7672728
     157.5     -1.8146669     -0.6944430
     157.6     -1.6020878     -0.6105082
     157.7     -1.3620775     -0.5168487
     157.8     -1.0983451     -0.4149996
     157.9     -0.8150084     -0.3066260
     158.0     -0.5165301     -0.1934956
     158.1     -0.2076471     -0.0774498
     158.2      0.1067032      0.0396261
     158.3      0.4214620      0.1558342
     158.4      0.7315300      0.2692942
     158.5      1.0318492      0.3781740
     158.6      1.3174851      0.4807197
     158.7      1.5837074      0.5752837
     158.8      1.8260673      0.6603508
     158.9      2.0404718      0.7345633
     159.0      2.2232518      0.7967422
     159.1      2.3712247      0.8459059
     159.2      2.4817484      0.8812861
     159.3      2.5527686      0.9023395
     159.4      2.5828552      0.9087560
     159.5      2.5712303      0.9004638
     159.6      2.5177851      0.8776295
     159.7      2.4230862      0.8406550
     159.8      2.2883715      0.7901705
     159.9      2.1155346      0.7270240
     160.0      1.9070995      0.6522665
     160.1      1.6661838      0.5671349
     160.2      1.3964527      0.4730315
     160.3      1.1020643      0.3715006
     160.4      0.7876056      0.2642035
     160.5      0.4580218      0.1528908
     160.6      0.1185393      0.0393742
     160.7     -0.2254166     -0.0745034
     160.8     -0.5683079     -0.1868975
     160.9     -0.9045722     -0.2959922
     161.0     -1.2287121     -0.4000295
     161.1     -1.5353844     -0.4973378
     161.2     -1.8194874     -0.5863584
     161.3     -2.0762449     -0.6656711
     161.4     -2.3012857     -0.7340165
     161.5     -2.4907172     -0.7903162
     161.6     -2.6411915     -0.8336895
     161.7     -2.7499638     -0.8634679
     161.8     -2.8149413     -0.8792045
     161.9     -2.8347218     -0.8806812
     162.0     -2.8086218     -0.8679119
     162.1     -2.7366933     -0.8411408
     162.2     -2.6197286     -0.8008387
     162.3     -2.4592535     -0.7476944
     162.4     -2.2575087     -0.6826027
     162.5     -2.0174192     -0.6066496
     162.6     -1.7425532     -0.5210945
     162.7     -1.4370696     -0.4273484
     162.8     -1.1056561     -0.3269514
     162.9     -0.7534581     -0.2215471
     163.0     -0.3859995     -0.1128553
     163.1     -0.0090976     -0.0026447
     163.2      0.3712288      0.1072969
     163.3      0.7488537      0.2151910
     163.4      1.1176420      0.3192973
     163.5      1.4715475      0.4179421
     163.6      1.8047116      0.5095449
     163.7      2.1115582      0.5926441
     163.8      2.3868862      0.6659200
     163.9      2.6259563      0.7282162
     164.0      2.8245710      0.7785573
     164.1      2.9791469      0.8161648
     164.2      3.0867774      0.8404685
     164.3      3.1452858      0.8511157
     164.4      3.1532665      0.8479759
     164.5      3.1101146      0.8311420
     164.6      3.0160428      0.8009286
     164.7      2.8720855      0.7578660
     164.8      2.6800901      0.7026906
     164.9      2.4426941      0.6363328
     165.0      2.1632911      0.5599009
     165.1      1.8459829      0.4746627
     165.2      1.4955207      0.3820244
     165.3      1.1172350      0.2835073
     165.4      0.7169562      0.1807227
     165.5      0.3009255      0.0753457
     165.6     -0.1243006     -0.0309123
     165.7     -0.5519525     -0.1363317
     165.8     -0.9751531     -0.2392123
     165.9     -1.3870274     -0.3379007
     166.0     -1.7808119     -0.4308174
     166.1     -2.1499642     -0.5164817
     166.2     -2.4882693     -0.5935355
     166.3     -2.7899425     -0.6607648
     166.4     -3.0497262     -0.7171191
     166.5     -3.2629789     -0.7617273
     166.6     -3.4257556     -0.7939117
     166.7     -3.5348783     -0.8131978
     166.8     -3.5879942     -0.8193216
     166.9     -3.5836224     -0.8122327
     167.0     -3.5211860     -0.7920945
     167.1     -3.4010315     -0.7592807
     167.2     -3.2244326     -0.7143682
     167.3     -2.9935805     -0.6581273
     167.4     -2.7115582     -0.5915081
     167.5     -2.3823020     -0.5156245
     167.6     -2.0105473     -0.4317355
     167.7     -1.6017631     -0.3412242
     167.8     -1.1620726     -0.2455747
     167.9     -0.6981634     -0.1463480
     168.0     -0.2171878     -0.0451559
     168.1      0.2733455      0.0563650
     168.2      0.7656864      0.1565799
     168.3      1.2519638      0.2538823
     168.4      1.7243082      0.3467203
     168.5      2.1749773      0.4336207
     168.6      2.5964794      0.5132132
     168.7      2.9816950      0.5842516
     168.8      3.3239940      0.6456338
     168.9      3.6173461      0.6964186
     169.0      3.8564233      0.7358403
     169.1      4.0366927      0.7633202
     169.2      4.1544974      0.7784752
     169.3      4.2071250      0.7811227
     169.4      4.1928621      0.7712826
     169.5      4.1110333      0.7491763
     169.6      3.9620251      0.7152214
     169.7      3.7472931      0.6700243
     169.8      3.4693521      0.6143693
     169.9      3.1317508      0.5492049
     170.0      2.7390288      0.4756274
     170.1      2.2966578      0.3948623
     170.2      1.8109685      0.3082440
     170.3      1.2890622      0.2171933
     170.4      0.7387094      0.1231936
     170.5      0.1682375      0.0277672
     170.6     -0.4135926     -0.0675504
     170.7     -0.9977172     -0.1612349
     170.8     -1.5749076     -0.2517981
     170.9     -2.1359121     -0.3378117
     171.0     -2.6715995     -0.4179302
     171.1     -3.1731035     -0.4909121
     171.2     -3.6319644     -0.5556391
     171.3     -4.0402663     -0.6111340
     171.4     -4.3907681     -0.6565750
     171.5     -4.6770252     -0.6913083
     171.6     -4.8935010     -0.7148574
     171.7     -5.0356660     -0.7269296
     171.8     -5.1000825     -0.7274193
     171.9     -5.0844734     -0.7164086
     172.0     -4.9877748     -0.6941641
     172.1     -4.8101705     -0.6611317
     172.2     -4.5531072     -0.6179275
     172.3     -4.2192916     -0.5653268
     172.4     -3.8126677     -0.5042497
     172.5     -3.3383750     -0.4357454
     172.6     -2.8026878     -0.3609738
     172.7     -2.2129364     -0.2811859
     172.8     -1.5774114     -0.1977021
     172.9     -0.9052519     -0.1118905
     173.0     -0.2063188     -0.0251439
     173.1      0.5089435      0.0611429
     173.2      1.2296577      0.1455964
     173.3      1.9446719      0.2268863
     173.4      2.6427245      0.3037472
     173.5      3.3126137      0.3749985
     173.6      3.9433678      0.4395630
     173.7      4.5244157      0.4964836
     173.8      5.0457527      0.5449380
     173.9      5.4981016      0.5842507
     174.0      5.8730644      0.6139024
     174.1      6.1632641      0.6335376
     174.2      6.3624729      0.6429680
     174.3      6.4657258      0.6421743
     174.4      6.4694170      0.6313045
     174.5      6.3713785      0.6106696
     174.6      6.1709379      0.5807366
     174.7      5.8689558      0.5421189
     174.8      5.4678417      0.4955646
     174.9      4.9715469      0.4419422
     175.0      4.3855358      0.3822246
     175.1      3.7167341      0.3174720
     175.2      2.9734558      0.2488124
     175.3      2.1653092      0.1774222
     175.4      1.3030825      0.1045058
     175.5      0.3986112      0.0312747
     175.6     -0.5353713     -0.0410732
     175.7     -1.4853978     -0.1113732
     175.8     -2.4374448     -0.1785141
     175.9     -3.3771194     -0.2414554
     176.0     -4.2898549     -0.2992451
     176.1     -5.1611108     -0.3510345
     176.2     -5.9765756     -0.3960910
     176.3     -6.7223687     -0.4338100
     176.4     -7.3852397     -0.4637230
     176.5     -7.9527602     -0.4855044
     176.6     -8.4135084     -0.4989747
     176.7     -8.7572405     -0.5041020
     176.8     -8.9750491     -0.5010007
     176.9     -9.0595044     -0.4899272
     177.0     -9.0047776     -0.4712736
     177.1     -8.8067429     -0.4455590
     177.2     -8.4630585     -0.4134185
     177.3     -7.9732234     -0.3755903
     177.4     -7.3386102     -0.3329013
     177.5     -6.5624732     -0.2862511
     177.6     -5.6499305     -0.2365945
     177.7     -4.6079215     -0.1849241
     177.8     -3.4451392     -0.1322513
     177.9     -2.1719387     -0.0795879
     178.0     -0.8002222     -0.0279274
     178.1      0.6566972      0.0217729
     178.2      2.1842517      0.0686090
     178.3      3.7667928      0.1117466
     178.4      5.3877814      0.1504357
     178.5      7.0299902      0.1840237
     178.6      8.6757172      0.2119667
     178.7     10.3070067      0.2338385
     178.8     11.9058748      0.2493378
     178.9     13.4545366      0.2582927
     179.0     14.9356319      0.2606627
     179.1     16.3324468      0.2565389
     179.2     17.6291272      0.2461411
     179.3     18.8108823      0.2298126
     179.4     19.8641753      0.2080134
     179.5     20.7768973      0.1813103
     179.6     21.5385244      0.1503660
     179.7     22.1402534      0.1159256
     179.8     22.5751159      0.0788019
     179.9     22.8380692      0.0398599
     180.0     22.9260608      0.0000000
