 # List of d(q) for j, j' =           20          24
 #    0  1.00000000
 #    1  0.63132606
 #    2  0.58431724
 #    3  0.48487256
 #    4  0.46072662
 #    5  0.40201729
 #    6  0.37721255
 #    7  0.33644009
 #    8  0.31653910
 #    9  0.28674897
 #   10  0.27064695
 #   11  0.24436168
 #   12  0.23039595
 #   13  0.20999144
 #   14  0.19816790
 #   15  0.17944284
 #   16  0.16892326
 #   17  0.15234322
 #   18  0.14266278
 #   19  0.12837005
 #   20  0.12015711
 #   21  0.10766594
 #   22  0.10073906
 #   23  0.08961003
 #   24  0.08392389
 #   25  0.07453584
 #   26  0.06953185
 #   27  0.06122170
 #   28  0.05736425
 #   29  0.05038961
 #   30  0.04740306
 #   31  0.04132722
 #   32  0.03875340
 #   33  0.03356246
 #   34  0.03155551
 #   35  0.02688481
 #   36  0.02587654
 #   37  0.02058793
 #   38  0.02121952
 #   39  0.01436267
 #   40  0.02062301
       0.0   5695.5284004      0.0000000
       0.1   5693.7006338      9.9373772
       0.2   5688.2207080     19.8555957
       0.3   5679.0987361     29.7355556
       0.4   5666.3515432     39.5582751
       0.5   5650.0026216     49.3049484
       0.6   5630.0820686     58.9570040
       0.7   5606.6265062     68.4961607
       0.8   5579.6789842     77.9044842
       0.9   5549.2888652     87.1644411
       1.0   5515.5116951     96.2589518
       1.1   5478.4090547    105.1714423
       1.2   5438.0483982    113.8858929
       1.3   5394.5028748    122.3868862
       1.4   5347.8511362    130.6596517
       1.5   5298.1771307    138.6901089
       1.6   5245.5698825    146.4649072
       1.7   5190.1232602    153.9714635
       1.8   5131.9357316    161.1979969
       1.9   5071.1101085    168.1335603
       2.0   5007.7532810    174.7680691
       2.1   4941.9759417    181.0923268
       2.2   4873.8923017    187.0980472
       2.3   4803.6197988    192.7778732
       2.4   4731.2787988    198.1253927
       2.5   4656.9922909    203.1351507
       2.6   4580.8855776    207.8026581
       2.7   4503.0859616    212.1243969
       2.8   4423.7224283    216.0978223
       2.9   4342.9253275    219.7213609
       3.0   4260.8260529    222.9944059
       3.1   4177.5567217    225.9173087
       3.2   4093.2498556    228.4913673
       3.3   4008.0380623    230.7188111
       3.4   3922.0537211    232.6027832
       3.5   3835.4286707    234.1473188
       3.6   3748.2939026    235.3573215
       3.7   3660.7792593    236.2385356
       3.8   3573.0131390    236.7975169
       3.9   3485.1222073    237.0415999
       4.0   3397.2311168    236.9788632
       4.1   3309.4622356    236.6180920
       4.2   3221.9353849    235.9687388
       4.3   3134.7675870    235.0408826
       4.4   3048.0728243    233.8451847
       4.5   2961.9618091    232.3928451
       4.6   2876.5417662    230.6955554
       4.7   2791.9162278    228.7654519
       4.8   2708.1848409    226.6150668
       4.9   2625.4431894    224.2572791
       5.0   2543.7826290    221.7052644
       5.1   2463.2901373    218.9724447
       5.2   2384.0481776    216.0724377
       5.3   2306.1345782    213.0190057
       5.4   2229.6224268    209.8260059
       5.5   2154.5799790    206.5073395
       5.6   2081.0705838    203.0769022
       5.7   2009.1526228    199.5485357
       5.8   1938.8794656    195.9359795
       5.9   1870.2994404    192.2528240
       6.0   1803.4558192    188.5124653
       6.1   1738.3868185    184.7280609
       6.2   1675.1256147    180.9124871
       6.3   1613.7003737    177.0782988
       6.4   1554.1342950    173.2376904
       6.5   1496.4456697    169.4024590
       6.6   1440.6479514    165.5839704
       6.7   1386.7498411    161.7931261
       6.8   1334.7553837    158.0403342
       6.9   1284.6640774    154.3354812
       7.0   1236.4709937    150.6879081
       7.1   1190.1669093    147.1063876
       7.2   1145.7384478    143.5991045
       7.3   1103.1682311    140.1736395
       7.4   1062.4350400    136.8369548
       7.5   1023.5139833    133.5953829
       7.6    986.3766741    130.4546183
       7.7    950.9914135    127.4197119
       7.8    917.3233806    124.4950677
       7.9    885.3348275    121.6844435
       8.0    854.9852792    118.9909526
       8.1    826.2317381    116.4170698
       8.2    799.0288905    113.9646387
       8.3    773.3293170    111.6348823
       8.4    749.0837031    109.4284160
       8.5    726.2410521    107.3452623
       8.6    704.7488974    105.3848684
       8.7    684.5535144    103.5461261
       8.8    665.6001314    101.8273927
       8.9    647.8331381    100.2265151
       9.0    631.1962923     98.7408543
       9.1    615.6329223     97.3673131
       9.2    601.0861259     96.1023637
       9.3    587.4989651     94.9420776
       9.4    574.8146547     93.8821566
       9.5    562.9767465     92.9179642
       9.6    551.9293061     92.0445586
       9.7    541.6170837     91.2567264
       9.8    531.9856772     90.5490157
       9.9    522.9816882     89.9157711
      10.0    514.5528694     89.3511681
      10.1    506.6482639     88.8492473
      10.2    499.2183358     88.4039494
      10.3    492.2150921     88.0091488
      10.4    485.5921942     87.6586878
      10.5    479.3050616     87.3464098
      10.6    473.3109650     87.0661913
      10.7    467.5691092     86.8119740
      10.8    462.0407077     86.5777952
      10.9    456.6890459     86.3578174
      11.0    451.4795355     86.1463566
      11.1    446.3797581     85.9379088
      11.2    441.3595000     85.7271761
      11.3    436.3907767     85.5090901
      11.4    431.4478476     85.2788341
      11.5    426.5072223     85.0318639
      11.6    421.5476570     84.7639265
      11.7    416.5501418     84.4710766
      11.8    411.4978799     84.1496918
      11.9    406.3762584     83.7964853
      12.0    401.1728105     83.4085174
      12.1    395.8771707     82.9832036
      12.2    390.4810222     82.5183225
      12.3    384.9780375     82.0120200
      12.4    379.3638127     81.4628124
      12.5    373.6357957     80.8695874
      12.6    367.7932084     80.2316026
      12.7    361.8369641     79.5484832
      12.8    355.7695803     78.8202160
      12.9    349.5950868     78.0471437
      13.0    343.3189310     77.2299555
      13.1    336.9478788     76.3696773
      13.2    330.4899138     75.4676594
      13.3    323.9541338     74.5255634
      13.4    317.3506458     73.5453468
      13.5    310.6904594     72.5292473
      13.6    303.9853802     71.4797647
      13.7    297.2479023     70.3996421
      13.8    290.4911010     69.2918467
      13.9    283.7285272     68.1595487
      14.0    276.9741014     67.0060996
      14.1    270.2420107     65.8350106
      14.2    263.5466070     64.6499292
      14.3    256.9023078     63.4546164
      14.4    250.3235000     62.2529230
      14.5    243.8244467     61.0487660
      14.6    237.4191973     59.8461047
      14.7    231.1215019     58.6489173
      14.8    224.9447293     57.4611769
      14.9    218.9017902     56.2868287
      15.0    213.0050639     55.1297673
      15.1    207.2663309     53.9938137
      15.2    201.6967101     52.8826947
      15.3    196.3066010     51.8000215
      15.4    191.1056322     50.7492697
      15.5    186.1026141     49.7337604
      15.6    181.3054984     48.7566421
      15.7    176.7213424     47.8208741
      15.8    172.3562794     46.9292103
      15.9    168.2154947     46.0841855
      16.0    164.3032071     45.2881016
      16.1    160.6226565     44.5430163
      16.2    157.1760963     43.8507329
      16.3    153.9647921     43.2127915
      16.4    150.9890253     42.6304614
      16.5    148.2481018     42.1047357
      16.6    145.7403660     41.6363272
      16.7    143.4632196     41.2256654
      16.8    141.4131454     40.8728955
      16.9    139.5857347     40.5778793
      17.0    137.9757200     40.3401965
      17.1    136.5770107     40.1591486
      17.2    135.3827333     40.0337641
      17.3    134.3852747     39.9628042
      17.4    133.5763285     39.9447711
      17.5    132.9469445     39.9779172
      17.6    132.4875802     40.0602552
      17.7    132.1881557     40.1895696
      17.8    132.0381089     40.3634300
      17.9    132.0264539     40.5792043
      18.0    132.1418395     40.8340741
      18.1    132.3726093     41.1250496
      18.2    132.7068622     41.4489870
      18.3    133.1325138     41.8026050
      18.4    133.6373566     42.1825029
      18.5    134.2091213     42.5851791
      18.6    134.8355366     43.0070496
      18.7    135.5043886     43.4444673
      18.8    136.2035786     43.8937409
      18.9    136.9211799     44.3511551
      19.0    137.6454927     44.8129890
      19.1    138.3650974     45.2755365
      19.2    139.0689046     45.7351243
      19.3    139.7462044     46.1881319
      19.4    140.3867118     46.6310091
      19.5    140.9806098     47.0602946
      19.6    141.5185892     47.4726329
      19.7    141.9918861     47.8647915
      19.8    142.3923152     48.2336767
      19.9    142.7123002     48.5763486
      20.0    142.9449006     48.8900354
      20.1    143.0838351     49.1721471
      20.2    143.1235012     49.4202872
      20.3    143.0589913     49.6322644
      20.4    142.8861048     49.8061021
      20.5    142.6013568     49.9400477
      20.6    142.2019834     50.0325802
      20.7    141.6859423     50.0824163
      20.8    141.0519111     50.0885157
      20.9    140.2992809     50.0500848
      21.0    139.4281473     49.9665792
      21.1    138.4392975     49.8377052
      21.2    137.3341946     49.6634191
      21.3    136.1149578     49.4439259
      21.4    134.7843413     49.1796770
      21.5    133.3457082     48.8713656
      21.6    131.8030040     48.5199219
      21.7    130.1607254     48.1265061
      21.8    128.4238887     47.6925016
      21.9    126.5979947     47.2195053
      22.0    124.6889924     46.7093187
      22.1    122.7032408     46.1639363
      22.2    120.6474688     45.5855346
      22.3    118.5287350     44.9764586
      22.4    116.3543846     44.3392091
      22.5    114.1320073     43.6764283
      22.6    111.8693935     42.9908847
      22.7    109.5744904     42.2854579
      22.8    107.2553577     41.5631228
      22.9    104.9201241     40.8269331
      23.0    102.5769432     40.0800048
      23.1    100.2339502     39.3254990
      23.2     97.8992199     38.5666056
      23.3     95.5807242     37.8065256
      23.4     93.2862926     37.0484543
      23.5     91.0235720     36.2955646
      23.6     88.7999897     35.5509900
      23.7     86.6227168     34.8178084
      23.8     84.4986341     34.0990263
      23.9     82.4342996     33.3975629
      24.0     80.4359183     32.7162354
      24.1     78.5093143     32.0577444
      24.2     76.6599044     31.4246606
      24.3     74.8926755     30.8194113
      24.4     73.2121635     30.2442691
      24.5     71.6224348     29.7013397
      24.6     70.1270711     29.1925527
      24.7     68.7291561     28.7196514
      24.8     67.4312657     28.2841848
      24.9     66.2354600     27.8875008
      25.0     65.1432791     27.5307394
      25.1     64.1557407     27.2148282
      25.2     63.2733411     26.9404784
      25.3     62.4960582     26.7081819
      25.4     61.8233578     26.5182102
      25.5     61.2542019     26.3706136
      25.6     60.7870598     26.2652223
      25.7     60.4199217     26.2016479
      25.8     60.1503138     26.1792872
      25.9     59.9753171     26.1973258
      26.0     59.8915865     26.2547435
      26.1     59.8953733     26.3503208
      26.2     59.9825485     26.4826462
      26.3     60.1486286     26.6501245
      26.4     60.3888022     26.8509859
      26.5     60.6979587     27.0832964
      26.6     61.0707172     27.3449686
      26.7     61.5014579     27.6337735
      26.8     61.9843525     27.9473524
      26.9     62.5133974     28.2832308
      27.0     63.0824457     28.6388311
      27.1     63.6852405     29.0114870
      27.2     64.3154483     29.3984581
      27.3     64.9666917     29.7969442
      27.4     65.6325836     30.2041008
      27.5     66.3067588     30.6170539
      27.6     66.9829073     31.0329154
      27.7     67.6548058     31.4487983
      27.8     68.3163481     31.8618321
      27.9     68.9615758     32.2691774
      28.0     69.5847071     32.6680412
      28.1     70.1801640     33.0556911
      28.2     70.7425993     33.4294694
      28.3     71.2669212     33.7868070
      28.4     71.7483166     34.1252363
      28.5     72.1822728     34.4424038
      28.6     72.5645976     34.7360821
      28.7     72.8914371     35.0041809
      28.8     73.1592919     35.2447577
      28.9     73.3650312     35.4560271
      29.0     73.5059049     35.6363698
      29.1     73.5795539     35.7843403
      29.2     73.5840175     35.8986737
      29.3     73.5177397     35.9782917
      29.4     73.3795726     36.0223076
      29.5     73.1687778     36.0300300
      29.6     72.8850263     36.0009659
      29.7     72.5283952     35.9348221
      29.8     72.0993636     35.8315063
      29.9     71.5988053     35.6911266
      30.0     71.0279805     35.5139902
      30.1     70.3885248     35.3006010
      30.2     69.6824373     35.0516559
      30.3     68.9120660     34.7680409
      30.4     68.0800921     34.4508253
      30.5     67.1895128     34.1012553
      30.6     66.2436221     33.7207472
      30.7     65.2459911     33.3108787
      30.8     64.2004462     32.8733804
      30.9     63.1110470     32.4101261
      31.0     61.9820625     31.9231222
      31.1     60.8179468     31.4144965
      31.2     59.6233143     30.8864872
      31.3     58.4029137     30.3414298
      31.4     57.1616023     29.7817454
      31.5     55.9043194     29.2099266
      31.6     54.6360597     28.6285253
      31.7     53.3618469     28.0401378
      31.8     52.0867071     27.4473922
      31.9     50.8156422     26.8529334
      32.0     49.5536048     26.2594098
      32.1     48.3054719     25.6694592
      32.2     47.0760208     25.0856947
      32.3     45.8699047     24.5106914
      32.4     44.6916297     23.9469727
      32.5     43.5455323     23.3969974
      32.6     42.4357587     22.8631470
      32.7     41.3662444     22.3477132
      32.8     40.3406960     21.8528862
      32.9     39.3625732     21.3807440
      33.0     38.4350733     20.9332412
      33.1     37.5611168     20.5121996
      33.2     36.7433344     20.1192986
      33.3     35.9840555     19.7560676
      33.4     35.2852990     19.4238775
      33.5     34.6487650     19.1239349
      33.6     34.0758289     18.8572758
      33.7     33.5675366     18.6247606
      33.8     33.1246019     18.4270708
      33.9     32.7474054     18.2647052
      34.0     32.4359954     18.1379784
      34.1     32.1900899     18.0470197
      34.2     32.0090813     17.9917725
      34.3     31.8920415     17.9719962
      34.4     31.8377298     17.9872668
      34.5     31.8446012     18.0369807
      34.6     31.9108175     18.1203581
      34.7     32.0342586     18.2364474
      34.8     32.2125358     18.3841312
      34.9     32.4430064     18.5621323
      35.0     32.7227893     18.7690209
      35.1     33.0487816     19.0032230
      35.2     33.4176766     19.2630287
      35.3     33.8259822     19.5466017
      35.4     34.2700407     19.8519894
      35.5     34.7460488     20.1771332
      35.6     35.2500784     20.5198803
      35.7     35.7780978     20.8779945
      35.8     36.3259935     21.2491687
      35.9     36.8895919     21.6310370
      36.0     37.4646815     22.0211873
      36.1     38.0470347     22.4171742
      36.2     38.6324299     22.8165320
      36.3     39.2166733     23.2167874
      36.4     39.7956204     23.6154727
      36.5     40.3651967     24.0101388
      36.6     40.9214188     24.3983678
      36.7     41.4604134     24.7777857
      36.8     41.9784376     25.1460748
      36.9     42.4718962     25.5009855
      37.0     42.9373598     25.8403482
      37.1     43.3715810     26.1620841
      37.2     43.7715099     26.4642161
      37.3     44.1343084     26.7448789
      37.4     44.4573631     27.0023283
      37.5     44.7382974     27.2349499
      37.6     44.9749818     27.4412677
      37.7     45.1655431     27.6199509
      37.8     45.3083721     27.7698208
      37.9     45.4021302     27.8898566
      38.0     45.4457542     27.9792001
      38.1     45.4384594     28.0371596
      38.2     45.3797424     28.0632137
      38.3     45.2693806     28.0570129
      38.4     45.1074323     28.0183814
      38.5     44.8942335     27.9473174
      38.6     44.6303946     27.8439926
      38.7     44.3167951     27.7087507
      38.8     43.9545770     27.5421055
      38.9     43.5451371     27.3447375
      39.0     43.0901178     27.1174898
      39.1     42.5913968     26.8613636
      39.2     42.0510757     26.5775121
      39.3     41.4714675     26.2672343
      39.4     40.8550829     25.9319677
      39.5     40.2046161     25.5732807
      39.6     39.5229294     25.1928634
      39.7     38.8130370     24.7925189
      39.8     38.0780884     24.3741537
      39.9     37.3213509     23.9397668
      40.0     36.5461920     23.4914394
      40.1     35.7560612     23.0313239
      40.2     34.9544711     22.5616321
      40.3     34.1449789     22.0846234
      40.4     33.3311677     21.6025931
      40.5     32.5166275     21.1178603
      40.6     31.7049364     20.6327552
      40.7     30.8996420     20.1496072
      40.8     30.1042433     19.6707328
      40.9     29.3221724     19.1984230
      41.0     28.5567775     18.7349317
      41.1     27.8113057     18.2824639
      41.2     27.0888865     17.8431640
      41.3     26.3925165     17.4191049
      41.4     25.7250448     17.0122773
      41.5     25.0891582     16.6245792
      41.6     24.4873693     16.2578064
      41.7     23.9220036     15.9136430
      41.8     23.3951888     15.5936530
      41.9     22.9088447     15.2992723
      42.0     22.4646750     15.0318016
      42.1     22.0641588     14.7923994
      42.2     21.7085448     14.5820765
      42.3     21.3988461     14.4016912
      42.4     21.1358360     14.2519447
      42.5     20.9200454     14.1333778
      42.6     20.7517616     14.0463687
      42.7     20.6310277     13.9911309
      42.8     20.5576444     13.9677127
      42.9     20.5311716     13.9759970
      43.0     20.5509328     14.0157025
      43.1     20.6160191     14.0863852
      43.2     20.7252957     14.1874412
      43.3     20.8774088     14.3181101
      43.4     21.0707937     14.4774792
      43.5     21.3036843     14.6644886
      43.6     21.5741231     14.8779369
      43.7     21.8799721     15.1164879
      43.8     22.2189255     15.3786776
      43.9     22.5885218     15.6629223
      44.0     22.9861576     15.9675268
      44.1     23.4091019     16.2906936
      44.2     23.8545108     16.6305325
      44.3     24.3194426     16.9850704
      44.4     24.8008736     17.3522621
      44.5     25.2957143     17.7300005
      44.6     25.8008253     18.1161282
      44.7     26.3130340     18.5084488
      44.8     26.8291512     18.9047378
      44.9     27.3459873     19.3027550
      45.0     27.8603690     19.7002558
      45.1     28.3691553     20.0950028
      45.2     28.8692537     20.4847776
      45.3     29.3576359     20.8673922
      45.4     29.8313530     21.2407003
      45.5     30.2875499     21.6026086
      45.6     30.7234801     21.9510871
      45.7     31.1365188     22.2841802
      45.8     31.5241759     22.6000161
      45.9     31.8841084     22.8968167
      46.0     32.2141309     23.1729065
      46.1     32.5122268     23.4267212
      46.2     32.7765576     23.6568157
      46.3     33.0054709     23.8618711
      46.4     33.1975085     24.0407016
      46.5     33.3514129     24.1922601
      46.6     33.4661320     24.3156438
      46.7     33.5408243     24.4100982
      46.8     33.5748615     24.4750207
      46.9     33.5678310     24.5099639
      47.0     33.5195365     24.5146371
      47.1     33.4299982     24.4889078
      47.2     33.2994513     24.4328019
      47.3     33.1283440     24.3465035
      47.4     32.9173336     24.2303533
      47.5     32.6672823     24.0848469
      47.6     32.3792516     23.9106313
      47.7     32.0544961     23.7085020
      47.8     31.6944553     23.4793982
      47.9     31.3007459     23.2243973
      48.0     30.8751522     22.9447096
      48.1     30.4196163     22.6416716
      48.2     29.9362267     22.3167385
      48.3     29.4272074     21.9714767
      48.4     28.8949056     21.6075552
      48.5     28.3417785     21.2267371
      48.6     27.7703806     20.8308699
      48.7     27.1833498     20.4218757
      48.8     26.5833933     20.0017414
      48.9     25.9732733     19.5725080
      49.0     25.3557927     19.1362597
      49.1     24.7337801     18.6951135
      49.2     24.1100751     18.2512077
      49.3     23.4875139     17.8066908
      49.4     22.8689144     17.3637105
      49.5     22.2570616     16.9244024
      49.6     21.6546939     16.4908790
      49.7     21.0644886     16.0652184
      49.8     20.4890489     15.6494542
      49.9     19.9308903     15.2455645
      50.0     19.3924285     14.8554621
      50.1     18.8759672     14.4809842
      50.2     18.3836867     14.1238836
      50.3     17.9176333     13.7858191
      50.4     17.4797096     13.4683477
      50.5     17.0716648     13.1729163
      50.6     16.6950871     12.9008543
      50.7     16.3513958     12.6533675
      50.8     16.0418348     12.4315315
      50.9     15.7674673     12.2362863
      51.0     15.5291709     12.0684324
      51.1     15.3276340     11.9286261
      51.2     15.1633534     11.8173769
      51.3     15.0366321     11.7350449
      51.4     14.9475792     11.6818392
      51.5     14.8961100     11.6578172
      51.6     14.8819474     11.6628848
      51.7     14.9046239     11.6967967
      51.8     14.9634857     11.7591584
      51.9     15.0576960     11.8494283
      52.0     15.1862408     11.9669211
      52.1     15.3479350     12.1108112
      52.2     15.5414287     12.2801378
      52.3     15.7652157     12.4738097
      52.4     16.0176415     12.6906115
      52.5     16.2969126     12.9292101
      52.6     16.6011067     13.1881619
      52.7     16.9281829     13.4659205
      52.8     17.2759928     13.7608451
      52.9     17.6422923     14.0712088
      53.0     18.0247538     14.3952084
      53.1     18.4209780     14.7309735
      53.2     18.8285071     15.0765763
      53.3     19.2448378     15.4300422
      53.4     19.6674342     15.7893599
      53.5     20.0937414     16.1524918
      53.6     20.5211982     16.5173851
      53.7     20.9472512     16.8819822
      53.8     21.3693674     17.2442314
      53.9     21.7850473     17.6020979
      54.0     22.1918380     17.9535741
      54.1     22.5873453     18.2966902
      54.2     22.9692460     18.6295244
      54.3     23.3352998     18.9502126
      54.4     23.6833602     19.2569582
      54.5     24.0113856     19.5480416
      54.6     24.3174489     19.8218286
      54.7     24.5997478     20.0767789
      54.8     24.8566126     20.3114541
      54.9     25.0865151     20.5245252
      55.0     25.2880756     20.7147788
      55.1     25.4600694     20.8811236
      55.2     25.6014325     21.0225961
      55.3     25.7112668     21.1383648
      55.4     25.7888434     21.2277349
      55.5     25.8336061     21.2901513
      55.6     25.8451738     21.3252017
      55.7     25.8233411     21.3326181
      55.8     25.7680794     21.3122779
      55.9     25.6795356     21.2642048
      56.0     25.5580313     21.1885682
      56.1     25.4040599     21.0856818
      56.2     25.2182837     20.9560021
      56.3     25.0015298     20.8001257
      56.4     24.7547846     20.6187859
      56.5     24.4791891     20.4128487
      56.6     24.1760312     20.1833080
      56.7     23.8467394     19.9312804
      56.8     23.4928744     19.6579989
      56.9     23.1161204     19.3648067
      57.0     22.7182762     19.0531496
      57.1     22.3012454     18.7245686
      57.2     21.8670257     18.3806915
      57.3     21.4176989     18.0232245
      57.4     20.9554190     17.6539430
      57.5     20.4824016     17.2746823
      57.6     20.0009114     16.8873280
      57.7     19.5132506     16.4938060
      57.8     19.0217472     16.0960725
      57.9     18.5287421     15.6961036
      58.0     18.0365774     15.2958851
      58.1     17.5475843     14.8974022
      58.2     17.0640706     14.5026289
      58.3     16.5883094     14.1135180
      58.4     16.1225271     13.7319906
      58.5     15.6688918     13.3599265
      58.6     15.2295030     12.9991545
      58.7     14.8063802     12.6514423
      58.8     14.4014531     12.3184883
      58.9     14.0165518     12.0019119
      59.0     13.6533978     11.7032461
      59.1     13.3135952     11.4239288
      59.2     12.9986232     11.1652961
      59.3     12.7098284     10.9285748
      59.4     12.4484185     10.7148770
      59.5     12.2154566     10.5251936
      59.6     12.0118561     10.3603900
      59.7     11.8383763     10.2212014
      59.8     11.6956194     10.1082292
      59.9     11.5840276     10.0219379
      60.0     11.5038812      9.9626534
      60.1     11.4552983      9.9305608
      60.2     11.4382339      9.9257042
      60.3     11.4524814      9.9479862
      60.4     11.4976738      9.9971691
      60.5     11.5732864     10.0728758
      60.6     11.6786397     10.1745922
      60.7     11.8129037     10.3016703
      60.8     11.9751025     10.4533313
      60.9     12.1641201     10.6286703
      61.0     12.3787064     10.8266605
      61.1     12.6174841     11.0461597
      61.2     12.8789564     11.2859155
      61.3     13.1615151     11.5445725
      61.4     13.4634493     11.8206792
      61.5     13.7829542     12.1126960
      61.6     14.1181415     12.4190031
      61.7     14.4670489     12.7379089
      61.8     14.8276505     13.0676596
      61.9     15.1978679     13.4064475
      62.0     15.5755805     13.7524213
      62.1     15.9586373     14.1036951
      62.2     16.3448676     14.4583589
      62.3     16.7320928     14.8144883
      62.4     17.1181372     15.1701544
      62.5     17.5008395     15.5234343
      62.6     17.8780642     15.8724204
      62.7     18.2477121     16.2152314
      62.8     18.6077313     16.5500209
      62.9     18.9561280     16.8749879
      63.0     19.2909762     17.1883856
      63.1     19.6104274     17.4885307
      63.2     19.9127207     17.7738121
      63.3     20.1961907     18.0426989
      63.4     20.4592765     18.2937487
      63.5     20.7005293     18.5256150
      63.6     20.9186196     18.7370536
      63.7     21.1123437     18.9269296
      63.8     21.2806295     19.0942230
      63.9     21.4225419     19.2380334
      64.0     21.5372871     19.3575854
      64.1     21.6242163     19.4522320
      64.2     21.6828287     19.5214577
      64.3     21.7127736     19.5648814
      64.4     21.7138521     19.5822581
      64.5     21.6860172     19.5734800
      64.6     21.6293740     19.5385769
      64.7     21.5441787     19.4777160
      64.8     21.4308367     19.3912008
      64.9     21.2899003     19.2794694
      65.0     21.1220650     19.1430920
      65.1     20.9281661     18.9827678
      65.2     20.7091737     18.7993215
      65.3     20.4661871     18.5936984
      65.4     20.2004292     18.3669596
      65.5     19.9132394     18.1202766
      65.6     19.6060667     17.8549246
      65.7     19.2804616     17.5722759
      65.8     18.9380681     17.2737928
      65.9     18.5806145     16.9610200
      66.0     18.2099048     16.6355758
      66.1     17.8278085     16.2991444
      66.2     17.4362513     15.9534667
      66.3     17.0372047     15.6003310
      66.4     16.6326754     15.2415639
      66.5     16.2246955     14.8790205
      66.6     15.8153112     14.5145750
      66.7     15.4065724     14.1501106
      66.8     15.0005221     13.7875100
      66.9     14.5991859     13.4286450
      67.0     14.2045612     13.0753675
      67.1     13.8186073     12.7294993
      67.2     13.4432348     12.3928228
      67.3     13.0802965     12.0670718
      67.4     12.7315772     11.7539222
      67.5     12.3987851     11.4549838
      67.6     12.0835427     11.1717915
      67.7     11.7873789     10.9057976
      67.8     11.5117212     10.6583640
      67.9     11.2578882     10.4307557
      68.0     11.0270834     10.2241337
      68.1     10.8203889     10.0395491
      68.2     10.6387602      9.8779381
      68.3     10.4830214      9.7401166
      68.4     10.3538612      9.6267767
      68.5     10.2518296      9.5384824
      68.6     10.1773354      9.4756673
      68.7     10.1306442      9.4386323
      68.8     10.1118771      9.4275437
      68.9     10.1210111      9.4424331
      69.0     10.1578785      9.4831966
      69.1     10.2221688      9.5495958
      69.2     10.3134299      9.6412591
      69.3     10.4310715      9.7576835
      69.4     10.5743674      9.8982374
      69.5     10.7424604     10.0621639
      69.6     10.9343663     10.2485846
      69.7     11.1489797     10.4565047
      69.8     11.3850795     10.6848176
      69.9     11.6413354     10.9323112
      70.0     11.9163155     11.1976738
      70.1     12.2084931     11.4795011
      70.2     12.5162553     11.7763039
      70.3     12.8379110     12.0865151
      70.4     13.1717003     12.4084984
      70.5     13.5158030     12.7405567
      70.6     13.8683487     13.0809407
      70.7     14.2274261     13.4278583
      70.8     14.5910930     13.7794835
      70.9     14.9573866     14.1339662
      71.0     15.3243332     14.4894417
      71.1     15.6899586     14.8440401
      71.2     16.0522983     15.1958963
      71.3     16.4094075     15.5431594
      71.4     16.7593711     15.8840025
      71.5     17.1003134     16.2166317
      71.6     17.4304078     16.5392958
      71.7     17.7478860     16.8502951
      71.8     18.0510471     17.1479902
      71.9     18.3382661     17.4308104
      72.0     18.6080021     17.6972617
      72.1     18.8588063     17.9459346
      72.2     19.0893290     18.1755113
      72.3     19.2983266     18.3847724
      72.4     19.4846674     18.5726031
      72.5     19.6473378     18.7379991
      72.6     19.7854470     18.8800714
      72.7     19.8982311     18.9980510
      72.8     19.9850574     19.0912929
      72.9     20.0454269     19.1592790
      73.0     20.0789769     19.2016211
      73.1     20.0854825     19.2180625
      73.2     20.0648576     19.2084794
      73.3     20.0171552     19.1728815
      73.4     19.9425665     19.1114117
      73.5     19.8414204     19.0243454
      73.6     19.7141806     18.9120889
      73.7     19.5614440     18.7751774
      73.8     19.3839366     18.6142719
      73.9     19.1825101     18.4301559
      74.0     18.9581371     18.2237311
      74.1     18.7119059     17.9960129
      74.2     18.4450147     17.7481250
      74.3     18.1587653     17.4812935
      74.4     17.8545565     17.1968405
      74.5     17.5338762     16.8961770
      74.6     17.1982941     16.5807963
      74.7     16.8494535     16.2522654
      74.8     16.4890625     15.9122173
      74.9     16.1188852     15.5623425
      75.0     15.7407326     15.2043802
      75.1     15.3564536     14.8401094
      75.2     14.9679246     14.4713396
      75.3     14.5770407     14.0999014
      75.4     14.1857056     13.7276374
      75.5     13.7958217     13.3563922
      75.6     13.4092805     12.9880033
      75.7     13.0279531     12.6242915
      75.8     12.6536803     12.2670515
      75.9     12.2882635     11.9180429
      76.0     11.9334553     11.5789807
      76.1     11.5909508     11.2515270
      76.2     11.2623790     10.9372823
      76.3     10.9492944     10.6377774
      76.4     10.6531694     10.3544652
      76.5     10.3753866     10.0887139
      76.6     10.1172322      9.8417994
      76.7      9.8798893      9.6148995
      76.8      9.6644321      9.4090872
      76.9      9.4718208      9.2253258
      77.0      9.3028965      9.0644638
      77.1      9.1583773      8.9272308
      77.2      9.0388548      8.8142335
      77.3      8.9447915      8.7259531
      77.4      8.8765182      8.6627429
      77.5      8.8342328      8.6248262
      77.6      8.8179995      8.6122957
      77.7      8.8277489      8.6251130
      77.8      8.8632781      8.6631089
      77.9      8.9242524      8.7259844
      78.0      9.0102069      8.8133122
      78.1      9.1205495      8.9245396
      78.2      9.2545638      9.0589907
      78.3      9.4114132      9.2158705
      78.4      9.5901453      9.3942690
      78.5      9.7896970      9.5931659
      78.6     10.0089001      9.8114362
      78.7     10.2464875     10.0478558
      78.8     10.5010999     10.3011081
      78.9     10.7712930     10.5697908
      79.0     11.0555447     10.8524232
      79.1     11.3522636     11.1474541
      79.2     11.6597966     11.4532696
      79.3     11.9764383     11.7682015
      79.4     12.3004389     12.0905362
      79.5     12.6300141     12.4185234
      79.6     12.9633539     12.7503851
      79.7     13.2986318     13.0843248
      79.8     13.6340145     13.4185372
      79.9     13.9676713     13.7512168
      80.0     14.2977832     14.0805677
      80.1     14.6225525     14.4048129
      80.2     14.9402120     14.7222029
      80.3     15.2490337     15.0310255
      80.4     15.5473381     15.3296138
      80.5     15.8335023     15.6163553
      80.6     16.1059684     15.8897001
      80.7     16.3632515     16.1481683
      80.8     16.6039472     16.3903584
      80.9     16.8267383     16.6149537
      81.0     17.0304020     16.8207295
      81.1     17.2138158     17.0065591
      81.2     17.3759628     17.1714196
      81.3     17.5159373     17.3143970
      81.4     17.6329488     17.4346907
      81.5     17.7263263     17.5316179
      81.6     17.7955211     17.6046166
      81.7     17.8401098     17.6532487
      81.8     17.8597962     17.6772018
      81.9     17.8544126     17.6762908
      82.0     17.8239203     17.6504591
      82.1     17.7684100     17.5997782
      82.2     17.6881007     17.5244476
      82.3     17.5833386     17.4247932
      82.4     17.4545953     17.3012662
      82.5     17.3024649     17.1544399
      82.6     17.1276606     16.9850071
      82.7     16.9310116     16.7937763
      82.8     16.7134579     16.5816673
      82.9     16.4760457     16.3497063
      83.0     16.2199217     16.0990208
      83.1     15.9463272     15.8308334
      83.2     15.6565915     15.5464553
      83.3     15.3521250     15.2472799
      83.4     15.0344117     14.9347751
      83.5     14.7050016     14.6104757
      83.6     14.3655027     14.2759757
      83.7     14.0175724     13.9329197
      83.8     13.6629091     13.5829943
      83.9     13.3032434     13.2279197
      84.0     12.9403291     12.8694406
      84.1     12.5759342     12.5093172
      84.2     12.2118317     12.1493158
      84.3     11.8497906     11.7912001
      84.4     11.4915667     11.4367220
      84.5     11.1388936     11.0876123
      84.6     10.7934740     10.7455722
      84.7     10.4569706     10.4122639
      84.8     10.1309981     10.0893029
      84.9      9.8171144      9.7782491
      85.0      9.5168130      9.4805987
      85.1      9.2315156      9.1977772
      85.2      8.9625644      8.9311314
      85.3      8.7112154      8.6819230
      85.4      8.4786324      8.4513217
      85.5      8.2658809      8.2404000
      85.6      8.0739225      8.0501267
      85.7      7.9036106      7.8813630
      85.8      7.7556856      7.7348575
      85.9      7.6307716      7.6112428
      86.0      7.5293734      7.5110322
      86.1      7.4518735      7.4346170
      86.2      7.3985310      7.3822651
      86.3      7.3694799      7.3541191
      86.4      7.3647287      7.3501961
      86.5      7.3841606      7.3703877
      86.6      7.4275342      7.4144605
      86.7      7.4944848      7.4820576
      86.8      7.5845266      7.5727006
      86.9      7.6970552      7.6857919
      87.0      7.8313508      7.8206182
      87.1      7.9865822      7.9763542
      87.2      8.1618112      8.1520671
      87.3      8.3559975      8.3467213
      87.4      8.5680040      8.5591838
      87.5      8.7966031      8.7882307
      87.6      9.0404830      9.0325530
      87.7      9.2982544      9.2907637
      87.8      9.5684578      9.5614051
      87.9      9.8495714      9.8429564
      88.0     10.1400186     10.1338415
      88.1     10.4381763     10.4324376
      88.2     10.7423836     10.7370829
      88.3     11.0509500     11.0460861
      88.4     11.3621644     11.3577345
      88.5     11.6743038     11.6703034
      88.6     11.9856425     11.9820646
      88.7     12.2944604     12.2912959
      88.8     12.5990526     12.5962894
      88.9     12.8977377     12.8953608
      89.0     13.1888667     13.1868579
      89.1     13.4708310     13.4691692
      89.2     13.7420716     13.7407321
      89.3     14.0010862     14.0000413
      89.4     14.2464372     14.2456561
      89.5     14.4767595     14.4762082
      89.6     14.6907666     14.6904086
      89.7     14.8872581     14.8870540
      89.8     15.0651252     15.0650334
      89.9     15.2233569     15.2233337
      90.0     15.3610444     15.3610444
      90.1     15.4773864     15.4773629
      90.2     15.5716931     15.5715982
      90.3     15.6433892     15.6431747
      90.4     15.6920172     15.6916348
      90.5     15.7172399     15.7166414
      90.6     15.7188413     15.7179794
      90.7     15.6967286     15.6955571
      90.8     15.6509318     15.6494062
      90.9     15.5816040     15.5796818
      91.0     15.4890205     15.4866614
      91.1     15.3735769     15.3707438
      91.2     15.2357877     15.2324462
      91.3     15.0762828     15.0724023
      91.4     14.8958050     14.8913585
      91.5     14.6952055     14.6901698
      91.6     14.4754399     14.4697962
      91.7     14.2375630     14.2312965
      91.8     13.9827233     13.9758237
      91.9     13.7121573     13.7046186
      92.0     13.4271830     13.4190036
      92.1     13.1291930     13.1203753
      92.2     12.8196472     12.8101981
      92.3     12.5000658     12.4899957
      92.4     12.1720209     12.1613439
      92.5     11.8371285     11.8258622
      92.6     11.4970406     11.4852052
      92.7     11.1534361     11.1410544
      92.8     10.8080128     10.7951096
      92.9     10.4624781     10.4490794
      93.0     10.1185405     10.1046734
      93.1      9.7779008      9.7635925
      93.2      9.4422435      9.4275208
      93.3      9.1132279      9.0981165
      93.4      8.7924799      8.7770036
      93.5      8.4815832      8.4657633
      93.6      8.1820718      8.1659263
      93.7      7.8954216      7.8789645
      93.8      7.6230431      7.6062836
      93.9      7.3662744      7.3492162
      94.0      7.1263739      7.1090144
      94.1      6.9045141      6.8868439
      94.2      6.7017756      6.6837778
      94.3      6.5191417      6.5007911
      94.4      6.3574931      6.3387560
      94.5      6.2176039      6.1984371
      94.6      6.1001371      6.0804879
      94.7      6.0056416      5.9854470
      94.8      5.9345492      5.9137359
      94.9      5.8871727      5.8656568
      95.0      5.8637041      5.8413909
      95.1      5.8642136      5.8409976
      95.2      5.8886497      5.8644143
      95.3      5.9368388      5.9114570
      95.4      6.0084868      5.9818209
      95.5      6.1031803      6.0750825
      95.6      6.2203888      6.1907013
      95.7      6.3594673      6.3280234
      95.8      6.5196601      6.4862841
      95.9      6.7001042      6.6646125
      96.0      6.8998339      6.8620359
      96.1      7.1177859      7.0774846
      96.2      7.3528047      7.3097978
      96.3      7.6036484      7.5577296
      96.4      7.8689954      7.8199551
      96.5      8.1474508      8.0950778
      96.6      8.4375539      8.3816362
      96.7      8.7377854      8.6781120
      96.8      9.0465756      8.9829375
      96.9      9.3623118      9.2945038
      97.0      9.6833473      9.6111691
      97.1     10.0080092      9.9312672
      97.2     10.3346074     10.2531160
      97.3     10.6614432     10.5750262
      97.4     10.9868176     10.8953102
      97.5     11.3090405     11.2122901
      97.6     11.6264390     11.5243070
      97.7     11.9373662     11.8297294
      97.8     12.2402095     12.1269611
      97.9     12.5333986     12.4144499
      98.0     12.8154139     12.6906952
      98.1     13.0847942     12.9542558
      98.2     13.3401439     13.2037574
      98.3     13.5801403     13.4378991
      98.4     13.8035404     13.6554606
      98.5     14.0091870     13.8553081
      98.6     14.1960147     14.0364002
      98.7     14.3630557     14.1977928
      98.8     14.5094440     14.3386443
      98.9     14.6344202     14.4582198
      99.0     14.7373355     14.5558945
      99.1     14.8176546     14.6311568
      99.2     14.8749587     14.6836112
      99.3     14.9089474     14.7129800
      99.4     14.9194404     14.7191046
      99.5     14.9063780     14.7019460
      99.6     14.8698220     14.6615855
      99.7     14.8099545     14.5982235
      99.8     14.7270778     14.5121787
      99.9     14.6216120     14.4038864
     100.0     14.4940936     14.2738957
     100.1     14.3451718     14.1228673
     100.2     14.1756062     13.9515693
     100.3     13.9862617     13.7608736
     100.4     13.7781051     13.5517511
     100.5     13.5521993     13.3252665
     100.6     13.3096983     13.0825730
     100.7     13.0518412     12.8249061
     100.8     12.7799454     12.5535774
     100.9     12.4954004     12.2699673
     101.0     12.1996603     11.9755182
     101.1     11.8942365     11.6717270
     101.2     11.5806895     11.3601371
     101.3     11.2606217     11.0423307
     101.4     10.9356682     10.7199203
     101.5     10.6074891     10.3945406
     101.6     10.2777608     10.0678401
     101.7      9.9481671      9.7414722
     101.8      9.6203911      9.4170871
     101.9      9.2961060      9.0963232
     102.0      8.9769668      8.7807985
     102.1      8.6646017      8.4721023
     102.2      8.3606041      8.1717873
     102.3      8.0665237      7.8813612
     102.4      7.7838592      7.6022795
     102.5      7.5140504      7.3359374
     102.6      7.2584709      7.0836634
     102.7      7.0184205      6.8467117
     102.8      6.7951195      6.6262564
     102.9      6.5897017      6.4233855
     103.0      6.4032086      6.2390948
     103.1      6.2365848      6.0742837
     103.2      6.0906720      5.9297497
     103.3      5.9662057      5.8061853
     103.4      5.8638109      5.7041738
     103.5      5.7839991      5.6241867
     103.6      5.7271654      5.5665814
     103.7      5.6935870      5.5315994
     103.8      5.6834211      5.5193650
     103.9      5.6967046      5.5298850
     104.0      5.7333538      5.5630487
     104.1      5.7931647      5.6186284
     104.2      5.8758142      5.6962808
     104.3      5.9808616      5.7955490
     104.4      6.1077510      5.9158647
     104.5      6.2558139      6.0565515
     104.6      6.4242731      6.2168280
     104.7      6.6122463      6.3958126
     104.8      6.8187505      6.5925275
     104.9      7.0427076      6.8059042
     105.0      7.2829494      7.0347890
     105.1      7.5382238      7.2779488
     105.2      7.8072012      7.5340779
     105.3      8.0884813      7.8018046
     105.4      8.3806003      8.0796982
     105.5      8.6820384      8.3662766
     105.6      8.9912278      8.6600140
     105.7      9.3065602      8.9593487
     105.8      9.6263956      9.2626911
     105.9      9.9490706      9.5684322
     106.0     10.2729066      9.8749516
     106.1     10.5962188     10.1806262
     106.2     10.9173249     10.4838381
     106.3     11.2345531     10.7829836
     106.4     11.5462516     11.0764805
     106.5     11.8507964     11.3627774
     106.6     12.1465997     11.6403607
     106.7     12.4321186     11.9077629
     106.8     12.7058624     12.1635698
     106.9     12.9664005     12.4064282
     107.0     13.2123699     12.6350522
     107.1     13.4424820     12.8482304
     107.2     13.6555293     13.0448316
     107.3     13.8503916     13.2238109
     107.4     14.0260419     13.3842149
     107.5     14.1815516     13.5251862
     107.6     14.3160952     13.6459683
     107.7     14.4289546     13.7459093
     107.8     14.5195231     13.8244647
     107.9     14.5873080     13.8812006
     108.0     14.6319336     13.9157958
     108.1     14.6531432     13.9280431
     108.2     14.6508000     13.9178505
     108.3     14.6248882     13.8852414
     108.4     14.5755130     13.8303547
     108.5     14.5029003     13.7534435
     108.6     14.4073952     13.6548741
     108.7     14.2894605     13.5351239
     108.8     14.1496743     13.3947787
     108.9     13.9887272     13.2345300
     109.0     13.8074185     13.0551707
     109.1     13.6066525     12.8575915
     109.2     13.3874335     12.6427758
     109.3     13.1508609     12.4117950
     109.4     12.8981237     12.1658026
     109.5     12.6304943     11.9060279
     109.6     12.3493216     11.6337705
     109.7     12.0560249     11.3503924
     109.8     11.7520860     11.0573118
     109.9     11.4390419     10.7559953
     110.0     11.1184767     10.4479505
     110.1     10.7920138     10.1347182
     110.2     10.4613073      9.8178639
     110.3     10.1280335      9.4989706
     110.4      9.7938827      9.1796299
     110.5      9.4605499      8.8614340
     110.6      9.1297267      8.5459677
     110.7      8.8030921      8.2347999
     110.8      8.4823041      7.9294757
     110.9      8.1689914      7.6315083
     111.0      7.8647444      7.3423715
     111.1      7.5711078      7.0634917
     111.2      7.2895718      6.7962413
     111.3      7.0215650      6.5419306
     111.4      6.7684471      6.3018020
     111.5      6.5315012      6.0770234
     111.6      6.3119278      5.8686820
     111.7      6.1108384      5.6777790
     111.8      5.9292497      5.5052243
     111.9      5.7680782      5.3518321
     112.0      5.6281358      5.2183166
     112.1      5.5101250      5.1052886
     112.2      5.4146360      5.0132522
     112.3      5.3421427      4.9426023
     112.4      5.2930009      4.8936230
     112.5      5.2674460      4.8664856
     112.6      5.2655920      4.8612484
     112.7      5.2874306      4.8778561
     112.8      5.3328312      4.9161406
     112.9      5.4015416      4.9758213
     113.0      5.4931893      5.0565074
     113.1      5.6072828      5.1576993
     113.2      5.7432148      5.2787917
     113.3      5.9002648      5.4190768
     113.4      6.0776026      5.5777479
     113.5      6.2742930      5.7539036
     113.6      6.4892999      5.9465526
     113.7      6.7214921      6.1546189
     113.8      6.9696487      6.3769475
     113.9      7.2324655      6.6123102
     114.0      7.5085616      6.8594123
     114.1      7.7964861      7.1168990
     114.2      8.0947263      7.3833627
     114.3      8.4017147      7.6573503
     114.4      8.7158370      7.9373704
     114.5      9.0354411      8.2219015
     114.6      9.3588448      8.5093996
     114.7      9.6843447      8.7983063
     114.8     10.0102251      9.0870569
     114.9     10.3347664      9.3740880
     115.0     10.6562546      9.6578466
     115.1     10.9729894      9.9367969
     115.2     11.2832934     10.2094291
     115.3     11.5855205     10.4742669
     115.4     11.8780647     10.7298750
     115.5     12.1593680     10.9748667
     115.6     12.4279290     11.2079106
     115.7     12.6823100     11.4277381
     115.8     12.9211450     11.6331493
     115.9     13.1431464     11.8230196
     116.0     13.3471123     11.9963051
     116.1     13.5319319     12.1520480
     116.2     13.6965921     12.2893819
     116.3     13.8401824     12.4075357
     116.4     13.9618996     12.5058376
     116.5     14.0610524     12.5837190
     116.6     14.1370650     12.6407166
     116.7     14.1894799     12.6764753
     116.8     14.2179605     12.6907499
     116.9     14.2222934     12.6834061
     117.0     14.2023888     12.6544211
     117.1     14.1582820     12.6038839
     117.2     14.0901327     12.5319947
     117.3     13.9982247     12.4390637
     117.4     13.8829644     12.3255094
     117.5     13.7448790     12.1918566
     117.6     13.5846138     12.0387334
     117.7     13.4029292     11.8668681
     117.8     13.2006968     11.6770852
     117.9     12.9788950     11.4703014
     118.0     12.7386046     11.2475202
     118.1     12.4810025     11.0098276
     118.2     12.2073567     10.7583856
     118.3     11.9190194     10.4944267
     118.4     11.6174203     10.2192471
     118.5     11.3040592      9.9342006
     118.6     10.9804988      9.6406910
     118.7     10.6483564      9.3401650
     118.8     10.3092960      9.0341049
     118.9      9.9650193      8.7240209
     119.0      9.6172578      8.4114432
     119.1      9.2677632      8.0979140
     119.2      8.9182991      7.7849801
     119.3      8.5706315      7.4741843
     119.4      8.2265200      7.1670579
     119.5      7.8877089      6.8651123
     119.6      7.5559178      6.5698322
     119.7      7.2328333      6.2826670
     119.8      6.9201001      6.0050238
     119.9      6.6193122      5.7382602
     120.0      6.3320054      5.4836775
     120.1      6.0596486      5.2425136
     120.2      5.8036368      5.0159371
     120.3      5.5652836      4.8050411
     120.4      5.3458143      4.6108379
     120.5      5.1463595      4.4342535
     120.6      4.9679498      4.2761231
     120.7      4.8115093      4.1371872
     120.8      4.6778518      4.0180871
     120.9      4.5676758      3.9193623
     121.0      4.4815613      3.8414478
     121.1      4.4199662      3.7846716
     121.2      4.3832241      3.7492533
     121.3      4.3715424      3.7353030
     121.4      4.3850009      3.7428210
     121.5      4.4235516      3.7716978
     121.6      4.4870185      3.8217145
     121.7      4.5750984      3.8925445
     121.8      4.6873623      3.9837549
     121.9      4.8232574      4.0948090
     122.0      4.9821101      4.2250690
     122.1      5.1631287      4.3737995
     122.2      5.3654078      4.5401714
     122.3      5.5879328      4.7232663
     122.4      5.8295845      4.9220810
     122.5      6.0891452      5.1355330
     122.6      6.3653046      5.3624662
     122.7      6.6566666      5.6016567
     122.8      6.9617557      5.8518194
     122.9      7.2790255      6.1116144
     123.0      7.6068657      6.3796544
     123.1      7.9436106      6.6545113
     123.2      8.2875474      6.9347239
     123.3      8.6369254      7.2188058
     123.4      8.9899642      7.5052524
     123.5      9.3448634      7.7925491
     123.6      9.6998116      8.0791791
     123.7     10.0529956      8.3636311
     123.8     10.4026099      8.6444072
     123.9     10.7468656      8.9200304
     124.0     11.0840001      9.1890525
     124.1     11.4122860      9.4500613
     124.2     11.7300397      9.7016879
     124.3     12.0356306      9.9426139
     124.4     12.3274892     10.1715777
     124.5     12.6041155     10.3873817
     124.6     12.8640866     10.5888975
     124.7     13.1060641     10.7750725
     124.8     13.3288014     10.9449348
     124.9     13.5311499     11.0975980
     125.0     13.7120653     11.2322663
     125.1     13.8706128     11.3482379
     125.2     14.0059724     11.4449089
     125.3     14.1174432     11.5217761
     125.4     14.2044472     11.5784397
     125.5     14.2665321     11.6146052
     125.6     14.3033746     11.6300848
     125.7     14.3147814     11.6247981
     125.8     14.3006909     11.5987730
     125.9     14.2611738     11.5521446
     126.0     14.1964325     11.4851552
     126.1     14.1068007     11.3981523
     126.2     13.9927418     11.2915873
     126.3     13.8548465     11.1660127
     126.4     13.6938303     11.0220791
     126.5     13.5105297     10.8605320
     126.6     13.3058985     10.6822078
     126.7     13.0810026     10.4880293
     126.8     12.8370153     10.2790008
     126.9     12.5752108     10.0562031
     127.0     12.2969583      9.8207876
     127.1     12.0037151      9.5739702
     127.2     11.6970188      9.3170254
     127.3     11.3784801      9.0512792
     127.4     11.0497743      8.7781023
     127.5     10.7126330      8.4989032
     127.6     10.3688350      8.2151206
     127.7     10.0201974      7.9282160
     127.8      9.6685665      7.6396663
     127.9      9.3158081      7.3509559
     128.0      8.9637978      7.0635691
     128.1      8.6144119      6.7789824
     128.2      8.2695170      6.4986569
     128.3      7.9309611      6.2240309
     128.4      7.6005635      5.9565119
     128.5      7.2801055      5.6974700
     128.6      6.9713216      5.4482305
     128.7      6.6758895      5.2100672
     128.8      6.3954225      4.9841955
     128.9      6.1314600      4.7717667
     129.0      5.8854601      4.5738616
     129.1      5.6587918      4.3914850
     129.2      5.4527273      4.2255610
     129.3      5.2684360      4.0769276
     129.4      5.1069774      3.9463329
     129.5      4.9692961      3.8344311
     129.6      4.8562164      3.7417790
     129.7      4.7684375      3.6688337
     129.8      4.7065301      3.6159495
     129.9      4.6709329      3.5833770
     130.0      4.6619500      3.5712609
     130.1      4.6797490      3.5796402
     130.2      4.7243601      3.6084474
     130.3      4.7956750      3.6575095
     130.4      4.8934480      3.7265481
     130.5      5.0172961      3.8151819
     130.6      5.1667009      3.9229277
     130.7      5.3410111      4.0492039
     130.8      5.5394454      4.1933327
     130.9      5.7610961      4.3545445
     131.0      6.0049336      4.5319809
     131.1      6.2698112      4.7247002
     131.2      6.5544708      4.9316815
     131.3      6.8575491      5.1518307
     131.4      7.1775843      5.3839854
     131.5      7.5130232      5.6269217
     131.6      7.8622291      5.8793599
     131.7      8.2234902      6.1399718
     131.8      8.5950276      6.4073868
     131.9      8.9750047      6.6801996
     132.0      9.3615364      6.9569773
     132.1      9.7526987      7.2362668
     132.2     10.1465381      7.5166021
     132.3     10.5410821      7.7965121
     132.4     10.9343489      8.0745284
     132.5     11.3243576      8.3491922
     132.6     11.7091383      8.6190626
     132.7     12.0867426      8.8827236
     132.8     12.4552532      9.1387912
     132.9     12.8127939      9.3859212
     133.0     13.1575397      9.6228154
     133.1     13.4877259      9.8482286
     133.2     13.8016575     10.0609753
     133.3     14.0977180     10.2599351
     133.4     14.3743781     10.4440590
     133.5     14.6302036     10.6123747
     133.6     14.8638630     10.7639913
     133.7     15.0741349     10.8981043
     133.8     15.2599142     11.0139991
     133.9     15.4202185     11.1110555
     134.0     15.5541931     11.1887501
     134.1     15.6611161     11.2466594
     134.2     15.7404025     11.2844615
     134.3     15.7916070     11.3019384
     134.4     15.8144277     11.2989766
     134.5     15.8087073     11.2755676
     134.6     15.7744346     11.2318083
     134.7     15.7117450     11.1679001
     134.8     15.6209204     11.0841480
     134.9     15.5023881     10.9809590
     135.0     15.3567188     10.8588400
     135.1     15.1846247     10.7183949
     135.2     14.9869558     10.5603217
     135.3     14.7646963     10.3854091
     135.4     14.5189598     10.1945319
     135.5     14.2509842      9.9886468
     135.6     13.9621256      9.7687874
     135.7     13.6538518      9.5360588
     135.8     13.3277354      9.2916320
     135.9     12.9854456      9.0367378
     136.0     12.6287406      8.7726604
     136.1     12.2594584      8.5007309
     136.2     11.8795079      8.2223203
     136.3     11.4908596      7.9388328
     136.4     11.0955353      7.6516980
     136.5     10.6955983      7.3623640
     136.6     10.2931429      7.0722900
     136.7      9.8902839      6.7829382
     136.8      9.4891458      6.4957673
     136.9      9.0918518      6.2122239
     137.0      8.7005136      5.9337360
     137.1      8.3172199      5.6617051
     137.2      7.9440262      5.3974995
     137.3      7.5829439      5.1424467
     137.4      7.2359300      4.8978272
     137.5      6.9048772      4.6648674
     137.6      6.5916036      4.4447341
     137.7      6.2978436      4.2385275
     137.8      6.0252384      4.0472767
     137.9      5.7753279      3.8719335
     138.0      5.5495418      3.7133683
     138.1      5.3491927      3.5723650
     138.2      5.1754684      3.4496177
     138.3      5.0294259      3.3457268
     138.4      4.9119854      3.2611958
     138.5      4.8239249      3.1964293
     138.6      4.7658763      3.1517305
     138.7      4.7383213      3.1273000
     138.8      4.7415885      3.1232344
     138.9      4.7758514      3.1395265
     139.0      4.8411266      3.1760648
     139.1      4.9372738      3.2326347
     139.2      5.0639952      3.3089188
     139.3      5.2208372      3.4044996
     139.4      5.4071917      3.5188609
     139.5      5.6222988      3.6513910
     139.6      5.8652502      3.8013854
     139.7      6.1349932      3.9680509
     139.8      6.4303357      4.1505096
     139.9      6.7499515      4.3478033
     140.0      7.0923870      4.5588985
     140.1      7.4560676      4.7826918
     140.2      7.8393057      5.0180156
     140.3      8.2403087      5.2636440
     140.4      8.6571879      5.5182992
     140.5      9.0879673      5.7806581
     140.6      9.5305940      6.0493588
     140.7      9.9829478      6.3230082
     140.8     10.4428519      6.6001884
     140.9     10.9080838      6.8794646
     141.0     11.3763865      7.1593920
     141.1     11.8454796      7.4385236
     141.2     12.3130709      7.7154172
     141.3     12.7768681      7.9886430
     141.4     13.2345902      8.2567908
     141.5     13.6839794      8.5184775
     141.6     14.1228124      8.7723536
     141.7     14.5489119      9.0171105
     141.8     14.9601577      9.2514871
     141.9     15.3544980      9.4742761
     142.0     15.7299597      9.6843302
     142.1     16.0846588      9.8805679
     142.2     16.4168104     10.0619789
     142.3     16.7247378     10.2276294
     142.4     17.0068820     10.3766668
     142.5     17.2618093     10.5083237
     142.6     17.4882197     10.6219221
     142.7     17.6849535     10.7168767
     142.8     17.8509979     10.7926975
     142.9     17.9854929     10.8489930
     143.0     18.0877357     10.8854711
     143.1     18.1571854     10.9019414
     143.2     18.1934661     10.8983156
     143.3     18.1963695     10.8746080
     143.4     18.1658564     10.8309355
     143.5     18.1020578     10.7675165
     143.6     18.0052748     10.6846701
     143.7     17.8759778     10.5828144
     143.8     17.7148045     10.4624639
     143.9     17.5225576     10.3242271
     144.0     17.3002014     10.1688033
     144.1     17.0488573      9.9969786
     144.2     16.7697989      9.8096226
     144.3     16.4644462      9.6076829
     144.4     16.1343588      9.3921809
     144.5     15.7812287      9.1642062
     144.6     15.4068723      8.9249111
     144.7     15.0132216      8.6755046
     144.8     14.6023148      8.4172461
     144.9     14.1762866      8.1514393
     145.0     13.7373579      7.8794248
     145.1     13.2878244      7.6025739
     145.2     12.8300460      7.3222813
     145.3     12.3664344      7.0399579
     145.4     11.8994417      6.7570236
     145.5     11.4315479      6.4749000
     145.6     10.9652483      6.1950035
     145.7     10.5030415      5.9187375
     145.8     10.0474163      5.6474857
     145.9      9.6008393      5.3826049
     146.0      9.1657420      5.1254179
     146.1      8.7445092      4.8772072
     146.2      8.3394657      4.6392082
     146.3      7.9528651      4.4126029
     146.4      7.5868780      4.1985142
     146.5      7.2435802      3.9979998
     146.6      6.9249425      3.8120475
     146.7      6.6328198      3.6415694
     146.8      6.3689416      3.4873982
     146.9      6.1349024      3.3502822
     147.0      5.9321536      3.2308824
     147.1      5.7619950      3.1297685
     147.2      5.6255679      3.0474163
     147.3      5.5238488      2.9842058
     147.4      5.4576434      2.9404188
     147.5      5.4275822      2.9162378
     147.6      5.4341163      2.9117451
     147.7      5.4775144      2.9269227
     147.8      5.5578609      2.9616522
     147.9      5.6750544      3.0157159
     148.0      5.8288075      3.0887974
     148.1      6.0186475      3.1804840
     148.2      6.2439178      3.2902687
     148.3      6.5037809      3.4175525
     148.4      6.7972212      3.5616481
     148.5      7.1230496      3.7217832
     148.6      7.4799090      3.8971046
     148.7      7.8662800      4.0866828
     148.8      8.2804880      4.2895164
     148.9      8.7207110      4.5045379
     149.0      9.1849882      4.7306186
     149.1      9.6712288      4.9665749
     149.2     10.1772226      5.2111742
     149.3     10.7006503      5.4631412
     149.4     11.2390944      5.7211645
     149.5     11.7900514      5.9839034
     149.6     12.3509438      6.2499946
     149.7     12.9191326      6.5180593
     149.8     13.4919307      6.7867103
     149.9     14.0666159      7.0545589
     150.0     14.6404442      7.3202221
     150.1     15.2106641      7.5823296
     150.2     15.7745300      7.8395306
     150.3     16.3293161      8.0905012
     150.4     16.8723303      8.3339503
     150.5     17.4009277      8.5686268
     150.6     17.9125243      8.7933254
     150.7     18.4046102      9.0068933
     150.8     18.8747626      9.2082353
     150.9     19.3206582      9.3963196
     151.0     19.7400855      9.5701833
     151.1     20.1309565      9.7289366
     151.2     20.4913176      9.8717675
     151.3     20.8193601      9.9979459
     151.4     21.1134300     10.1068271
     151.5     21.3720371     10.1978547
     151.6     21.5938631     10.2705640
     151.7     21.7777689     10.3245835
     151.8     21.9228017     10.3596367
     151.9     22.0282002     10.3755440
     152.0     22.0933995     10.3722228
     152.1     22.1180348     10.3496879
     152.2     22.1019443     10.3080515
     152.3     22.0451709     10.2475223
     152.4     21.9479631     10.1684043
     152.5     21.8107745     10.0710949
     152.6     21.6342628      9.9560831
     152.7     21.4192875      9.8239467
     152.8     21.1669061      9.6753489
     152.9     20.8783703      9.5110353
     153.0     20.5551207      9.3318295
     153.1     20.1987800      9.1386292
     153.2     19.8111462      8.9324009
     153.3     19.3941842      8.7141754
     153.4     18.9500172      8.4850424
     153.5     18.4809164      8.2461445
     153.6     17.9892903      7.9986713
     153.7     17.4776739      7.7438538
     153.8     16.9487161      7.4829574
     153.9     16.4051673      7.2172757
     154.0     15.8498659      6.9481239
     154.1     15.2857247      6.6768319
     154.2     14.7157169      6.4047376
     154.3     14.1428609      6.1331801
     154.4     13.5702061      5.8634927
     154.5     13.0008176      5.5969962
     154.6     12.4377606      5.3349925
     154.7     11.8840855      5.0787574
     154.8     11.3428124      4.8295346
     154.9     10.8169159      4.5885295
     155.0     10.3093099      4.3569026
     155.1      9.8228327      4.1357644
     155.2      9.3602326      3.9261690
     155.3      8.9241535      3.7291099
     155.4      8.5171212      3.5455140
     155.5      8.1415304      3.3762376
     155.6      7.7996316      3.2220623
     155.7      7.4935194      3.0836908
     155.8      7.2251212      2.9617436
     155.9      6.9961867      2.8567561
     156.0      6.8082780      2.7691762
     156.1      6.6627613      2.6993617
     156.2      6.5607983      2.6475793
     156.3      6.5033400      2.6140031
     156.4      6.4911207      2.5987139
     156.5      6.5246526      2.6016992
     156.6      6.6042230      2.6228532
     156.7      6.7298908      2.6619780
     156.8      6.9014855      2.7187844
     156.9      7.1186067      2.7928936
     157.0      7.3806247      2.8838398
     157.1      7.6866825      2.9910723
     157.2      8.0356990      3.1139586
     157.3      8.4263729      3.2517882
     157.4      8.8571882      3.4037760
     157.5      9.3264206      3.5690666
     157.6      9.8321446      3.7467391
     157.7     10.3722427      3.9358114
     157.8     10.9444141      4.1352460
     157.9     11.5461858      4.3439553
     158.0     12.1749237      4.5608067
     158.1     12.8278448      4.7846294
     158.2     13.5020305      5.0142198
     158.3     14.1944400      5.2483482
     158.4     14.9019253      5.4857646
     158.5     15.6212460      5.7252058
     158.6     16.3490848      5.9654015
     158.7     17.0820641      6.2050808
     158.8     17.8167620      6.4429789
     158.9     18.5497294      6.6778434
     159.0     19.2775070      6.9084407
     159.1     19.9966427      7.1335623
     159.2     20.7037084      7.3520310
     159.3     21.3953177      7.5627066
     159.4     22.0681429      7.7644918
     159.5     22.7189319      7.9563376
     159.6     23.3445250      8.1372489
     159.7     23.9418711      8.3062886
     159.8     24.5080437      8.4625833
     159.9     25.0402561      8.6053268
     160.0     25.5358765      8.7337842
     160.1     25.9924417      8.8472956
     160.2     26.4076705      8.9452794
     160.3     26.7794765      9.0272346
     160.4     27.1059794      9.0927433
     160.5     27.3855158      9.1414730
     160.6     27.6166488      9.1731773
     160.7     27.7981770      9.1876976
     160.8     27.9291412      9.1849630
     160.9     28.0088317      9.1649910
     161.0     28.0367924      9.1278868
     161.1     28.0128258      9.0738422
     161.2     27.9369948      9.0031351
     161.3     27.8096247      8.9161269
     161.4     27.6313028      8.8132613
     161.5     27.4028777      8.6950607
     161.6     27.1254565      8.5621242
     161.7     26.8004011      8.4151238
     161.8     26.4293232      8.2548005
     161.9     26.0140780      8.0819609
     162.0     25.5567565      7.8974721
     162.1     25.0596766      7.7022574
     162.2     24.5253737      7.4972916
     162.3     23.9565889      7.2835950
     162.4     23.3562572      7.0622289
     162.5     22.7274943      6.8342893
     162.6     22.0735822      6.6009015
     162.7     21.3979542      6.3632139
     162.8     20.7041787      6.1223923
     162.9     19.9959428      5.8796135
     163.0     19.2770347      5.6360595
     163.1     18.5513255      5.3929110
     163.2     17.8227508      5.1513417
     163.3     17.0952913      4.9125118
     163.4     16.3729539      4.6775625
     163.5     15.6597516      4.4476098
     163.6     14.9596839      4.2237390
     163.7     14.2767168      4.0069991
     163.8     13.6147628      3.7983977
     163.9     12.9776611      3.5988956
     164.0     12.3691585      3.4094022
     164.1     11.7928896      3.2307708
     164.2     11.2523580      3.0637948
     164.3     10.7509184      2.9092033
     164.4     10.2917585      2.7676578
     164.5      9.8778819      2.6397491
     164.6      9.5120921      2.5259942
     164.7      9.1969769      2.4268344
     164.8      8.9348941      2.3426325
     164.9      8.7279575      2.2736723
     165.0      8.5780255      2.2201564
     165.1      8.4866890      2.1822061
     165.2      8.4552619      2.1598608
     165.3      8.4847720      2.1530783
     165.4      8.5759544      2.1617353
     165.5      8.7292445      2.1856283
     165.6      8.9447743      2.2244749
     165.7      9.2223687      2.2779160
     165.8      9.5615442      2.3455174
     165.9      9.9615086      2.4267730
     166.0     10.4211623      2.5211073
     166.1     10.9391013      2.6278789
     166.2     11.5136217      2.7463840
     166.3     12.1427254      2.8758606
     166.4     12.8241273      3.0154924
     166.5     13.5552648      3.1644137
     166.6     14.3333072      3.3217139
     166.7     15.1551684      3.4864425
     166.8     16.0175188      3.6576143
     166.9     16.9168006      3.8342150
     167.0     17.8492428      4.0152060
     167.1     18.8108783      4.1995308
     167.2     19.7975614      4.3861200
     167.3     20.8049870      4.5738974
     167.4     21.8287103      4.7617856
     167.5     22.8641677      4.9487116
     167.6     23.9066980      5.1336126
     167.7     24.9515647      5.3154415
     167.8     25.9939789      5.4931723
     167.9     27.0291222      5.6658058
     168.0     28.0521709      5.8323743
     168.1     29.0583189      5.9919470
     168.2     30.0428028      6.1436346
     168.3     31.0009252      6.2865938
     168.4     31.9280789      6.4200317
     168.5     32.8197709      6.5432099
     168.6     33.6716457      6.6554479
     168.7     34.4795084      6.7561267
     168.8     35.2393474      6.8446918
     168.9     35.9473564      6.9206557
     169.0     36.5999553      6.9836007
     169.1     37.1938108      7.0331801
     169.2     37.7258560      7.0691205
     169.3     38.1933083      7.0912223
     169.4     38.5936870      7.0993608
     169.5     38.9248292      7.0934867
     169.6     39.1849043      7.0736254
     169.7     39.3724279      7.0398773
     169.8     39.4862727      6.9924163
     169.9     39.5256795      6.9314890
     170.0     39.4902658      6.8574127
     170.1     39.3800324      6.7705735
     170.2     39.1953693      6.6714242
     170.3     38.9370590      6.5604809
     170.4     38.6062782      6.4383206
     170.5     38.2045984      6.3055775
     170.6     37.7339834      6.1629391
     170.7     37.1967862      6.0111428
     170.8     36.5957434      5.8509709
     170.9     35.9339682      5.6832470
     171.0     35.2149409      5.5088304
     171.1     34.4424988      5.3286123
     171.2     33.6208231      5.1435097
     171.3     32.7544250      4.9544612
     171.4     31.8481297      4.7624210
     171.5     30.9070589      4.5683542
     171.6     29.9366122      4.3732310
     171.7     28.9424462      4.1780216
     171.8     27.9304530      3.9836907
     171.9     26.9067369      3.7911924
     172.0     25.8775903      3.6014645
     172.1     24.8494682      3.4154239
     172.2     23.8289618      3.2339612
     172.3     22.8227714      3.0579361
     172.4     21.8376780      2.8881725
     172.5     20.8805148      2.7254541
     172.6     19.9581381      2.5705203
     172.7     19.0773972      2.4240620
     172.8     18.2451048      2.2867180
     172.9     17.4680067      2.1590714
     173.0     16.7527518      2.0416469
     173.1     16.1058618      1.9349073
     173.2     15.5337016      1.8392519
     173.3     15.0424496      1.7550137
     173.4     14.6380691      1.6824580
     173.5     14.3262796      1.6217809
     173.6     14.1125295      1.5731086
     173.7     14.0019689      1.5364964
     173.8     13.9994246      1.5119288
     173.9     14.1093748      1.4993196
     174.0     14.3359262      1.4985123
     174.1     14.6827916      1.5092814
     174.2     15.1532697      1.5313333
     174.3     15.7502255      1.5643085
     174.4     16.4760734      1.6077830
     174.5     17.3327613      1.6612715
     174.6     18.3217563      1.7242296
     174.7     19.4440333      1.7960568
     174.8     20.7000646      1.8761003
     174.9     22.0898113      1.9636582
     175.0     23.6127181      2.0579840
     175.1     25.2677086      2.1582899
     175.2     27.0531834      2.2637520
     175.3     28.9670206      2.3735145
     175.4     31.0065781      2.4866942
     175.5     33.1686977      2.6023860
     175.6     35.4497120      2.7196675
     175.7     37.8454532      2.8376039
     175.8     40.3512637      2.9552538
     175.9     42.9620089      3.0716738
     176.0     45.6720925      3.1859241
     176.1     48.4754729      3.2970734
     176.2     51.3656822      3.4042041
     176.3     54.3358466      3.5064176
     176.4     57.3787093      3.6028390
     176.5     60.4866537      3.6926219
     176.6     63.6517298      3.7749533
     176.7     66.8656808      3.8490579
     176.8     70.1199720      3.9142024
     176.9     73.4058204      3.9696996
     177.0     76.7142253      4.0149123
     177.1     80.0360010      4.0492566
     177.2     83.3618091      4.0722052
     177.3     86.6821923      4.0832904
     177.4     89.9876088      4.0821068
     177.5     93.2684671      4.0683134
     177.6     96.5151609      4.0416355
     177.7     99.7181048      4.0018663
     177.8    102.8677697      3.9488683
     177.9    105.9547180      3.8825738
     178.0    108.9696389      3.8029856
     178.1    111.9033835      3.7101766
     178.2    114.7469986      3.6042903
     178.3    117.4917607      3.4855393
     178.4    120.1292089      3.3542044
     178.5    122.6511770      3.2106335
     178.6    125.0498242      3.0552396
     178.7    127.3176648      2.8884983
     178.8    129.4475973      2.7109459
     178.9    131.4329308      2.5231761
     179.0    133.2674108      2.3258370
     179.1    134.9452430      2.1196278
     179.2    136.4611160      1.9052947
     179.3    137.8102207      1.6836276
     179.4    138.9882696      1.4554552
     179.5    139.9915129      1.2216409
     179.6    140.8167530      0.9830784
     179.7    141.4613566      0.7406865
     179.8    141.9232650      0.4954046
     179.9    142.2010021      0.2481874
     180.0    142.2936799      0.0000000
